 % This stores fret (the f-value) and iter (number of iterations to converge)
  -679.043548014743        1200.00000000000     
  -679.090054101352        1200.00000000000     
  -679.147220825279        1200.00000000000     
  -678.179821282722        1200.00000000000     
  -679.085682966211        1200.00000000000     
  -679.015116063255        1200.00000000000     
  -678.836879765484        1200.00000000000     
  -679.014021615241        1200.00000000000     
  -678.609728954405        1200.00000000000     
  -678.887077788436        1200.00000000000     
  -679.138211495268        1200.00000000000     
  -679.122298123529        1200.00000000000     
  -678.957093318693        1200.00000000000     
  -678.701478795870        1200.00000000000     
  -678.752745809192        1200.00000000000     
  -678.739885634140        1200.00000000000     
  -678.713040808865        1200.00000000000     
  -679.156108712036        1200.00000000000     
  -678.966067371355        1200.00000000000     
  -679.135774889350        1200.00000000000     
  -678.225081461463        1200.00000000000     
  -678.730717497870        1200.00000000000     
  -679.091681283699        1200.00000000000     
  -678.923602381009        1200.00000000000     
  -679.089862895460        1200.00000000000     
  -679.086925334634        1200.00000000000     
  -678.882350824126        1200.00000000000     
  -679.071190526480        1200.00000000000     
  -679.014872940839        1200.00000000000     
  -679.093948268868        1200.00000000000     
