   5.8190954e+01   8.5813804e+01   5.1694220e+01   2.9127547e+00   5.1366720e+01   4.8792647e+01   7.4261198e+01   4.8016947e+01   6.0565847e+00   4.9092422e+01   5.2309786e+01   8.5820104e+01   1.6719984e+01   5.0272717e+01   5.8047397e+01   4.3184286e+01   4.1729898e+01   3.1013285e+01   3.7065679e+01   5.0786804e+01   5.7628326e+00   9.4249429e+01   5.2709396e+01   8.8450912e+01   7.3364637e+01   8.6604940e+00   7.1067093e+01   5.1800141e+01   7.2297859e+01   8.9321438e+01
  -9.4470832e+01   2.8412980e+01  -4.5527960e+01   4.2590801e+01   9.5698915e+01   3.1874217e+01   6.3067658e+01   4.5933715e+01   8.6459613e+01  -4.9778345e+00  -7.9292765e+01  -6.3230730e+01  -9.6862661e+00  -7.1049158e+01   6.2667566e+01   4.8522589e+01  -3.3791625e+01   9.5492221e+01   3.5910956e+01   5.5354498e+01  -1.2613040e+01   5.2617949e+01  -4.9608361e+01   1.4820272e+00   4.0461748e+01  -9.7207854e+01  -6.2407692e+01   1.6509299e+01   6.4649415e+01  -4.9114041e+01
   6.6697156e+01   6.3104040e+01   6.3212031e+01   1.1202570e+01   7.9134855e+01   9.1888090e+00   3.3770313e+01   8.4775903e+01   9.4909827e+01   2.0328167e+01   6.5286424e+01   7.2918856e+01   8.9048294e+01   3.3280112e+01   7.3813019e+01   7.9059279e+01   3.8748116e+01   7.0478378e+01   8.4612347e+01   5.8631074e+01   4.6886206e+00   8.4389169e+01   5.8681534e+01   5.1203006e+01   4.7841411e+01   7.4644764e+01   1.6502177e+01   6.8255790e+00   2.9546562e+01   1.6575796e+01
   4.5399851e+01   7.8475914e+01   1.9847546e+00  -9.4163348e+00   7.4332816e+01  -4.5004047e+01   7.9290987e+01  -7.2489446e+01  -2.3708369e+01  -1.5186123e+01   9.5820074e+00   5.3111833e+01  -8.9896848e+01  -2.9623508e+01   1.6869360e+01   9.0497808e+01  -3.0178744e+01   3.5565022e+01  -9.5383509e+01   6.3323063e+01   3.9818409e+01   9.8018794e+01  -3.5636974e+00   1.7795310e+01   8.6001975e+01  -7.1840546e+01  -7.1176488e+01   4.3827550e+01   5.5806125e+01  -6.3422848e+01
   5.7073500e+01  -9.4845062e+01  -1.8520901e+01   8.1285183e+01  -3.3911525e+01   8.3902412e+01   3.7919565e+01   9.0527080e+01   7.1694598e+01   6.4397668e+01  -4.5225028e+00  -2.2662774e+01  -5.1324382e+01   1.9857243e+01   6.8128462e+01   3.2100306e+01   3.0751441e+01   4.9369603e+01  -8.1048740e+01  -8.0953278e+01   8.1941306e+01   5.5488530e+01  -7.0033649e+01  -7.7264216e+01  -5.5649791e+01   4.2762853e+01  -3.1548177e+01  -5.3231586e+01   3.0900954e+01  -4.7713933e+01
   4.4962193e+01   6.5070819e+01   1.8219540e+01   4.6682947e+01   5.3282074e+01   6.1627927e+01   4.0917711e+01   4.1101998e+01   6.7856110e+01   9.3047702e+01   4.4339265e+00   9.2331198e+01   4.1505362e+01   2.8203802e-01   3.3664272e+01   2.2356831e+01   5.7914135e+01   7.7887358e+01   2.9278967e+01   2.2290608e+01   5.4838705e+01   8.6400475e+01   4.5655210e+01   7.1258360e+01   3.2946460e+01   4.1575875e+01   1.9038808e+01   8.3117719e+01   8.6872360e+01   6.1782507e+01
  -7.6771461e+01   2.1636589e+01  -1.2734714e+01  -1.3434253e+01   2.6639977e+01   1.9222354e+01  -3.2770482e+01  -5.7824147e+01  -1.1862063e+01  -4.6332132e+01   1.3628915e+01  -7.5046500e+01   4.7634638e+01   6.9768016e+01   9.6486305e+01   2.4075502e+01   1.0935179e+01   1.9227253e+01   7.7422327e+01   8.8040749e+01   6.3553681e+01  -7.0822149e+01   4.5961919e+01   9.4610321e+01   5.6108337e+01  -5.5316875e+01   3.9179862e+01   4.2874416e+01  -7.0128924e+01  -3.3861207e+01
  -6.0233462e+01  -9.3130401e+01  -2.5129462e+01   4.5888889e+01  -2.6570005e+01   9.7008204e+01  -1.8591402e-01  -8.5328424e+00   1.4816490e+01   8.8186356e+01  -5.0331628e+01   3.8185616e+01  -1.0623295e+01  -2.8063945e+01   1.7002746e+00  -6.1911587e+01  -1.6720031e+01   8.6113146e+01  -1.8719142e+00   4.2944700e+01   9.8393275e+01   2.6755356e+01  -9.6638888e+01   3.1098897e+00  -1.8956300e+01  -5.0249648e+01  -2.8917963e+01  -9.8350840e+01  -5.6528557e+01  -2.0492824e+01
   9.4405640e+01   2.9897773e+01  -1.9760934e+01  -1.2413249e+00   8.7700931e+01   5.3242060e+00  -9.8885124e+00   6.0819923e+01   7.9540181e+00   3.7906257e+01   9.7708873e+01   5.1486563e+01  -2.8983358e+00  -3.5643014e+01   6.6678290e+01  -8.3028530e+01   6.8862828e+01   5.1376840e+01  -3.9566388e+01   5.3810780e+01   3.0749213e+01  -3.6909689e+01   3.0412460e+01  -2.3011853e+01  -3.2862335e+01  -9.8659624e+01  -4.8348093e+00   5.9771799e+01  -7.5717258e+00   5.7963609e+00
  -9.9672203e+01  -5.2403494e+01  -8.4093080e+01   9.9159206e+01   8.7461617e+01   9.7496425e+01   2.6268665e+01  -8.1029311e+01   9.5899471e+01  -7.2975513e+01  -9.6778728e+01   9.6776203e+01   3.4467956e+01  -4.7047601e+01  -6.9623370e+01  -5.6346177e+00   9.9008399e+00   7.3899639e+01  -2.6469954e+01  -1.7366685e+01  -1.9475451e+01   6.1026793e+00  -9.8081378e+01   7.2058666e+01  -2.4291218e+01  -6.1059166e+01   2.7273175e+01  -4.1941831e+01   8.7587571e+01   1.2766442e+01
  -4.0030650e+01  -3.0415428e+01   5.8804489e+01  -7.4689676e+01   7.1181171e+01   1.4962923e+01  -7.1471419e+01  -8.3603669e+01   2.6557576e+00  -2.6661775e+01  -1.1014599e+01  -3.3752037e+01  -9.7586020e+01  -4.3768432e+01  -8.2209789e+01   8.8712147e+01   1.7799347e+01   3.3135563e+01  -1.5396765e+01  -8.3315170e+01  -6.5369786e+01  -6.9556563e+01  -5.3542635e+01   4.8286892e+01   6.9406812e+01   5.6395458e+01   1.8086061e+00   9.1138714e+01  -1.9067572e+01   1.0503757e+01
  -1.8591603e+01  -6.1903590e+01  -5.0777384e+01   8.6329912e+01  -7.8642741e+01  -9.7984646e+01  -7.2719281e+01  -7.5617054e+00  -8.1267222e+01  -3.6706089e+01   2.7421628e+00   5.9235230e-01  -4.8760644e+01  -2.8257959e+01   9.7932442e+01  -1.3306296e+01   9.6649056e+01   2.5299503e+01   2.1190168e+01  -6.7810350e+01  -6.3915713e+00   6.7449510e+01  -8.7134983e+01  -4.2523194e+01   2.5532202e+01  -6.0562414e+01   7.4808189e+01  -7.0542519e+01   7.1906988e+01   9.2702403e+01
  -8.1510720e+01  -7.0648863e+01  -9.2887472e+00   5.1400147e+01   2.3039907e+01  -7.2864474e+01  -3.9400485e+01  -1.6934828e+01   2.9982669e+01   6.6934993e+01  -2.6662417e+01  -7.4329226e+01   7.9327262e+01  -6.3758593e+01   9.8053568e+00   9.5268001e+01  -7.3681505e+00   1.5402767e+01  -1.2578215e+01  -4.5270167e+01  -1.4951268e+01  -9.3422353e+01  -8.2448487e+01   7.9091500e+01  -2.0600919e+01  -1.1706834e+01   7.7114528e+01   4.4962325e+01  -8.6455661e+00   6.3043737e+01
   2.7140102e+01   6.7799917e+01  -6.0446937e+01   6.1499364e+01   8.4598681e+01   4.8706457e+01  -2.6858479e+01  -9.5993377e+01   8.4784685e+01  -7.7839760e+01  -7.7248107e+01  -9.9611497e+01  -9.6624836e+01  -4.9495942e+01  -2.3523426e+01  -6.5090090e+01  -1.3852059e+01  -8.2587186e+00  -3.0392284e+01   4.9734914e+01  -7.3291899e+01   1.9337724e+01   2.1174305e+01  -7.3989917e+01  -1.8297585e+01  -9.3873633e+01   4.5677147e+01  -4.9228047e+00   8.1169467e+01  -5.0664623e+01
   5.4778950e+00  -2.0714255e+01  -7.1149877e+00  -4.9240890e+01   9.7232659e+01  -1.5938032e+01  -3.6304300e+01   5.1763325e+01   2.9921265e+01  -4.1473525e+01  -1.8889483e+01   7.9677790e+01  -3.9504087e+01   3.3670514e+01   5.4215715e+01   3.7289461e+01   4.7926802e+01  -6.1530158e+01   3.7794210e+01  -7.4776419e+01   9.1915772e+01  -7.9705453e+01  -9.4691861e+00   9.0557026e+01  -9.1903251e+01  -5.8278813e+00   7.7768306e+01  -5.6523373e+01   3.1837129e+01   4.1167510e+00
  -3.0309414e+00   5.4412468e+01  -3.4670595e+00   5.7812559e+01  -2.8157032e+01  -5.5754431e+01   6.1197815e+01   8.5434381e+01   5.6193517e+01   2.5493520e+01   6.2474572e+01   2.2856359e+01  -1.7185000e+01   5.5451383e+01  -8.3388484e+01  -5.2082851e+01  -7.2387353e+01  -1.9730894e+00   2.7138658e+01   6.9670392e+01   8.8513334e+01   5.8485898e+01  -3.4133730e+01  -5.9601082e+01  -6.2590879e+01  -6.7525577e+01  -7.4282439e+01   2.7809785e+01   8.4313884e+01  -6.3521719e+01
   4.0013523e+00  -5.3671575e+01   4.8256388e+01  -8.8085932e+01  -6.5339767e+00  -7.2741573e+01   8.6801316e+01   2.5710044e+01  -3.3305382e-01   1.5205674e+01   9.8654106e+01  -8.9166693e+01  -1.2626677e+00  -8.0189154e+01  -3.7659798e+01   5.5226740e+01   4.3366565e+01  -3.1722803e+01   6.9444261e+01  -3.2814464e+01  -5.6016280e+01  -4.7845748e+01   5.4277210e+01   7.9671435e+01   1.5937546e+01  -4.2533489e+01  -5.3386504e+01   6.1208149e+01  -1.5917232e+01   2.0968649e+01
   1.5992334e+00  -8.1008177e+01   1.4260510e+01   2.3270414e+01   4.1421502e+01  -3.3738442e+01   2.0953164e+01   2.8239891e+01  -6.5484744e+01  -2.6062186e+01  -2.8855348e+01  -2.3396525e+01  -8.5861840e+00  -3.8823311e+01   4.2167571e+01   2.5437137e+01   3.7912704e+01  -6.9839659e+01   8.4271129e+01   2.6982403e+01  -4.3062694e+01   3.2634950e+01   5.0039355e+01  -7.8310526e+01  -3.1267386e+01   7.5669185e+01  -8.7288499e+01   4.7170474e+01  -4.9277347e+01  -3.5488578e+00
   4.3064674e+01   2.1012488e+01   3.9526613e+01   8.3526258e+01  -3.8361111e+01   4.2229858e+01  -8.6240505e+01   7.3866989e+01   4.2956001e+01   7.6575977e+01   1.8344133e+00   4.0085610e+01   4.8741012e+01  -3.9414134e+01   2.9682054e+00  -8.7330507e+00  -3.4114987e+01   4.5710683e+00  -6.9151098e+01   8.9922072e+01   6.2357389e+01  -6.3919535e+01   9.5637237e+01   8.8695488e+01  -9.9419738e+01  -9.2483797e+01  -3.9563348e+01  -1.8747598e+01  -1.4049517e+01   8.6837772e+01
  -2.8509588e+01  -2.1237147e+01   4.9642297e+01  -8.2067152e+01  -1.7910275e+00   3.8467459e+01  -1.0586630e+01  -9.3241770e+01   4.4048760e+01  -4.7878945e+01   1.5992393e+01  -9.7624652e+01   3.6762864e+01  -7.5586730e+01  -7.4884760e+01   9.0781787e+00   5.2767773e+01  -9.8056028e+01  -8.5016331e+01  -9.3437578e+01  -5.0365086e+01  -3.7393331e+01   8.1511486e+01   5.4355213e+01   9.1551217e+01   5.5717141e+01   8.7395594e+00   2.1072538e+01  -5.2290203e+01  -7.2109121e+01
  -9.7074014e+01   5.4002843e+01  -4.5315318e+01  -5.3215407e+01   1.1305161e+01   6.5771514e+01  -9.0953265e+01   6.2302442e+00   9.1320360e+01   4.3216161e+01  -9.1191341e+01  -9.5571758e+01  -5.8326516e+01  -8.2336972e+01  -3.5732012e+01  -9.4130791e+01   9.6833238e+01   6.6122343e+01   4.9740536e+01   1.2132984e+01   7.5129074e+01  -7.7499950e+01  -4.1981983e+01   9.2115973e+01   6.1103638e+01   6.0528630e+01  -9.1682133e+00  -9.8225306e+01  -8.6209995e+01  -7.5369653e+01
  -3.7419893e+01  -6.5201770e+01  -7.9768376e+01  -9.4195665e+01  -2.7890708e+01  -9.8526551e+01   1.5839310e+01   8.4663217e+01  -5.9690706e+01   8.6500919e+01   2.3129983e+01   2.1623197e+01  -1.7820238e+01  -2.4600250e+01   5.9064126e+01  -1.9285957e+01   5.1838397e+01  -8.2185296e+01   7.7640411e+01   8.3400481e+01   2.4972228e+01  -4.2046995e+00   7.9153766e+01  -2.2498660e+01  -4.5671451e+01  -3.4037592e+00  -3.3237507e+01  -9.5542353e+01  -5.5184892e+00   5.7023228e+01
   3.8897497e+01  -7.6251398e+01   4.8869837e+01  -4.1878251e+01  -9.0178769e+01  -8.1189300e+01   3.9993019e+01  -4.8228357e+01   4.3895675e+01   8.7767956e+01  -8.9428490e+01  -3.3009679e+01  -3.1072663e+01   2.4579529e+01   1.0875144e+01  -4.9405878e+01  -2.5913573e+00  -2.4454792e+01  -5.4339228e+01  -4.6011565e+01   6.8714527e+01  -7.3694609e+01   9.2584820e+01   9.2952106e+01  -4.4109725e+01  -6.6661650e+01   6.8440111e+01   6.3142411e+01  -7.4934580e+00   1.1878491e+01
   4.1054285e+01  -8.1493823e+00  -3.5530650e+01   4.5571207e+01  -4.9593018e+01  -8.3822059e+01   8.9386057e+01  -5.2559347e+01  -5.2934649e+01  -6.9335596e+01   8.8783389e+01  -9.1757803e+01  -2.2175885e+00   9.1313600e+01  -7.5552454e+01   5.9795321e+00  -7.4399406e+01   9.5178009e+01   6.3645452e+01  -2.9123069e+01  -6.9215629e+01   9.9454257e+01   1.2412224e+01  -3.7163861e+00   1.0477412e+01   7.5757811e+01  -3.1003790e+01   2.4648011e+01   1.4060622e+01  -8.3868846e+01
   9.8176663e+01   9.7530474e+01  -8.4905249e+01  -9.0973746e+01  -3.6961499e+01  -3.8092507e+01   1.6569213e+01   2.2118876e+01  -7.8260080e+00  -4.7585794e+01  -9.1878288e+01   7.0437338e+00  -5.2172896e+01   9.6832367e+00   4.7524907e+00   7.2102178e+01  -8.6774205e+01  -7.5230974e+01   9.7855906e+01  -3.1175793e+01   9.5147143e+01   1.3314647e+01   7.2820546e+01   6.9188070e+01  -2.3752572e+01   6.3042238e+01  -3.0568190e+01   4.4747970e+01  -5.2460233e+01  -9.3918026e+01
   7.6447089e+00   7.2760976e+01   5.2031016e+01  -1.7267219e+01   6.2295326e+01  -8.1161106e+01   1.4453237e+01   4.9384447e+01  -2.1006062e+01   3.5612236e+01   6.4958344e+01  -2.1589276e+01  -6.0654395e+01   1.6896309e+01   3.1571794e+01   2.7809124e+01  -4.3428773e+01  -5.6491489e+01  -5.8900373e+01  -5.7010900e+01   5.9798540e+01  -8.2944487e+01   6.2400942e+01  -8.8146461e+01  -2.5351817e+01   2.6286859e+01   5.2463411e+01   1.2866361e+01   4.7546295e+00  -4.9687875e+01
   4.7488421e+01   4.3182732e+01   8.1229690e+01  -7.9715033e+01  -9.7009680e+01   4.3962668e+01   5.3206919e+01   8.9707543e+01  -8.6628481e+01   7.8457239e+01   8.0057995e+01   4.7229473e+01  -3.9064354e+00  -7.7674689e+01   8.0215033e+01   8.5732074e+01   6.2160118e+01   2.8285950e+01   3.5883693e+01  -6.0610275e+01  -8.6629103e+01  -1.3864426e+01  -4.0397552e+01  -5.5222179e+01   1.4517077e+01   2.6072552e+01  -4.5094898e+01   4.8920086e+01  -7.3465081e+01   6.9657739e+01
   3.7532139e+00  -6.1064032e+01  -4.9219511e+01  -3.1091841e+01  -3.2797639e+01  -9.4943446e+01   7.6704508e+01   6.8458019e+01  -3.3297984e+01   7.9778278e+01  -5.7225748e+01  -6.0585652e+01   5.1343934e+01  -3.3769775e+01   8.9415488e+01  -4.0240782e+01  -9.7340951e+01   7.3681025e+01   9.8709230e+01  -2.0977397e+01  -3.6628101e+01  -9.6489512e+01   9.3603419e+01   6.8651493e+01   7.3683512e+01  -6.9824032e+01  -8.7518694e+01   5.0798056e+01   2.5932071e+01  -1.3401039e+01
  -6.4817027e+01  -6.3934729e+01  -3.5535778e+01  -6.1709463e+01   3.7574324e+01  -1.2352197e+01  -4.0630105e+01  -8.4934815e+01   9.2049035e+01   3.5228162e+01  -5.3246493e+00   4.1203954e+01   9.1512738e+01  -6.4158175e+01  -1.0843101e+01   7.7655140e+00  -3.3102649e+01  -9.0871126e+01  -1.8786111e+01  -3.0588415e+01  -9.2656636e+01  -8.8214349e+01  -7.6241446e+01   7.7778887e+01   8.5940884e+01  -3.7152480e+01   9.8081755e+01  -3.8409933e+00  -4.2455725e+01   1.2939868e+01
  -8.6388414e+01   1.6099296e+01   2.5480626e+01   3.5333751e+01  -9.1443203e+01   8.2869300e+01  -9.5531099e+01  -8.6654725e+01  -4.0552122e+01   4.2004381e+01  -8.5608544e+01  -4.8591114e+01  -2.4570682e+01  -9.6596779e+01   9.1433201e+01  -4.6263863e+01   5.0293483e+01   6.4216004e+01   8.2881994e+01   4.2239108e+01   1.2615941e+01   8.3559811e+00   2.1338106e+01   1.3222416e+01   2.4679599e+01   2.7794596e+01   3.0417802e+01  -1.5314408e+01  -7.8471099e+01   9.8581331e+01
  -3.5162204e+00   8.1591913e+01  -7.7511037e+01   3.6795453e+01   6.7431599e+01  -5.3266686e+01  -5.0712740e+01   6.5315509e+01  -4.6095340e+01   3.8401034e+01  -8.1237591e+01  -3.5873617e+01   3.4590204e+01  -2.7744950e+01  -2.2885094e-01   2.0300447e+01   2.0769714e+01   9.8870639e+01  -2.4811365e+01   8.2027894e+01   2.0492956e+01   6.1880830e+01  -3.7630521e+01  -2.5580955e+01   3.1370884e+01  -3.4844496e+00   6.7335102e+01   3.3475033e+01   8.3696030e+01  -4.3657487e+01
   6.1472021e+01  -1.5572463e+01   3.6030252e+01   3.2379782e+01   8.7441284e+01   9.4364492e+01   2.7504261e+01  -6.3001184e+01  -6.2951808e+01   3.2094720e+01  -1.2341607e+01   3.0525993e+01   7.0527994e+01   6.2894291e+01  -3.9183218e+01  -1.1096317e+01   5.8484184e+01   1.1339113e+01   7.9770424e+01   7.6951483e+01   5.0734120e+01  -8.4372426e+01  -9.0450237e+01  -4.5381137e+01  -2.3430431e+01  -8.7173918e+01   5.8351237e+01   5.9845358e+01  -4.4893247e+01  -6.4371585e+01
  -9.1100466e+01  -7.1744952e+01   7.1752581e+01  -4.4060374e+01   6.8653576e+01  -4.0660163e+01   8.3387023e+01   6.8127786e+01   4.5920066e+00   7.2869960e+01   9.4910587e+01   5.4524280e+01   7.0935294e+01   3.8908939e+01   3.9558582e+01   5.2755164e+00  -9.9684669e+01   4.4540280e+01   4.6912110e+01   7.8678949e+01  -3.4696698e+01   1.9999869e+00  -3.0138016e+01  -8.0969620e+01   8.4090133e+01  -5.1656555e+01   5.6247824e+01   2.4522977e+01   9.4569594e+01   9.5230073e+01
  -6.4982384e+01   5.5354516e+01  -7.4671433e+01  -9.8356273e+01   5.8824541e+01  -7.3728044e+01  -7.9754562e+01   7.4059935e+01   8.4444430e+01   1.1916945e+01  -2.2474791e+01   4.1810723e+01  -8.8565012e+00   7.2292479e+01   1.5923098e+01  -9.6248430e+00   3.9379019e+01   2.4657540e+01  -2.6512465e+01  -8.0767210e+01   5.7830067e+01   9.8947601e+01  -8.5896046e+01  -7.0602520e+01   5.2313004e+01  -9.1848453e+01   2.8605964e+01  -1.6678509e+01  -7.5213335e+01   8.0757528e-01
  -3.7267870e+01  -1.9899175e+01  -4.2306365e+01   8.3802482e+01   3.4547197e+01  -2.9448096e+01   5.2202058e+01   2.9661686e+01  -9.4006237e+01   5.3740938e+01  -4.7052884e+01   9.4789071e+01   4.4013999e+01  -3.3561741e+01   5.3234591e+01  -1.7006222e-01  -9.4960614e+00   2.6105398e+01  -9.6819170e+01   2.8771465e+01   2.5411940e+00   9.5247545e+01  -5.5682591e+01  -8.7022072e+01   1.3126737e+01  -3.8163361e+01  -8.3629907e+01  -9.2182139e+01  -8.7706554e+01  -4.2519157e+01
  -6.2983630e+01  -8.2608541e+01  -3.4173027e+01  -9.0038727e+01  -3.5602527e+01  -9.1015740e+01   1.5899833e+01  -9.0586490e+01  -8.0652325e+01  -7.5467284e+01   9.8162291e+00   4.9347557e+01   5.0512661e+01   7.3312315e+01   1.5103049e+01  -8.8734047e+01   2.6749844e+01  -7.0865809e+01   4.5481457e+00   6.4665009e+01  -9.7338450e+01  -2.8814648e+01  -4.2387299e+01  -4.6153038e+01   9.1195388e+01   8.7769809e+01  -2.0040942e+01   8.6950844e+01   5.6222626e+01   7.1475093e+01
   1.4935706e+01  -1.8579898e+01   7.9228699e+01   5.5573681e+01  -1.3848462e+01  -3.1688199e+01   8.4744173e+01   8.0327409e+01   6.5516042e+01  -6.8788736e+01   1.5685098e+01  -2.9521553e+01   1.5988958e+01   8.5665934e+01   7.8155172e+01   5.1721765e+01  -1.1894550e+01  -3.0328032e+01  -8.5922713e+01   7.0364714e+01  -5.3547646e+01   5.9781591e+01  -4.9282360e+01  -9.4126509e+01   9.4216773e+01   4.7303398e+01   3.5736162e+01  -2.3720976e+01  -9.4609402e+01  -1.8075441e+01
  -1.6342887e+01  -2.6698713e+01   4.4786393e+01   1.4184887e+00  -4.2397157e+01  -4.5321298e+01   5.8147519e+01   6.9967282e+01   6.0857969e-01   5.9775967e+01  -2.8068150e+01   2.6881149e+01  -2.1388206e+01   9.9795876e+00  -9.9242071e+00   1.0850678e+01   6.9806048e+01  -8.0105896e+01  -8.0759037e+01   2.3192281e+01  -4.1165921e+01   2.5843034e+01  -8.7492021e+00   3.4110052e+01  -7.9004107e+01   1.4740537e+01  -9.9797920e+01   4.6575813e+01  -8.5926714e-01  -1.7816413e+00
  -6.3694060e+01  -3.2838580e+01  -5.4328190e+01  -4.0402581e+01  -4.2595820e+01  -2.4715432e+01  -8.9649544e+00  -2.3899859e+01  -4.9286450e+01  -6.0590093e+01   9.5394147e+01   7.9801346e+01  -1.3796561e+01   3.0635369e+01  -7.5404945e+01  -5.9522766e+01   4.0877807e+01   5.1883856e+01   9.6128849e+01  -7.8235998e+01  -2.1306920e+01  -7.6842668e+01   7.5356134e+01   7.2774066e+01   9.4854163e+01  -7.9365644e+01   2.2232809e+01  -9.3005661e+01   9.0512567e+01   6.2640976e+01
  -4.5687110e+01   8.0698559e+01  -9.8797461e+01   7.6974145e+00  -5.6909524e+01   5.5874054e+01   4.8924378e+00   7.0831123e+01   5.6905350e+01   8.2997176e+00  -9.9188227e+01   5.3260649e+01  -5.0541753e+01   3.3094116e+01  -7.8223812e+01  -8.8771959e+01  -6.5222864e+01  -5.6113631e+01  -4.9624223e+01   3.4810039e+00  -7.5490500e+01  -8.9731886e+01   2.6175175e+01   2.1483294e+01  -8.4573147e+01  -8.5617429e+00  -5.8671795e-01   2.4276270e+01  -1.7910472e+01  -5.0839738e+01
   7.3788972e+01   2.0585386e+01   3.2554808e+01  -1.6210624e+01  -7.9136276e+00   8.7817279e+01  -1.4469008e+00  -3.5126041e+00   5.2175217e+01   3.1977388e+01   9.0411224e+01  -8.9815987e+01   4.6439836e+01   1.8538715e+01  -3.3666425e+01  -9.8430450e+01  -4.0487105e+01   9.8744223e+01  -8.6868338e+00  -3.7822926e+01   8.6124028e+01  -2.7755605e+00  -5.4886199e+01   7.5030598e+00  -7.8391513e+01  -7.6280073e+01  -7.0675877e+01  -7.1498586e+01   7.3915724e+00  -4.5462520e+01
   7.7294861e+01  -6.2702158e+01  -9.7139259e+01  -7.8058666e+01   8.3941064e+01   4.4016068e+01   1.5932010e+01   8.2238485e+01  -8.2991290e+01  -4.7337760e+01  -7.4995561e+01   4.8007770e+01   9.2778142e+01   3.6741254e+00  -6.3470350e+01   7.9139857e+01  -1.3520230e+01   8.1351173e+01  -8.0820986e+01  -4.5144300e+01  -4.6494572e+01  -4.2974649e+01  -8.0505322e+01   8.6372868e+01   6.5437087e+01  -9.7800075e+01   5.4961031e+01   9.5922208e+01  -6.8277976e+01   7.0842071e+01
  -9.8993725e+01  -9.6613791e+00   3.1982211e+01   3.0984165e+01   9.9321687e+01   9.0125335e+01  -6.3191029e+01   5.9722986e+01  -9.8372314e+01  -7.9257434e+01  -1.8446811e+01   9.5781481e+01  -6.5310019e+01  -5.2303779e+01   6.8838851e+01   6.8636843e+01  -6.6518570e+01  -6.4603514e+01   9.7038354e+01   9.1488102e+01  -1.8396350e+01  -4.9938748e+01  -3.3100987e+01   5.9774619e+01  -1.4872749e+01   8.1669817e+01   7.7087776e+01   5.5726475e+01   7.5241061e+01   1.0121446e-03
  -8.3175170e+01  -6.9194840e+01   2.2866557e+01  -6.6351080e+01   2.3935467e+01   8.4027405e+01  -6.4009659e+01  -4.1618911e+00   6.0532896e+01  -2.3003001e+00   6.3046323e+01  -8.8705776e+01  -2.0929492e+01   9.1285852e+01  -3.8793700e+00  -2.5787245e+01   1.5009335e+01   8.8774764e+01   9.7904627e+01   1.8938497e+01   8.9633408e+01  -6.4423903e+01   5.6634352e+00  -1.0684651e+01   5.4453057e+01  -6.5803620e+01   8.7084376e+01  -3.7470570e+01   5.3921909e+01   5.6365214e+01
   3.5138537e+01  -3.9578576e+01  -8.0783183e+01   3.2420599e+01  -3.1404950e+01   8.2995839e+01  -5.5793700e+01   5.1830686e+00   9.8505544e+01   6.9599150e+01   7.6139756e+01  -3.5048762e+01  -6.5194318e+01   2.3859014e+01   5.6386927e+01  -6.3601945e+01  -3.4872039e+00   1.7799661e+01   1.3034557e+01   1.9554146e+01  -3.3704269e+01  -4.6320810e+01  -3.8305357e+01   3.7656938e+01   6.2126516e+01   3.5302520e+01   6.6909291e+01   5.9756911e+01   9.2256430e+01   9.6686399e+01
  -9.9788269e+01   6.9186360e+00   2.5650741e+01  -7.7877234e+01   4.0309804e+01   3.3456679e+00  -9.8305674e+01  -5.1263587e+01  -5.6970289e+01   7.8345479e+01  -5.7940739e+00  -9.0409452e+01   1.6612652e+01  -3.0249097e+01  -9.0974937e+01  -7.5380820e+01   2.8309942e+01  -5.6172259e+01   4.7226468e+00   5.6411902e+00   5.8675808e+01   3.4143150e+01  -3.1903298e+01  -3.8050451e+01  -9.7135673e+01  -2.2659301e+01  -2.9054486e+00  -8.7433163e+01  -4.4439540e+01  -8.0167899e+00
   5.2487490e+01   4.9790288e+00  -8.6395922e+01   5.9984766e+01  -8.4473918e+00  -7.2491263e+01  -4.7537087e+01  -8.7239013e+01  -3.0385419e+01  -2.1631556e+00   6.2824863e+00  -4.2493648e+01   7.3269809e+01   1.2910176e+01   7.8545932e+01   3.0135822e+01   3.4559984e+01  -4.7144082e+01   9.0185965e+01   2.5253526e+01   4.0608083e+01  -1.5575637e+01  -3.0820272e+01  -9.7961692e+01  -9.2470803e+00   3.0955998e+01  -3.3643953e+01  -6.7822835e+01   1.7278731e+01  -2.5283183e+01
  -5.5115855e+01  -1.5727950e+01   4.5150018e+01   6.8420299e+01  -3.0033070e+01   5.3059303e+00  -8.0001277e+01   8.7217036e+01   4.5625323e+01   2.5047239e+00   2.7144254e+01   4.9238598e+01  -1.2438870e+01   1.0228800e+01  -1.2573281e+01  -8.5757424e+01   6.5657035e+01   4.7250637e+01   3.1019546e+01  -7.4393512e+01   5.0158947e+01  -5.7116071e+01   9.6275938e+00  -1.3303565e+01  -8.9344299e+01  -5.9707892e+01   7.5686087e+01   9.7391077e+01  -1.9906976e+01   4.3274329e+01
   4.9045552e+01   8.8598420e+01  -5.7085043e+01  -9.2424444e+01  -4.2700041e+01  -1.9508895e+01  -8.1815558e+00   7.0429582e+01  -7.1382296e+01   9.4511536e+01   6.9287203e+01   1.8331876e+01   8.5073547e+01  -8.6475668e+01   6.4975393e-01  -4.3931834e+00  -9.5983256e+01   7.0696939e+00  -5.2089928e+01   6.5921492e+01   5.0667333e+01   6.5365487e+00  -4.1884900e+01   3.9544483e+01   8.7960011e+01   6.9808604e+01   4.8247637e+01  -1.7005119e+01  -6.8030335e+01  -3.8897139e+01
  -5.6872933e+01  -1.2190724e+01   4.7894223e+01  -3.3566307e+00   9.6678029e+01   4.4387815e+01  -5.3973169e+01  -9.5291232e+01   5.0765383e+01   1.5609565e+01  -7.5324633e+01   9.6820224e+01   9.5819010e+01  -8.2943348e+00  -8.5258768e+01  -9.4025223e+01  -5.2142252e+01   3.6428384e+01   2.8976866e+01   6.8682615e+01  -6.0524094e+01   7.1264238e+01  -7.6796933e+00  -8.9545577e+01   1.0771031e+01  -5.8153284e+01   6.1242823e+01   2.1680236e+00   5.1443170e+01  -8.1214585e+01
  -8.7142863e+00   5.2100717e+01   6.9450037e+01   1.3556555e+01  -2.4677996e+01  -9.1182014e+01  -9.5877989e+01  -6.8330412e+01  -5.0904604e+01   5.2679450e+01  -4.9311136e+01   7.7667643e+01  -5.8159466e+01   8.7846383e+01   3.9920452e+01  -9.8701590e+01   2.9193731e+00   4.8579811e+01  -2.4470816e+01   3.4717223e-01  -8.0949396e+01  -3.5367341e+01  -5.5697260e+01  -7.1759892e+01  -1.8619802e+01   1.7863415e+01   1.8984615e+01   4.9838960e+01   8.7467128e+01  -4.7896682e+01
   8.5707274e+01  -3.2256358e+01  -8.6172719e+01  -2.4003977e+00  -7.9623667e+01  -8.9143260e+01  -4.4053363e+01   4.7293363e+01   2.1386503e+01   2.1776500e+01  -8.3858306e+01  -2.2246374e+01   4.6269036e+01   6.2265044e+01  -5.4183432e+01   1.6001674e+01  -2.8845444e+01   7.5873059e+01  -9.1079940e+01  -4.9604662e+01   1.3715081e+01  -6.3779196e+01  -6.0117423e+01   5.1574776e+01  -8.6054186e+01   5.6611035e+01   4.0993002e+01  -6.2290483e+01  -9.2243600e+01   8.5754411e+01
   9.1647762e+01  -8.4280430e+00   3.8905767e+01   1.4004916e+01   9.3996451e+01   3.9316151e+01   6.8207885e+01   3.0338861e+01  -2.6778042e+00  -2.4550830e+01  -3.5799299e+01   1.0736825e+01   5.8200517e+01   6.8916531e+01   2.2235654e+00   1.2158198e+00  -7.4121194e+01  -7.0752861e+01  -4.7193311e+01  -3.8088892e+01   4.8184375e+01  -5.2446641e+01   4.1572979e+01   7.7142777e+01   9.6142328e+00   5.9547630e+01   6.5617813e+01   4.3464817e+01   1.8778709e+01   4.8276130e+01
   3.2088859e+01   9.4460422e+01   8.5613104e+01   9.4332152e+01  -6.9577320e+01  -3.6320644e+00  -3.8643163e+01  -5.8655285e-01  -8.2482392e+01  -6.5859276e+01  -9.4034066e+01   7.2002517e+01  -9.0437831e+01   4.1168414e+01   1.8471082e+01  -4.4017885e+01   1.9481479e+01   2.0894859e+01  -9.2836349e+01   3.4943337e+01  -7.3345431e+01   7.0904559e+01  -7.0615029e+01  -6.6530165e+01  -8.2325107e+01   4.2109382e+01  -7.8969950e+01   7.8023372e+00   3.8091609e+01   5.1862232e+01
  -1.8157742e+01   7.5622880e+01   2.7800624e+01  -2.6879911e+01   6.8028798e+00  -9.6304638e+01   9.1528299e+01   4.9374040e+01  -6.7830591e+01   7.3208920e+01  -5.5651226e+01  -6.4818922e+01  -7.6386147e+01   1.2577631e+01   7.7266712e+01  -1.8922349e+01  -8.4187588e+01   7.6424910e+01  -7.4862454e+01   8.7900550e+01  -9.6655731e+01  -4.6634186e+01  -2.4695251e+01  -7.6886895e+01   9.4440319e+01   9.0110262e+01  -8.4178316e+01   4.2916921e+01   3.5124472e+01  -9.3543599e+01
   4.5058198e+01   2.3231465e+00  -9.8460661e+01   9.8412645e+01   9.3689815e+01   7.0245640e+01  -9.6450568e+01   9.0839828e+01   2.7992848e+01   4.5320760e+01   7.6074980e+01  -8.9731001e+01   4.9419713e+01   5.5741717e+01  -5.3798312e+01  -1.3098630e+01  -1.1120038e+01   8.5780264e+00   5.1474003e+00  -4.9103906e+01   9.9234556e+01  -4.0133534e+01   4.7285799e+00   1.3909245e+01   9.4496126e+01  -5.6472507e+01  -7.4033524e+01  -1.6518097e+00  -4.5787430e+01   6.3719357e+01
  -8.9432972e+01   2.8240693e+01   4.1664251e+01  -2.2622740e+01   5.5594816e+01  -9.5607118e+01   3.3382514e+01  -2.7336699e+01  -7.3874943e+01   2.7640390e+01   1.6654092e+01   1.0799248e+01   7.0961622e+00  -7.0353866e+01  -9.6703707e+01   8.5226761e+01   4.9587050e+01  -7.4221440e+01  -9.6881160e-01   6.2842939e+01  -6.3035784e+01  -2.6720137e+01   4.1261875e+01  -3.1662743e+01  -1.9881494e+01   4.7635231e+01  -5.9725940e+01   5.4888490e+01  -6.8751926e+01  -9.7098687e+00
  -7.7249997e+01   6.2816419e+01  -6.4643918e+01   1.6592531e+01  -5.1080528e+01  -7.7440517e+00  -4.6884253e+01   3.6437723e+01  -1.5804829e+01   6.6505463e+01   6.2181815e+01  -7.0692400e+01  -1.5641759e+01   5.5932862e+01   2.2520610e+01  -8.0295072e-01   7.1437436e+00  -7.1529585e+01  -8.6725491e+01  -3.4063949e+01   5.5561793e+01   3.4488326e+01  -6.6895926e+01  -8.1714344e+01   7.1559834e+01   2.2562433e+01   5.9609531e+01  -5.6679529e+01   7.7184561e+00   1.6943107e+01
  -6.9927365e+00  -5.0901986e+01   1.4842841e+01  -8.4598886e+01  -5.5024319e+01   5.6979129e+01   8.8853607e+01   8.6250451e+01  -3.0051382e+01   7.7944176e+01   6.2338220e+01   3.0977255e+01  -7.5597780e+01   4.0408424e+01   4.7559437e+01  -9.4179854e+01   1.9232020e+01   1.9955185e-01  -2.0713985e+01   9.8554455e+01  -4.3256507e+01  -8.8906568e+01  -6.9600003e+01  -6.4463918e+00   4.8238066e+01   2.9840531e+01   4.5358781e+01   3.2346471e+00   5.3587075e+01   9.1332857e+01
  -4.3116787e+01  -1.7728674e+01   4.4030964e+01  -6.3645099e+01  -7.8058040e+00   3.9865616e+01  -8.9062767e+01   8.2575351e+01   3.7585137e-01   3.7920513e+01  -8.4069711e+01  -1.0991012e+01  -2.7454088e+01   3.4021357e+01  -8.2943941e+01   4.4748121e+01   9.6482428e+00  -3.0083041e+01  -9.7311544e+01   9.5445070e+01  -3.4282007e+01   4.0889626e+00  -1.4004096e+01   4.4906796e+01   5.8716546e+01   5.2925619e+01  -5.1265290e+01  -4.9704011e+01  -1.3609783e+01   3.4858689e+01
   3.5869654e+01  -6.2480541e+01  -3.7607686e+01   2.8908652e+01   2.9686933e+01  -5.1895717e+00  -5.9128548e+01   6.0067072e+01   6.2938794e+01  -6.7411779e+01   2.9768638e+01   1.8349939e+01  -8.0591762e+01  -7.5737532e+00  -8.4123924e+01   1.7688249e+01  -5.1523956e+01  -6.1982303e+01   9.9259700e+01  -4.3691325e+01   5.4516023e+01   7.6892506e+01   6.5258065e+01  -3.2326156e+01   3.1028720e+01  -6.9872838e+01  -4.0688917e+00   9.1738028e+01  -9.9068408e+01   8.6788847e+01
   3.9803711e+01   9.6515097e+01  -4.7238370e+01  -2.9205683e+01   5.6670577e+00   5.9161246e+01  -1.3122530e+01   8.7634483e+01   6.5903580e+01   7.1585623e+01   8.3303196e+01   2.4374505e+01  -7.4670833e+00   6.2539819e+01  -7.7574922e+01   6.6277708e+01  -4.3265859e+01   8.8524351e+01   9.9477178e+01   2.0727083e+01   2.9643069e+00   2.0625379e+01  -2.0884204e+01  -5.8177078e+01   6.3847999e+01   6.2472496e+01  -2.2474960e+01   3.6908210e+01   8.8561442e+01   4.1321431e+01
  -1.6746253e+00   8.3314564e+01   9.0807074e+01  -4.7291400e+01   2.4361945e+01  -3.5153923e+00  -8.0276328e+01  -7.6058468e+01   1.6146047e+01   6.6648478e+00   6.9416990e+01   8.7127800e+00   4.1856082e+01   1.6679891e+01   4.9919628e+00   9.1895856e+01  -9.8333041e+01   2.4070877e+01  -5.0800393e+01   8.6179504e+01   9.0993427e+01   9.5671824e+01  -1.3030431e+01  -6.2864810e+01   7.9558411e+01  -9.0522448e+01  -6.6798239e+01  -7.7750592e+01  -9.4661897e+01   2.0815555e+00
   5.2514685e+01   2.9024170e+00  -5.3775266e+01   1.7164850e+01  -5.1099130e+01  -2.1987833e+00   2.4390291e+01  -5.1546220e+01   1.3609615e+01   5.2094366e+01  -4.4018992e+01  -6.9281065e+01  -6.8250333e+01   1.3719775e+01  -4.0961504e+01   2.6666335e+00  -1.3567124e+01   2.5835981e+01  -8.9434316e+01   2.4861384e+00  -3.4948954e+01  -9.8430750e+01  -4.9518191e+01  -9.5909276e+01  -9.1520816e+01   7.6037097e+01  -4.8150594e+01   9.6485417e+00   1.8223352e+01   1.7687070e+01
  -2.0224180e+01   4.7584253e+01   2.0989252e+01  -9.0953979e+01  -7.4353578e+01  -4.7209819e+00  -3.0649977e+01  -3.3372849e+01  -6.8839990e+01   9.1100141e+01   4.5480059e+01  -1.5193403e+01   2.7474462e+01  -5.1153806e+01   6.6646928e+01  -9.9414151e+01  -1.3691271e+01  -8.0735347e+01  -4.8449477e+01  -7.7387460e+01  -6.6186579e+01   5.5648725e+01   1.0691656e+01  -9.7471742e+01   1.9270237e+01   5.9610198e+01  -5.8572719e+01   1.2078307e+01   9.3767522e+01  -5.0541786e+01
  -7.9855117e+00   3.9977814e+01   8.7207012e+01  -8.2115271e+01  -2.2624941e+01   7.7259030e+01  -6.2912502e+01   9.5538477e+01   3.2030816e+01  -7.8537508e+01  -3.8078951e+01  -6.2586043e+01  -2.4113670e+01   3.2263735e+01   6.0080932e+01   1.9954049e+01  -4.5535582e+01   3.3583641e+01   5.1175546e+00  -7.9880724e+01   3.7584746e+01  -6.5454274e+01   5.5500456e+01  -9.9996883e+01   9.7418744e+00   8.2161897e+01  -2.7779371e+01  -5.5447290e+01   5.2234587e+01   8.4961248e+01
  -3.3351936e+01   8.4099950e+01  -9.5749958e+01  -9.5191430e+01   8.2075099e+01  -6.7197019e+01   6.6231015e+01   6.0007838e+01  -7.1282369e+01   1.1162600e+01   4.8886095e+01  -3.1802571e+01   4.5779098e+01  -3.3519345e+01  -1.9152589e+01  -2.0683361e+01   8.8808000e+01  -1.9419556e+01  -4.3595911e+01   7.4604607e+01  -7.1517882e+01  -6.3046835e+01  -9.5301312e+01   8.1451248e+01   2.8939479e+01   1.2856165e+01  -4.4686302e+01   9.7381782e+01   5.2541111e+01  -3.6253818e+01
  -4.5035203e+01  -7.4896222e+01   5.1677000e+01   5.3077730e+01  -1.3891543e+01   5.1179354e+01   4.9838826e+01   1.3520204e+01  -7.8534814e+01  -5.8119812e+01   4.3659070e+01   9.9655521e+01   3.5358937e+01   9.0972473e+01   5.4670445e+01  -5.2336859e+01   6.4300827e+01   9.3828196e+01   6.9895796e+01   2.5889760e+01  -5.8627672e+01   4.4212645e+01   8.1961968e+00  -2.1512838e+01   1.8721132e+01   4.0326237e+01  -1.8172157e+01   7.2385945e+01  -1.0202914e+01   2.2983675e+01
   1.4482500e+01  -2.5352498e+01  -4.2254708e+01   6.8502282e+01  -7.5757599e+01  -3.4532137e+01   2.2664118e+01   5.3151415e+01  -1.5363300e+01   2.0471178e+01   3.8699236e+01  -8.3304431e+01   9.7875291e+01   8.3650330e+01   6.0256748e+01  -1.0695424e+01  -1.7997375e+00  -7.3232601e+01  -3.8534358e+01   1.9655081e+01  -8.1294852e+01  -9.5384147e+01  -1.3375272e+01   2.1534134e+00   9.1937792e+01  -4.0047238e+00   2.3465030e+01  -9.7799509e+00   6.1700908e+00   7.8119010e+01
  -3.0356000e+01   1.7961468e+01   9.1281267e+01  -6.1942173e+01  -3.9073092e+01  -6.0030978e+01   7.5716560e+01   4.4839949e+01   5.4928008e+01   8.0390332e+01  -9.6615961e+01  -2.5002809e+01  -5.1683213e+01   8.0355217e+00   3.5940319e+01   3.5324868e+01  -2.3754060e+01  -6.2441908e+01   3.9635141e+01  -6.8158820e+00  -8.9403589e+01   8.9615954e+01   1.9852878e+01  -4.6757618e+01   6.3041716e+01   4.8970176e+01   6.4672321e+01  -1.9169383e+01   2.8362535e+01  -4.3056168e+01
   8.8754341e+01   1.7335108e+01   3.3016251e+01   8.3146585e+01   8.9627096e+01   4.2612944e+01  -1.5310932e+01   4.7951091e+01  -2.0191055e+00  -1.8563543e+01   1.8515086e+01   5.4945331e+01   8.5370545e+01  -3.5552512e+01   6.7671128e+01   6.9551088e+01   3.7568368e+01   6.9421534e+01   7.3728721e+00  -6.5723504e+01  -9.9337964e+01  -3.0544620e+01  -7.3976341e+01  -9.8778047e+01  -6.9097917e+01   3.6066726e+01  -2.1564338e+01  -5.6662371e+01   5.0247680e+01   3.5616809e+01
   1.8410041e+01  -1.2193177e+01  -4.1068077e+01  -9.5587454e+01  -1.9589225e+01   1.2273102e+01   4.3933700e+01   1.9333642e+01   8.8180084e+01  -3.4727142e+01  -6.9462993e+01  -5.7746391e+01  -7.5314122e+01   2.1541696e+01   5.9304601e+01  -2.8446913e+01  -3.5736775e-01   4.4444149e+01   6.9460634e+01   5.5765356e+01   6.4998553e+00  -6.6932350e+01  -7.3769078e+01   4.4749375e+01   5.0610614e+01  -8.2293795e+01   5.1880685e+01  -3.6832937e+01  -9.0541734e+01  -6.8386743e+01
   4.8036748e+01  -5.4781266e+01   2.1628119e+01  -2.3496310e+00  -1.0901252e+01  -4.3788989e+00  -4.9819265e+01   8.0628943e+01   7.1646080e+01  -8.2306592e+00  -4.4196508e+01   2.9946440e+01  -6.2412310e+01   5.8512741e+01  -3.8021501e+00   4.3382882e+01   5.1919922e+01   9.5840041e+01  -7.6335863e+01   6.8253189e+01   7.7724557e+01  -1.9887662e+01  -7.2218385e+01   2.4748919e+01   6.1850379e+01   5.9721428e+01  -5.0619455e+01  -1.1442253e+01  -4.8232332e+01   3.1877806e+01
   9.6041015e+01  -4.7032041e+01   8.3106699e+01  -8.3679627e+01  -7.4105881e+01   6.7858977e+00   5.0370166e+01   9.3379055e+01   3.7397614e+01  -7.6125253e+01  -7.7797606e+00  -3.4999687e+01  -9.6585499e+01   4.0888832e+01   8.9823092e+01   8.0410879e+01  -4.3837466e+01  -8.4552875e+01  -5.3072637e+01  -2.7907810e+01   6.6305877e+01  -7.0531930e+01   7.8794120e+01  -5.5827880e+01   4.1597100e+00   7.7415142e+01   3.2665668e+01  -7.3349013e+01  -9.5018100e+01   5.0410188e+01
  -8.8288509e+01  -8.3000914e+01   9.3656660e+01   5.4930733e+00  -9.9981087e+01   7.6408551e+01   4.2919624e+01  -6.6507310e+01   9.5026663e+01  -7.4180383e+01  -5.6066591e+01   4.3027269e+01  -7.9581844e+01   1.8688093e+01   5.4731798e+01  -2.8090601e+00   6.5459662e+01   9.8406471e+01  -1.7238024e+01   3.4176066e+00  -1.5187702e+01  -5.6704456e+00   1.0427393e+01   8.5328944e+01   6.7050566e+01   7.2953319e+01  -4.3639198e+00  -2.1613515e+01   7.4695034e+01   6.3912725e+01
   5.5033163e+01   5.8066784e+01   3.6644542e+01   5.4246929e+01  -1.5414421e+01  -8.5663384e+01   9.4140344e+01  -7.9354455e+00   1.5561982e+01  -2.5568694e+01   4.4922189e+00   9.4899360e+01  -3.3954736e+01   1.9863269e+01  -1.6384004e+01  -5.8721229e+01   2.0579521e+01   1.8438670e+01  -3.5767769e+01   8.0581997e+01   2.0835677e+00  -1.9261638e+01  -4.2630898e+01  -2.6962066e+00   5.7307917e+01  -4.5196910e+01   7.6668040e+01  -3.0003744e+01  -6.8743669e+01   7.8073894e+01
   3.5808782e+01  -2.4104307e+01   6.4991324e+01   6.3778776e+01   4.9887630e+01   1.7920792e+01   1.7824037e+01  -2.7966922e+01  -9.7386331e+01  -9.1504891e+01  -6.7665116e+01  -1.3497106e+01  -2.9586016e+01   9.7702478e+01  -7.2624458e+01  -3.0597386e+01  -9.5159326e+01   5.2616877e+01  -8.2228154e+01  -8.5751267e+01   1.5104209e+01  -7.1088174e+01   8.2606450e+01   3.7450015e+01  -8.5725951e+01   9.5954175e+01  -4.5536763e+01   3.3439117e+01   9.7116618e+01  -8.3098304e+01
  -3.9815731e+01  -6.3885030e+01   8.0621147e+01   8.6572676e+01  -1.5572368e+00   9.0566175e+01  -7.6273592e+01  -1.1479158e+01  -6.9603720e+01  -7.9490772e+01   3.8606348e+01   3.4965065e+01  -7.9848398e+01  -5.5337868e+01   8.8943072e+01   2.5157946e+01  -4.3024901e+01   2.7464517e+01   1.2710073e+01   2.9759977e+01   1.1520023e+01   7.6774473e+01  -3.7540174e+01   2.1449690e+01   4.0917020e+01   6.6902138e+01   5.8571630e+01  -6.5695697e+01  -8.1282236e+01  -8.0561890e+01
  -4.5225973e+01  -5.4021551e+01  -9.2558361e+01   5.2752225e+01  -9.1710757e+01  -8.9532008e+00  -3.5822468e+01   9.8510977e+01   9.5223760e+01  -9.1775285e+01   4.2863413e+01  -8.7371933e+01   5.2556879e+01   9.1962242e+01  -6.4438943e+01   3.2187494e+01   5.4186995e+01   3.7356216e+01  -2.3558892e+01  -1.8246104e+01  -8.6150605e+00   6.6436655e+01  -8.2700790e+00  -3.3064414e+01   3.6769904e+00   5.0176335e+00  -9.1492979e+01   4.3325141e+01  -1.5492862e+01   3.1431451e+01
   9.2407075e+01  -4.8468840e+00   3.4975490e+01  -7.6739969e+01   3.9106173e+01  -3.6348835e+01   6.5892949e+01   5.8109371e+01   6.0039445e+01   9.7899240e+01   7.3951174e+01   6.4014018e+01   9.0124821e+01   1.3775281e+01  -7.8726992e+01   2.9165473e+01  -5.1852840e+01  -8.2249594e+01   9.7521272e+01   4.8805119e+01   9.2218323e+00  -1.5623569e+01   5.7235933e+01   6.1967951e+01   2.5752985e+01  -3.6284846e+01  -3.9466125e+01  -9.0180526e+01   2.0422378e+01  -5.5126557e+01
   7.1738260e+01   5.0729918e+01  -4.7407955e+01   3.3819085e+01   7.2374411e+01   6.8230656e+01  -9.6433796e+01   6.0953727e+01   6.3688441e+00  -3.7990395e+01  -7.5239686e+01  -8.4163313e+01  -2.2056049e+01   9.8427131e+01  -6.9350531e+01   8.7008550e-01  -3.4824143e+01   4.2036076e+01   7.1198817e+01  -7.6917547e+01  -6.5235577e+01   7.8074967e+01   3.1046151e+00   2.8299748e+01  -5.5643802e+01   7.9330241e+01   3.2061625e+01   1.3434360e+01  -6.5433050e+00   9.7104694e+01
   3.1738735e+01  -5.5053552e+01   8.3446259e+01   4.5660427e+01   1.8019454e-01  -9.2294223e+01   5.0707351e+01   1.5591743e+01   9.1902352e+01   8.5614877e+01   5.1360543e+01   3.4746994e+01  -7.5769762e+01   1.3185803e+01   1.0594433e+01   6.5351831e+01   7.7047071e+01   2.8920302e+01  -6.1105729e+01  -5.2753079e+01  -7.1983345e+01  -3.7129344e+01   8.7079839e+01   1.4603177e+01  -5.5545550e+01  -9.9551721e+00   1.0755914e+01   5.6854562e+00  -4.4339647e+01  -3.8869999e+01
   2.6825417e+01  -3.6643042e+00  -8.6408709e+01   9.6065013e+01   3.1324494e+01   6.5056155e+01   7.7555327e+01   6.3221706e+01  -3.6210801e+01   1.8230824e+01   3.5580345e+01   4.0735988e+01   7.7386393e+01   4.8951777e+01  -7.3286169e+01  -2.6634793e+01   5.0700233e+01  -3.7514237e+01  -2.8894963e+01  -5.1832869e+01   2.1769186e+01   2.4077431e+01  -5.7113719e+01   2.5840167e+01   3.5326553e+01  -5.8826026e+01   8.0066708e+01   1.4148555e+01  -3.8861824e+01  -3.5121578e+01
   9.6112965e+00  -4.4128690e+01  -6.4986505e+01   6.3713795e+01  -4.6349021e+01   2.8255542e+01  -8.0601504e+01   3.7099134e+01   3.5671956e+01   6.5526322e+01   7.0097414e+01  -7.4972844e+01  -5.4684533e+01   2.8436367e+01   7.6981573e+01   5.5792185e+01  -6.3750463e+01   4.1761648e+01   9.8039053e+01  -2.0637255e+01   5.8318746e+01   2.3281679e+01  -2.8848277e+01  -4.6703856e+01   2.3685361e+01  -6.2349080e+01  -1.1963774e+01  -9.0346072e+01   7.2927263e+01   3.3390635e+00
   8.8613411e+01   2.1674187e+00  -5.5971775e+01   3.7354764e+01   8.8916580e+01   5.5811595e+01   3.2680465e+01   4.1053426e+01  -9.4042925e+01   6.7612635e+01  -1.6844291e+01  -7.6837732e+01   4.1080632e+01   7.6973984e+01  -2.7302709e+01  -2.4351907e+01   8.6775888e+01   6.5718251e+01   3.5906970e+00  -7.2778831e+01   8.6700019e+01  -4.0844684e+01  -7.0428224e+01   1.5529476e+01   2.2810669e+01   7.3606726e+01   3.5855107e+01   4.9681117e+01   6.6844550e+01  -3.5096801e+01
   9.3362471e+01  -4.5131403e+01  -9.4160644e+01   3.6714341e+01   5.8351067e+01   2.8741056e+01   4.4499684e+01  -2.3444893e+01   3.3869564e+01   5.8970347e+01   2.4843428e+01  -9.8288289e+01   8.3291708e+01   2.4967506e+01  -4.9799687e+01   4.6847531e+01  -6.9384655e+00  -5.8778432e+01   4.4573599e+01  -8.1832345e+01   4.7356389e+01  -7.1962661e+01  -9.5679808e+01  -5.5091022e+00   5.0426444e+01  -3.6998144e+01  -9.2163767e+01  -8.8892134e+01  -7.9827451e+01  -5.4068287e+01
  -8.8998696e+01  -1.4699372e+01   6.6455224e+01  -5.5540803e+01   7.5594546e+01   1.8157730e+01   5.7526923e+01   1.8106754e+01  -9.4300673e+01   7.1882936e+01  -3.4181303e+01   1.8481216e+01  -7.8872609e+01  -9.3440822e+01   1.2003139e+01   5.9251002e+01   3.0161536e+01  -7.3589160e+01   6.8551632e+01   7.7195239e+01   9.4290567e+01   2.8549599e+01   8.9484371e+00   3.7879408e+01  -9.0620104e+01   3.3245464e-01  -2.1549021e+00   1.6378085e+01  -7.8247801e+01  -6.7344962e+01
  -8.4499494e+00   8.6299414e+01   4.0742667e+01   7.4022149e+01  -2.7443509e+01   7.4141483e+01   1.2421103e-01   9.2057999e+01   9.1898492e+01  -2.1602594e+00  -9.2362582e+01   8.5965678e+01   3.1745622e+01  -6.4745789e+01   2.9049691e+01  -4.3810474e+00   4.7006857e-01  -5.0395015e+01   9.6282061e+01   1.6640233e+01   5.1165223e+01  -4.1579274e+01  -8.2760744e+01  -9.1346568e+01  -3.1424597e+01  -8.3310143e+01  -4.3430403e+01   1.9997372e+01  -8.9049120e+01  -3.0796386e+00
   9.5593682e+01  -1.3945466e+01  -5.2689602e+01   5.1791204e+01  -2.3419876e+01  -1.5225553e-01   2.9780580e+01  -8.2275531e+01   8.7686288e+01  -6.4928038e+01   3.9489277e+01   6.6393078e+01  -3.2688271e+01   5.9870244e+01  -9.4269489e+01  -8.1925369e+01   3.0668895e+01  -1.3287469e+01   1.7094305e+00   8.4142881e+00   2.3986833e+01   4.8063537e+01   8.7675391e+01  -1.6448147e+01  -5.4613940e+00  -3.8331747e+01   8.8111726e+01  -5.3075466e+00  -6.3617190e+01  -4.6896671e+01
   2.3638437e+01   9.4114152e+01  -3.9702330e+01   3.4522142e+01   7.2433740e+01   3.4178935e+00  -4.5765278e+01   6.8253713e+00   5.9315720e+00   3.5668901e+01   3.5424609e+00  -2.2569078e+01   1.1740023e+00   6.5160475e+01   3.5386261e+01  -2.5706986e+01   9.7299252e+01   6.5826137e+01  -4.1609137e+01  -9.6899932e+01   5.2097190e+01  -4.8906010e+01  -5.3628963e+01   5.6772778e+01  -8.5277262e+00   4.2937998e+01   3.6471245e+01   4.4694420e+01  -8.2322217e+01  -1.8388455e+01
  -1.7383606e+01  -1.6215827e+01   2.0726177e+01  -7.8384264e+01   4.8995854e+01   3.8055899e+01  -3.1520646e+00  -9.4533020e+01  -5.6847486e+01  -7.0450279e+01  -8.3418958e+01  -3.6147714e+01  -9.5727162e+01   5.7506666e+01  -5.8692132e+01   9.6198484e+00   6.3813402e+01  -1.3731614e+00  -8.6524913e+01   2.5055785e+01   3.3700445e+01   3.1496176e+01  -3.3600286e+01   8.2534512e+01  -6.8112295e+01   3.5574321e+01   5.7263303e+01  -5.3634151e+01  -7.4045712e+01  -2.0343784e+00
  -9.6626476e+01  -4.7785495e+01   6.0153371e+01  -5.3467195e+00  -1.3232758e+01   8.1404793e+01  -8.7987593e+01   7.2523579e+01  -1.3971255e+01  -8.3590340e+01  -4.0209734e+01  -8.1760158e+01  -3.6842953e+01   3.6714302e+00   4.7169208e+01  -4.9744875e+00   5.2092024e+01  -8.3505995e+01  -5.2100764e+01  -6.0096302e+01  -3.4388661e+00   5.3840779e+01   1.3188951e+01  -7.1368845e+01  -2.6904486e+00   1.5923145e+01  -5.7678165e+01  -1.6801591e+01  -3.3275979e+01  -7.8478833e+00
   4.3667435e+01   4.1806199e+00   3.9915631e+01   4.5994780e+00  -5.4553710e+01   5.3421139e+01  -5.0703784e+01  -5.9091212e+01  -7.6391874e+01   5.4625660e+01   8.0504891e+01   3.3775424e+01   3.3064425e+01  -1.1102564e+01   5.9239802e+01   1.2826434e+01   8.1984860e+01  -4.2865940e+01  -2.8667984e+01   3.1505026e+01   9.6160596e+01   9.3064456e+01   3.9645204e+00   4.9156523e+01  -2.1644743e+01  -9.4705952e+01  -4.9833198e+01   4.7654149e+01  -8.4662995e+01   6.5776665e+01
  -3.2432725e+00  -2.8224589e+00   8.6015778e+01  -1.1997224e+01   9.4919121e+01   3.4430117e+01  -1.8912899e+01   9.2071112e+01   8.8496073e+01  -1.6750529e+01   8.4047360e+00   3.2772319e+01   2.6016085e+01  -1.4581856e+01   4.1826023e+01  -5.9964428e+01  -7.8003274e+01   3.5334783e+01   4.9417271e+01   4.8126537e+01  -9.8529657e+01   9.9696448e+01   9.6140645e+01  -1.4818283e+01  -9.0705016e+01  -1.4579241e+01  -7.5122533e+01   8.5876524e+01   2.1724763e+01   8.2140485e+01
  -1.0898309e+01   9.5874265e+01  -1.0609684e+01   6.1733550e+01  -4.0834225e+01   4.8482930e+00   2.2587235e+01   9.3220577e+00  -4.9599947e+01   1.9853173e+01  -5.5977727e+01  -7.9344971e+01  -4.7217511e+01   2.5477722e+01   2.2293349e+00   1.3687413e+01   4.8472012e+01   6.0303882e+01   9.6185071e+01   9.8332144e+01   6.0438390e+01   3.5741654e+01   5.1513379e+01   6.2830258e+01   1.0520702e+01  -8.6043302e+01  -8.0215344e+01  -7.0168555e+01   7.4043872e+01  -2.6673039e+01
  -3.3525567e+01   1.7678333e+01  -6.7728644e+01   2.7717100e+01  -7.2500910e+01   7.8654505e+00   2.9810256e+01   2.3742273e+01  -9.3563693e+01   7.6197136e+01   7.0721275e+01  -2.1417551e+01   9.1324194e+00   7.8182617e+01  -1.8696270e+01  -5.1058666e+01  -2.1434383e+01   6.9707940e+01   1.2111481e+01  -8.1866265e+01  -7.9722005e+01  -7.7805181e+00   7.6519391e+01  -2.3690567e+01  -1.2812319e+01  -7.8471715e+01  -5.9108737e+01   4.3927368e+01   2.6861914e+01  -5.0294584e+00
   8.2532283e+01   8.3583237e+01  -4.6560946e+01   1.5581965e+01   7.5541555e+01  -4.1511873e+01  -3.0125434e+01  -5.1674959e+01   9.9490592e+01  -6.2987407e+01  -9.7050954e+01  -9.8165070e+01   2.7298319e+01  -4.4676730e+00   1.8513174e+01   1.1652480e+01   6.6822826e+01  -5.0234389e+01  -7.6560437e+01  -5.6432677e+00  -4.2124430e+01   2.7853871e+01   1.8674901e+01   1.2240673e+01  -9.6119643e+01   8.6151977e+01  -5.9699894e+01   5.4998562e+01   6.5682365e+01   8.1651383e+01
   2.5469879e+01  -9.4831834e+00  -7.7908576e+01  -5.0924366e+01   5.6818407e+00  -9.6272008e+01   2.1470900e+00   9.8465350e+01  -7.4692267e+01   3.2713991e+01   3.1110756e+01  -8.6717759e+01   8.8004071e+01   1.1983658e+01   1.7703328e+01  -7.2025424e+01  -2.7342562e+01   6.7546462e+00  -5.1963976e+01   3.9405155e+01  -9.0492753e+00   7.1443230e+01   8.0644627e+01   6.7688480e+01  -7.2376046e+01   2.4587188e+01   4.9715023e+01   9.3840472e+01   5.7284731e+01   8.3529973e+01
   7.2734349e+01   9.7603846e+01  -1.6272981e+01   9.0835413e+01  -3.5430215e+01   5.4670050e+01  -2.2795472e+01  -6.0161124e+01   9.2707452e+01   4.7475237e+01  -2.3555089e+00   2.9482725e+01   3.4955252e+01   5.0172164e+01   5.2019876e+01   9.1895669e+01   6.6351453e+01  -4.4564573e+01   9.5188769e+01  -5.0553667e+01   1.6036240e+00  -4.8278673e+01   2.8051463e+01   8.1881729e+00  -6.9815495e+01   9.7856987e+01  -7.0144364e+01   8.3872175e+01   8.7101620e+01   3.0225827e+01
   3.8852151e+01   1.5308874e+01  -3.8633083e+00  -9.2244961e+01  -3.9161836e+01   5.8453850e+01  -1.7122575e+01  -3.0478814e+01   7.9521512e+01  -7.9373570e+01  -1.5178148e+01  -6.3185754e+01  -9.8280395e+01  -9.0569987e+01   3.5345260e+01  -6.0190263e+00  -5.3034188e+01   3.9996776e+01   7.4679820e+01   9.0124100e+01   2.8022272e+01   3.3428778e+01   4.4790216e+01   5.1450759e+01  -5.9522260e+01  -5.4911531e+01  -9.1869076e+01   9.9008563e+01  -4.2863214e+01   1.3384220e+01
   8.2726846e-01  -4.5875792e+01   9.1432376e+00  -8.6824597e+00  -4.5231199e+01  -3.2141189e+01  -7.5378922e+01   5.8445732e+01   5.1250965e+00   4.7618254e+01  -1.3644291e+01   8.7200599e+01   5.7985676e+01  -2.7320814e+01  -8.4877169e+01   7.6689966e+01   9.5546704e+01   7.3413399e+01  -7.2951831e+01  -5.7180380e+01   9.0940511e+01  -1.2343092e+01  -8.4421424e+01   7.9397826e+01   7.9885311e+00   4.7059961e-01  -2.8201339e+00   3.2023029e+01  -8.1236460e+01   5.2000362e+01
   4.5445032e+01   9.5193904e+01   3.1684308e-01  -2.3775550e+00  -6.7553827e+01   2.8035191e+01  -1.6095108e+01   4.5316394e+01   8.0379404e+01  -6.2408549e+01   3.9438583e+01   9.9609196e+01  -8.5763193e+01  -1.6664806e+01   3.2469769e+01  -5.1772618e+01  -9.4273556e+01   2.4217131e+01   3.5877619e+01   8.5992360e+01  -5.4729892e+01  -6.5867800e+01   6.1588736e+01  -8.3629452e+01  -2.8309547e+01  -4.9609648e+01  -5.3424582e+01   3.2851460e+01  -7.1554209e+01  -3.4379888e+01
   1.2943329e-01  -2.8061437e+01  -1.6630489e+01   1.1067778e+01  -6.0104347e+01  -3.5164837e+01  -5.1282689e+01  -4.8338728e+01   7.3464843e+01   9.4097507e+01   3.5925032e+01  -3.5673242e+01  -7.0153886e+00  -1.0003368e+01   7.1970990e+01  -9.5126149e+01   1.2956642e+01  -6.6860015e+01  -9.9192517e+01   4.4071683e+01   9.7014608e+00  -8.0927885e+01  -3.4616374e+01  -8.4835727e+01   5.6377452e+01  -5.9458654e+01  -4.1274066e+01  -1.2750017e+01  -1.6120417e+00   4.7378594e+01
  -8.0491674e+01  -1.8897517e+01  -5.6981583e+01   8.7409481e+01   9.5929111e+01  -3.5221300e+01  -6.1588915e+01  -4.0278107e+01   4.6308501e+01  -7.4414022e+01  -9.5702523e+01  -2.0785716e+01  -8.2219710e+01   8.5845027e+00  -9.7490360e+01   9.5117084e+01  -3.0929731e+00   2.8134895e+01  -8.4239556e+01   2.1603384e+01   5.4886630e+01  -1.8984665e+01   2.5871060e+01   6.5660177e+01   5.4854903e+01  -3.4386092e+01  -6.4205943e+01   9.5523294e+01   9.8984360e+01   9.1387437e+01
  -7.0872346e+00   3.0973070e+01  -2.4650982e+01  -6.3540609e+01  -9.0802194e+00  -8.9816902e+01  -1.0581827e+01  -4.0164670e+01   5.7713746e+01   2.5815292e-01  -6.6731814e+01   2.2451287e+01  -4.4857650e+01   5.2260188e+01  -2.3787774e+01  -8.6634273e+01   6.3665553e+01  -8.7209320e+00   3.9772222e+01   3.7625694e+01   4.3227444e+01  -8.1699088e+01   1.7430890e+00   2.3235991e+01   8.2554106e+01   8.0899334e+01   4.9857983e+01   6.6424173e+01   7.9383389e+01   9.8394459e+01
   8.7388604e+01  -7.8343989e+01   1.2383097e+00   3.3453179e+00  -5.9895394e+01   4.3757823e+01   8.0912281e+01  -4.0627849e+01  -9.2745476e+01  -1.0013755e+01  -5.8325255e+01  -3.7273269e+01   8.4961533e+01   1.2473325e+01   3.3970057e+01   3.5945968e+01   7.1876899e+01   1.6088743e+01   5.8164077e+01   9.2080290e+01   6.4279515e+01   4.7267271e+01   9.6119729e+01   6.4883277e+01   3.4021398e+01   9.7463963e+01   9.6475522e+00   8.2283977e+01   3.2421074e+01   6.7940784e+01
  -5.9510237e+01   6.0692045e+01   4.3458538e+01   5.2504864e+01  -7.9044854e+01   3.1046844e+01  -1.0803414e+01   1.1834891e+01  -3.3218463e+01  -3.4251721e+01  -9.9891598e+01  -9.2343577e+01   5.6107869e+01  -9.7254558e+01  -1.3470865e+01   2.3347267e+01  -1.9519063e+00  -8.4395956e+01   1.0315872e+01  -8.7849079e+01   8.6682449e+01   1.0962411e+01  -6.1898691e+01  -4.1227332e+01   9.3743309e+01   6.5709201e+01   8.1717532e+01   7.9344207e+01   4.7585119e+01  -8.5290122e+01
   4.3571019e+01   4.0691896e+01   2.1255292e+01  -3.5283103e+01   5.1851982e+01   5.6909924e+01  -7.3464606e+01   6.3390599e+01   1.4563480e+01  -6.7851478e+01   7.1484825e+01   4.1735394e+01   1.9806564e+01   1.2327859e+01   1.1699214e+01   4.8636348e+01   9.6215250e+01  -1.4309324e+01   1.4419385e+01  -4.0231130e+01  -2.8614068e+00   4.5141346e+01  -6.0694121e+01  -7.5711524e+01  -5.0763444e+01   7.1341652e+01   8.2033051e+01   7.8808622e+01   5.0694089e+01   2.9734661e+01
  -3.2383014e+01   3.7380487e+01  -4.6083892e+01   1.2551731e+01   7.0194476e+01  -1.9130133e-01   1.9899539e+01  -4.3795146e+01   5.1976019e+00  -7.2089012e+01   1.2507350e+01   3.0630254e+01   2.3591504e+01  -6.0579517e+01   5.8033871e+01   2.8326458e+01  -2.2857297e+01  -7.7879617e+01  -3.7861474e+01  -5.0401499e+01   2.8469046e+01   2.0257099e+01  -9.5724959e+01  -7.7953411e+01   1.5897901e+01   6.1396564e+01  -7.4293903e+00   8.9852808e+01   6.8658335e+01   6.3873211e+01
   4.6939521e+01   4.0993897e+01  -7.1378422e-01  -9.7453838e+01   8.5652090e+01  -6.9163344e+01  -9.5520989e+00   9.1181831e+01   9.8198005e+01  -5.6519370e+01  -3.1862432e+01   7.4273346e+01   7.4281921e+01  -7.3518186e+01  -3.0188739e+00   2.6804247e+01   8.0010290e+01  -8.0356545e+00  -1.6961769e+01   2.5766553e+01  -4.3976662e+01   5.2143451e+00   3.6640073e+01  -4.0437263e+01  -7.6991205e+01   9.9272383e+01   4.5603880e+00   8.8262897e+01  -7.7288728e+01   1.8149467e+01
  -5.4516452e+00   8.7101378e+01  -5.7599737e+01  -5.6192803e+01  -4.9398731e+00   5.2230898e+01   2.0805008e+01  -8.1612558e+01   4.2390836e+01  -5.3063186e+01   3.4871763e+01   3.0453886e+01   6.9813245e+01  -4.3335721e+01   9.6699753e+01   5.1848202e-01   4.2065132e+01  -2.5679968e+01  -3.3278456e+01  -6.0694732e+01  -9.4410928e+00  -9.3059089e+01  -4.9565379e+01   3.3364869e+01   9.5044946e+01  -6.0201113e+01   8.5821514e+01  -2.8014543e+01   6.4093133e+01  -7.5997370e+01
  -7.2543062e+01   3.5001024e+00   2.4493262e+01  -7.8744068e+01  -1.5150840e+01  -6.9120608e+01   1.8555899e-01  -3.8427013e+01  -4.8511373e+01   1.6531398e+00   6.7411748e+01  -5.0041267e+01  -1.5819919e+01  -8.4541677e+01  -3.0231413e+01   8.5199234e+01  -7.6295578e+01   9.4737071e+01   1.6963811e+01   2.0210794e+01  -3.6917524e+01   2.3996258e+01   1.4878405e+01  -2.0286182e+01  -6.4286048e+01  -7.3748174e+01  -6.7563188e+01   9.3527441e+01  -6.3269670e+01  -8.1455462e+01
  -2.1162399e+01   9.6538151e+01  -5.4406164e+01  -5.5283841e+01  -6.6731473e+01  -7.9667758e+01   9.1879284e+01  -1.4643064e+01   1.8121890e+01  -6.1274265e+01  -7.4900693e+01   9.1828422e+00   9.0692019e-01   2.5463466e+01  -2.6782451e+01   6.5960468e+01  -8.3926791e-01   7.1395374e+01   6.2589344e+01   9.0547733e+01   4.2353015e+01  -8.9186180e+01   5.1251864e+01   2.3044581e+00  -8.6425592e+01  -1.5715759e+01  -4.7149096e+01  -8.8854323e+01   2.3040733e+01   5.5924205e+01
   3.5898610e+01   1.9391504e+01  -4.8662429e+01  -4.6455262e+01   4.0934125e+01   9.2046499e+01   9.3888524e+01  -6.5510070e+01   6.6623944e+01  -2.8674988e+01  -7.7762355e+01  -5.3652491e+01  -6.5497986e+01  -1.0617124e+01   6.7145562e+01   8.0028909e+01   8.3187519e+01  -5.7455878e+01   4.6875657e+00  -7.1525760e+01   7.5523666e+01  -5.9464511e+01   4.4051894e+01   1.5147574e+01  -7.7852141e+01   1.2556888e+01   5.4363286e+00   4.2831886e+01   7.0947111e+01   6.7445009e+01
  -3.0463275e+01   6.3806493e+01  -6.8976904e+01  -4.7038293e+01   7.1841394e+01  -7.1115208e+01   1.5591267e+01   2.4884779e+01   7.8754646e+01   6.4449329e+01   1.1900840e+01   4.7603581e+01   7.8906074e+01  -9.2137705e+01  -8.7292733e+01   2.7276206e+01  -2.3855508e+01  -1.5450897e+01   6.1943946e+01   8.8743464e+01   1.6969635e+01   5.1974892e+01   2.9432740e+01   2.3273855e+01   9.8105448e+01  -8.2243610e+01  -4.3507810e+01  -6.2679255e+01   9.2693940e+01  -8.8737285e+01
  -6.4930257e+01  -1.1791588e+01   5.1586169e+01   8.5751191e+01  -3.0084414e+01  -5.5516548e+01  -8.9520959e+01   2.8537605e+01  -9.2156614e+00  -1.7797424e+01   1.5243027e+00   2.8366026e+01   6.8702557e+01   9.4144078e+00  -8.1628666e-01  -4.7365794e+01  -4.9848612e+01  -4.4142421e+00  -3.7521866e+00   8.4275774e+01  -1.6766154e+01   2.1184155e+01   2.0096919e+01   6.4065303e+01  -2.5455421e+00  -3.3091431e+01  -1.3623844e+01  -5.7253132e+01  -5.3807852e+01   2.9458953e+00
  -6.3425778e+00  -1.2298037e+01  -5.7768218e+01   7.1579169e+01   9.1668337e+01  -9.1804552e+01  -7.7855381e+01   1.2992493e+01  -2.1385113e+01   4.4629058e+01  -5.1382241e+01  -5.1543575e+01  -6.5387813e+01   9.6338330e+01   2.7382319e+01  -5.5514665e+01  -3.6490428e+01   7.8700888e+01   8.1085165e+01  -5.1891567e+01   5.0589379e+01  -8.9937860e+01   3.5533088e+01   6.7219971e+01  -9.9364211e+01   5.2841326e+01  -4.7564570e+01   6.5082420e+01   5.5461044e+01  -2.7567124e+01
   7.7389617e+00  -5.6952934e+01   8.3096570e+01   1.5047814e+01  -6.2408430e+01  -4.5648285e+01  -4.6003715e+01  -1.9147851e+01  -5.5945916e+01  -4.4136959e+01  -8.2824371e+01  -4.4577863e+01   8.4060173e+01   9.4305377e+01  -3.0283165e+00  -3.1977273e+00  -9.8109058e+01  -1.8134800e+01  -3.8949986e+01   2.0788209e+01  -2.3384434e+01  -4.4095935e+01  -3.6057265e+01  -9.2338099e+01  -6.8080512e+01   2.5372829e+01   7.0064939e+01  -8.9945699e+00   4.5672988e+00   2.7004770e+01
  -4.6912529e+01  -3.7942764e+01  -8.2796791e+01   8.0244244e+01   6.1843770e+01   5.7489109e-01   5.7291047e+01   7.5244677e+01  -3.9328804e+01   5.2716710e+01   4.8954175e+01  -2.8084941e+01  -9.6657794e+01  -4.6528626e+01   9.7903934e+01   8.6344337e+01  -2.0758617e+01  -2.8399102e+01  -6.4953708e+01  -2.1137109e+01  -1.2125333e+01  -1.6424924e+01   7.9235927e+01  -2.3999463e+01   5.6968826e+00   7.5068023e+01  -9.0860134e+01  -9.1571697e+01  -5.6320342e+01  -4.6720579e+01
  -6.4528385e+01  -3.5905527e+01   9.9022016e+01   8.7653634e+01  -7.1969567e+01   5.9956396e+01   1.4254037e+01   4.4233742e+01   8.2132435e+01  -9.4300819e+01   7.7494545e+01   3.6514121e+01   6.2692805e+01   1.0131860e+01  -5.7570720e+01  -4.7669380e+01   7.3988339e-01   5.8351062e+01  -4.6303034e+01   1.6343399e+01  -3.4390245e+01  -1.5256667e+01  -2.3730803e+01   9.2034593e+01   6.4743961e+00   5.8760718e+00   9.4147642e+01  -5.1421476e+01  -4.8747593e+01   5.4368273e+01
   8.6900084e+01   1.2044430e+01  -1.7297998e+01   9.3702550e+01   4.8812795e+01   4.3832597e+01   5.1780286e+01   8.8233891e+01  -8.6728512e+01   9.5071169e+01  -3.2938993e+01   6.6789965e+01  -5.0522938e+01   5.4596705e+01   4.6663510e+01  -7.6741317e+01  -9.1596948e+01   4.3163111e+01  -6.0014614e+01   4.2757895e+01  -3.2189452e+01   2.8819550e+01   9.0819100e+00   6.6726525e+01  -9.9809030e+01  -3.2698157e+01   6.7025175e+01  -3.7229898e+00   5.8329367e+01  -5.2446761e+01
   8.7469324e+01   5.5475345e+01   9.2490558e+01  -5.5189431e+01   8.2657568e+01   3.1040660e+01  -1.5075113e+01   3.6751681e+01  -9.4705935e+01  -8.0203859e+01   5.5412410e+01  -3.1903081e+01   1.8813116e+01   8.4611594e+01   2.4581900e+01  -8.0770648e+01  -6.6569309e+01  -2.3590832e+01   7.1285706e+01  -7.4777592e+01  -9.5396366e+01  -7.9515898e+01  -1.0373018e+01   5.1330037e+01  -6.0960536e+01  -4.8901615e+01   1.0071432e+01  -4.0821887e+01  -4.9587971e+01   8.1263619e+01
  -3.9855987e+01  -2.2337690e+01  -7.3096998e+01   1.7953823e+01   4.4728037e+01   9.8324927e+00  -8.8817913e+01   7.1591818e+01  -7.9714814e+00   5.6920130e+01   8.1986180e+01   3.6474763e+01  -2.6095461e+01  -7.0889661e+01   2.9100091e+01  -8.3606834e+01  -2.0167512e+01   1.1955386e+00   5.2377515e+01  -8.1434554e+01   6.9734313e+01   8.6020146e+01  -7.2472701e+01  -3.3586133e+01   4.9615635e+01   8.2869068e+00   2.5899913e+01   3.1404716e+01   3.0044607e+01  -4.0014023e+01
  -6.8082556e+00   2.6607145e+01  -6.3154198e+01   8.4146211e+00   2.8186588e+01   4.0470547e+00   4.5494304e+01  -2.4362144e+01   5.1282237e+01  -4.7993655e+01   3.8169235e+01   6.2451572e+01  -5.5466245e+01  -1.9597090e+01   6.4937893e+01   6.7166602e+01   3.0434090e+01  -7.4035634e+01  -7.9043246e+01  -8.7369643e+01   6.2339889e+01   3.3917703e+01   3.0801362e+01   1.3554633e+01  -2.6621514e+01  -4.5691862e+01  -2.6067570e+01   3.9692277e+01   7.9281824e+01  -7.7499446e+01
  -1.0585382e+01  -3.7178546e+01   7.4526459e+01   6.1674277e+01   6.4774863e+01  -8.7137128e+01   6.3777961e+01   7.6851706e+00   8.1575551e+01  -1.9747466e+01   1.5439502e+01  -3.3542968e+00   9.1221145e+01   8.0006414e+01  -1.8214200e+01   4.5825893e+01  -2.9303019e+00   1.2042236e+01  -4.2042364e+01   3.7265410e+01   3.1260748e+01   7.7207187e+01  -3.8512821e+01  -8.1366965e+01  -9.3866829e+01   9.2769150e+01  -2.8243934e+01  -9.2340683e+00  -7.9733970e+01   9.1328321e+01
   7.9648334e+01  -1.9506065e+01   4.7476587e+01   5.1545019e+01   1.4679214e+01   7.7813577e+01   7.9057634e+01  -7.6280224e+01   8.1302792e+01   2.5560216e+01  -4.5274042e+01   3.7848085e+01   5.4864373e+01   4.5558828e-01  -8.9126605e+01   1.2843010e+01   9.7417958e+01   3.0855511e-01   7.6669694e+01   7.4918934e+01   2.3557736e+01   9.2212730e+01   4.5214042e+01  -4.1668489e+01  -6.7005963e+00   8.8777887e+01  -8.1134568e+01  -9.7620023e+01  -2.5545984e+01  -2.9159979e+01
  -8.3593463e+01  -3.7812518e+01  -4.8849296e+01  -7.9037600e+01  -4.1941462e+01  -2.9927176e-01   6.4097910e+01  -3.8518168e+01   5.4292915e+01  -5.9472216e+01   8.7920096e+01  -5.7856124e+01   9.3395115e+01   2.7122991e+01  -1.4954023e+01  -5.4757278e+01   8.6501418e+01   4.8516334e+01   2.6619728e+00   8.3499257e+00  -5.7134729e+01   6.0135012e+01   2.5598185e+01  -8.1864070e+01   6.2420483e+01  -8.0643562e+01  -6.1566989e+01  -8.7213708e+01  -6.2371232e-01  -7.6260655e+00
   7.4690217e+01   5.2237746e+01   3.6682637e+01  -3.6181249e+01  -2.7496362e+01   7.3527281e+01  -2.8108633e+01  -3.6859683e+01   7.9392148e+01   3.5947799e+01   1.9283481e+01   7.6478923e+01  -2.5671818e+01   4.4691929e+01  -5.0973216e+01   9.9129133e+01   1.5996050e+01  -1.4536223e+01  -3.8719980e+01   8.7255928e+01   5.1922530e+01   3.6788329e+01   8.4453125e+01   9.3590010e+01  -1.1452041e+01   5.2816523e+01   9.9044555e+01  -7.8089462e+01  -8.7811473e+01   3.9925366e+01
  -7.7299076e+01  -8.3948974e+01  -6.1957560e+01   3.1793907e+01  -7.0367449e+01   3.3083911e+01   4.2960655e+01   5.5312079e+01   7.1714920e+01   4.6367431e+01  -8.1672169e+01  -3.0400652e+01  -3.6123288e+01   6.0311177e+01   3.5649888e+01  -6.4282448e+01   3.9917081e+01  -7.7999651e+01   4.6948674e+01  -5.2374478e+01   8.6626738e+00  -1.9033942e+01   7.2188302e+01   7.9945545e+01  -2.6293015e+01   8.8185457e+01  -5.1581515e+01  -8.4464890e+01  -3.4760747e+00   4.3076631e+01
  -5.8547510e+01   2.0989848e+01  -7.6662622e+01   7.2182006e+01   8.9551026e+01   1.8719878e+00   3.4557427e+01  -3.8419194e+01   7.6868357e+01   9.0692660e+01   3.1997625e+00  -8.3369630e+01  -8.9210662e+01  -1.5879781e+01  -9.9645694e+01   6.4754578e+01   6.8090089e+01  -9.7143898e+01  -3.1968958e+01   2.2056038e+01   2.0680224e+01  -4.1892042e+01  -2.9652821e+01   5.7687151e+01   6.6773409e+01   4.8495192e+01  -5.1533896e+01  -6.7384151e+00   1.5964091e+01   2.8118056e+01
   1.3182944e+01  -6.4373637e+01   2.5743396e+01   9.5509857e+01  -9.3702649e+01  -2.6583647e+01  -3.6255753e+01   6.9412103e+01  -9.0570477e+01  -6.0410220e+00  -5.2666960e+01   6.5552120e+01  -7.0068905e+01   8.7891192e+01   8.3417825e+01  -6.9790987e+01  -5.6418410e+01  -1.8222490e+01  -9.0445038e+01   6.0071919e+00  -8.3523149e+01  -1.1122214e+01  -3.5359223e+01   3.7570855e+01   9.0284350e+01  -6.3999577e+01   7.3228183e+01  -5.2552008e+00   8.9054014e+01  -6.7957694e+00
  -2.0795495e+01   4.4222543e+01   7.4224245e+01  -8.9842145e+01  -2.5047837e+01   7.9243266e+01  -2.8343856e+01  -9.4883918e+01  -9.0090822e+01  -8.7749179e+01  -5.1873096e+01  -3.2804624e+01  -7.0945137e+00  -4.9326264e+01  -1.8544573e+01  -9.9476843e+01   1.9817306e+01   8.5370510e+01  -8.1925794e+01   4.5292440e+01  -6.7339266e+01  -5.8286471e+01  -8.8043199e+01  -4.8585689e+01  -9.4119166e+01  -4.9328840e+01  -9.5793063e+01   9.2634617e+00  -5.2883982e+01   3.9152304e+01
  -9.9017584e+01  -4.9999594e+01  -3.1550091e+01   6.2866679e+01  -9.8648079e+01  -3.1509461e+00   8.1143130e+01  -6.2630063e+01   3.1423627e+01  -7.3127593e+01   6.1655926e+01  -3.3912043e+01  -9.8807655e+01   5.3425275e+01   4.8996489e+01   1.1186553e+01  -5.0505274e+01  -6.4435871e+01   6.3615916e+01  -6.5086605e+01  -8.5176912e+01  -5.7671173e+01  -2.4728941e+01  -1.7710759e+01  -3.5174492e+01  -5.8038367e+00   1.2840427e+01   5.6670419e+00   5.8699652e+01   3.8884180e+01
  -8.9077690e+01  -5.7422408e+01   1.8478143e+01  -5.4066763e+01  -2.1718031e+01   3.7512429e+01  -2.0967836e+01   3.6157710e+01   1.1634728e+01   1.5253586e+01   2.7979899e+01   4.4085200e+00  -1.2459923e+01   3.7088899e+01  -6.7896000e+00  -4.1288700e+00  -8.4684700e+01   4.6697815e+01  -6.4187300e+01  -5.1102726e+01  -8.0323826e+01  -6.1709569e+01   8.2915643e+01   6.7804664e+01   7.8991261e+00  -7.2046294e+01   5.3514541e+01  -3.8316550e+01   5.7338030e+01  -6.6710619e+01
   3.7565620e+01   6.3267443e+01  -1.8273864e+01   4.2910702e+01   1.6236213e+01  -2.2187852e+01  -9.1377795e+01  -6.1637456e+01   6.5014010e+01   3.9867192e+01   6.1633771e+01   2.3695937e+01   1.2734734e+01   7.1547193e+01  -4.4439266e+01   9.1599017e+01   4.1771675e+01  -4.7177728e+01   6.0242194e+01   6.2359010e+01   5.1583878e+01  -2.5461813e+01   3.0809951e+01   7.3478689e+01  -7.4897350e+01   6.9630838e+01  -8.8616807e+00   6.4544401e+01   1.6676932e+01  -9.1138590e+01
  -9.2623207e+01   6.6728142e+00  -2.2602786e+01  -5.1155205e+01   1.6040802e+00  -8.5886281e+01  -5.1777768e+01   4.6272980e+01   4.5586128e+01  -6.8744666e+01  -8.2483998e+01   5.2343297e-01  -4.7913984e+01  -9.2272938e+01  -8.4633768e+01  -4.3713391e+01   8.5585722e+01  -6.9663804e+01   7.2206100e+01  -5.5266132e+01   7.5604266e+01   3.5350296e+01  -7.0531281e+01  -5.8359680e+01   7.0484060e+00  -6.2717466e+01  -9.3683794e+01  -4.1890929e+01  -9.1747469e+01   9.6605328e+01
   5.5797647e+01   8.1284640e+01   8.1094752e+00   3.3388552e+01  -5.0557797e+00   5.0141081e+01  -3.8315423e+01  -9.6269531e+01  -4.3397176e+01   8.5976129e+01  -9.9440380e+01   4.8025063e+01  -4.6569536e+01   9.1767724e+01  -2.9207624e+00   2.8378789e+01  -6.9926593e+01   9.1970628e+01  -4.2481084e+01   4.6508303e+01  -2.8527056e+01  -2.8587337e+01   9.0769923e+01   3.6135269e+01  -5.2407302e+01   8.6202493e+01   3.6930541e+01   7.3649239e+01   9.6393571e+01  -6.0847671e+01
   6.7396497e+01  -2.6327686e+01   8.9917268e+01  -7.8510318e+01   1.1255445e+01  -5.8824780e+01  -2.9959933e+01   7.4992426e+01   6.4017620e+01  -1.7398994e+01   6.0272014e+01   3.0917295e+01   5.6749116e+01  -3.7366932e+01   4.4011076e+01   8.2054481e+01  -8.9162890e+01   7.8248592e+01   6.6968658e-01   3.7162756e+01  -4.8793851e+01  -3.3012754e+01  -8.6080696e+01  -7.7711123e+01   2.5868725e+01   7.2831058e+01   9.3763799e+01  -6.3387839e+01   8.5639978e+01  -6.1163662e+01
   5.3392962e+00  -9.8556887e+01  -6.6004135e+01  -9.9456344e+01  -3.9666768e+01  -8.3278445e+01  -2.0236730e+01   3.8101225e+01  -9.5883034e+01  -4.5640170e+01  -5.6207031e+01  -6.6601482e+01  -9.3474913e+01   6.2318099e+01  -3.9367152e+00  -6.2797381e+01   5.9323083e+01   1.1054692e+01  -8.2990248e+01   1.9156290e+01   9.9629003e+01   7.4113751e+01  -1.3987539e+01  -2.3914614e+01   8.1657944e+01  -1.5500473e+01  -5.1697229e+01  -1.7372836e+00   6.8589050e+01  -2.6442438e+01
  -8.5755848e+01   1.4214451e+01   9.4390977e+01  -7.3119257e+01  -1.9228162e+01  -3.1733048e+01   2.0465654e+01  -5.6428274e+01  -9.4460332e+01  -2.3629809e+01   2.4361790e+00  -8.6168815e+01   3.6588631e+01  -8.9456509e+01  -5.2584621e+01  -8.5055134e+01   6.6466155e+01  -4.2778851e+01  -9.2103466e+01   6.2108453e+01   4.3822310e+01  -1.0655144e+01  -8.5076812e+01   4.7571204e+01   6.2692593e+01   4.1967861e+01   7.8330509e+01  -9.5197308e+01   3.8419256e+01   6.9375884e+01
   8.1232662e+01  -4.8826807e+01  -7.7431189e+01   2.8329090e+01   7.0988988e+01   7.8363074e+01  -5.2610901e+01   1.5758721e+01   7.0004959e+01  -8.0147913e+01   8.8091391e+01  -4.8340779e+01   1.1732567e+01   9.7992088e+01   7.0245921e+01   1.9151296e+01  -9.4154153e+01  -4.9878139e+01   4.3558003e+01   6.1143661e+01   2.4386785e+01   2.5834046e+01  -2.7006340e+01   6.6546600e+00   7.9683581e+01   3.7257168e+01  -9.8901630e+01   7.5833147e+01   3.8588847e+01  -7.4113530e+01
   7.3667529e+00  -9.5196093e+01   1.3296014e+01  -5.3224340e+00  -1.9106221e+01  -7.1633870e+01   1.8021726e+01  -8.8717301e+01   8.9003673e+01  -7.3623057e+01   2.0626722e+01   5.6280391e+01  -8.9437499e+01   2.8780425e+01   4.4731160e+01   3.2752147e+01  -3.5430609e+01  -3.5455862e+01  -7.9503250e+01   6.6990649e+01   2.4750402e+01  -4.5054200e+01   2.1095247e-01   4.6756620e+01  -8.6334577e+01  -4.2940553e+01  -3.4738153e+01   9.0812692e+01  -2.7941303e+01   8.7769770e+01
   3.7558695e+01  -2.5846901e+01   4.4409473e+01   3.5127654e+01   4.6868124e+00  -9.9739888e+01   7.0968420e+01   6.8339514e+01   6.7040880e+01   4.4080316e+01  -4.7774209e+01  -9.7385258e+01  -5.0653520e+01   8.7516172e+01  -8.5381144e+01   2.6505865e+01   9.1060119e+01  -6.6451307e+01  -2.7719921e+01   3.5943606e+01  -1.3465081e+01  -1.5145825e+01  -8.5315570e+01   6.7711831e+01   4.5707275e+01  -1.9279074e+01   9.9878218e+01   3.7925881e+01   9.0858544e+01   2.9193694e+01
   6.9361727e+01  -3.4907528e+01  -2.6940760e+01   8.8980979e+01  -3.1551188e+01   3.6489486e+01  -9.3104529e+01   4.0423537e+01   7.9374225e+01   6.6960372e+01   2.2414422e+01   8.8834025e-01  -9.8333027e+01  -5.9328170e+00  -7.8066429e+01  -8.7029498e+01  -2.8810483e+01  -3.4634039e+01   9.4411019e+01   6.1131630e+01   5.1084017e+01  -8.6372178e+01   4.4067242e+01  -9.6938314e+01  -8.5836910e+01   1.9003726e+01  -2.1787931e+01  -1.5818057e+01  -9.1118442e+01  -5.9472128e+01
