   1.7842000e+04   2.2300000e+01  -1.2763000e+03  -8.8510000e+02   4.2000000e+00   3.0000000e+00   1.5800000e+01
   1.6751000e+04  -9.0400000e+01  -1.1041000e+03  -6.7620000e+02   5.8000000e+00   3.9000000e+00   3.0800000e+01
   2.1644000e+04   6.0000000e-01  -1.2679000e+03  -8.8310000e+02   3.6000000e+00   2.9000000e+00   1.3100000e+01
   2.2271000e+04  -9.0700000e+01  -1.1059000e+03  -6.7820000e+02   5.4000000e+00   3.8000000e+00   3.0500000e+01
   2.2280000e+04   2.6700000e+01  -1.2722000e+03  -9.3320000e+02   6.9000000e+00   3.9000000e+00   1.1760000e+02
   2.3190000e+04   2.0000000e+01  -1.2826000e+03  -8.6840000e+02   4.1000000e+00   2.9000000e+00   1.5200000e+01
   2.5096000e+04  -3.0600000e+01  -1.2082000e+03  -9.2370000e+02   3.9000000e+00   3.0000000e+00   1.7100000e+01
   2.8475000e+04  -8.3000000e+00  -1.2385000e+03  -9.1370000e+02   3.9000000e+00   2.9000000e+00   1.4500000e+01
   3.2049000e+04  -5.1400000e+01  -1.1740000e+03  -9.6290000e+02   5.3000000e+00   3.4000000e+00   2.4100000e+01
   3.5109000e+04  -1.1510000e+02  -1.0400000e+03  -8.6760000e+02   8.8000000e+00   5.1000000e+00   4.9600000e+01
   4.2349000e+04  -3.9700000e+01  -1.2103000e+03  -8.5340000e+02   3.7000000e+00   3.0000000e+00   1.6000000e+01
   4.2555000e+04  -1.3630000e+02  -1.2028000e+03  -1.0002000e+03   1.4600000e+01   2.2600000e+01   1.5980000e+02
   4.2559000e+04  -5.7000000e+00  -1.2678000e+03  -8.4730000e+02   3.6000000e+00   2.8000000e+00   1.3000000e+01
   4.2643000e+04   1.5200000e+01  -1.2811000e+03  -8.5250000e+02   3.8000000e+00   2.9000000e+00   1.4000000e+01
   4.2560000e+04  -1.0740000e+02  -1.1027000e+03  -6.0060000e+02   5.7000000e+00   4.0000000e+00   2.7900000e+01
   4.9626000e+04  -6.1800000e+01  -1.0248000e+03  -7.4590000e+02   2.3600000e+01   2.2800000e+01   1.5980000e+02
   5.4084000e+04  -1.0550000e+02  -1.0946000e+03  -6.3620000e+02   5.5000000e+00   4.0000000e+00   2.6400000e+01
   5.7770000e+04  -1.3000000e+02  -1.0367000e+03  -8.1670000e+02   8.2000000e+00   4.9000000e+00   4.8100000e+01
   6.2514000e+04  -3.5800000e+01  -1.2046000e+03  -8.8670000e+02   3.8000000e+00   3.0000000e+00   1.5100000e+01
   6.2520000e+04  -7.8000000e+00  -1.2650000e+03  -8.3870000e+02   3.7000000e+00   2.9000000e+00   1.3300000e+01
   6.7820000e+04  -1.3110000e+02  -1.0360000e+03  -8.1240000e+02   8.1000000e+00   4.9000000e+00   4.7600000e+01
   7.3786000e+04  -2.1700000e+01  -1.2358000e+03  -8.7690000e+02   3.7000000e+00   2.9000000e+00   1.3300000e+01
   7.7218000e+04  -1.3470000e+02  -1.2030000e+03  -1.0227000e+03   1.4400000e+01   2.2600000e+01   1.6520000e+02
   7.7296000e+04  -1.2970000e+02  -1.0330000e+03  -8.1700000e+02   8.1000000e+00   4.9000000e+00   4.7900000e+01
   8.1017000e+04  -3.1200000e+01  -1.2081000e+03  -9.6760000e+02   4.1000000e+00   3.0000000e+00   1.6700000e+01
   8.2606000e+04   8.2000000e+00  -1.2684000e+03  -1.0432000e+03   4.1000000e+00   3.0000000e+00   6.8000000e+01
   8.3805000e+04   1.6900000e+01  -1.2787000e+03  -9.1520000e+02   4.0000000e+00   2.9000000e+00   1.4300000e+01
   8.8698000e+04  -5.1700000e+01  -1.2570000e+03  -5.9370000e+02   4.3000000e+00   3.4000000e+00   1.3400000e+01
   1.0136100e+05  -1.8810000e+02  -1.0381000e+03  -5.7360000e+02   6.6000000e+00   5.3000000e+00   2.4600000e+01
   1.0136200e+05  -7.4900000e+01  -1.2083000e+03  -6.4640000e+02   3.5000000e+00   3.6000000e+00   9.6000000e+00
   1.0277600e+05  -1.7700000e+02  -1.0365000e+03  -6.1300000e+02   6.5000000e+00   5.0000000e+00   2.4100000e+01
   1.0313800e+05  -3.8200000e+01  -1.2540000e+03  -6.5380000e+02   3.6000000e+00   3.1000000e+00   1.0700000e+01
   1.1093900e+05  -1.6880000e+02  -1.1571000e+03  -8.0680000e+02   3.3100000e+01   5.5000000e+01   1.7920000e+02
   1.1286800e+05  -7.7900000e+01  -1.1914000e+03  -6.6790000e+02   3.7000000e+00   3.4000000e+00   1.0000000e+01
   1.2078800e+05  -5.7800000e+01  -1.2321000e+03  -6.4470000e+02   3.6000000e+00   3.2000000e+00   1.0800000e+01
   1.2618900e+05  -1.6900000e+01  -1.2691000e+03  -6.3260000e+02   5.2000000e+00   3.7000000e+00   1.3700000e+01
