           1 % nrand - number of ransom starts used
         108 %np number of parameters
 % format is i = 1,j=1:np then i=2,j=1:np and so on until i =nrand and j = np
   21.9988271449514     
  -1276.07739474444     
  -882.436739713715     
  -90.1034125387756     
  -1104.33506730624     
  -708.084876909257     
  2.434432235463553E-003
  -1267.49062603177     
  -884.765079450022     
  -90.6877226187141     
  -1105.98134678652     
  -699.170093718242     
   24.9763581138083     
  -1271.35471303587     
  -917.756128570639     
   19.6721202603426     
  -1282.53809154775     
  -858.414360990070     
  -30.5730825306452     
  -1208.20912570015     
  -916.767346247515     
  -8.33243619060947     
  -1238.47548680559     
  -913.745080246757     
  -51.1631389644621     
  -1174.64222287043     
  -910.103006463467     
  -113.901513360796     
  -1041.50730885022     
  -795.311069665222     
  -40.1403576310252     
  -1209.98575362500     
  -838.766524467468     
  -127.310364783931     
  -1190.57544418365     
  -805.227893653291     
  -6.10057219769240     
  -1267.59764609108     
  -838.052226575405     
   15.1196446425056     
  -1280.93601470990     
  -852.875375911860     
  -107.498524145666     
  -1102.84262358606     
  -622.217090228344     
  -79.3363909659982     
  -1049.47977811637     
  -782.641731715781     
  -105.250941674049     
  -1094.88147528066     
  -662.632268803256     
  -127.958595310344     
  -1037.89233224677     
  -795.069974739028     
  -35.7620536044138     
  -1204.72119460799     
  -880.537112637721     
  -8.62833160531274     
  -1264.50089361042     
  -825.740685587460     
  -127.650580998180     
  -1037.78860505625     
  -787.959134900148     
  -21.6486302803713     
  -1235.86564516891     
  -875.124734486914     
  -126.676924576007     
  -1193.11895119572     
  -800.984159488917     
  -127.355903444929     
  -1035.47447140274     
  -784.914000909382     
  -31.1038461069277     
  -1208.38729041290     
  -944.467872350539     
   7.14274448742014     
  -1267.64585104597     
  -839.897474364742     
   16.1680691356241     
  -1278.19164808408     
  -909.569600830098     
  -51.7203744322988     
  -1256.79106590481     
  -603.007412999224     
  -185.943601580152     
  -1039.58426899225     
  -605.986032369492     
  -75.3206442061732     
  -1207.57411035340     
  -651.692282785348     
  -175.860740672547     
  -1037.35627759341     
  -638.475081550453     
  -37.8435935536076     
  -1254.07537579859     
  -661.959560653458     
  -92.3976299305014     
  -1196.73256315552     
  -855.454220248958     
  -77.6327428123968     
  -1191.41263738062     
  -675.761168565884     
  -57.7612492129216     
  -1231.88794804812     
  -652.126048558394     
  -17.4876831622986     
  -1268.58184806414     
  -645.427937411655     
