   1.7245345e+02
  -1.2655177e+03
  -7.5879244e+02
  -2.5941934e+02
  -9.3601678e+02
  -7.9274850e+02
   9.6993724e+01
  -1.3162457e+03
  -9.2758197e+02
  -2.4067195e+02
  -1.0503405e+03
  -8.5974293e+02
   4.1851728e+00
  -1.4027044e+03
  -1.0112782e+03
   5.6993247e+01
  -1.1682799e+03
  -7.4286423e+02
   2.3939217e+01
  -1.2619476e+03
  -8.5086241e+02
   4.7939352e+00
  -1.1277232e+03
  -7.6072510e+02
  -1.6791339e+02
  -1.2371415e+03
  -1.1301804e+03
  -4.5608774e+01
  -9.3032961e+02
  -8.6966974e+02
  -1.4293660e+02
  -1.3511671e+03
  -8.8126769e+02
  -4.8088257e+01
  -1.3435031e+03
  -1.0620170e+03
  -4.5714380e+01
  -1.2121794e+03
  -6.8183615e+02
  -2.7185618e+01
  -1.4437508e+03
  -9.8843134e+02
  -1.4279910e+02
  -9.3118464e+02
  -6.4545234e+02
  -2.0190251e+02
  -1.0307457e+03
  -5.5901334e+02
   4.5793153e+01
  -1.2293019e+03
  -8.0951012e+02
  -3.2129768e+02
  -1.1261632e+03
  -8.9000895e+02
   1.3373307e+02
  -1.3522105e+03
  -1.0360106e+03
   4.5246944e+01
  -1.4557120e+03
  -9.9237995e+02
  -3.0433368e+02
  -1.1434811e+03
  -9.4665698e+02
   3.1369035e+01
  -1.0976966e+03
  -1.0393209e+03
  -3.3202371e+01
  -1.1124575e+03
  -1.0098470e+03
  -2.1834874e+01
  -9.5512488e+02
  -7.1203822e+02
   9.2014420e+01
  -1.2548575e+03
  -1.0006017e+03
   2.5533548e+01
  -1.2764630e+03
  -9.0898815e+02
   1.0933636e+01
  -1.0918684e+03
  -7.9330836e+02
  -7.5212296e+01
  -1.1435856e+03
  -7.9003153e+02
  -1.3750057e+02
  -1.0742056e+03
  -5.1571467e+02
  -2.4378674e+02
  -1.0253539e+03
  -8.0145889e+02
  -1.5937486e+02
  -1.1577083e+03
  -7.2671920e+02
  -1.5456119e+02
  -1.2422621e+03
  -4.9008513e+02
  -2.6080053e+02
  -1.1554229e+03
  -9.4892861e+02
  -1.6122742e+02
  -1.1980373e+03
  -7.8490885e+02
   7.1088229e+01
  -1.2810546e+03
  -5.0444368e+02
  -5.2300727e+01
  -1.2612121e+03
  -5.4735637e+02
