 % This stores fret (the f-value) and iter (number of iterations to converge)
  -2626.13385458890        367.000000000000     
  -2626.13385458461        268.000000000000     
  -2626.13385458583        368.000000000000     
  -2626.13385458898        341.000000000000     
  -2626.13385458863        378.000000000000     
  -2626.13385459039        334.000000000000     
  -2626.13385458922        294.000000000000     
  -2626.13385458833        287.000000000000     
  -2626.13385458732        223.000000000000     
  -2626.13385458989        281.000000000000     
  -2626.13385458928        341.000000000000     
  -2626.13385458964        381.000000000000     
  -2626.13385458714        331.000000000000     
  -2626.13385458837        204.000000000000     
  -2626.13385458845        280.000000000000     
  -2626.13385458687        355.000000000000     
  -2626.13385458752        321.000000000000     
  -2626.13385458780        401.000000000000     
  -2626.13385458919        374.000000000000     
  -2626.13385458977        385.000000000000     
  -2626.13385458702        335.000000000000     
  -2626.13385458893        344.000000000000     
  -2626.13385459032        327.000000000000     
  -2626.13385458540        436.000000000000     
  -2626.13385458972        306.000000000000     
  -2626.13385458904        373.000000000000     
  -2626.13385459030        232.000000000000     
  -2626.13385459013        306.000000000000     
  -2626.13385458806        344.000000000000     
  -2626.13385458741        351.000000000000     
