          30 % nrand - number of ransom starts used
          97 %np number of parameters
 % format is i = 1,j=1:np then i=2,j=1:np and so on until i =nrand and j = np
  -23.5103681834060     
   13.6889554296838     
  -16.2625221682057     
 -0.839406370950382     
  0.558288893614804     
   48.2040367553686     
  -22.5805362790506     
   22.9825127277066     
   24.6533347821881     
  0.787023142231366     
  -11.9458127147706     
  -48.1440797190891     
   20.9685447345740     
   26.7921703779225     
   42.9022688821562     
  -2.72596165968095     
   3.23624200582361     
   10.1731228120611     
  -1.75101918243157     
   26.5038176696490     
   43.3053251639360     
   28.8699887166518     
   43.6675011104742     
   22.1938828794137     
   21.3943351868599     
  -38.2881400026803     
   20.3743625717072     
  -6.11218658861807     
   6.60355937409092     
   44.5725441307473     
  -14.9277349159061     
   44.4500432360064     
  -15.7518816532904     
 -0.776085779284382     
  -16.7205454993550     
   39.0266129484279     
   7.96385725039268     
  -44.1424923637537     
   16.9817649134298     
  -2.23905577345697     
  -18.5608944477968     
   26.7039400274780     
   43.1043050625133     
  -45.1111432625940     
   4.61657817745095     
  -29.6715177954683     
  -13.9312211886394     
  -30.9368956563544     
   12.4077093308047     
  -26.6603369698201     
   3.01273068670108     
   9.38094136780749     
  -3.91114715414976     
  -25.9834058690614     
   10.6061588989434     
  -26.9965471865384     
   4.74564103605679     
  -47.5680234787869     
   19.7938098786387     
   25.6644528445764     
   43.7599797407186     
  -1.43855705090628     
 -2.592145317689627E-003
   29.4726446359717     
   46.1888072187819     
   4.48573603375674     
  -27.5969080848581     
  -17.5212943449460     
   43.6977739818533     
   43.2916990887036     
  -15.5797157308275     
   8.53441199960990     
  -20.6768307048372     
  -38.7852873195590     
   21.7777468450020     
   18.7285815127187     
   25.5107186347593     
   47.4447283917501     
  -22.3366038929956     
  -32.1334797322888     
  -62.1997371676348     
   22.9872777572232     
   42.0925891337232     
   1.80953213976812     
  -27.2373765006110     
   43.1863685168139     
  -15.5622384006572     
 -0.976647399430419     
   7.49528407889075     
   31.6125610595817     
  -15.8812728308635     
  -1.61610040469562     
  -1.25624155548987     
  -4.28256116349358     
  -44.5096803196484     
  -40.7973829427653     
   36.5700341558878     
   23.5105735898305     
  -13.6907080306426     
  -16.2602795643339     
  0.839575383998136     
  0.558572799504217     
  -48.2066244296342     
  -22.5741122401278     
  -22.9796330793034     
   24.6566880556073     
 -0.788274731417609     
  -11.9449775214188     
   48.1465060753147     
   20.9639648102980     
  -26.7872295607783     
   42.9060781549927     
   2.72644121327750     
   3.23652679724638     
  -10.1732313359251     
  -1.74925311572251     
  -26.4988107250618     
   43.3091035411824     
  -28.8649654883561     
   43.6715757063457     
  -22.1914049736369     
   21.3975823352812     
   38.2904984914209     
   20.3708885041501     
   6.11304684613659     
   6.60356764380006     
  -44.5742075401221     
  -14.9218368864136     
  -44.4518236089277     
  -15.7459627425940     
  0.774260531249917     
  -16.7199009414964     
  -39.0256367799205     
   7.96907677869670     
   44.1444649761005     
   16.9776580737679     
   2.23703122821558     
  -18.5603442588033     
  -26.6989720903264     
   43.1081106678462     
   45.1117066059742     
   4.61248510691444     
   29.6700899690894     
  -13.9334759932818     
   30.9383206613595     
   12.4050964288643     
   26.6605820794329     
   3.01104168802242     
  -9.38128571372908     
  -3.90949586065725     
   25.9846180282826     
   10.6040460713584     
   26.9970003182194     
   4.74368778238151     
   47.5703137166478     
   19.7893061637139     
  -25.6594137310637     
   43.7636606098298     
   1.43860361103719     
 -2.374841782604848E-003
  -29.4672787791630     
   46.1929179642663     
  -4.48880719388087     
  -27.5956522934647     
   17.5262691188657     
   43.6965995360235     
  -43.2934488392878     
  -15.5739590371321     
  -8.53664690249164     
  -20.6751510925268     
   38.7878067020436     
   21.7741454689271     
  -18.7256396599712     
   25.5135781957756     
  -47.4472722052254     
  -22.3302650438335     
   32.1262705973393     
  -62.2025762627957     
  -22.9824466535767     
   42.0959435078435     
  -1.81258820223459     
  -27.2364563895110     
  -43.1881184376655     
  -15.5564912451195     
  0.977556240290533     
   7.49585960985716     
  -31.6143067912533     
  -15.8768640520218     
   1.61596860446873     
  -1.25590600785504     
   4.27736115927435     
  -44.5094969342847     
   40.8015889867932     
   36.5662642276959     
   23.5106791024936     
  -13.6904483725625     
  -16.2605429114229     
  0.839632774610790     
  0.558532628310362     
  -48.2062593358533     
  -22.5747866153393     
  -22.9797496441730     
   24.6563275621281     
 -0.788043307421066     
  -11.9451133925355     
   48.1464815472714     
   20.9641645749105     
  -26.7874803344435     
   42.9056923891001     
   2.72649596955732     
   3.23646747376792     
  -10.1731045133861     
  -1.74946546663312     
  -26.4990730046809     
   43.3087285901571     
  -28.8652103658985     
   43.6711771311529     
  -22.1914716505680     
   21.3972393866577     
   38.2904658008814     
   20.3710331361044     
   6.11307922835180     
   6.60351822746246     
  -44.5739289989162     
  -14.9224540650206     
  -44.4515250821579     
  -15.7465839130422     
  0.774535552838941     
  -16.7200244025223     
  -39.0255926510319     
   7.96855455340201     
   44.1444662916636     
   16.9778475680144     
   2.23732863344310     
  -18.5604570616368     
  -26.6992300101072     
   43.1077106163232     
   45.1117827507886     
   4.61277948254118     
   29.6703445818508     
  -13.9333343745379     
   30.9383381210742     
   12.4052162785669     
   26.6606757266706     
   3.01113053000979     
  -9.38115509290340     
  -3.90969218176034     
   25.9846463527157     
   10.6041282791440     
   26.9970795575487     
   4.74379071029131     
   47.5702981904142     
   19.7895115429759     
  -25.6596735564620     
   43.7632865661060     
   1.43869581373781     
 -2.431524954661712E-003
  -29.4675645323205     
   46.1925224430439     
  -4.48841244642618     
  -27.5958324038574     
   17.5260163976742     
   43.6965870394237     
  -43.2931599573777     
  -15.5745672039748     
  -8.53633360982517     
  -20.6753732272334     
   38.7877599206144     
   21.7742881443748     
  -18.7257713812417     
   25.5132698781315     
  -47.4469129174805     
  -22.3309180399585     
   32.1275823468505     
  -62.2021704651816     
  -22.9827050902245     
   42.0955946759822     
  -1.81219007015667     
  -27.2366141489899     
  -43.1878317279630     
  -15.5570987807892     
  0.977580242734874     
   7.49574987401522     
  -31.6140178777131     
  -15.8773447692151     
   1.61608097409603     
  -1.25598777240550     
   4.27807468349483     
  -44.5095482560246     
   40.8014366797736     
   36.5664075962786     
  -23.5106212341365     
   13.6900275397561     
  -16.2610365674333     
 -0.839577547792226     
  0.558489802026886     
   48.2056354623419     
  -22.5763195895382     
   22.9805160247229     
   24.6555353409604     
  0.787750223666251     
  -11.9452620734402     
  -48.1458299118144     
   20.9654313404841     
   26.7888174467109     
   42.9047641141004     
  -2.72636247326154     
   3.23643226918793     
   10.1730977287238     
  -1.74984812973846     
   26.5003927167872     
   43.3078089305637     
   28.8665599631829     
   43.6701997813853     
   22.1921382785583     
   21.3964702762862     
  -38.2898437157388     
   20.3719825058804     
  -6.11285606773136     
   6.60355219566097     
   44.5735444296001     
  -14.9238763814934     
   44.4511130698003     
  -15.7480068393025     
 -0.774966437684592     
  -16.7201142213493     
   39.0258596163856     
   7.96729369042044     
  -44.1439325031180     
   16.9789681471928     
  -2.23781565534064     
  -18.5605376790129     
   26.7005592693903     
   43.1067925816237     
  -45.1116265114448     
   4.61390426334987     
  -29.6706712218156     
  -13.9327192162317     
  -30.9379598276794     
   12.4059355710025     
  -26.6605971609646     
   3.01159165560543     
   9.38108317664322     
  -3.91007128430932     
  -25.9843148715898     
   10.6047339777831     
  -26.9969449241645     
   4.74430894302239     
  -47.5696789478320     
   19.7907464253111     
   25.6610183052451     
   43.7624040200404     
  -1.43867429001259     
 -2.452152284010147E-003
   29.4690085014296     
   46.1915049534538     
   4.48766631521218     
  -27.5960737935917     
  -17.5247018260599     
   43.6969679599932     
   43.2927502799227     
  -15.5759523633069     
   8.53578149348077     
  -20.6757256523407     
  -38.7870960643687     
   21.7752568837413     
   18.7265487390315     
   25.5125975854388     
   47.4462870013560     
  -22.3324236074847     
  -32.1287111334968     
  -62.2016999964973     
   22.9839676850593     
   42.0947833558185     
   1.81144188374449     
  -27.2367741585062     
   43.1874272096351     
  -15.5584867672585     
 -0.977339527863999     
   7.49566008348568     
   31.6136184706948     
  -15.8783835053410     
  -1.61609272522540     
  -1.25603196103208     
  -4.27928809882236     
  -44.5095786483656     
  -40.8003386362018     
   36.5674653072316     
   23.5105719161061     
  -13.6901585595048     
  -16.2609398113104     
  0.839548128409062     
  0.558498894661736     
  -48.2058182947880     
  -22.5760097988371     
  -22.9804290624335     
   24.6556770197089     
 -0.787843669544705     
  -11.9452246427886     
   48.1458853950474     
   20.9652045304009     
  -26.7886302618281     
   42.9049452842418     
   2.72633329911954     
   3.23643705186394     
  -10.1731588326730     
  -1.74976984656732     
  -26.5002279850496     
   43.3079762672489     
  -28.8663876915216     
   43.6703818616570     
  -22.1920859240026     
   21.3966133521051     
   38.2898739799410     
   20.3718399476924     
   6.11283096963519     
   6.60356750935009     
  -44.5736613281608     
  -14.9236224890660     
  -44.4512450023569     
  -15.7477297899678     
  0.774843473929350     
  -16.7200948372453     
  -39.0258626278262     
   7.96752903161950     
   44.1439699225426     
   16.9787689058366     
   2.23768118109716     
  -18.5605125912338     
  -26.7003858449069     
   43.1069726755185     
   45.1116102873469     
   4.61366112946509     
   29.6705687678610     
  -13.9328047655974     
   30.9379584389086     
   12.4058220302124     
   26.6605526168013     
   3.01152508817031     
  -9.38115125503865     
  -3.90998913579374     
   25.9843335154293     
   10.6046373531372     
   26.9969111831932     
   4.74424179740144     
   47.5697290044308     
   19.7905190786650     
  -25.6608315500950     
   43.7625695529419     
   1.43863802206200     
 -2.443670228263873E-003
  -29.4688040430755     
   46.1917066498300     
  -4.48785947402471     
  -27.5960158927379     
   17.5248791873451     
   43.6969148155547     
  -43.2928887991752     
  -15.5756801818563     
  -8.53593436677786     
  -20.6756500434744     
   38.7871314991263     
   21.7751234988458     
  -18.7264635935524     
   25.5127503534951     
  -47.4464756974043     
  -22.3321269970122     
   32.1283623419211     
  -62.2017973723835     
  -22.9838096312294     
   42.0949413839509     
  -1.81162226849068     
  -27.2367415897834     
  -43.1875580496445     
  -15.5582176131271     
  0.977321760685813     
   7.49567214272656     
  -31.6137383164238     
  -15.8781854647744     
   1.61605013379637     
  -1.25600591333486     
   4.27892211024740     
  -44.5095794032651     
   40.8003686265125     
   36.5673989086161     
   23.5104702225072     
  -13.6896378716143     
   16.2617437744203     
  0.839456061090730     
 -0.558353248326875     
  -48.2050381409660     
   22.5781356125877     
  -22.9813621759218     
  -24.6545051563886     
 -0.787483922819857     
   11.9456077314587     
   48.1450884302126     
  -20.9664817860809     
  -26.7901837336833     
  -42.9036474024058     
   2.72614633251581     
  -3.23625129180560     
  -10.1731444767014     
   1.75041763011278     
  -26.5017827110087     
  -43.3066827289164     
  -28.8679652704619     
  -43.6690088352225     
  -22.1928891327462     
  -21.3954648745142     
   38.2891343239330     
  -20.3727559950963     
   6.11253163417542     
  -6.60344694643860     
  -44.5731654983226     
   14.9256025404087     
  -44.4507123366426     
   15.7497278644841     
  0.775382466772456     
   16.7204259994197     
  -39.0262187412637     
  -7.96579828941896     
   44.1433308554902     
  -16.9799014588608     
   2.23829432554843     
   18.5608107178685     
  -26.7019426272989     
  -43.1056649208457     
   45.1113916440319     
  -4.61478914725819     
   29.6709594459538     
   13.9322889976692     
   30.9374886116648     
  -12.4064957395824     
   26.6604327989265     
  -3.01194574037934     
  -9.38108003616977     
   3.91059278166333     
   25.9839056587026     
  -10.6051606924379     
   26.9967262214986     
  -4.74472339988195     
   47.5689778563401     
  -19.7917769996298     
  -25.6624026577917     
  -43.7613045439233     
   1.43859530888514     
  2.569408193329893E-003
  -29.4704795367938     
  -46.1903003224849     
  -4.48691163422843     
   27.5965467407442     
   17.5233349570513     
  -43.6971346645711     
  -43.2923628231483     
   15.5776368272134     
  -8.53525375946233     
   20.6763064996258     
   38.7863524798731     
  -21.7760622349281     
  -18.7274078253889     
  -25.5117199263932     
  -47.4457150867914     
   22.3342262679615     
   32.1305709399582     
   62.2010702178386     
  -22.9853225661725     
  -42.0937780935389     
  -1.81070352987929     
   27.2371545423233     
  -43.1870354442585     
   15.5601598567291     
  0.977009893912517     
  -7.49538545189557     
  -31.6132175874871     
   15.8796981335664     
   1.61606529401155     
   1.25618060173741     
   4.28052868816750     
   44.5097605140581     
   40.7991683701263     
  -36.5683043220576     
   23.5101378402456     
  -13.6893089229463     
   16.2624044955968     
  0.839257402383958     
 -0.558272243785182     
  -48.2044848020448     
   22.5800537973371     
  -22.9825498853668     
  -24.6534955905163     
 -0.787318897958813     
   11.9457897037479     
   48.1440107010890     
  -20.9681875041454     
  -26.7921019098794     
  -42.9024770935847     
   2.72581333226133     
  -3.23620502502048     
  -10.1733440360889     
   1.75090997174924     
  -26.5037034562257     
  -43.3055257870313     
  -28.8699040839231     
  -43.6677489512885     
  -22.1939367906345     
  -21.3944986675862     
   38.2880865822481     
  -20.3740369990734     
   6.11205139658217     
  -6.60351379926315     
  -44.5729105820920     
   14.9273784100310     
  -44.4504164150951     
   15.7514756415642     
  0.775700948419234     
   16.7205403200690     
  -39.0267800629905     
  -7.96415465916409     
   44.1424351109890     
  -16.9814175435286     
   2.23866773417643     
   18.5608849404394     
  -26.7038633735034     
  -43.1044931071004     
   45.1109564900240     
  -4.61638437066188     
   29.6711983994713     
   13.9313507073068     
   30.9367720285248     
  -12.4074934388701     
   26.6601041081932     
  -3.01259617392049     
  -9.38117839388680     
   3.91106508143318     
   25.9832860882305     
  -10.6059787478001     
   26.9963537637672     
  -4.74548620067954     
   47.5679494158931     
  -19.7934541798776     
  -25.6643560414899     
  -43.7601823487606     
   1.43838222555567     
  2.619949963164102E-003
  -29.4725338997807     
  -46.1890306561812     
  -4.48623188275687     
   27.5968527006718     
   17.5214085339704     
  -43.6976396719941     
  -43.2920899341212     
   15.5793487649545     
  -8.53477566712565     
   20.6767440183835     
   38.7852518705683     
  -21.7773909604320     
  -18.7286273439288     
  -25.5108652283620     
  -47.4451713880984     
   22.3361153290405     
   32.1329813900593     
   62.1998460128615     
  -22.9872038036427     
  -42.0927490274803     
  -1.81002100379660     
   27.2373624283132     
  -43.1867559171979     
   15.5618676413453     
  0.976487051366346     
  -7.49528460249703     
  -31.6129176070852     
   15.8809917324346     
   1.61592133669840     
   1.25621846591434     
   4.28184733304200     
   44.5097501198082     
   40.7974719168444     
  -36.5697400107009     
  -23.5107186383810     
   13.6886708859281     
   16.2623545071039     
 -0.839641181527697     
 -0.558412113569347     
   48.2038088646686     
   22.5801122615991     
   22.9819863363635     
  -24.6535852089560     
  0.786738427147974     
   11.9456725910924     
  -48.1445474480563     
  -20.9683908803636     
   26.7915514652549     
  -42.9025537281219     
  -2.72626923071024     
  -3.23634780203927     
   10.1727959635767     
   1.75083794205610     
   26.5031910768060     
  -43.3056287886994     
   28.8693651247012     
  -43.6678316923712     
   22.1934023573923     
  -21.3945884396884     
  -38.2885962931892     
  -20.3742585704520     
  -6.11255184053640     
  -6.60366079286070     
   44.5722544325522     
   14.9273975942685     
   44.4497708885199     
   15.7515056910017     
 -0.776328884285601     
   16.7204348926361     
   39.0261970939243     
  -7.96422089603062     
  -44.1429468918521     
  -16.9816315672888     
  -2.23934183960987     
   18.5608001207745     
   26.7033300537372     
  -43.1045752665615     
  -45.1115323063270     
  -4.61651844008948     
  -29.6718252357099     
   13.9311843975181     
  -30.9373086899146     
  -12.4076587998887     
  -26.6606978698099     
  -3.01271679067660     
   9.38063387534313     
   3.91098583949138     
  -25.9838070960007     
  -10.6061284095580     
  -26.9969030394336     
  -4.74561270453194     
  -47.5684823504303     
  -19.7936556702268     
   25.6638196805201     
  -43.7602517141295     
  -1.43883524521153     
  2.538720249014058E-003
   29.4719927317619     
  -46.1891305411909     
   4.48549082165487     
   27.5967863984300     
  -17.5219543420805     
  -43.6977609570955     
   43.2914440453641     
   15.5793777442357     
   8.53413862342288     
   20.6766812219749     
  -38.7857626151459     
  -21.7776360134624     
   18.7280771403507     
  -25.5109670519480     
   47.4445173040102     
   22.3361749758940     
  -32.1336359048354     
   62.1997252821829     
   22.9866561551111     
  -42.0928457577058     
   1.80927882904452     
   27.2372755440414     
   43.1861011516610     
   15.5618904369136     
 -0.976995930589595     
  -7.49539250141785     
   31.6122577338729     
   15.8809772552875     
  -1.61636596178137     
   1.25620063143402     
  -4.28266832821174     
   44.5096079113923     
  -40.7979252833996     
  -36.5699575333472     
  -23.5104005406914     
   13.6886420911921     
   16.2628561358448     
 -0.839395137025534     
 -0.558285589142117     
   48.2036251160435     
   22.5814643713525     
   22.9828953458180     
  -24.6528012591829     
  0.786779171374412     
   11.9459426141776     
  -48.1437798282753     
  -20.9691287642479     
   26.7928691550485     
  -42.9016995858011     
  -2.72591890878512     
  -3.23619560134718     
   10.1730621613632     
   1.75126793134801     
   26.5045011658313     
  -43.3047247429873     
   28.8706697771210     
  -43.6669264037763     
   22.1942167886889     
  -21.3938244115372     
  -38.2878588396531     
  -20.3747803122835     
  -6.11211108494655     
  -6.60355284936074     
   44.5722504941363     
   14.9286740605623     
   44.4497312886283     
   15.7527700559025     
 -0.776390126327748     
   16.7206550097507     
   39.0267223474341     
  -7.96304689510376     
  -44.1422660858838     
  -16.9822943947512     
  -2.23942449232875     
   18.5609826818258     
   26.7046377725908     
  -43.1037152178717     
  -45.1111137338879     
  -4.61720149476247     
  -29.6717905848278     
   13.9308405418410     
  -30.9367330591009     
  -12.4080416057909     
  -26.6603483985011     
  -3.01294970159353     
   9.38085506310394     
   3.91139541061877     
  -25.9832823006798     
  -10.6064263965181     
  -26.9965130546117     
  -4.74587127748433     
  -47.5677396714014     
  -19.7943767466670     
   25.6651401587405     
  -43.7594195512499     
  -1.43859351706398     
  2.640900994936740E-003
   29.4733869840819     
  -46.1882060377762     
   4.48523549569785     
   27.5970922943675     
  -17.5206096625774     
  -43.6979001264237     
   43.2913980683623     
   15.5806315710110     
   8.53400505390047     
   20.6771257924737     
  -38.7850009866609     
  -21.7781538044469     
   18.7290095818592     
  -25.5102766047042     
   47.4443180465351     
   22.3375032449903     
  -32.1346049635555     
   62.1993242586872     
   22.9879545260577     
  -42.0920592179724     
   1.80902685322325     
   27.2375219540680     
   43.1860705914212     
   15.5631479649027     
 -0.976526920469601     
  -7.49518322121523     
   31.6122551356245     
   15.8819464239687     
  -1.61615242552721     
   1.25630172287243     
  -4.28333992328546     
   44.5097522140117     
  -40.7968409312705     
  -36.5705365031615     
   23.5103565407179     
  -13.6892265749752     
   16.2623319501131     
  0.839367860121911     
 -0.558281515067075     
  -48.2044160933748     
   22.5798012284716     
  -22.9821766233987     
  -24.6536328656071     
 -0.787213135306523     
   11.9458153310769     
   48.1443826023770     
  -20.9677325664215     
  -26.7915907140010     
  -42.9026273458505     
   2.72595742810858     
  -3.23617786173631     
  -10.1731847277783     
   1.75087586164679     
  -26.5031973430515     
  -43.3056999807028     
  -28.8694222680945     
  -43.6679384772230     
  -22.1936188272066     
  -21.3946323162659     
   38.2884338256289     
  -20.3737026233167     
   6.11225457656838     
  -6.60345841842626     
  -44.5728098200121     
   14.9271356284989     
  -44.4503168772461     
   15.7512501701955     
  0.775805286915189     
   16.7205907991259     
  -39.0265277496353     
  -7.96439840559666     
   44.1427396679230     
  -16.9810250924336     
   2.23876403600234     
   18.5609522196489     
  -26.7033508819914     
  -43.1046671557204     
   45.1111875104495     
  -4.61599283429503     
   29.6713008698083     
   13.9316063298873     
   30.9370367320097     
  -12.4072110264130     
   26.6603142719944     
  -3.01242177304421     
  -9.38103825673436     
   3.91103516466619     
   25.9835293505775     
  -10.6057334451493     
   26.9965449036649     
  -4.74526233886741     
   47.5683081713115     
  -19.7930145360953     
  -25.6638325432519     
  -43.7603438115133     
   1.43852689495761     
  2.624348417066613E-003
  -29.4720020541374     
  -46.1892374488854     
  -4.48616501529001     
   27.5968611965042     
   17.5219068744623     
  -43.6974650348170     
  -43.2919693915660     
   15.5791281761312     
  -8.53471094976768     
   20.6767314500480     
   38.7856158707879     
  -21.7770396132816     
  -18.7282716975762     
  -25.5109776918332     
  -47.4451044872264     
   22.3358630678782     
   32.1324721063665     
   62.2002471721140     
  -22.9867030961150     
  -42.0928787875823     
  -1.80994978355835     
   27.2373890447209     
  -43.1866253347340     
   15.5616505243790     
  0.976706093295471     
  -7.49525533500215     
  -31.6128178876941     
   15.8808342128791     
   1.61605369069366     
   1.25624824287832     
   4.28180795839502     
   44.5098042505416     
   40.7979127031537     
  -36.5693691551815     
   23.5103990037597     
  -13.6890160767121     
   16.2623009646783     
  0.839437260238367     
 -0.558368424793130     
  -48.2041831288616     
   22.5799541879379     
  -22.9823044295117     
  -24.6536180233436     
 -0.787029975358878     
   11.9456604872661     
   48.1442771838818     
  -20.9683221613938     
  -26.7918546860622     
  -42.9025953743686     
   2.72601535764206     
  -3.23632195405730     
  -10.1730830354205     
   1.75081179058979     
  -26.5034545889801     
  -43.3056485459378     
  -28.8696852124932     
  -43.6678916216304     
  -22.1937138541278     
  -21.3946108215678     
   38.2883203286061     
  -20.3742206623945     
   6.11229344744922     
  -6.60364220240497     
  -44.5726073272486     
   14.9273259070760     
  -44.4501140104502     
   15.7514294339875     
  0.776010526945582     
   16.7204047769041     
  -39.0265244250382     
  -7.96427190383427     
   44.1426724339169     
  -16.9815654757742     
   2.23898376676487     
   18.5607693009643     
  -26.7036226440680     
  -43.1046165314483     
   45.1112385768313     
  -4.61654268734290     
   29.6714899562030     
   13.9312419098263     
   30.9370149682016     
  -12.4076196098572     
   26.6603955292716     
  -3.01270562286694     
  -9.38091866545760     
   3.91095817300969     
   25.9835201647002     
  -10.6061110427878     
   26.9966082788892     
  -4.74561510296480     
   47.5682167193887     
  -19.7935961019580     
  -25.6640871380548     
  -43.7603101474853     
   1.43860142366414     
  2.537035595630593E-003
  -29.4722647379791     
  -46.1891583914611     
  -4.48587585132994     
   27.5967239603585     
   17.5216722135837     
  -43.6977491279135     
  -43.2917675650797     
   15.5792975399261     
  -8.53446795886815     
   20.6766446939745     
   38.7854849290382     
  -21.7776065094193     
  -18.7283814832986     
  -25.5109931505145     
  -47.4448705780613     
   22.3360007495991     
   32.1330617921339     
   62.1997990582144     
  -22.9869442057599     
  -42.0928737546387     
  -1.80969094241403     
   27.2372322564372     
  -43.1864505617746     
   15.5618233103987     
  0.976731529864078     
  -7.49539565716642     
  -31.6126110926269     
   15.8809066173810     
   1.61611182575886     
   1.25616127425927     
   4.28219160035832     
   44.5096178336170     
   40.7976103786888     
  -36.5699362741723     
  -23.5103664048255     
   13.6891219458401     
   16.2623858631404     
 -0.839389525404075     
 -0.558307764529663     
   48.2042748675425     
   22.5799923438138     
   22.9822932849751     
  -24.6535511060284     
  0.787120671203301     
   11.9457971953838     
  -48.1442823766771     
  -20.9680426406057     
   26.7917968003790     
  -42.9025346643141     
  -2.72597176339903     
  -3.23621777932894     
   10.1731529945221     
   1.75090381675110     
   26.5034178841217     
  -43.3055808193265     
   28.8696112871963     
  -43.6678216810031     
   22.1937091514217     
  -21.3945485277316     
  -38.2883292039500     
  -20.3739744642192     
  -6.11224959268696     
  -6.60352338684723     
   44.5726912388425     
   14.9273227276114     
   44.4502089910331     
   15.7514400118785     
 -0.775905308392647     
   16.7205502102890     
   39.0265470224562     
  -7.96421143874745     
  -44.1426675121686     
  -16.9813267106037     
  -2.23888969997504     
   18.5609118827576     
   26.7035644912010     
  -43.1045599534529     
  -45.1111907100673     
  -4.61622682441234     
  -29.6714161989220     
   13.9313684853918     
  -30.9369921428291     
  -12.4074314472743     
  -26.6603325173990     
  -3.01254287672684     
   9.38098238847706     
   3.91105543664304     
  -25.9834901627101     
  -10.6059386337495     
  -26.9965565447561     
  -4.74541559560822     
  -47.5682199527756     
  -19.7933354696576     
   25.6640631640534     
  -43.7602193805874     
  -1.43854766900595     
  2.603410377752213E-003
   29.4722243957563     
  -46.1891031463127     
   4.48600521249603     
   27.5968562936176     
  -17.5216718258872     
  -43.6976009681078     
   43.2918689586247     
   15.5793134220504     
   8.53457835038297     
   20.6767596754745     
  -38.7855045080514     
  -21.7773364328029     
   18.7283873556482     
  -25.5109092189544     
   47.4449625076110     
   22.3360523801348     
  -32.1328876634406     
   62.2000136283735     
   22.9869203756343     
  -42.0927983826190     
   1.80977389720720     
   27.2373609269925     
   43.1865413893121     
   15.5618319138687     
 -0.976691962474383     
  -7.49528794268303     
   31.6127164308517     
   15.8809700161454     
  -1.61608255494773     
   1.25623568060735     
  -4.28203982295463     
   44.5097561924017     
  -40.7977582323832     
  -36.5695949227236     
  -23.5105184524555     
   13.6904309231310     
   16.2606128930385     
 -0.839533094428153     
 -0.558532615447519     
   48.2062131426035     
   22.5751935893677     
   22.9801533777752     
  -24.6561167035578     
  0.788074778897162     
   11.9450715022596     
  -48.1460775453853     
  -20.9647367543554     
   26.7880671214753     
  -42.9054672870724     
  -2.72634688967513     
  -3.23648692749721     
   10.1732230086210     
   1.74954000738200     
   26.4996559449539     
  -43.3084927159310     
   28.8658076466663     
  -43.6709343722531     
   22.1918317216714     
  -21.3970404966834     
  -38.2900942132952     
  -20.3714752220819     
  -6.11287459451325     
  -6.60358009409269     
   44.5739471992494     
   14.9228278391917     
   44.4515392776838     
   15.7469453794040     
 -0.774551553023930     
   16.7199713822693     
   39.0258332050011     
  -7.96824872196873     
  -44.1441155381683     
  -16.9783724881328     
  -2.23737403909658     
   18.5604086871324     
   26.6998180493803     
  -43.1074910611121     
  -45.1115904735709     
  -4.61331023259535     
  -29.6703201493111     
   13.9330492806543     
  -30.9380692725830     
  -12.4055489373973     
  -26.6604975892406     
  -3.01137603946327     
   9.38125501628297     
   3.90974598222982     
  -25.9843749041013     
  -10.6044234035989     
  -26.9968822398999     
  -4.74411850548924     
  -47.5699207736094     
  -19.7900994596458     
   25.6602768675687     
  -43.7630666549867     
  -1.43859225603525     
  2.401765002771188E-003
   29.4681654461473     
  -46.1922633209620     
   4.48828551051804     
   27.5958505807756     
  -17.5254078797758     
  -43.6968024921266     
   43.2931747330863     
   15.5749222871820     
   8.53627868883263     
   20.6754198686686     
  -38.7873717935211     
  -21.7747365197608     
   18.7261620009978     
  -25.5131075197465     
   47.4468606585323     
   22.3313153581891     
  -32.1278107770368     
   62.2019244927608     
   22.9832629084630     
  -42.0954050370791     
   1.81205292956366     
   27.2366134175837     
   43.1878461471628     
   15.5574477374266     
 -0.977380342314150     
  -7.49578231876635     
   31.6140214002871     
   15.8776012244817     
  -1.61597527539941     
   1.25592771493826     
  -4.27836350297664     
   44.5094505283897     
  -40.8008509762824     
  -36.5668777134942     
   23.5102815907969     
  -13.6904448372543     
  -16.2609840307120     
  0.839349229146577     
  0.558414204215798     
  -48.2061522545739     
  -22.5759710215504     
  -22.9806896522784     
   24.6556361739274     
 -0.788147083163790     
  -11.9452899924176     
   48.1455787489452     
   20.9651406939482     
  -26.7888681537190     
   42.9049066191742     
   2.72610646964770     
   3.23635402306776     
  -10.1734264912948     
  -1.74983080459296     
  -26.5004521987454     
   43.3079428115549     
  -28.8666160642077     
   43.6703503124779     
  -22.1923330334749     
   21.3965793745451     
   38.2896072421095     
   20.3717604322470     
   6.11259799706996     
   6.60348301248813     
  -44.5739891261218     
  -14.9235899012543     
  -44.4515686045058     
  -15.7477060159619     
  0.774546395872871     
  -16.7201635227811     
  -39.0261480352544     
   7.96752467945810     
   44.1436849098510     
   16.9787122760315     
   2.23738764644017     
  -18.5605928293860     
  -26.7006164284614     
   43.1069396063000     
   45.1113119574027     
   4.61356186664034     
   29.6702366044089     
  -13.9329863438398     
   30.9376867441288     
   12.4057374435247     
   26.6602768322476     
   3.01147038458095     
  -9.38141990871063     
  -3.91005193857017     
   25.9840620868239     
   10.6045537471794     
   26.9966402842245     
   4.74416264701848     
   47.5694330018870     
   19.7904782212522     
  -25.6610787653141     
   43.7625325908726     
   1.43841336636777     
 -2.482102692519877E-003
  -29.4690381760936     
   46.1916650752596     
  -4.48817506274988     
  -27.5960939115169     
   17.5245956430545     
   43.6968480201369     
  -43.2932101624831     
  -15.5756686058145     
  -8.53623268828187     
  -20.6757028574418     
   38.7868654995575     
   21.7750382858325     
  -18.7267111748616     
   25.5126795214081     
  -47.4468100338514     
  -22.3320894664354     
   32.1278313374028     
  -62.2019671819386     
  -22.9840529359998     
   42.0948950535463     
  -1.81193604716970     
  -27.2368051848509     
  -43.1878780510463     
  -15.5581975538107     
  0.977084947949527     
   7.49559956274607     
  -31.6140696409654     
  -15.8781953184947     
   1.61583167477260     
  -1.25602492161689     
   4.27857411605574     
  -44.5096278460878     
   40.8002201640071     
   36.5671882538447     
   23.5103546599088     
  -13.6888752527756     
  -16.2627161936479     
  0.839370985351771     
  0.558254970736735     
  -48.2039134658413     
  -22.5809354467211     
  -22.9826869855949     
   24.6530511916447     
 -0.786949248540658     
  -11.9459251855973     
   48.1439448842037     
   20.9686461575911     
  -26.7924846474848     
   42.9019839603776     
   2.72588823377990     
   3.23615354271085     
  -10.1731345893834     
  -1.75115195655252     
  -26.5040877612326     
   43.3050342441415     
  -28.8702872522466     
   43.6672196089803     
  -22.1940180347919     
   21.3940720887918     
   38.2880164414689     
   20.3743929596423     
   6.11212369925449     
   6.60350237699301     
  -44.5724569116961     
  -14.9281646334529     
  -44.4499563585822     
  -15.7522928342962     
  0.776154113427636     
  -16.7206564219387     
  -39.0266777554565     
   7.96348653142254     
   44.1423903526051     
   16.9818591344863     
   2.23915256825971     
  -18.5609946220309     
  -26.7042480743383     
   43.1040125912037     
   45.1111084244082     
   4.61679306842763     
   29.6715864521020     
  -13.9311110913706     
   30.9368107663009     
   12.4077501206189     
   26.6603091204537     
   3.01277675779208     
  -9.38094073867652     
  -3.91129108595857     
   25.9833126524410     
   10.6061745891427     
   26.9964890548825     
   4.74567014080595     
   47.5679089567972     
   19.7939122766485     
  -25.6647311886255     
   43.7596975237738     
   1.43855825520384     
 -2.634566443218182E-003
  -29.4729421991867     
   46.1885102428666     
  -4.48559188267364     
  -27.5970358269674     
   17.5210414150816     
   43.6977205410874     
  -43.2916119432233     
  -15.5801352496751     
  -8.53426674109719     
  -20.6770185542183     
   38.7851559073418     
   21.7777877848444     
  -18.7287838804722     
   25.5104878123051     
  -47.4446122693108     
  -22.3369700704693     
   32.1336195407421     
  -62.1997530325911     
  -22.9875737589894     
   42.0922987209938     
  -1.80938127440126     
  -27.2375036447478     
  -43.1863013486716     
  -15.5626554637188     
  0.976572994416232     
   7.49519253026840     
  -31.6124703067619     
  -15.8815919262859     
   1.61609800924864     
  -1.25628052616216     
   4.28277277218335     
  -44.5097847842895     
   40.7971744543684     
   36.5700942891581     
   23.5104539753825     
  -13.6905514674277     
   16.2606201970357     
  0.839474995342667     
 -0.558505509325180     
  -48.2063503924168     
   22.5750450646704     
  -22.9801701582851     
  -24.6561639215447     
 -0.788187680294424     
   11.9451083852581     
   48.1460730650045     
  -20.9645741350790     
  -26.7880289251166     
  -42.9055012791085     
   2.72629507940231     
  -3.23646179823127     
  -10.1732969449893     
   1.74952435255371     
  -26.4996284902234     
  -43.3085448500007     
  -28.8657724136460     
  -43.6709805216659     
  -22.1918542720564     
  -21.3970832463410     
   38.2900802369025     
  -20.3713312294707     
   6.11283909863551     
  -6.60353589766955     
  -44.5740657110321     
   14.9227134700236     
  -44.4516568611211     
   15.7468396584932     
  0.774426165967201     
   16.7199961067310     
  -39.0258649415752     
  -7.96828039507693     
   44.1440773457344     
  -16.9782000523948     
   2.23723490999672     
   18.5604329710275     
  -26.6997891934041     
  -43.1075299465903     
   45.1115427236474     
  -4.61303392427762     
   29.6702129085032     
   13.9331540634420     
   30.9380329051763     
  -12.4054408423585     
   26.6604552723919     
  -3.01127002278442     
  -9.38133673183980     
   3.90974270389658     
   25.9843574541348     
  -10.6043210070296     
   26.9968454167179     
  -4.74393562978088     
   47.5698985415252     
  -19.7899043637341     
  -25.6602370249214     
  -43.7631103728285     
   1.43852618880160     
  2.418373604636465E-003
  -29.4681425981998     
  -46.1923113180361     
  -4.48847306421124     
   27.5958338203474     
   17.5254154699334     
  -43.6967597770814     
  -43.2932959040802     
   15.5748138483024     
  -8.53642505292891     
   20.6754099851344     
   38.7873613526496     
  -21.7745884393055     
  -18.7261738652290     
  -25.5131453684129     
  -47.4470211797102     
   22.3311712900145     
   32.1270394136490     
   62.2023039649361     
  -22.9832323953820     
  -42.0954387946015     
  -1.81225007387247     
   27.2365960086409     
  -43.1879632077996     
   15.5573506573327     
  0.977333541356524     
  -7.49574547905596     
  -31.6141480969412     
   15.8775186784287     
   1.61590800617434     
   1.25595123543810     
   4.27801143899896     
   44.5095341400072     
   40.8008656449333     
  -36.5667848527054     
  -23.5104027755641     
   13.6886684669171     
   16.2627945349971     
 -0.839415606480774     
 -0.558302666246352     
   48.2036429289399     
   22.5813375035086     
   22.9828171107879     
  -24.6529207983991     
  0.786776194730383     
   11.9459004103908     
  -48.1438331755772     
  -20.9691141559375     
   26.7927812074140     
  -42.9017770480644     
  -2.72594970413237     
  -3.23621181818933     
   10.1730427528836     
   1.75121948793422     
   26.5044072164461     
  -43.3048209220509     
   28.8705906905290     
  -43.6670092690642     
   22.1941480675443     
  -21.3939387890569     
  -38.2879154957444     
  -20.3747788660107     
  -6.11214568423656     
  -6.60358401373907     
   44.5722476741649     
   14.9285471438464     
   44.4497389474034     
   15.7526648058168     
 -0.776375129638766     
   16.7206242711032     
   39.0266791718765     
  -7.96317437731184     
  -44.1423171647820     
  -16.9822765529205     
  -2.23939585767278     
   18.5609574265708     
   26.7045382648626     
  -43.1038063240660     
  -45.1111450545180     
  -4.61718014848487     
  -29.6717478928863     
   13.9309545941088     
  -30.9367710117475     
  -12.4080404091428     
  -26.6603732827254     
  -3.01297403698673     
   9.38084389938609     
   3.91134245120347     
  -25.9833118243568     
  -10.6064450960761     
  -26.9965435778567     
  -4.74588620225545     
  -47.5677952313277     
  -19.7943711763088     
   25.6650469941003     
  -43.7594949775487     
  -1.43861082645544     
  2.617631513787459E-003
   29.4733088903351     
  -46.1882934248396     
   4.48526883045518     
   27.5970376036346     
  -17.5207375216725     
  -43.6979046204735     
   43.2913925350597     
   15.5805120777546     
   8.53402556980745     
   20.6770355932698     
  -38.7850622886203     
  -21.7781614882148     
   18.7289380493173     
  -25.5103726131411     
   47.4443250528456     
   22.3373845125674     
  -32.1343905974953     
   62.1993894547352     
   22.9878732621446     
  -42.0921281383732     
   1.80905190084966     
   27.2374754789706     
   43.1860708448508     
   15.5630253428011     
 -0.976576768281885     
  -7.49523598018068     
   31.6122551396684     
   15.8818435510448     
  -1.61617594637572     
   1.25626940255268     
  -4.28325252979437     
   44.5097052310494     
  -40.7968870657520     
  -36.5705361226797     
  -23.5103455488207     
   13.6887945882735     
   16.2628602066133     
 -0.839359135961704     
 -0.558234813525647     
   48.2037965209907     
   22.5813172299496     
   22.9828153557488     
  -24.6528416965829     
  0.786866679212666     
   11.9460102751289     
  -48.1438752258823     
  -20.9687078035237     
   26.7927413907306     
  -42.9017218204336     
  -2.72588069156170     
  -3.23610844176223     
   10.1731208992070     
   1.75127386145028     
   26.5043686569597     
  -43.3047722557163     
   28.8705797748862     
  -43.6669621095179     
   22.1941688271946     
  -21.3938563414627     
  -38.2879270164093     
  -20.3744593829399     
  -6.11209216985583     
  -6.60344582666450     
   44.5723665735484     
   14.9285459078443     
   44.4498661674794     
   15.7526571886123     
 -0.776260233256557     
   16.7207475960870     
   39.0267384035542     
  -7.96316235653465     
  -44.1423334333373     
  -16.9819027111004     
  -2.23927130218891     
   18.5610876104631     
   26.7045132976409     
  -43.1037486710297     
  -45.1110915180185     
  -4.61681891371935     
  -29.6716563289647     
   13.9311248107145     
  -30.9367496855141     
  -12.4077835055606     
  -26.6602901794641     
  -3.01277094726025     
   9.38092314505245     
   3.91140486673860     
  -25.9832750265806     
  -10.6062043585739     
  -26.9964736321020     
  -4.74565827732722     
  -47.5678264894984     
  -19.7939706166647     
   25.6649925724973     
  -43.7594457441409     
  -1.43854964650653     
  2.680611085046537E-003
   29.4732584832115     
  -46.1882400677681     
   4.48541986987991     
   27.5971426913249     
  -17.5208093211250     
  -43.6977107793039     
   43.2915249599551     
   15.5805011928558     
   8.53415734904707     
   20.6771260865925     
  -38.7850781902704     
  -21.7778362124928     
   18.7289249707295     
  -25.5102905334194     
   47.4444819738687     
   22.3373586739368     
  -32.1340839380462     
   62.1996831994950     
   22.9878115231339     
  -42.0920685210485     
   1.80921268507513     
   27.2375990143625     
   43.1861969533134     
   15.5630219253545     
 -0.976523923143521     
  -7.49511272791805     
   31.6123716283885     
   15.8818770598892     
  -1.61610529269915     
   1.25633704784673     
  -4.28296141673232     
   44.5098732245990     
  -40.7969908495327     
  -36.5702173242505     
   23.5101505825920     
  -13.6892689779978     
   16.2624416110547     
  0.839248684815571     
 -0.558272595767924     
  -48.2043916929188     
   22.5802285414287     
  -22.9825885882065     
  -24.6534579151429     
 -0.787280913316649     
   11.9458197171043     
   48.1439873041683     
  -20.9682440424257     
  -26.7921628183438     
  -42.9024113726363     
   2.72579725287173     
  -3.23620228631146     
  -10.1733201968073     
   1.75094980877244     
  -26.5037754288422     
  -43.3054682142317     
  -28.8699903834869     
  -43.6676801468296     
  -22.1939778989896     
  -21.3944504732426     
   38.2880428311323     
  -20.3741331366455     
   6.11203577436890     
  -6.60351723314827     
  -44.5728312710114     
   14.9275298021506     
  -44.4503448546569     
   15.7516418353676     
  0.775769493960337     
   16.7205773834110     
  -39.0267828840969     
  -7.96407691903408     
   44.1423856467654     
  -16.9814935721145     
   2.23874778689220     
   18.5609258329122     
  -26.7039257239350     
  -43.1044394959225     
   45.1109552175510     
  -4.61645427402332     
   29.6712365854029     
   13.9313178140714     
   30.9367407840466     
  -12.4075486106340     
   26.6601179229468     
  -3.01263895638586     
  -9.38115744879901     
   3.91109988769039     
   25.9832429232745     
  -10.6060249194760     
   26.9963349921914     
  -4.74552014604929     
   47.5679253291385     
  -19.7935197831048     
  -25.6644190418983     
  -43.7601224861872     
   1.43838762529032     
  2.611433961225085E-003
  -29.4725844612433     
  -46.1889741612991     
  -4.48612118419827     
   27.5968825625220     
   17.5213308920817     
  -43.6976622553514     
  -43.2920038933214     
   15.5795070513318     
  -8.53471113451098     
   20.6767902119170     
   38.7852082546927     
  -21.7774898792833     
  -18.7286745432241     
  -25.5108247140822     
  -47.4450767786718     
   22.3362833575320     
   32.1329686973544     
   62.1998800866443     
  -22.9872644803728     
  -42.0927028232979     
  -1.80992262405564     
   27.2373822897801     
  -43.1866737061061     
   15.5620278152843     
  0.976484829979370     
  -7.49527045653282     
  -31.6128613073965     
   15.8811100537954     
   1.61592325976017     
   1.25621327129835     
   4.28195366018225     
   44.5097639536331     
   40.7974237272239     
  -36.5697820612022     
   23.5102198114981     
  -13.6901283233881     
   16.2613676338395     
  0.839307659402787     
 -0.558394565313066     
  -48.2056551333731     
   22.5772179695647     
  -22.9812979497091     
  -24.6550338406269     
 -0.787897651985572     
   11.9453770555195     
   48.1450650610273     
  -20.9661922543866     
  -26.7899244205565     
  -42.9042165069427     
   2.72599457342846     
  -3.23635490907182     
  -10.1734214679669     
   1.75011326958446     
  -26.5014936355997     
  -43.3072571902485     
  -28.8676792898994     
  -43.6696053011227     
  -22.1928645187691     
  -21.3959791724189     
   38.2890956371786     
  -20.3725743031934     
   6.11240324962647     
  -6.60354665561519     
  -44.5736933305766     
   14.9246977908973     
  -44.4512322178670     
   15.7488316652602     
  0.774893027253208     
   16.7202189157997     
  -39.0263664481165     
  -7.96652551302013     
   44.1432516674352     
  -16.9796589132661     
   2.23775751395418     
   18.5606094284611     
  -26.7016668068307     
  -43.1062425676231     
   45.1111696693384     
  -4.61455231174599     
   29.6705479447965     
   13.9323358076848     
   30.9373775682494     
  -12.4063770523147     
   26.6602025090319     
  -3.01187210874208     
  -9.38136989495614     
   3.91031144360307     
   25.9837786679700     
  -10.6050775980804     
   26.9965251526502     
  -4.74463090476147     
   47.5689393557061     
  -19.7914976262825     
  -25.6621285044154     
  -43.7618707083820     
   1.43838602713578     
  2.479996961858867E-003
  -29.4701605055903     
  -46.1909040071465     
  -4.48757834275593     
   27.5962495077506     
   17.5235983411314     
  -43.6971678652432     
  -43.2928732007157     
   15.5767501864781     
  -8.53582153826078     
   20.6759648936086     
   38.7863282108636     
  -21.7758820168616     
  -18.7273261569878     
  -25.5121817485252     
  -47.4463141651311     
   22.3333286751972     
   32.1296838687116     
   62.2011074360920     
  -22.9850525765786     
  -42.0942869706330     
  -1.81135989340231     
   27.2369135695070     
  -43.1875385825555     
   15.5592706747122     
  0.976880000936734     
  -7.49556566518515     
  -31.6137406459031     
   15.8790064208362     
   1.61584322111280     
   1.25603514766312     
   4.27959312428681     
   44.5095935303412     
   40.7993077879061     
  -36.5681062978767     
   23.5104163830254     
  -13.6905128341007     
  -16.2606724998500     
  0.839470034580684     
  0.558502732839928     
  -48.2063026597770     
  -22.5752213971895     
  -22.9802141588702     
   24.6561451976570     
 -0.788165894156864     
  -11.9450984592892     
   48.1460106046357     
   20.9646996565972     
  -26.7881502051220     
   42.9054565978029     
   2.72627172466649     
   3.23647714875895     
  -10.1733165308858     
  -1.74953412295377     
  -26.4997305714954     
   43.3084819554676     
  -28.8658911188074     
   43.6709242026000     
  -22.1919079382255     
   21.3970543545324     
   38.2900048473678     
   20.3714635100588     
   6.11280029412937     
   6.60355883035003     
  -44.5740476754592     
  -14.9227941291257     
  -44.4516453073470     
  -15.7469381174312     
  0.774454091691261     
  -16.7199891301944     
  -39.0258851216141     
   7.96822632036235     
   44.1440447012220     
   16.9783120680190     
   2.23726004198026     
  -18.5604178484431     
  -26.6998930404255     
   43.1074759843619     
   45.1115123399933     
   4.61311082437038     
   29.6702317503181     
  -13.9330685831852     
   30.9379842009923     
   12.4055342169382     
   26.6604271600201     
   3.01134569717194     
  -9.38133933125191     
  -3.90976311458095     
   25.9843211778612     
   10.6043961969581     
   26.9968158061669     
   4.74404639334469     
   47.5698413799197     
   19.7900291832356     
  -25.6603585001233     
   43.7630620802686     
   1.43850960283873     
 -2.419429603276230E-003
  -29.4682438807461     
   46.1922377456276     
  -4.48841717421482     
  -27.5958645996333     
   17.5253228320953     
   43.6967893475326     
  -43.2932641380804     
  -15.5749052583080     
  -8.53638975922761     
  -20.6754342766182     
   38.7872883374526     
   21.7747579634711     
  -18.7262343274687     
   25.5131227210030     
  -47.4469629774162     
  -22.3313490666231     
   32.1269984141932     
  -62.2022612642831     
  -22.9833611104732     
   42.0953871719921     
  -1.81220393515075     
  -27.2366113801908     
  -43.1879514489027     
  -15.5574299579270     
  0.977308646063543     
   7.49576277726878     
  -31.6141513013980     
  -15.8775921320889     
   1.61590156814481     
  -1.25594334879803     
   4.27811555103765     
  -44.5094968704085     
   40.8007876227881     
   36.5668485363128     
   23.5105210095934     
  -13.6888590338645     
   16.2625304896187     
  0.839485100472367     
 -0.558310090840172     
  -48.2039636701715     
   22.5804135504025     
  -22.9822985348608     
  -24.6533482598288     
 -0.786882359037400     
   11.9458443445048     
   48.1443024055658     
  -20.9682849631416     
  -26.7919621741277     
  -42.9022818779127     
   2.72607247078439     
  -3.23620928662964     
  -10.1729926530212     
   1.75100701408172     
  -26.5035745040069     
  -43.3053177048117     
  -28.8697651961673     
  -43.6675465181096     
  -22.1936982786153     
  -21.3943408831746     
   38.2883456055661     
  -20.3741560894803     
   6.11232339337881     
  -6.60350155062262     
  -44.5724166068240     
   14.9277235890665     
  -44.4499260856879     
   15.7518443934706     
  0.776178344535002     
   16.7206136600925     
  -39.0264358574210     
  -7.96392421223741     
   44.1427026581694     
  -16.9815126551198     
   2.23916702212304     
   18.5609618214224     
  -26.7037282816553     
  -43.1043067123560     
   45.1113256929488     
  -4.61638682557297     
   29.6716159633051     
   13.9313313515797     
   30.9370629373132     
  -12.4075565338147     
   26.6604721132281     
  -3.01262674687232     
  -9.38082282018145     
   3.91116857137992     
   25.9835581817190     
  -10.6060252256111     
   26.9966794855167     
  -4.74550572579378     
   47.5682403195004     
  -19.7935494445791     
  -25.6642043402251     
  -43.7599880205788     
   1.43867575774354     
  2.620455203945142E-003
  -29.4724120825257     
  -46.1888278211179     
  -4.48567621914009     
   27.5969555614653     
   17.5216088605493     
  -43.6976610851379     
  -43.2915762826037     
   15.5797060878819     
  -8.53428243386238     
   20.6768683833834     
   38.7855140531211     
  -21.7775251437964     
  -18.7283967310898     
  -25.5107313463716     
  -47.4446353259326     
   22.3364698794939     
   32.1336128827315     
   62.1998114414336     
  -22.9870490328673     
  -42.0925677872499     
  -1.80946076383411     
   27.2374385783998     
  -43.1862516892927     
   15.5622231089259     
  0.976776380213738     
  -7.49523992398501     
  -31.6124299521926     
   15.8812515178908     
   1.61622443307510     
   1.25627367014209     
   4.28247221304491     
   44.5097830992970     
   40.7976413818671     
  -36.5698564284835     
   23.5102753212902     
  -13.6896091045248     
  -16.2619316673323     
  0.839337312070656     
  0.558348024776509     
  -48.2049800117796     
  -22.5786779255320     
  -22.9818385530181     
   24.6542159753982     
 -0.787508488955336     
  -11.9456201247983     
   48.1446367780494     
   20.9671097070455     
  -26.7909058945632     
   42.9033102945142     
   2.72597079887468     
   3.23626170333058     
  -10.1732931862870     
  -1.75055553781298     
  -26.5025363969130     
   43.3063321563219     
  -28.8687077532233     
   43.6686304780546     
  -22.1933326857811     
   21.3951820544102     
   38.2886821633621     
   20.3732626278510     
   6.11231603960928     
   6.60351314429946     
  -44.5731833493087     
  -14.9261062824876     
  -44.4507297174034     
  -15.7502241394509     
  0.775402221738019     
  -16.7204062068385     
  -39.0264866083832     
   7.96527728562588     
   44.1429321168461     
   16.9804778782963     
   2.23833035632342     
  -18.5607894221864     
  -26.7026724725167     
   43.1053096329709     
   45.1111642091722     
   4.61548333229396     
   29.6709617873596     
  -13.9318987972823     
   30.9371646400823     
   12.4068812292754     
   26.6602623541932     
   3.01221658741733     
  -9.38119819676933     
  -3.91073301527896     
   25.9836259898844     
   10.6054881254074     
   26.9965250348488     
   4.74503711356263     
   47.5685428647154     
   19.7924011728078     
  -25.6631636779659     
   43.7609604847318     
   1.43845580889290     
 -2.564045478934433E-003
  -29.4712453681424     
   46.1899372406935     
  -4.48679169241805     
  -27.5965860505832     
   17.5225397787559     
   43.6973764337169     
  -43.2923750225362     
  -15.5781117963261     
  -8.53518737224511     
  -20.6763976786986     
   38.7858927485570     
   21.7765918869683     
  -18.7279020151967     
   25.5114731267058     
  -47.4456491884764     
  -22.3347516062529     
   32.1307336629782     
  -62.2008525867501     
  -22.9860686268919     
   42.0934834874471     
  -1.81058102772609     
  -27.2371719614348     
  -43.1870446720055     
  -15.5606382772170     
  0.976775380828924     
   7.49540244146087     
  -31.6132221994955     
  -15.8800518230237     
   1.61594991251884     
  -1.25616166412135     
   4.28078768139182     
  -44.5097113433139     
   40.7983947261640     
   36.5689542945393     
  -23.5106267503964     
   13.6905616992139     
   16.2603783346086     
 -0.839605451787985     
 -0.558569533986953     
   48.2064102736167     
   22.5744384416550     
   22.9797221155446     
  -24.6565228142772     
  0.788138349678607     
   11.9450064969659     
  -48.1464707712940     
  -20.9641946106362     
   26.7873829420348     
  -42.9059074273626     
  -2.72646925497059     
  -3.23652866007269     
   10.1731612934540     
   1.74932965116417     
   26.4989693865164     
  -43.3089332755510     
   28.8651124021778     
  -43.6714089486206     
   22.1914529792135     
  -21.3974271607193     
  -38.2904616721714     
  -20.3710587881788     
  -6.11306259818137     
  -6.60358033324155     
   44.5740543751244     
   14.9221324317220     
   44.4516566360111     
   15.7462636493843     
 -0.774427454767948     
   16.7199117932095     
   39.0256125923983     
  -7.96882557946528     
  -44.1444492572624     
  -16.9778650867840     
  -2.23722309419736     
   18.5603577066622     
   26.6991387636936     
  -43.1079410778415     
  -45.1117435868696     
  -4.61277437806456     
  -29.6702517091420     
   13.9333101777770     
  -30.9383218925671     
  -12.4052439189886     
  -26.6606370982122     
  -3.01114680560353     
   9.38121382210501     
   3.90957010819301     
  -25.9846250008014     
  -10.6041603162656     
  -26.9970464518502     
  -4.74381043522752     
  -47.5702800996146     
  -19.7895365370247     
   25.6595789551348     
  -43.7635044270166     
  -1.43865812863246     
  2.384623078466648E-003
   29.4674394618356     
  -46.1927346972518     
   4.48856516648871     
   27.5957061609633     
  -17.5260944170918     
  -43.6966596626321     
   43.2932819074405     
   15.5742545765518     
   8.53645319059635     
   20.6752332891127     
  -38.7877582336503     
  -21.7743088778261     
   18.7257279488976     
  -25.5134484075218     
   47.4470754988956     
   22.3305750744361     
  -32.1269913377416     
   62.2023075528798     
   22.9826070338234     
  -42.0958008440162     
   1.81233676365505     
   27.2364936181273     
   43.1879557135330     
   15.5567854445575     
 -0.977560627158873     
  -7.49583840668572     
   31.6141368771917     
   15.8770889087082     
  -1.61603075501471     
   1.25592006703874     
  -4.27781234608160     
   44.5094768418698     
  -40.8014654608779     
  -36.5664513092031     
  -23.5102116596937     
   13.6893204252420     
   16.2623136546166     
 -0.839314101154310     
 -0.558275589593635     
   48.2045441405999     
   22.5798287170834     
   22.9823680661382     
  -24.6536045983631     
  0.787326524239217     
   11.9457639380500     
  -48.1441989877427     
  -20.9679168476822     
   26.7918416323817     
  -42.9026089262678     
  -2.72586664700728     
  -3.23620810339366     
   10.1732885914540     
   1.75085324966806     
   26.5034504219110     
  -43.3056509216818     
   28.8696489369601     
  -43.6679091898263     
   22.1937893834536     
  -21.3946078896351     
  -38.2882442066435     
  -20.3738764520348     
  -6.11213936293831     
  -6.60349428610526     
   44.5729211971554     
   14.9271117357887     
   44.4504380031866     
   15.7512413527635     
 -0.775705427000828     
   16.7205178529523     
   39.0266724939395     
  -7.96437320477546     
  -44.1425611931289     
  -16.9811872096672     
  -2.23864300780057     
   18.5608765041115     
   26.7035989997054     
  -43.1046398550516     
  -45.1110462234858     
  -4.61613466431240     
  -29.6711791549322     
   13.9315126231328     
  -30.9368976152278     
  -12.4073326592676     
  -26.6602019859208     
  -3.01250617033726     
   9.38114572937666     
   3.91100048569131     
  -25.9833890996624     
  -10.6058550399256     
  -26.9964263399580     
  -4.74538213336481     
  -47.5681485904102     
  -19.7931875820317     
   25.6640773350420     
  -43.7602941057584     
  -1.43843501075149     
  2.600052944822459E-003
   29.4722395553421     
  -46.1891786201591     
   4.48629580660412     
   27.5967969672512     
  -17.5216941922505     
  -43.6975754812192     
   43.2920992090335     
   15.5791163015607     
   8.53482273489863     
   20.6766913592670     
  -38.7854239971155     
  -21.7772441168332     
   18.7284556424962     
  -25.5109550026785     
   47.4452059150448     
   22.3358851435644     
  -32.1322129646809     
   62.2002155818325     
   22.9869315596064     
  -42.0928591463766     
   1.81007846258822     
   27.2373266273722     
   43.1867703870231     
   15.5616340286842     
 -0.976594758078413     
  -7.49529560808802     
   31.6129402300854     
   15.8808225357514     
  -1.61596512857023     
   1.25620916922258     
  -4.28166932386684     
   44.5097520822116     
  -40.7977039509919     
  -36.5695758537492     
   23.5102130059082     
  -13.6903123513861     
  -16.2611418910298     
  0.839315645977916     
  0.558425077664686     
  -48.2059263776637     
  -22.5765240285802     
  -22.9810368574544     
   24.6554017321517     
 -0.788043398997592     
  -11.9452826863685     
   48.1452809198862     
   20.9657554988272     
  -26.7894375720964     
   42.9046062794235     
   2.72602790813764     
   3.23640334464095     
  -10.1734363110742     
  -1.74992244936392     
  -26.5010414546595     
   43.3076367083406     
  -28.8671922491710     
   43.6700255275149     
  -22.1926303383623     
   21.3963412759048     
   38.2893178983005     
   20.3722108517012     
   6.11248150863250     
   6.60355023555616     
  -44.5738504420756     
  -14.9240721116133     
  -44.4514218629324     
  -15.7482084105465     
  0.774686435352692     
  -16.7201252009356     
  -39.0262749623773     
   7.96708053129939     
   44.1434300415039     
   16.9792636504618     
   2.23751224595524     
  -18.5605350086646     
  -26.7011829482056     
   43.1066301808611     
   45.1112234497437     
   4.61412312314214     
   29.6703834635362     
  -13.9325783753604     
   30.9374916268671     
   12.4061199850922     
   26.6602229214898     
   3.01171465210240     
  -9.38139761737160     
  -3.91013877115108     
   25.9838766066626     
   10.6048799529119     
   26.9965589757458     
   4.74442579180529     
   47.5691461496576     
   19.7910580594419     
  -25.6616591889561     
   43.7622479560010     
   1.43836804494066     
 -2.458219153324088E-003
  -29.4696520056057     
   46.1913241154758     
  -4.48795843836051     
  -27.5961143466122     
   17.5240546848957     
   43.6970613380131     
  -43.2930766933610     
  -15.5761477882161     
  -8.53607059717650     
  -20.6757899544977     
   38.7865641947561     
   21.7754902868773     
  -18.7270644430483     
   25.5124718604080     
  -47.4465914495495     
  -22.3326305560785     
   32.1285258390307     
  -62.2015920779920     
  -22.9845985910897     
   42.0946429207193     
  -1.81171873542834     
  -27.2368018396127     
  -43.1877471312146     
  -15.5586746836722     
  0.976965969649119     
   7.49563099981017     
  -31.6139349702111     
  -15.8785432742194     
   1.61580363101666     
  -1.25598348326296     
   4.27895268959149     
  -44.5095805566501     
   40.7997402410165     
   36.5676555220686     
   23.5102628596696     
  -13.6896209513238     
   16.2620076593709     
  0.839314041259072     
 -0.558306488222192     
  -48.2049311233188     
   22.5788837746994     
  -22.9818824006621     
  -24.6541252715015     
 -0.787526404840190     
   11.9456896596936     
   48.1446524383689     
  -20.9669656503309     
  -26.7909619818474     
  -42.9031790062280     
   2.72594305149749     
  -3.23620172912145     
  -10.1733216454298     
   1.75062020816973     
  -26.5025891669240     
  -43.3062369337191     
  -28.8687974634433     
  -43.6685203612597     
  -22.1933601294206     
  -21.3951046328931     
   38.2886811825828     
  -20.3731486040112     
   6.11227401963369     
  -6.60344337749639     
  -44.5731786395250     
   14.9262695013372     
  -44.4507210668006     
   15.7503844521153     
  0.775379454220804     
   16.7204847505224     
  -39.0265229313686     
  -7.96514256116279     
   44.1429337295120     
  -16.9803522331238     
   2.23831696395032     
   18.5608503384698     
  -26.7027365210248     
  -43.1052051186972     
   45.1111488251436     
  -4.61527443503954     
   29.6709501495476     
   13.9319777958793     
   30.9371459956955     
  -12.4067944702716     
   26.6602207683881     
  -3.01213842069604     
  -9.38121304013423     
   3.91079437448212     
   25.9835879146249     
  -10.6053963262381     
   26.9964947487590     
  -4.74493793498097     
   47.5685560985118     
  -19.7922709774494     
  -25.6632033543541     
  -43.7608592155184     
   1.43843417928115     
  2.601891767408577E-003
  -29.4713140032058     
  -46.1898159197784     
  -4.48678471645752     
   27.5966689911455     
   17.5226183060325     
  -43.6972438973883     
  -43.2923715455871     
   15.5782911607840     
  -8.53519047378274     
   20.6764822447118     
   38.7858872115528     
  -21.7764847974713     
  -18.7279503384408     
  -25.5113850435488     
  -47.4456164382754     
   22.3349505476888     
   32.1310700315397     
   62.2007981175782     
  -22.9861046423547     
  -42.0933651981238     
  -1.81058626466720     
   27.2372483000120     
  -43.1870270618821     
   15.5608062585656     
  0.976746337062775     
  -7.49532408496969     
  -31.6132272818137     
   15.8801869042037     
   1.61593609164966     
   1.25619464423795     
   4.28084426350497     
   44.5097756802770     
   40.7985230383565     
  -36.5686970081950     
  -23.5103920253679     
   13.6894817754410     
   16.2618674525548     
 -0.839436790147587     
 -0.558395800188100     
   48.2047308286505     
   22.5787616247572     
   22.9816986702149     
  -24.6542404674697     
  0.787361501174652     
   11.9455941055449     
  -48.1447305088983     
  -20.9672787151171     
   26.7907987417832     
  -42.9033426863169     
  -2.72608858678983     
  -3.23632805555209     
   10.1731523979885     
   1.75052740785687     
   26.5024168275256     
  -43.3063498796789     
   28.8685389373578     
  -43.6686482759687     
   22.1932012006762     
  -21.3952742642557     
  -38.2888046353258     
  -20.3734044773824     
  -6.11243124772737     
  -6.60357557583224     
   44.5729931358293     
   14.9261894672264     
   44.4504817068728     
   15.7503082615276     
 -0.775577213770275     
   16.7203660546251     
   39.0263399044234     
  -7.96528341210030     
  -44.1430344649132     
  -16.9806491037079     
  -2.23856016174338     
   18.5607661057850     
   26.7025672297898     
  -43.1053602540502     
  -45.1112901877353     
  -4.61548668864698     
  -29.6711427898992     
   13.9318160354477     
  -30.9372944522758     
  -12.4069684192759     
  -26.6603968336786     
  -3.01228280703864     
   9.38104812407552     
   3.91071311892135     
  -25.9837753963953     
  -10.6055680302935     
  -26.9966698359771     
  -4.74513388210904     
  -47.5686443171752     
  -19.7926026130102     
   25.6630485208309     
  -43.7609955654912     
  -1.43859016632126     
  2.553099155774910E-003
   29.4711729541220     
  -46.1900008700981     
   4.48653141493079     
   27.5965827517512     
  -17.5226796011541     
  -43.6974290875011     
   43.2921727326982     
   15.5781963339054     
   8.53498644957252     
   20.6763506567308     
  -38.7859925030081     
  -21.7767447996325     
   18.7277684858000     
  -25.5115264147714     
   47.4454030456368     
   22.3348271300506     
  -32.1320183785262     
   62.2003379799372     
   22.9859338579923     
  -42.0934987969004     
   1.81033530776652     
   27.2371346240476     
   43.1868298723292     
   15.5607174889156     
 -0.976881642090141     
  -7.49543360245836     
   31.6129873432380     
   15.8800882360215     
  -1.61607552777614     
   1.25613302714705     
  -4.28122483784295     
   44.5096347492418     
  -40.7985517493956     
  -36.5690193004552     
   23.5101402381019     
  -13.6890309603175     
   16.2627611106280     
  0.839222109963505     
 -0.558238554691576     
  -48.2040701852224     
   22.5810573634305     
  -22.9829398150342     
  -24.6529941306181     
 -0.787116000007773     
   11.9459686378473     
   48.1437234131899     
  -20.9686969003424     
  -26.7927837233991     
  -42.9018705700991     
   2.72573121435551     
  -3.23612235066273     
  -10.1733035458639     
   1.75119528384172     
  -26.5044140319227     
  -43.3049426692965     
  -28.8705929473695     
  -43.6671322795747     
  -22.1942982880757     
  -21.3939937659491     
   38.2877754699893     
  -20.3744486318764     
   6.11196796933068     
  -6.60346723276630     
  -44.5726305432248     
   14.9282904151032     
  -44.4501210261269     
   15.7524153844112     
  0.775997711972744     
   16.7206950895583     
  -39.0268885333127     
  -7.96335944311014     
   44.1421759063287     
  -16.9818766424038     
   2.23900639247608     
   18.5610345359220     
  -26.7045548384700     
  -43.1039040333499     
   45.1109137632350     
  -4.61672917144573     
   29.6714154096923     
   13.9311500896421     
   30.9365853920356     
  -12.4077779183708     
   26.6601076795585     
  -3.01276385358554     
  -9.38111524223534     
   3.91133390382000     
   25.9831160898179     
  -10.6062363593977     
   26.9962876999802     
  -4.74568050095736     
   47.5676664323479     
  -19.7939571923501     
  -25.6650562000679     
  -43.7596105649244     
   1.43838726929750     
  2.680900601438211E-003
  -29.4732943206823     
  -46.1883884559216     
  -4.48574010361929     
   27.5970777925277     
   17.5207140180142     
  -43.6977360202815     
  -43.2917970993053     
   15.5802606192769     
  -8.53443233607462     
   20.6770525226822     
   38.7849163049630     
  -21.7778181860537     
  -18.7290359408350     
  -25.5104235653616     
  -47.4447663677848     
   22.3371056009268     
   32.1334574176565     
   62.1997917642621     
  -22.9878634392722     
  -42.0922217304449     
  -1.80954561611625     
   27.2375311037404     
  -43.1864544253471     
   15.5627761962087     
  0.976376216870891     
  -7.49517009152599     
  -31.6126451044112     
   15.8816927718074     
   1.61594856084772     
   1.25629062932968     
   4.28255713034653     
   44.5098381087258     
   40.7968964667908     
  -36.5701996064181     
   23.5101321092605     
  -13.6889308732921     
   16.2627833933741     
  0.839239138890075     
 -0.558249387340332     
  -48.2039489447734     
   22.5812540565306     
  -22.9830914340299     
  -24.6529075425456     
 -0.787036262560126     
   11.9459040739381     
   48.1435536402123     
  -20.9691341085656     
  -26.7930848948384     
  -42.9017614565144     
   2.72573922104536     
  -3.23617741502798     
  -10.1732891009542     
   1.75120699570436     
  -26.5046982994673     
  -43.3048113549726     
  -28.8709017421768     
  -43.6669997109653     
  -22.1944181253350     
  -21.3939278111867     
   38.2876272905251     
  -20.3747967067046     
   6.11190513088212     
  -6.60356550364831     
  -44.5725337257891     
   14.9285008000005     
  -44.4500550165347     
   15.7526176517637     
  0.776107784951226     
   16.7206151590240     
  -39.0269453482736     
  -7.96320126897918     
   44.1420431248192     
  -16.9822930287522     
   2.23912575315491     
   18.5609481167581     
  -26.7048386794372     
  -43.1038095183318     
   45.1108810689838     
  -4.61718005196408     
   29.6714924758001     
   13.9309287823754     
   30.9365023103856     
  -12.4080529881306     
   26.6601016104933     
  -3.01296617773415     
  -9.38109377405619     
   3.91134734611538     
   25.9830491337764     
  -10.6064487913954     
   26.9962759082361     
  -4.74588200817379     
   47.5675164724289     
  -19.7943959497001     
  -25.6653469182513     
  -43.7594742986004     
   1.43838597058292     
  2.614877922035174E-003
  -29.4735941844070     
  -46.1882695350668     
  -4.48556769156006     
   27.5970326297426     
   17.5204248921659     
  -43.6979223548128     
  -43.2917022840050     
   15.5804488054533     
  -8.53429592497039     
   20.6770381515358     
   38.7847773559478     
  -21.7781822489648     
  -18.7291948788952     
  -25.5103624124686     
  -47.4446437138922     
   22.3372954362207     
   32.1340553687030     
   62.1994291329323     
  -22.9881527408930     
  -42.0921315414390     
  -1.80935280884363     
   27.2374724478786     
  -43.1863644798563     
   15.5629619502109     
  0.976335233421514     
  -7.49521588621814     
  -31.6125475343198     
   15.8818147473521     
   1.61596620396002     
   1.25624050317234     
   4.28292829683844     
   44.5097161231304     
   40.7966341593358     
  -36.5705314851311     
