   4.3008555e+01   7.8935295e+01   1.4120089e+01   8.9666724e+01   6.9206110e+01   9.6787792e+01   9.7307206e+01   9.2410163e+01   2.9715372e+01   4.3832439e+01   9.0001985e+01   6.9655460e+01   3.0701737e+01   1.8321820e+01   8.2527963e+01   2.7651607e+01   1.7961868e+00   1.6531724e+01   9.6662204e+01   6.0118010e+01   5.6797507e+01   9.3822642e+01   6.1038048e+01   3.3879253e+01   9.9874364e+01   8.6302049e+01   1.7180956e+00   1.2845315e+00   1.2152288e+01   3.1653156e+00
  -8.6032593e+01  -1.5541585e+00   1.8235905e+01   2.6285544e+01  -7.2642647e+01  -6.8027236e+01   8.5798660e+00  -4.2238695e+01   6.5504694e+01   3.8129132e+01  -8.7559592e+00  -2.8301761e+01  -8.8881091e+01  -3.6637850e+01   5.1049312e+00  -7.9229995e+01   5.7877710e+01  -4.2938706e+01   7.4905362e+01  -9.0011361e+01  -4.6405402e+01   3.2128715e+01  -9.4579524e+01   2.1162939e+01   9.9080163e+01   3.4737743e+01  -4.8107202e+01  -8.9632992e+01   2.0408820e+01   9.3323414e+01
  -9.4121252e+01   8.3746088e+01  -7.8536864e+01   4.4694165e+01   1.6977859e+01  -9.8087697e+01   6.8549203e+01  -6.3430323e+00  -9.6431407e+01   9.2953518e+01  -8.5535230e+00  -9.2838812e+01   3.8957578e+01   8.7408627e+01   6.0920802e+01  -8.9720723e+01   6.4068979e+00   1.7526225e+01  -1.7249457e+01  -1.4189223e+01  -8.6081841e+00  -6.2084052e+01   7.3873615e+01   8.8752714e+01   1.8802495e+01  -2.0484619e+01  -7.3998937e+01  -9.8431475e+01   5.9464019e+01   6.6342080e+01
   6.2032133e+01   8.1468415e+01  -1.7201382e-01  -3.3968678e+01  -3.2840704e+01   4.5933590e+01   1.6559539e+01   2.0128705e+01  -7.7547937e+01  -7.5132230e+01   9.5577182e+01   6.7463338e+01  -3.5403506e+01   3.1368645e+01   2.1988253e+01   2.7271190e+01  -8.1186108e+01  -6.5199938e+01   7.4527569e+01  -6.0472233e+01  -4.6675437e+01  -5.8909084e+01  -2.4823534e+01   4.7138296e+01  -1.5575931e+01  -6.7079356e+01  -6.1951000e+01  -1.1813051e+01  -2.0157112e+01   4.2003038e+01
  -2.1494163e+01   4.2495995e+01   2.4446806e+01  -3.2993015e+01   9.4357605e+01   7.1159857e+01  -1.9187046e+01  -3.9340331e+01  -5.3013200e+01   1.8058082e+00  -1.4709172e+01   7.2938632e+01  -3.1510819e+01   8.1459272e+01   8.1626312e+01   7.3779718e-01  -8.8170974e-01  -3.8681017e+01  -6.7838004e+01   5.9718399e+01   5.1228532e+01  -4.6778040e+01  -1.2590529e+01   1.7846700e+00   4.9739293e+01  -3.4209542e+01   6.5130515e+01  -1.2395016e+01  -3.8472894e+01   1.9899715e+01
   2.8825141e+00  -1.1376923e+01   1.0583016e+01  -8.1904574e+01   2.2322652e+01   3.2743611e+01   8.8318485e+01   5.4626353e+01   3.1445899e+01  -9.7831077e+01   5.9389789e+01  -9.4109838e+01  -7.2098734e+01  -8.9162634e+01   4.4260769e+00   4.9137175e+01  -9.3155113e+01  -9.1236184e+01  -1.0268581e+01  -3.4965978e+01  -7.7923631e+01  -7.2182581e+01  -4.8468551e+01  -5.3518101e+01   7.5499139e+01   5.1490737e+01  -9.5508833e+01  -7.9060932e+01   3.9540993e+01  -5.6732245e+01
  -2.4930442e+01   8.8870941e+01   1.0545360e+01  -6.9055256e+01   3.6830208e+01  -2.1367470e+01   9.2072422e+01   5.8959669e+01   2.0979296e+01   8.8676722e+01   5.0688570e+01   8.1902629e+01  -2.7090563e+00   8.7294107e+01   8.8437189e+01   5.9644171e+01  -5.4059946e+01  -6.0010677e+01   1.5828281e+00  -4.5167915e+01   2.4685859e+01  -7.1296282e+01  -8.3781819e+01   7.8639348e+01  -1.1105249e+01   6.7972416e+01  -3.3441239e+01   7.4884066e+01   5.0739076e+01   7.8139078e+00
  -3.4379640e+00   6.3977826e+01   7.7651719e+01  -1.0937650e+01  -4.3258979e+01   4.6126665e+01  -4.4460984e+00  -7.3261535e+01   7.6064447e+01  -5.9689489e+01  -6.8374848e+01  -7.8126315e+01   8.4974490e+01  -4.5397880e+00  -2.6220150e+01   1.5026940e+01   8.5190906e+01   9.4224968e+01  -8.6690293e+01  -8.2254609e+01  -7.0344669e+01   8.4005050e+01  -2.4736510e+01   7.8615373e+01  -9.6168498e+01   9.8317061e+01   5.4372329e+01  -1.2759979e+01  -4.1591915e+01  -5.6357919e+01
   5.5177015e+01   1.5436968e+01   5.9892455e+01   9.5468891e+01  -6.1266292e+01  -9.1962210e+01   9.6459312e+01   7.4530001e+01   9.6222401e+01   2.7154536e+01   2.5337602e+01   1.8879831e+01   2.4965738e+01   6.5759035e+01   8.4213412e+01   1.8007392e+01  -7.7656945e+01   5.6409500e+01  -9.2585939e+01  -2.7538991e+01   9.9035503e+01   7.9338353e+01  -8.9437174e+01  -6.9190607e+01  -1.8871998e+00   2.4970524e+01   6.0242901e+01   4.6807340e+01  -4.7042507e+01  -2.2802548e+01
  -4.7248481e+01  -5.9257668e+01   9.3621983e+01   8.4733303e+01  -5.7884664e+00   8.8583316e+01  -2.2788678e+01   3.1824057e+01   9.0382494e+00  -8.0213133e+01  -4.1624431e+01   3.0738894e+01   6.4745349e+01  -9.6336849e+01   5.6075674e+01   7.5447681e+01  -8.5203311e+01   1.6771631e+01   3.4249050e-01   7.3919144e+01  -1.3557646e+01   1.6846302e+01   3.3975086e+01   2.7920161e+01  -7.6294280e+01   9.9436692e+01   1.0419694e+01  -3.8271757e+01   2.7280117e+00   6.6790523e+01
   8.1205812e+01  -9.8373287e+00   2.2496706e+01  -1.8067110e+01  -7.2221030e+01  -3.7741992e+01  -9.7267638e+01  -3.6299164e+01  -7.9611119e+01   5.5730175e+01   2.2956437e+01   5.9282286e+01   6.9340756e+01  -6.3966616e+01  -1.5576072e+01   9.4353033e+01  -3.4362126e+01   3.2756192e+01  -6.4196196e+00  -1.2791751e+00  -6.9941854e+01  -4.3478657e+01  -5.7689995e+01  -2.6537645e+01  -6.2530749e+01  -5.5839530e+01  -1.6661988e+01  -5.4939044e+01  -6.8278471e+01   3.0521946e+01
   4.7763614e+00  -7.3723529e+01   9.5312132e+01  -2.9336870e-01   8.3476597e+01  -6.1919199e+01   4.9774755e+00  -8.2207529e-02  -4.8066475e+01   7.9063541e+01  -9.8604685e+01   7.2242733e+01  -2.3612641e+01   7.1473347e+01  -9.2914728e+01  -6.1287952e+01   1.7424855e+01  -9.3256815e+01  -6.8830762e+01  -8.1673770e+01  -6.1152530e+01  -3.3389190e+01   7.2212200e+01  -7.0690686e+01  -8.4648420e+01   2.8381258e+01  -5.6947478e+01  -5.1474274e+01  -1.3190319e+01  -5.6207122e+01
   6.7974566e+01  -5.6516691e+01   9.0050656e+01   5.6342021e+01  -1.0890653e+01   5.8247655e+00   6.3922570e+01   9.9894772e+01   6.5740178e+01   2.3147299e+01   9.2931093e+01  -7.8565107e+01   3.4990468e+01   2.7398708e+00   8.1865066e+01   5.1692486e+01  -4.6653275e+01   5.3429944e+01  -7.9850034e+01   9.1056332e+01  -2.6227462e+01   7.4892457e+01  -8.6712636e+01   4.2581174e+01  -2.2347921e+01  -5.6586138e+01   6.4813190e+01   2.3373263e+01  -4.0164079e+01   5.5409376e+01
  -8.7313902e+00  -2.2256478e+01   3.6382570e+01  -4.3411922e+01   6.9477656e+01  -3.0814825e+01   3.9974300e+01   1.0238279e+01   8.5420350e+01  -2.1684537e+01   7.9986787e+01   2.2134544e+01   3.8674748e+01   4.9822205e+01  -5.9927968e+01  -7.0499021e+01   1.9799061e+01   5.2766608e+01   2.0934776e+01   9.1449044e+01   7.2235218e+01   9.0278425e+01   4.4184122e+01   3.5154266e+01   2.9437856e+01   8.6391133e+01   2.5562981e+01   9.6374209e+01   7.3044539e+01  -6.7536757e+01
  -9.0515072e+00  -9.6892974e+01  -6.5331252e+00  -3.3176692e+01   1.9313526e+00  -7.4183894e+01  -4.3041208e+01   5.4544882e+01  -8.9068014e+01  -4.7994049e+01   4.0702531e+01   1.2223342e+01  -1.1864475e+01  -7.4303279e+01   9.4117438e+01   9.5446989e+01  -2.7318437e+01   7.4649681e+01  -2.9766780e+01  -2.9832085e+01  -6.0333690e+01   2.9464115e+00  -5.5890467e+01  -5.3124396e+01  -4.0425110e+01   1.3306060e+01  -4.6180752e+01  -5.5832015e+01  -4.4298187e+01  -5.5677495e+01
  -9.8905735e+01  -3.4149470e+01   3.1149094e+01  -2.8241090e+01  -2.0149799e+01  -5.0242162e+01  -9.6199284e+01  -9.7967439e+01  -2.4786313e+01   2.3524474e+01  -8.1469433e+01   7.3986286e+01  -1.8745060e+01  -8.3365228e+01  -4.5953133e+01   8.4901599e+01  -8.3873407e+01  -8.9023859e+01  -4.3131302e+01   2.0383278e+01  -7.4012877e+01   3.0469087e+01  -1.0435573e+01  -5.7536792e+01  -8.6260521e+01   4.9679391e+01  -2.0481144e+01   2.2865279e+00   8.2082220e+01  -8.4409201e+01
  -9.4901909e+01  -3.7024457e+01  -9.6605044e+01   5.9783639e+01  -4.6477243e+01   1.7101222e-01  -6.3962774e+01   7.9401309e+01   2.0113896e+01   8.9249973e+01   4.7194729e+01   8.9627542e+01  -8.2999330e+01  -4.8284415e+01   3.8382326e+01  -6.1614094e+01   9.4684322e+01   4.4430414e+01   1.5994762e+01  -4.8755291e+01  -6.1420634e+00  -4.6189046e+01   4.3346548e+01  -2.6175304e+01  -6.6127334e+01   8.5889976e+01   7.0563136e+01  -7.0007016e+01  -8.8318961e+01   5.0692385e+01
   3.0138930e+01   9.8460362e+01   7.3524825e+01  -2.2636570e+01  -6.8956125e+01   2.6079360e+01   4.9842490e+01  -6.8488437e+01  -2.8619753e+01  -6.9994182e+01   8.0692454e+00   1.2330293e+01   4.2227251e+01  -3.6037899e+01  -6.7453162e+01   7.2088310e+01   7.2847267e+01  -7.0654979e+01  -8.9170192e+01  -2.5093236e+00   1.0623267e+01  -9.6983766e+01   3.1774688e+01   9.0318271e+01  -4.7547494e+01  -4.7627222e+01   2.1422582e+00   7.2438524e+01   9.2028809e+01   8.1984111e+01
   1.4478309e+00  -7.3541921e+01  -6.7704202e+01  -1.8792039e+01   5.2582840e+01  -4.9535840e+01  -2.3077473e+01   5.1214754e+01  -8.4265818e+01  -6.3615374e+01   7.4385780e+00  -3.7817989e+01   3.6415432e+00  -2.9336568e+01  -9.7599619e+01  -1.7008009e+01  -3.5162113e+01  -2.6393888e+01  -2.3450326e+01   3.7105979e+01  -6.4756380e+00   9.0937626e+01  -5.2883059e+00   7.0910823e+01  -9.2896197e+01  -1.5604986e+01  -2.5881892e+01   4.2274651e+01  -7.3213500e+01  -5.9956939e+01
   7.7438594e+01  -9.3457217e+01  -7.7362923e+01  -4.4743682e+01   3.1247203e+00   2.4134626e+01   5.3440919e+01   6.3011686e+01  -8.7609281e+01   9.9403774e+01   8.9744279e+01  -5.2363334e+01  -4.2826514e+01   3.4541346e+01   1.4912472e+01  -7.7615297e+01   9.6569982e+01  -8.7312827e+00  -8.0782238e+01  -1.2631101e+01  -6.6180568e+01   3.4562024e+01   9.9216221e+01   4.1111905e+01   4.9481061e+00  -2.1980620e+01  -4.9745226e+01  -7.2382144e+01   8.3836094e+01  -6.1387431e+01
   2.4468387e+01   1.7601191e+00   2.5506524e+01   1.6643666e+01   1.2500099e+01   3.7060268e+01   1.4313038e+01   4.5357829e+01  -5.0234820e+01   2.6736901e+01  -5.6270488e+01   5.2367841e+01   8.6617732e+00   9.8336641e+01  -6.0900822e+00   2.9753854e+01   4.3200179e+01  -3.1568252e+00  -7.4336448e+01   2.1366857e+01  -2.6496351e+01  -5.3775851e+01   2.5454365e+01  -5.1374404e+01  -2.8428683e+01   3.5430171e+01  -8.5100672e+01  -9.3006366e+01   9.3799598e+01   8.3562647e+01
  -6.3326883e+00  -9.9422671e+01   6.3934515e+01  -2.3773882e+01  -8.7232590e+01  -7.8857086e+01   1.5370005e+00   3.3086194e+01  -3.6834701e+01  -2.1310058e+00  -5.2708746e+01   5.0908181e+01  -6.2356754e+00  -2.8162806e+01  -5.5525413e+01  -6.7723282e+01  -7.1264963e+01   1.1636218e+01  -1.9550168e+01  -9.4682844e+01  -4.3852657e+01  -9.5625209e+01  -1.3391563e+01   3.1021712e+01  -2.6192327e+00  -3.3790204e+01  -6.6329804e+01   5.4169240e+01  -5.1522792e+01  -8.9893261e+01
  -8.6734342e+01   3.3299589e+01  -5.7672105e+01  -4.0441310e+01   7.9153955e+01  -8.0833299e+01   8.9273484e+01  -5.8335749e+01   5.1322335e+01  -1.5208412e+01   3.7447784e+01   2.6137388e+01   3.6731509e+01   2.6002206e+01   9.2356036e+01  -8.5756440e+01   2.1130882e+01   1.2843640e+01   6.2307465e+01   5.8404013e+01   2.3962928e+01   7.1846528e+01  -2.7058723e+01   2.2716314e+01  -8.1505049e+01   8.2023480e+01  -1.9119152e+00  -9.7646406e+01   7.4550305e+01   1.4290592e+01
  -1.7625706e+01  -4.4254771e+01   1.2710734e+01   7.0037956e+01  -6.5198920e+01  -8.5110293e+01   7.0874945e+01   2.9321191e+00   7.1548637e+01  -9.2830592e+01   1.6811506e+01  -8.3755570e+01  -4.5508504e+01   5.1671341e+01   9.1134777e+01  -9.4905864e+01  -6.4972403e+01  -5.1389225e+01   3.2278920e+01  -8.6776440e+00   7.4143887e+01   7.5273510e+01  -5.0747047e+01   5.2060884e+01  -7.8154911e-01  -6.4305331e+01  -4.5472914e+01   1.2266503e+01   4.5366465e+01  -1.1439561e+00
   3.8427218e+01  -4.2601773e+01   8.7610105e+00  -6.0805769e+01  -1.1280434e+01  -9.0909930e+01  -4.5049471e+01  -9.5084065e+00  -6.7326678e+01  -5.6116345e+01   7.8715293e+01  -4.7680662e+01   7.1805468e+01  -5.3943276e+01   7.0857769e+01  -3.9949815e+01   4.5549436e+00  -8.4885318e+01  -4.3064821e+01  -6.8859678e+01   4.1697255e+01   4.8556568e+01   4.2673914e+01   1.1172671e+01  -6.6398917e+01  -2.5605532e+01  -2.7069284e+01   5.6099688e+01   4.8629510e+01  -6.7372502e+01
  -6.1970941e+01   6.3048398e+01   4.3525922e+01   2.2684398e+01  -7.5234987e+00   7.6334673e+01  -9.5307091e+01  -1.5214728e+01  -9.7152354e+01   3.1818983e+01  -3.7363811e+01   3.6602276e+01   1.5282267e+01   7.3937501e+00  -4.6120816e+01  -8.1307699e+01  -1.2222076e+01  -6.9403609e+01  -5.8171951e+01   3.6258974e+01  -9.1660192e+01   5.9799730e+01  -9.3803010e+01  -6.2623202e+01   8.9668071e+00  -2.0424646e+01  -5.8748642e+01   5.6572654e+01   6.9570136e+01   2.1304228e+01
   3.8468476e+01  -6.0530759e+01  -4.1688193e+01   8.1964023e+01   2.5334507e+01  -5.4971650e+01   7.9842630e+01   3.8980708e+01   3.9296219e+01  -4.4955398e+01   1.1810918e+01  -5.9636248e+01   5.9895000e+01   2.4178602e+01  -5.5219662e+01   9.2490100e+01  -8.2622957e+01  -5.8011794e+01  -5.6934828e+01   7.0082142e+01  -4.6182766e+01  -2.4862317e+01  -2.9593707e+01   2.4633985e+01   3.3631381e+01  -4.1917982e+01   4.3269716e+01   4.2511345e+01   3.8590695e+01   3.4860183e+01
  -2.5995676e+01  -7.2905536e+01  -2.7124588e+01  -1.9307762e+01  -2.9020453e+01  -2.1857938e+00  -2.0026312e+01   3.2454305e+01  -3.5729897e+01  -6.3457005e+01  -8.6333622e+01   2.2459457e+01   2.7130702e+01  -7.8301417e+01  -6.7132243e+01  -2.7448263e+01   4.6097302e+01   6.5181985e+01   5.1094363e+01  -7.1393971e+01  -2.8706839e+01   7.9030582e+01   7.1096179e+01  -6.0240118e+01   3.1091992e+01  -7.4288703e+01  -4.2954710e+01   3.1344302e+01  -3.4062216e+01   9.1654080e+01
   5.0582419e+01   8.4703516e+01  -7.6741014e+01  -4.5973707e+01  -7.0705069e+01   6.2825433e+01   6.3729290e+01  -9.1488854e+01   9.2744174e+01  -5.9496188e+01  -6.5847579e+01  -2.5567241e+01  -5.7088279e+01  -7.1906315e+01  -3.6088391e+01  -3.8767989e+01  -8.9859970e+01  -3.1424928e+01  -7.7621366e+01  -7.2097371e+01   9.0677698e+01  -6.0743579e+01  -8.0505081e+01  -8.8958043e+01  -3.0771862e+01   5.4367429e+01   7.8600727e+01   4.1553605e+01  -3.8645434e+01  -7.4898075e+01
   4.7460469e+01  -9.4854707e+01   1.1306616e+01  -2.6999088e+00  -8.5415656e+01  -2.2850102e+01  -6.1095379e+01   6.0400626e+01  -3.3366295e+01   5.6881268e+01  -5.8569821e+01   2.3460347e+00  -4.7317796e+01   6.7939247e+01  -3.6678595e+01  -3.2248191e+01   7.9747306e+01   5.2037599e+01   1.7168439e+01  -2.9714417e+01  -6.6446240e+00  -2.3615470e+01  -3.8711546e+00  -5.3033938e+01   3.3409504e+01   7.7884870e+01  -6.8346223e+01   2.5224021e+01   7.6241171e+01  -7.4965860e+01
   2.7893066e+00  -3.9413266e+01   7.2497161e+01  -7.9191852e+01   1.4925717e+01   4.8295637e+01  -6.9478315e+01  -3.8926230e+01  -5.9711718e+01  -7.9107793e+01   1.4595696e-01   8.1129872e+00  -6.4854452e+01   7.2263650e+01  -8.7343901e+01  -7.9573738e+01  -2.1418121e+01  -4.7996241e+01   8.3084257e+01  -9.5784615e+01   2.7453382e+01  -8.7110597e+00  -5.1509099e+01   6.3669123e+01   2.5781924e+01   6.5185321e+01   7.0110990e+01   8.6311835e+00  -7.5090057e+01  -2.1504971e+01
   9.2827437e+01  -6.6280976e+01  -5.7337438e+01  -7.0515912e+01   2.7331012e+01  -2.2494785e+01   5.0617256e+01   7.9068337e+01  -5.8804005e+01  -2.2884544e+01   6.8958740e+01  -3.9798338e+01   8.3428709e+01   5.4568086e+01   8.0017326e+01  -1.1441294e+01   2.4234122e+01  -1.2109148e+01  -7.3267574e+01   2.7032756e+01   8.8527545e+01   2.1399362e+01   2.3002665e+01  -3.5047985e+01  -7.7999220e+01   9.2485166e+01  -5.9339758e+01   2.0429575e+01   2.9576314e+00  -3.6004536e+01
   9.2550419e+01  -9.7535986e+01  -5.6746432e+01  -1.2725835e+01   6.4134982e+01  -6.9440556e+01   6.6287851e+01  -7.6471405e+01   5.0188547e+01   3.3940730e+01   7.3398760e+01   6.2082034e+01   3.1476819e+01  -2.0394950e+00   9.4139851e+01  -7.9664731e+01  -5.8988507e+01   9.2946923e+01   3.6558950e+01  -3.3585393e+01  -3.3856485e+01   4.0490881e+01  -1.6385467e+01  -4.1217814e+01   4.4403580e+00   4.9371157e+01  -4.1248808e+01  -5.7121449e+01  -7.5287154e+01  -4.3283058e+00
   3.4812842e+00  -2.6696097e+01  -7.1400293e+01  -5.0640070e+01  -6.9497765e+01   7.0344984e+01  -8.8710007e+01   7.1358787e+01   7.4199876e+01   3.4672163e+01   5.6176650e+01   9.4303925e+01   4.2385045e+01  -8.1571556e+00   7.9685046e+01  -2.7749588e+01   2.8616541e+01  -7.3899452e+01  -5.0548003e+01   6.9627258e+01  -2.1582232e+01   4.6930147e+00  -7.9765273e+01  -3.3919345e+01  -3.4718676e+01  -7.1415470e+01  -7.6791319e+01   5.6139105e+01  -7.1503903e+00  -9.9113350e+01
   2.3211313e+01  -4.0854099e+01   6.2923308e+01   9.1978928e+01  -1.2506954e+01  -1.9360025e+01   8.2990210e+01  -3.6517608e+01  -2.3447761e+01  -4.7202618e+01  -6.0292584e+01  -3.8482316e+01   2.5763289e+01  -3.1188114e+01   9.3656088e+01  -2.8257770e+01   3.0889706e+00  -9.9231140e+01  -6.7949426e+01  -6.0110684e+01  -5.3043880e+01   7.6835470e+01  -9.8624565e+01  -4.9609579e+00   6.0481410e+01  -9.3102199e+01   8.5186658e+01  -1.1567858e+01  -1.5381050e+01  -6.1447509e+01
   2.6318911e+01   4.6279677e+01   6.1411577e+01  -5.7772363e+01   7.6678428e+01   5.4643777e+01   8.6610279e+00   8.5487797e+01  -5.9642683e+01   4.0845071e+01   7.2964372e+01  -2.0782957e+01  -5.9221415e+00  -4.5010117e+01   5.6287790e+01   8.0642152e+01  -4.2217780e+01   5.5189917e+01   2.2789065e+01   6.1746951e+01   4.1051382e+01   6.0841566e+01   3.1213230e+01   6.1922527e+01  -9.7811554e+01   3.4234765e+01   4.4443436e+01  -5.3470741e+01  -1.1234781e+01  -7.8865139e+01
  -7.2179530e-01  -5.2373946e+01  -9.7235126e+01  -1.3217752e+00   1.5103141e+00  -3.5726303e+01  -4.1597870e+00  -6.3428272e+01  -5.2747939e+01   8.3269191e+01  -6.0897419e+01  -3.9662804e+00   4.3181893e+01   8.7316143e+01  -6.5820585e+01   1.7193326e+01  -7.6507320e+01   2.2026933e+01  -2.8368515e+01  -2.6963260e+01  -4.1085366e+01   2.2919284e+01  -6.0604553e+01   8.5039043e+01  -2.1878837e+01  -3.8929004e+01  -7.3551167e+01  -3.2736141e+01   6.8248888e+01   1.1683535e+00
   2.4440928e+01  -7.9844811e+00   4.8183782e+01   9.0224462e+01  -7.9833249e+01   9.0534142e+01  -7.1607126e+00  -6.9854602e+01   8.2462046e+01   2.0419319e+01  -7.9393964e+01  -4.5292080e+00  -7.5266744e+01  -1.4332525e+00  -2.6212323e+01  -3.4680651e+01   5.4890119e+01  -3.0861314e+01   6.9989942e+01   7.9971193e+01   5.6106021e+01   4.5912638e+01   8.6298032e+01  -7.1540469e+01   2.1855132e+01  -1.7406399e+01   3.7636857e+01  -1.9914219e+01  -4.4264858e+01  -1.9283459e+01
   3.2995067e+01   5.6076442e+01  -7.4045811e+01  -8.2676345e+01   9.6629648e+01  -9.7594599e+00   9.8307802e+01  -4.0039545e+01   6.9693762e+01  -3.6744319e+01  -8.9605438e+01   4.2619815e+01   4.3138314e+01  -5.5256802e+01   3.2427442e+01   5.2444366e+00   4.6492930e+01   3.5316265e+01  -3.7990910e+01   1.0222293e+01  -4.3475537e+01   7.2647201e+01   5.3913117e+01  -7.3230611e+01  -3.9613152e+01   8.3532807e+01   9.5033078e+01   8.1018401e+01   5.9066096e+01  -1.8401427e+01
  -2.0488001e+01   4.6442632e+00   6.9417261e+01   9.7933199e+01  -2.4939006e+01   4.2022378e+01  -9.2029992e+01   1.3348670e+00   6.3000261e+01   5.6440014e+01   7.1263691e+01  -2.6479168e+00   7.5254890e+01  -1.6319673e+01  -1.3720704e+01  -7.4563808e+01   5.4719338e+01  -4.8175392e+01   3.0982907e+01  -8.3350832e+01  -1.6303402e+00   2.1100694e+01   5.0404226e+01   2.6506374e+01  -7.2158802e+01   7.1493698e+00  -8.4013583e+01   5.3867850e+01   9.4046925e+01  -2.3900886e+01
   6.2979260e+01   6.3213133e+01   1.5900868e+01   7.3670985e+01   3.9473314e+01  -1.3175639e+00  -6.6459078e+01  -6.4307900e+01   1.8408428e+01  -5.4866047e+01  -3.2200816e+01  -9.3021375e+01   9.2152498e+01   5.7658021e+00  -3.7565195e+01   9.7633686e+01   2.1237062e+00   7.3553659e+01   6.3363571e+01  -9.6360686e+00   6.5170448e+01  -9.1984351e+01   1.5648692e+01   2.3213283e+01   7.0049687e+01  -7.3680936e+01   5.5392047e+01   2.6042416e+01  -8.6882420e+01  -2.2958027e+01
  -7.0274782e+01  -2.4560969e+01  -3.4897346e+01   1.4845030e+00   6.7133913e+01  -4.9842582e+01   6.7653044e+01   7.2313017e+01   2.4271720e+01  -6.7582610e+01  -7.3929023e+01   8.9812804e+01  -6.4526493e+01   5.5836130e+00  -2.9600543e+01  -7.9216659e+01  -6.6353808e+01   7.7943012e+01   8.4312686e+01  -9.9093507e+01   1.5822974e+01  -2.9380654e+01   7.1288270e+01  -9.1173523e+01  -5.9191227e+01  -4.3301891e+01  -6.5228659e+01   7.2108129e+00   9.1769470e+01  -8.0923811e+01
   7.1273638e+01  -8.9651663e+00   6.7894012e+01   9.7583009e+01  -6.1215962e+01  -6.6560296e+01  -7.6827042e+01  -1.2123966e+01  -7.3882384e+01   3.6594288e+01  -6.0377220e+01   1.0531517e+01   9.5506271e+01  -3.4080363e+01  -9.7305732e+01   6.5494035e+01  -6.2673092e+01  -4.8274023e+00   3.7664533e+01  -4.0098654e+01  -6.0022779e+01  -3.0338914e+01   1.0132947e+01  -4.8826876e+01   7.2895206e+01   9.6952839e+01   8.7549872e+01   3.2478931e+01   3.5685190e+01   9.3852518e+01
  -2.1274726e+01  -7.1443641e+01  -9.9137502e+01  -4.9311187e+01  -2.0265910e+01  -6.6673481e+01  -5.5093414e+01  -4.3094893e+01  -6.5184094e+00  -8.7277198e+01  -1.4763849e+01   9.1895889e+01  -1.5600325e+01   6.2636567e+01   6.8316334e+01   6.5340409e+00  -9.3473402e+01   3.9128751e+01   8.4112476e+01   1.5023222e+01   4.3787975e+00  -5.4827748e+01   5.7924471e+01   4.7779594e+01   2.2767064e+01  -7.3978950e+01   2.9252446e+01  -5.5747406e+01   8.4574437e+01   1.6709417e+01
  -2.6498106e+01  -3.7426508e+01   1.8043567e+01  -8.9368464e+01  -2.5956081e+01   7.7453641e+01   9.5267977e+01   5.3586816e+01  -5.0948539e+01   8.3951835e+01   4.7363448e+01  -2.7294411e+01   6.7024282e+01  -3.6420766e+01   2.0788036e+01  -3.9700795e+01   8.4535507e+01   7.4079211e+01  -4.5402842e+01   6.7933620e+01  -1.8797713e+01  -6.5020238e+01   7.7120894e+01  -9.7720906e+00   2.2179466e+01  -2.8645363e+01   5.3393132e+01  -9.5137806e+01  -2.4510509e+01   9.9374104e+01
  -5.6356052e+01  -1.0350735e+01   5.0470489e+01   7.6744918e+01   6.7440159e+01  -6.3537894e+01   5.9183006e+00  -7.3165176e+00  -1.8461391e+01  -6.4939748e+01  -9.2101508e+01  -6.7632262e+01   2.1255392e+01   2.9850304e+01  -6.6737440e+01  -3.0404684e+01  -7.6850204e+01   5.0053937e+01   5.3734823e+01   9.2519767e+01  -9.1411173e+01   8.8648252e+01   4.3691663e+00   5.0427753e+01   4.8810961e+01  -4.7013021e+01  -4.8360028e+01  -8.2152514e+01   4.0978698e+01   2.1471160e+01
   8.1683669e+01   1.7183986e+01   1.4035503e+01   6.0189859e+01  -5.1448303e+01  -8.4296863e+01   1.8702458e+01  -3.9333154e+01  -9.4606744e+01  -6.3438612e+01   4.3122858e+01   6.3560845e+01   5.7646256e+01   6.4878561e+01  -9.5893564e+01  -2.1887454e+01  -1.2151018e+00  -8.6372735e+01   1.8820569e+01   3.4091539e+01  -1.8462543e+01  -2.8990561e+01  -3.0385606e+01   6.4652949e+01   1.1237996e+01   3.6491825e+01  -8.9413856e+01  -4.9342611e+01   8.0214903e+01  -6.2095971e+01
  -9.6700929e+01   3.8729822e+01  -1.6199955e+01   5.3197973e+00  -7.8038818e+01  -4.2858217e+01  -4.6533376e+01  -7.7614282e+01  -1.4077985e+01   6.5035998e+01   1.0981514e+01  -7.0978574e+01   7.2008332e+01  -2.5380258e+01  -3.8940027e+01   4.7010569e+01  -5.3380976e+00  -9.7069033e+01   1.8595227e+01   3.7829196e+01   2.7563020e+01  -5.1080998e+01   7.6246067e+01  -5.8003650e+01  -2.0846066e+01   3.3575129e+01  -8.2127288e+01   3.5320946e+01   7.8413701e+01   8.5235853e+01
  -8.7983031e+00  -3.8835001e+01  -7.2607337e+01   5.1420483e+01   9.3537789e+01   6.4543812e+01   8.4722240e+01   8.6241730e+01   7.1285726e+01   7.4595083e+01  -4.6525965e+01  -1.2057172e+01   4.5025049e+01  -6.6051564e+01  -7.3542945e+01   7.9919066e+01  -6.6499407e+01  -6.1607566e+01   7.5026624e+01   5.0633916e+01   4.8891950e+01   4.5824361e+00   9.7567668e+01  -3.0581866e+01   9.3514258e+01  -2.3773402e+01   5.9053472e+01   2.6030499e+01   7.4775935e+01   1.3132297e+01
   6.4094223e+01  -8.1735597e+01   8.6916090e+01   7.1387290e+01   1.8188658e+01  -4.4175303e+01   4.6558573e+01  -8.5969895e+01  -6.8716224e+01  -7.8915130e+01   6.2197967e+01   7.1401257e+01   6.4029065e+01   4.7489538e+01   6.5613095e+01  -9.6435640e+01   6.6615538e+01   5.2585075e+01  -1.0565662e+01  -2.6217438e+01   5.5273633e+01  -4.0243050e+01  -7.2692933e+01  -7.9987878e+01  -7.1972177e+00  -7.6959471e+01   5.4747684e+01  -7.1530299e+01   1.0992700e+01   7.9206528e+01
   6.6107387e+01   1.5054188e+01   1.3892990e+01  -6.2099631e+00  -8.4411594e+01   2.6621561e+01  -3.8775994e+01  -4.0912799e+01  -8.4463718e+01  -6.3897012e+01   6.0880969e+01  -8.3132230e+01   7.6525892e+01   2.1894077e+01   9.4760773e+01  -7.1556675e+01   9.7706378e+01   2.8064819e+01   3.4033041e+01  -1.1202394e+01   1.1727033e+01   7.7880285e+01   7.7861105e+01  -8.0199782e+00  -3.0958476e+01   7.5093132e+00  -5.5321584e+01   9.6016916e+01  -7.6126681e+01  -4.9146419e+00
   6.6470725e+01  -2.7963805e+01  -6.4071008e+01   5.1709273e+01  -2.6027173e+01  -7.2372699e+01  -5.0737429e+01  -9.4119639e+01  -9.6025299e+01  -9.9046205e+01  -1.7270125e+01  -8.0300240e+00  -7.3655920e+00   6.4505678e+01  -6.3436607e+01   3.1890354e+01   3.0940941e+01  -5.3404033e+01  -4.5339075e+01  -5.4756889e+01   7.5247669e+01   8.4693213e+01  -4.5411929e+01  -2.9337576e+01   5.3843476e+01   1.9050804e+01   2.1868057e+01  -7.6793125e+01   8.3032995e+01  -7.6378204e+01
   6.5317451e+01   4.7655929e+01  -4.1692117e+01  -1.5523804e+01  -4.0670731e+01  -6.1309600e+01   4.5988345e+01  -7.0588985e+01   8.3836419e+01   7.1746447e+01   7.5762010e+01   2.2207172e+01  -8.1192785e+01   5.3173351e+01  -6.6239540e+01  -7.1633384e+01  -5.3667645e+01   9.5087868e+01  -5.5674441e+01   8.6108938e+01  -2.9197380e+01  -9.7179095e+01  -2.7489063e+01   4.2247975e+01  -9.4495705e+01  -4.0263652e+01  -5.2094030e+01  -2.5106750e+01  -2.3206893e+01  -8.9463896e+01
   5.0992805e+01  -6.8276021e+01  -9.6446540e+01  -1.1905023e+01  -3.7285633e+01  -3.7357610e+01  -2.6786992e+01  -4.0149793e+01  -4.9225759e+01  -2.2668516e+01  -1.5101408e+01   4.2349756e+01   4.1701295e+01   2.1665786e+01  -1.2740435e+00  -5.8462444e+01   7.1746842e+01  -7.3544093e+01  -1.4404928e+01   3.0876290e+01  -7.6174312e+00  -1.3665590e+00   8.1960403e+01   5.1457034e+01  -8.6132130e+01   8.6420668e+01  -4.6462490e+00  -2.8909354e+00  -1.8162546e+01  -5.2493163e+01
  -9.9829125e+01   1.4711445e+01   8.2292790e+01  -9.8634069e+01   6.0329311e+01  -3.4666278e+00   5.2568588e+01  -4.7764714e+01   4.9870633e+01   3.8012981e+01  -8.7070804e+00   9.0079357e+01   3.7141615e+01   7.8252817e+01   3.1361837e+01   3.8329783e+01   4.8309232e+01  -7.8801157e+01   7.8534823e+01  -1.2864524e+01   8.8784520e+01   8.0841386e+00   5.3876684e+01  -6.9974969e+01  -2.0880580e+01  -4.3380475e+01  -4.5138720e+01   1.7612692e+01  -9.1117543e+01  -1.6482357e+01
   2.9736939e+01   8.9742298e+01   2.6001790e+01   3.3659453e+01  -4.1382100e+01   8.9482959e+01   6.6742464e+01   6.0044640e+01   2.8480438e+01   2.8659576e+01  -8.1377579e+01   2.8515115e+01   4.7087865e+01  -6.5944114e+01  -8.4119304e+00  -4.2161027e+01   8.6768365e+01   4.6766377e+01   8.8249530e+01  -7.1716502e+01   1.2870278e+01  -2.2347223e+01   9.3586805e+01  -6.5448924e+01  -9.3416421e+01  -5.0381245e+01  -6.8304046e+01   2.9131774e+00  -8.1626986e+01  -9.8687172e+01
   6.3675018e+01   8.9532784e+01   7.1233069e+01   8.7496522e+01   9.9216860e+01  -2.3338061e+01  -7.2234490e+01  -7.7050350e+01   8.5997535e+01  -6.8327062e+01   6.9814958e+01   8.1173657e+01  -1.8211921e+01   8.1720497e+01  -7.2815127e+00  -5.7481520e+01   5.6365625e+01   4.2416139e+01   3.3013149e+01  -3.5936912e+01  -4.4997877e+01  -7.7795497e+01   9.2407767e+01  -4.1331598e+01  -3.4445829e+01   4.6704309e+01  -1.0087871e+01  -9.4696335e-01   2.6228261e+01   8.6498859e+01
   3.1480734e+01   9.5443160e+01   4.7697562e+01   5.2397632e+00   2.3658990e+01   7.3146747e+01  -6.9949931e+01   6.3124310e+01   2.8195135e+01  -5.3002156e+01  -9.6834380e+01   8.1651468e+01   8.8367071e+01  -5.5787850e+01   1.7367468e+01  -2.3343386e+01  -6.3557425e+01   1.3094775e+01  -8.3024065e+01  -8.3284346e+01  -1.4797697e+00   1.8011006e+01  -4.5855889e+00  -7.4355197e+01  -7.8211886e+01  -4.5875979e+01  -9.5378330e+01   2.7701579e+01  -2.1986117e+01   3.9470919e+01
  -5.0279248e+01  -2.1572314e+01   6.9999201e+01   5.6656988e-01   6.2976079e+01  -2.2744590e+00   8.9157011e+01  -4.1744879e+01  -8.5264894e+00   2.3499090e+01  -5.4750541e+01   2.0091508e+01   5.8899282e+01  -4.7402485e+01  -8.5295327e+01  -3.6485880e+01   1.7483400e+01   9.1796336e+00  -6.2593545e+01  -8.6186187e+01  -6.8352028e+01   5.9746018e+01   9.3790087e+01   3.1114298e+01  -1.5236498e+01   7.6334111e+00  -6.8390799e+00  -5.5505451e+01  -9.2587106e+01  -1.1938630e+00
   8.0854432e+01  -4.9169512e+01   7.1196391e+01   3.7749467e+01  -3.5816704e+01  -7.3273103e+01  -6.2773542e+00   5.1202884e+01   9.1266003e+01  -4.1039867e+01   2.3086525e+01  -5.0637553e+01  -1.4077524e+01   4.5360326e+01   9.7984022e+00   2.1003444e+01  -5.1376480e+01  -9.8886398e+01  -4.3811430e+01   2.3331818e+01  -9.1263717e+01   9.7986057e+01   6.6754068e+01   2.0346470e+01  -9.2181719e+01   4.8670319e+01   7.0923946e+01  -9.2244630e+01   7.5286750e+01  -7.2312895e+01
   2.2884480e+01   7.8992806e+01   4.8316517e+01   9.6610348e+01  -4.5687153e+00  -8.2275836e+01   9.8025850e+01  -8.0221691e+01  -4.8218275e+01   8.8541610e+01   2.3233112e+01  -6.2421242e+01   7.0502218e+01  -1.4223399e+01   1.2085108e+01  -8.5217184e+01  -5.1394707e+00  -8.9835446e+01   5.9774095e-01  -7.1778696e+01   5.1766342e+01   2.0091388e+01   3.4749351e+01   1.8782667e+01   8.7833031e+01   7.5030990e+00   4.9781757e+01   1.2544528e+01   2.5158688e+01  -5.3085051e+01
  -5.9947406e+01   6.2681086e+01  -4.1404985e+01   4.1674018e+01   5.7524465e+01  -1.4538478e+01   9.5153384e+01   4.4311199e+01  -8.2054951e+00   4.9890729e+01  -4.6331448e+01  -8.3340040e+00  -8.8784145e+01   9.5083501e+01  -3.5344915e+01  -6.8868408e+01   3.3435012e+01   1.7054723e+01  -9.3790383e+00   6.2953950e+01   9.9183025e+01  -6.5272725e+01   2.4326056e+01   2.1179939e+01  -3.8683791e+01   3.6597506e+01  -5.8655947e+01  -8.9519741e+01   4.1125779e+01  -2.6949086e+01
  -1.4519504e+01   7.5972252e+01   5.0649440e+01  -7.2034061e+01   7.3142358e+01  -1.3933407e+01   2.0592248e+01  -1.1034957e+01   3.4105569e+01   3.7758813e+01  -4.4321731e+01   6.1848621e+01  -9.1322191e+01  -3.3045527e+01   2.8569884e+01   1.6319316e+01  -8.4470676e+01   1.3376313e+01  -2.4470732e+01   8.4539005e+01   4.7037937e+01   1.6741360e+00   4.4074911e+01   4.4610851e+01   5.8256693e+01   8.9781907e+01   6.1879210e+01   4.0152347e+01  -7.8903537e+01  -8.1967267e+01
  -4.8818332e+00   3.0615039e+01   3.7037658e+01   5.4264739e+01  -5.1127931e+01   9.6333970e+01   5.9473283e+01  -3.1743965e+01   9.9398550e+01   7.1845736e-02   4.1863101e+01  -2.2130120e+00  -4.2851534e+01   8.9514564e+01  -9.6933450e+01  -2.4692942e+01   3.7876433e+01   3.8392963e+01  -4.8184437e+01   2.3222903e+01   2.2338640e+01   8.0383974e+01  -5.9655792e+01   1.0194948e+01   5.5475713e+01   8.2520120e+00   4.8185380e+01  -5.4809848e+01   6.4048433e+00  -2.1753370e+01
   4.8747268e+01   5.0579999e+01  -9.8668240e+01   7.8772537e+01   9.8116793e+01  -8.3146717e+01  -9.9325384e+01   8.5538726e+01   7.0443945e+01   6.9765153e+01  -7.6763593e+01  -1.5771376e+00  -8.6230983e+01  -8.7085532e+01  -9.6470353e+01  -7.3392618e+01  -8.2408773e+01  -5.5445862e+01  -3.5885248e+01   9.5232558e+01   6.9242220e+01  -5.6410683e+00  -7.3402198e+00  -3.0105247e+01   5.4818033e+01  -4.7061845e+01   4.3818533e+01   3.8263622e+01  -7.3779258e+00  -7.0830299e+01
   9.6293333e+01   2.0713251e+01   9.5083950e+01  -1.7729316e+01   7.9996912e+01   7.2801535e+01   1.0415207e+01  -4.4897487e+01  -2.2095497e+01   1.1910987e+01  -1.9124443e+01  -5.7033842e+01   2.0831610e+00   8.1496471e+01   1.1045888e+01   7.4280101e+01   9.3641247e+01   5.8138863e+01   6.7093302e+01   7.9925704e+01   2.8982604e+01   4.1806200e+01   6.0779003e+01  -1.9411604e+01   8.2829425e+01  -3.6315891e+01  -1.4981181e+01  -6.2029298e+01  -9.2228839e+01  -7.1452096e+01
  -9.2002207e+00  -6.7721465e+01  -9.4341601e+01   3.6353789e+01   9.7058028e+01  -6.5602813e+01  -8.4585552e+00   5.7107721e+01  -9.5349830e+00   5.3789569e+01  -3.1797461e+01   3.3597122e+01   7.8680737e+01  -2.1873322e+01  -8.2783432e+01   3.6227771e+01   7.7571441e+01  -2.5032933e+01   3.0196684e+01   4.5207116e+01   5.2707789e+01   9.0182817e+01   2.8383903e+01  -8.5499532e+01  -2.7767791e+01  -2.8158525e+01   9.4115970e+01   8.7950491e+01   8.6206543e+01  -1.9164393e+01
   9.3534466e+01  -5.2444166e+01   3.4243681e+01   4.9357014e+01  -9.3314148e+01   8.6834440e+01   5.8017650e+01   2.2542849e+01  -3.7343664e+01   8.0749913e+00  -2.2976170e+01  -6.2704080e+00   8.9389343e+01  -3.7028990e+01  -7.2601472e+01  -9.8918570e+01  -8.2369865e+01   7.4966989e+01   8.9910716e+01   5.0658800e+00  -4.2894036e+01   2.9210644e+01  -5.7172760e+01  -4.9551614e+01  -4.4666081e+01   8.9188062e+01   4.3405190e+01  -6.1478432e+01   6.6386548e+01  -1.3802172e+01
  -8.4454016e+00   2.3703603e+01   9.7947901e+01   7.5146230e+01  -5.4429058e+01   3.1080818e+01  -1.1920105e+01  -8.6864363e+01   1.8473711e+01  -3.7933279e+01   3.8483358e+01  -6.7120492e+01  -1.0328127e+01   6.1989547e+01   1.2345258e+01   7.3169265e+01  -6.4770784e+01  -9.6225192e+00   6.0852089e+01   9.3149173e+01  -2.1965239e+01  -9.4146105e+01  -9.5487541e+01  -3.3930588e+01  -5.6809187e+01   8.3419186e+01  -3.9083983e+00   2.8997151e+01  -4.3304903e+01   8.3106430e+01
   3.4559118e+01   2.6939051e+01  -3.2284182e+01   8.6593985e+01   4.0488379e+01   2.7343224e+01   1.9677118e+01  -4.2808668e+01  -7.4603163e+01  -5.4418995e+01  -1.7382724e+01  -7.7193166e+01  -8.0741807e+01   5.5599418e+01  -9.7676404e+01   4.2586951e+01   5.0563082e+01   6.1698324e+01   5.0209618e+01  -1.7907200e+01   9.4147306e+00  -7.7923841e+01  -2.2502396e+01   1.3444140e+01   3.5437888e+01  -6.4349101e+01  -5.5350583e+01   5.1395166e+01  -5.2055963e+01  -7.2071965e+01
  -5.0946163e+01  -2.4016034e+01   4.9275271e+01  -6.3379799e+01  -8.0858525e+01  -3.0582810e+01  -2.3901843e+01   3.2060299e+01  -7.0381911e+01   6.7270901e+01   9.9546029e+01  -6.2737809e+01  -7.9990621e+00  -1.1482463e+01  -4.2343642e+01  -2.0042222e+01   5.7015600e+01   2.6102448e+01  -7.0963243e+01  -4.3723284e+01  -3.5549821e+01  -3.4252414e+00   7.3996011e+01   8.7319001e+01  -2.0242387e+01  -7.2827370e+01  -6.1109860e+01  -4.0403909e+01  -2.1121223e-01   4.5198040e+01
   1.0482751e+01  -6.7233379e+01   5.2731971e+01  -9.9538431e+01   5.4329381e+01   9.6598544e+01   2.8241962e+01   5.8209055e+01  -7.9663376e+01  -9.7427613e+01   7.2748097e+01  -6.6885309e+01  -5.6326335e+00  -3.0122307e+01  -3.7824097e+01   6.7459776e+01  -4.8983618e+00  -3.7139301e+01  -1.3995967e+01  -9.9479771e+01  -7.4425916e+01   4.5620296e+01   6.3989938e+01  -9.8559062e+01  -6.9503844e+01  -5.6785043e+01   6.8468929e+01   7.0893812e+01  -5.4072079e+01  -2.6770382e+01
  -1.7991114e+01  -2.6591181e+01  -1.0882381e+01   4.8084001e+01  -8.9626372e+01   8.5683720e+01  -5.4403434e+01  -3.5387608e+01  -4.5950296e+01  -3.5921685e+01   8.4628846e+01   3.1857968e+01   9.0277871e+00   1.6751587e+01  -8.9035497e+01  -3.7064069e+01  -8.9016584e+01   8.8391665e+01   7.7493530e+01   5.1569072e+01  -3.1591860e+01  -6.7003995e+01  -1.9849212e+01  -3.7848460e+01   2.4325021e+01   5.4647696e+01   2.3592960e+01  -8.8679505e+01   9.9980679e+01  -3.8052192e+01
   3.3137421e+01   9.5710354e+01   7.9821302e+01  -9.9608104e+01  -8.8454669e+01   3.2923650e+01  -2.9536640e+01   6.4251647e+01   3.6048830e+01  -6.0381823e+00   6.3211171e+01  -2.2101109e+01  -2.5473510e+01   5.4935047e+00   3.4296210e+01  -3.7191697e+01  -6.4154295e+01  -2.7089128e+01  -7.4246105e+01  -1.0741256e+01  -1.9547226e+01   6.4347011e+01  -7.0041086e+01   8.8434749e+01  -6.5161328e+01  -9.1691630e+01  -4.8196902e+01   7.8184505e+01  -3.1784732e+01   2.0107433e+01
  -5.6095766e+01  -4.6744754e+01   8.2525343e+01  -4.1361658e+01  -6.4621983e+01   4.8824138e+01   8.0929814e+01  -6.1334073e+01   3.4822950e+01  -4.3953329e+01  -1.7632598e+00   9.5856605e+01   3.3500105e+01  -6.6979737e+00  -2.3835855e+01  -7.8673943e+01   5.8447608e+01  -4.8342052e+01  -8.1570250e+01   1.2918846e+01  -1.2173493e+01  -6.8513539e+01  -3.8224508e+01   5.6837787e+01  -5.6372460e+01  -9.7067139e+01   2.4103201e+01   6.7173131e+01  -2.0260641e+01   9.2837486e+01
   2.7204029e+01   4.3369377e+01  -3.4537382e+00  -3.8544206e+01  -3.2100023e+01   1.6935579e+01   7.2858445e-01   9.4718270e+01   9.0718319e+01  -7.8468997e+01   8.9247710e+01  -7.6470698e+00   8.2362828e+00   6.9393663e+01   1.5083417e+01  -4.2229676e+01  -3.3868301e+01  -4.6564210e+01   1.7601560e+01  -7.8534691e+01  -9.6065834e+01   1.1443350e+01   9.1415697e+01   6.1344671e+01   2.2124256e+01   6.0796023e+01  -8.6385347e+01  -2.6014630e+01   3.1287053e+01   8.7162377e+01
  -4.7489250e+01   5.5809254e+01  -7.3928300e+00  -8.4418866e+01  -3.9649643e+01  -8.2896570e+01   5.3564948e+01   4.4062965e+01   1.6386881e+01   9.3061453e+01   5.1484538e+01  -8.7446003e+01  -8.0621794e+01   8.5606744e+01  -9.1605726e+01  -3.0646454e+01  -3.7853315e+01  -7.6207329e+01   5.5558159e+01   5.0137919e+01   1.3614356e+01  -8.7942115e+01   8.6575783e+01   9.6042218e+01   2.9284997e+01   7.0255858e+01  -8.2129647e+01  -8.3748041e+01   1.3718833e+01   3.5030835e+00
   5.2091196e+01  -4.3877070e+01   9.1814250e+01  -4.2498488e+01  -6.5761539e-02  -5.8342112e+01   4.9804045e+01  -2.1069498e+01  -9.6077252e+01  -9.7845413e+01   5.9034347e+01   3.5284472e+01  -6.8100333e-01   9.1285667e+01   3.7115453e-01   4.7223471e+01   2.1389294e+01  -1.3056312e+01   8.6498677e+01  -3.2898031e+01  -8.6146973e+01  -7.1858268e+00  -9.3989780e+01   9.3323895e+01  -6.7669475e+01  -1.5269733e+01   2.9112735e+01   2.0151659e+01  -8.6485605e-01  -2.7870826e+01
  -6.5800653e+00  -9.0728249e+01   6.8976292e+01   3.0414214e+01   3.9688993e+01   4.3640394e+01  -5.9498466e+01  -4.5971347e+01  -1.7621840e+01  -3.9344132e+01  -3.9730983e+01   8.5210869e+01   3.6211324e+01  -3.0994275e+01   2.8384208e+01  -9.8401567e+01  -3.2312348e+01   8.2281137e+01   6.7002761e+01  -4.3233107e+01   4.7098384e+01  -2.5617841e+01   9.9087466e+01   9.8947797e+00   7.3348958e+01  -6.6830689e+01  -8.5864151e+01   8.1885227e+01  -1.2284746e+01   1.4066307e+01
  -8.1921612e+01   1.4511505e+01  -6.0937332e+01  -9.4860368e+01  -4.4786513e+01  -4.4962256e+01  -3.2031055e+01   4.5437779e+01  -4.4053128e+01   2.0119668e+01   7.1933936e+01  -6.1768247e+01  -8.7206483e+01  -4.2785265e+01   8.6815766e+01  -6.2522670e+01  -9.5232860e+01   7.6464865e+01  -6.1764199e+01   5.2033270e+01   2.0714258e+00   9.4517007e+01   6.2324007e+01  -9.2948530e+01  -1.4046809e+00   8.0769368e+01   8.0636071e+01  -7.1917573e+01  -1.3695184e+01   5.3979746e+01
  -6.4539803e+01  -1.8443143e+01  -7.4991971e+01  -1.9611725e+01   8.7333676e+01   4.3112230e+01   7.4902741e+01  -9.7099069e+01   3.9879690e+01  -8.5322430e+01  -9.4355716e+01   5.6201050e+01   9.9975280e+01  -2.4008703e+01  -4.6025375e+01  -5.7064733e+01   4.0642126e+01  -7.6395475e+01   6.1392166e+01  -2.9176708e+01   9.2606765e+01   4.0889834e+01  -8.6748791e+01  -8.8579773e+01   9.7643507e+01  -7.8082834e+01   4.5217189e+01  -9.9432905e+01  -3.2191320e+00   4.4303085e+01
  -6.0330799e+01  -1.6174738e+01  -7.7692504e+01  -6.8562089e+01  -7.5042716e+01  -5.7035571e+01   9.8369275e+01  -7.6149303e+01   2.1835482e+01  -9.3196999e+01  -9.2766605e+01  -4.2556888e+01   3.1776917e+01  -2.9645464e+01   1.4249439e+01   5.8822754e+01   9.6581085e+01  -6.9548790e+00  -8.9525592e+01   5.3893244e+01   8.0357067e+01  -7.1232011e+01   1.9799033e+01  -1.1400865e+01   5.3672329e+01   3.9895973e+01  -8.4953481e+01  -5.7815381e-01  -1.0143007e+01  -3.4271139e+01
   1.0160943e+01   9.0465418e+01   9.5844897e+01   1.6263849e+01   9.2906871e+00   9.4095646e+01   2.8004973e+01   2.8852145e+01   5.2165664e+01  -3.8885634e+01   5.0439835e+01  -1.6713909e+01  -2.8514457e+01  -7.9108223e+01  -5.6011450e+01  -3.3192376e+01   6.1501276e+01   2.3482415e+01   7.1503111e+01  -9.7384368e+01  -2.3770243e+01  -2.8963110e+01   2.3404537e+01  -1.1114040e+01   6.5695220e+01   2.8993473e+00   9.7650977e+01   4.8841178e+00   9.4647776e+01  -9.9545708e+01
  -7.3716930e+01  -7.0547894e+01   9.3183561e+01  -4.4360647e+01   1.9370977e+01   1.9755644e+01   7.8153340e+01   7.2022553e+01  -1.8707327e+01  -5.2670591e+01   3.8160446e+01   6.4355380e+01   1.5235410e-01  -3.1361267e+01  -9.4684117e+01   1.1010323e+01   2.8550781e+01  -2.9774440e+01  -7.0953085e+01   1.1044208e+01  -7.9493807e+01  -5.2541873e+01  -6.7715992e+01  -9.1971079e+01  -5.7969149e+01  -4.1476373e+01  -9.5734412e+01   9.1574880e+01   8.5045183e+01   8.7221470e+00
   8.8983611e+00   8.0774630e+01   4.6719408e+01   7.6423157e+01  -1.1939086e+00   5.9984411e+01  -9.9487997e+01  -2.3222643e+01  -5.9887909e+01   5.1133609e+01  -1.6863161e+01   4.6932907e+01   6.7356330e+01   9.5234906e+01  -7.4413368e+01  -3.3497656e+00   8.3521469e+01   3.0245281e+01   4.4980579e+01  -5.1732560e+01  -5.5557072e+01   5.8524370e+01  -5.3914222e+01   7.7852754e+01  -6.5548943e+00  -7.0784901e+01   4.1158842e+01   2.0701043e+01   4.5299631e+01  -7.9798339e+01
  -6.0553167e+01   6.2597793e+01  -1.1826416e+01   1.7847302e+00   4.9038221e+01  -3.5072652e+01   4.1536001e+01   7.7344140e+01  -8.9084751e+01   4.3192233e+01   9.3756311e+00   1.6741838e+01   3.9238793e+01  -7.3013475e+01   3.7466684e+01   4.2907006e+01   8.1248533e+01  -6.2886865e+01  -7.9319143e+01   9.9596936e+01  -4.5825243e+01  -4.0186998e+01  -3.9747473e+00  -3.0409729e+01   6.2982222e+01   4.2888926e+00   2.0525777e+01   6.0966468e+01   2.7227406e+01   7.0688470e+01
  -2.2252999e+01   1.8471304e+01  -7.0167141e+01   1.5649292e+01   7.3913653e+01  -2.7578267e+01  -8.6302367e+00   5.7586554e+01   6.8515972e+00   4.6356574e+01   6.3833006e+01   1.5887012e+00   4.5579666e+01  -1.0104263e+01   7.4109157e+01   2.8172633e+01  -7.2185385e+01   6.6378159e+01   7.0812224e+01   1.5818357e+01   7.0614131e+01   3.9250464e+01   2.8873122e+01  -7.9540394e+01  -9.5210013e+01   6.9647312e+01  -2.5533452e+01  -7.7949263e+01  -2.4124101e+01   7.3977973e+01
  -1.7561106e+01   5.6363927e+01  -3.3628299e+01   5.3884150e+01   2.7543756e+01  -8.9434220e+00  -9.1291794e+01   2.5708157e+01  -2.0673832e+01  -3.7787061e+01   7.0239467e+01   3.1465740e+01   2.6872500e+01   5.2686012e-01   5.1905856e+01   9.6366126e+01  -1.3688881e+01   1.5871171e+01  -8.6927668e+01   6.6241350e+01  -8.0431158e-01  -1.1493400e+01  -1.9655206e+01  -1.3983136e+01   4.9707546e+01  -2.1156829e+01   3.1730427e+01  -4.1783803e+01   5.5952681e+01  -3.0028760e-01
  -4.4522932e-01  -9.2054451e+01  -7.5097386e+01  -4.8285200e+01  -4.1993183e+01   9.7008093e+01  -2.3351649e+01  -3.6652752e+01  -2.0593646e+00   3.1157619e+01   8.5760059e+01   6.5991980e+01   4.9107699e+01   6.3706964e+01  -3.9120140e+01  -6.0590110e+01  -3.0362199e+00   4.9681595e+01   9.0195211e+01  -7.6489924e+01   9.9004482e+01   6.9240177e+00  -4.6333704e+01   5.6824458e+01  -3.1568165e+01  -9.2385490e+01   7.9839027e+01   4.3345484e+01  -5.0537265e+00  -2.4721150e+01
   6.4817466e+01   3.0348307e+01   4.4208957e+01  -2.3282762e+01   1.9846931e+01   3.8311746e+01   3.7895128e+01  -5.8230191e+01  -8.6157558e+01  -6.5354935e+01   8.8386868e+01  -7.5818575e+01  -4.7277393e+01  -6.2760314e+01  -8.9964677e+00  -4.4663248e+01   4.9077332e+00   1.6839505e+01   2.4173339e+01   9.5133674e+01  -6.8120987e+01   9.7618968e+01   5.4227340e+01  -8.4806577e+01   8.6578657e+01   7.5193350e+00   1.5458327e-01   3.8206497e+01  -5.1343467e+01   1.7419688e+00
   1.3547553e+01   9.8149513e+00  -4.2084712e+01  -7.6408803e+01   2.0719046e+01  -9.9162881e+01  -3.0247945e+01   5.0463616e+01   2.2774785e+01  -1.9466659e+01  -8.2714527e+01  -1.3475302e+01  -8.6592578e+01   3.9436691e+01   1.2275486e+01  -8.6890960e+01   2.8007192e+01   8.3583953e+01   2.3914748e+01  -5.8676837e+01   4.0913609e+01   5.2235669e+01  -4.2889965e+01   4.8684367e+01  -4.7059515e+01   8.8498827e+01   9.2233470e+01   7.3557201e+01  -8.3620982e+01  -4.7343900e+01
  -9.0341459e+00   9.9690721e+01   5.0494925e+01  -4.0052018e+00  -2.6640487e+01   5.6040070e+01   9.2150899e+01   1.1922150e+01  -2.3869860e+01   1.1975065e+01  -6.4356630e+01   4.9273308e+01  -2.4112206e+01   8.0257690e+01   9.2980737e+01   5.7473153e+01  -1.8567622e+01  -8.9638310e+01  -3.7808276e+01  -9.0122864e+00   2.1886315e+01  -7.2782919e+01   2.1568595e+01  -8.0052837e+01   8.2018210e+01   8.2943806e+01  -1.5897273e+01  -2.0403568e+01   7.2589096e+01  -3.2450436e+01
   4.7651185e+01   9.3148768e+01  -9.5670969e+01  -6.0477503e+01   1.2004502e+01   5.1167581e+01  -2.2388631e+01  -1.5142047e+01   5.3456541e+01   1.2801232e+01  -8.3686178e+01   9.3243827e+01  -5.8976277e+01   8.1113563e+01   3.8376275e+01   5.8558978e+01   3.1298956e+01  -9.4561733e+01  -8.2581118e+01   1.4015687e+01  -4.8330794e+01  -6.2377527e+01   4.3801924e+01  -5.5829603e+01   9.5027067e+01   6.4634797e+01   5.6333238e+01  -9.9516447e+01   3.0472644e+01  -9.8467836e+01
   5.1525923e+01   1.0844816e+01   9.4398238e+01   2.0216748e+01  -2.6746465e+01   8.3543529e+01   6.9331966e+01   6.4795839e+01  -8.5363034e+01   6.0248711e+01  -6.0015446e+01  -9.5124176e+01   8.2800853e+01  -5.5768049e+00   4.3546404e+01   4.0012569e+01  -3.4695385e+01  -5.5943036e+01   9.6311365e+01  -6.9891102e+01   4.1361456e+01   7.0230998e+00  -3.8269120e+01  -2.6013664e+01   5.7804127e+01   2.0521995e+01   2.3149032e+01   2.1678195e+01   4.8204233e+01   3.7762682e+01
   8.4811054e+01   9.9826966e+01  -7.2387327e+00  -8.1549559e+01   8.5407592e+01  -2.8486736e+01  -9.1508137e+01  -2.5654890e+00   9.3420967e+01  -9.2657988e+01  -4.3187437e+01   8.0269450e+01  -9.5735702e+01  -3.1841745e+01  -5.0471102e+01  -3.6594156e+01  -3.3011547e+01  -4.8756651e+01  -8.0171605e+01  -8.8280692e+01  -6.7555379e+01  -5.3411232e+01   6.6363589e+01  -1.0697367e+01  -8.7483767e+01   1.2929728e+01   2.4401482e+01   2.6604061e+01   7.8897200e+01  -9.0943077e+01
   8.7187103e+01  -4.0525512e+01   4.0629865e+01  -7.6351407e+01  -4.0190399e+01   2.4665469e+01  -8.8645123e+01   5.4832340e+01   6.6680157e+01   2.0085105e+00  -8.4016758e+01   8.4934169e+01   5.1069364e+01  -7.9506907e+01   4.5024865e+01  -9.8022075e+01  -1.6364587e+01  -1.5836479e+00   9.0084589e+00   8.3460514e+01  -6.9876301e+00  -3.9276887e+01  -1.5189564e+01  -1.0824945e+01   3.4172411e+01   9.9274855e+01  -4.6809971e+01  -7.8284280e+01   6.1304575e+01   8.0822695e+01
   7.0191215e+01  -3.1325893e+01   2.5640957e+01  -1.7531236e+01   8.8966460e+01   7.1858073e+01  -3.0342642e+01  -2.1655040e+01   7.5432794e+01   1.9620949e+01   1.0025392e+00  -8.9262783e+01   5.4920784e+01   9.6306047e+01  -4.5003187e+00   8.2058678e+01  -7.9459549e+01  -6.6956632e+01   1.5546847e+01  -5.8861569e+01  -5.7897754e+01   1.1398314e+00  -3.7236687e+01   4.7534464e+01   5.0358505e+01   2.6920390e+00   9.8113260e+01   4.0190454e+01   2.1887163e+01  -2.6559349e+01
