 % This stores fret (the f-value) and iter (number of iterations to converge)
  -2284.52362566557        569.000000000000     
  -2284.52362565992        659.000000000000     
  -2284.52362566248        638.000000000000     
  -2284.52362566508        432.000000000000     
  -2284.52362565753        468.000000000000     
  -2284.52362566469        772.000000000000     
  -2284.52362565844        376.000000000000     
  -2284.52362566595        581.000000000000     
  -2284.52362566516        479.000000000000     
  -2284.52362565720        571.000000000000     
  -2284.52362566584        620.000000000000     
  -2284.52362566356        621.000000000000     
  -2284.52362565919        312.000000000000     
  -2284.52362566466        463.000000000000     
  -2284.52362565581        472.000000000000     
  -2284.52362566298        381.000000000000     
  -2284.52362566611        630.000000000000     
  -2284.52362566114        719.000000000000     
  -2284.52362566118        558.000000000000     
  -2284.52362566431        595.000000000000     
  -2284.52362565976        604.000000000000     
  -2284.52362566587        625.000000000000     
  -2284.52362566572        655.000000000000     
  -2284.52362566470        506.000000000000     
  -2284.52362566097        455.000000000000     
  -2284.52362566418        588.000000000000     
  -2284.52362566196        568.000000000000     
  -2284.52362566168        548.000000000000     
  -2284.52362565909        550.000000000000     
  -2284.52362566477        543.000000000000     
