          30 % nrand - number of ransom starts used
          97 %np number of parameters
 % format is i = 1,j=1:np then i=2,j=1:np and so on until i =nrand and j = np
  -21.7934550018779     
   10.8203631063453     
  -17.7128813901630     
  -1.23612051855149     
   1.33644273005368     
   42.5636135082823     
  -25.5398507319851     
   25.3532909620665     
   21.7078026026246     
   1.06333089483958     
  -6.18895547997652     
  -45.6171855368690     
   32.4047527581619     
   34.2547112229302     
   41.8697554779114     
  -1.91700108969445     
   1.69021336239693     
   8.60124367389776     
  -1.56173987719882     
   34.2379770318043     
   41.8854236754386     
   36.7737218540208     
   39.2268165710166     
   25.5003037724952     
   21.0067581431287     
  -33.6453452869592     
   25.8666369856071     
  -7.49130659106406     
   9.60988674799783     
   42.6847018083698     
  -19.1560917610708     
   40.8715347548712     
  -21.0529427131433     
  -6.03172929234687     
  -16.7716585156555     
   40.6569133397929     
   4.41789069646482     
  -45.3122681800155     
   18.2667942422841     
  -8.11276457557290     
  -18.1610877074273     
   31.1679752397877     
   35.9254465127201     
  -44.9805115368341     
   8.46798913668221     
  -29.5637636283012     
  -12.8639938478558     
  -30.8271925900538     
   14.1947173971576     
  -27.6154823299581     
   5.26461826846860     
   9.48889327832091     
  -3.18712770688152     
  -22.0203101656717     
   14.2907347430656     
  -29.9899399928488     
   12.2169844334466     
  -46.1404213885548     
   20.1669810627161     
   34.1684143047829     
   42.0055013161324     
  -1.13037693369439     
 -0.342730602985302     
   37.0086719260356     
   41.8224784903795     
 -0.544929717675234     
  -30.4263271508321     
  -14.7456485333870     
   43.2571381507493     
   40.8294115698862     
  -21.0158293482128     
   9.21604002519564     
  -18.9125957078562     
  -34.3758943623625     
   28.9462933651980     
   20.0386543575817     
   24.4751521027949     
   42.4099488687267     
  -25.6962576508517     
  -39.3479790872732     
  -57.7320928132367     
   21.2167977597588     
   35.8106948362288     
  -3.19633065367243     
  -29.3260394824331     
   39.8259281985865     
  -20.5742171977883     
 -0.209539015776427     
   9.50741981482080     
   26.5363792738807     
  -18.9429756847482     
  -1.40680745065454     
 -0.444851414286623     
  -11.8339463619415     
  -43.6992832561076     
  -38.6544794257444     
   36.6861523062924     
  -21.7936601667933     
   10.8213080813050     
   17.7118302251000     
  -1.23637234930370     
  -1.33662996845825     
   42.5650785767261     
   25.5367086469228     
   25.3516704713293     
  -21.7098230244395     
   1.06355586001835     
   6.18857903366415     
  -45.6194790106200     
  -32.4022897117616     
   34.2517625823705     
  -41.8724082865791     
  -1.91730515700705     
  -1.69038574399385     
   8.60116862105746     
   1.56089023054764     
   34.2350227831252     
  -41.8880654314940     
   36.7709465592048     
  -39.2296194555770     
   25.4987261027261     
  -21.0087882801579     
  -33.6472171904421     
  -25.8649222118683     
  -7.49209441612920     
  -9.60977446782889     
   42.6857780360913     
   19.1529112146312     
   40.8726991279651     
   21.0498988245070     
  -6.03088273491645     
   16.7716151188402     
   40.6564403428862     
  -4.42094222494939     
  -45.3136524963293     
  -18.2642090694555     
  -8.11184192132659     
   18.1611694944984     
   31.1654206442880     
  -35.9278728570851     
  -44.9812489128650     
  -8.46550435419814     
  -29.5631875366848     
   12.8653408186353     
  -30.8282746330089     
  -14.1932156453288     
  -27.6160249898197     
  -5.26323566644527     
   9.48891721998794     
   3.18620466055805     
  -22.0214296283066     
  -14.2897685557225     
  -29.9908891222585     
  -12.2155661130824     
  -46.1419284973104     
  -20.1643566630918     
   34.1654491414468     
  -42.0081530613362     
  -1.13048958487669     
  0.342653171281741     
   37.0057312473915     
  -41.8253021926940     
 -0.543188442478553     
   30.4259713831003     
  -14.7486556813902     
  -43.2566254955108     
   40.8305874517880     
   21.0127846519985     
   9.21705013890807     
   18.9116622188465     
  -34.3779635188982     
  -28.9445139831061     
   20.0368635941520     
  -24.4768269135530     
   42.4114280906387     
   25.6931232271944     
  -39.3448060228272     
   57.7339868870015     
   21.2142429946410     
  -35.8124862851607     
  -3.19464689537610     
   29.3258695407216     
   39.8270877788015     
   20.5712470368898     
 -0.210323354792772     
  -9.50777443974094     
   26.5374280295138     
   18.9408871703782     
  -1.40690335383555     
  0.444780621100441     
  -11.8314275347210     
   43.6995998946560     
  -38.6570510703442     
  -36.6840822905729     
  -21.7936615797386     
   10.8183797423074     
  -17.7145125614584     
  -1.23608468085966     
   1.33624483396782     
   42.5607399080712     
  -25.5448388896185     
   25.3552920398663     
   21.7047103649540     
   1.06254948793805     
  -6.18948841021462     
  -45.6141014891260     
   32.4087576194592     
   34.2587208991843     
   41.8656951721913     
  -1.91692839838427     
   1.69006054217462     
   8.60090468245380     
  -1.56302031587391     
   34.2419863050490     
   41.8813581385603     
   36.7774977777882     
   39.2225308592617     
   25.5022351528796     
   21.0036324267685     
  -33.6429579112116     
   25.8693534253740     
  -7.49050132547088     
   9.61007881678372     
   42.6824751483413     
  -19.1610482060010     
   40.8691243012158     
  -21.0577093824326     
  -6.03360969773241     
  -16.7716829897541     
   40.6571473196913     
   4.41316640560324     
  -45.3106852037306     
   18.2706629303357     
  -8.11481056852132     
  -18.1609344617996     
   31.1714002707290     
   35.9217279693396     
  -44.9798969890431     
   8.47184933037900     
  -29.5652445183902     
  -12.8618475024587     
  -30.8260282324428     
   14.1970867309587     
  -27.6151901978362     
   5.26679557342746     
   9.48840509612308     
  -3.18851410670519     
  -22.0191022426698     
   14.2922887304727     
  -29.9889802666482     
   12.2192363199818     
  -46.1386416309684     
   20.1709170850371     
   34.1724297075304     
   42.0014533714878     
  -1.13058004869251     
 -0.342895637153879     
   37.0127165177620     
   41.8181402496787     
 -0.548220989010870     
  -30.4268712056273     
  -14.7415342584313     
   43.2580107088496     
   40.8270123972286     
  -21.0205828542671     
   9.21394487310572     
  -18.9140604567362     
  -34.3731872265101     
   28.9490892967448     
   20.0409198799812     
   24.4725935230822     
   42.4070536408093     
  -25.7012340695376     
  -39.3538982085341     
  -57.7288707322050     
   21.2201893608193     
   35.8079958968335     
  -3.19950438690452     
  -29.3263008115357     
   39.8235755417203     
  -20.5788812276510     
 -0.208772339611018     
   9.50692365608270     
   26.5342131656497     
  -18.9462291990338     
  -1.40703946822057     
 -0.445001304933862     
  -11.8385809474559     
  -43.6987476406012     
  -38.6510036002945     
   36.6894164388370     
  -21.7937506983270     
   10.8203197392838     
   17.7127753493764     
  -1.23633248835916     
  -1.33645235473561     
   42.5636354840152     
   25.5393800870837     
   25.3526831761226     
  -21.7081568522167     
   1.06318829209398     
   6.18896514247852     
  -45.6179732125146     
  -32.4041001725448     
   34.2537791016731     
  -41.8702280382405     
  -1.91724419360836     
  -1.69022285737251     
   8.60100716112388     
   1.56163804727630     
   34.2370435066984     
  -41.8858937730710     
   36.7728518206258     
  -39.2273261812986     
   25.4996984949172     
  -21.0071080591239     
  -33.6460498585839     
  -25.8661032787195     
  -7.49169134360872     
  -9.60976010640647     
   42.6846279254756     
   19.1555659947717     
   40.8715062676113     
   21.0524431468055     
  -6.03178651059988     
   16.7717606046655     
   40.6565498942530     
  -4.41845180608073     
  -45.3128231853065     
  -18.2659975844508     
  -8.11282949622287     
   18.1612236836789     
   31.1671304694458     
  -35.9258917926146     
  -44.9809132504769     
  -8.46719133416600     
  -29.5639159329949     
   12.8643996307618     
  -30.8276934858258     
  -14.1942466232992     
  -27.6158473345220     
  -5.26417380682404     
   9.48867399124267     
   3.18699682229625     
  -22.0208245780695     
  -14.2903938418974     
  -29.9904044315572     
  -12.2165214017888     
  -46.1410144468795     
  -20.1661909574416     
   34.1674765715915     
  -42.0059837709940     
  -1.13057699217129     
  0.342786742691397     
   37.0077610867465     
  -41.8229886311757     
 -0.544847829996802     
   30.4263634885538     
  -14.7466966237785     
  -43.2568612265453     
   40.8293856819970     
   21.0153203367829     
   9.21602122856882     
   18.9125128014001     
  -34.3766411049994     
  -28.9457394544807     
   20.0379898211498     
  -24.4754287851320     
   42.4099530692805     
   25.6957863367958     
  -39.3475795342634     
   57.7326219777488     
   21.2159094083329     
  -35.8110155098117     
  -3.19622679243025     
   29.3261364579223     
   39.8258866653317     
   20.5737363752270     
 -0.209924962317951     
  -9.50740272084280     
   26.5363577893466     
   18.9426505630485     
  -1.40701512794830     
  0.444902665818709     
  -11.8337307066425     
   43.6994800870800     
  -38.6553772095172     
  -36.6855124981130     
   21.7937099528309     
  -10.8215196831652     
   17.7115930894377     
   1.23642913492384     
  -1.33667406084844     
  -42.5654158477835     
   25.5359221324574     
  -25.3512673835199     
  -21.7103091512925     
  -1.06359467323832     
   6.18850032837740     
   45.6200410794917     
  -32.4016584631529     
  -34.2510567338483     
  -41.8730389997500     
   1.91738582044716     
  -1.69042442408878     
  -8.60113960318259     
   1.56068497847709     
  -34.2343252022943     
  -41.8886973359883     
  -36.7702299000701     
  -39.2303019601324     
  -25.4983440365167     
  -21.0092900443007     
   33.6476667194584     
  -25.8645011391004     
   7.49228642263665     
  -9.60976522832651     
  -42.6860092395601     
   19.1521531943067     
  -40.8729922202527     
   21.0491565509744     
   6.03066008603543     
   16.7715977728835     
  -40.6563085259065     
  -4.42164091822433     
   45.3139716367296     
  -18.2636233847756     
   8.11160196398408     
   18.1611772460941     
  -31.1648068599418     
  -35.9284639059119     
   44.9814475418619     
  -8.46493578903279     
   29.5630637214309     
   12.8656455976858     
   30.8285403067601     
  -14.1928683407621     
   27.6161544896665     
  -5.26293393181034     
  -9.48891537376660     
   3.18598106267698     
   22.0216971104418     
  -14.2895427398384     
   29.9911216872600     
  -12.2152224512775     
   46.1422848975171     
  -20.1637839242762     
  -34.1647364003275     
  -42.0087767000439     
   1.13051925602391     
  0.342640255154193     
  -37.0049655652592     
  -41.8259844779034     
  0.542794694623069     
   30.4258780222960     
   14.7493795973251     
  -43.2564854980192     
  -40.8308708992291     
   21.0120438579117     
  -9.21729247127760     
   18.9114364481699     
   34.3784659304404     
  -28.9440841557048     
  -20.0364299765651     
  -24.4772261263723     
  -42.4117634861705     
   25.6923433598336     
   39.3441455907497     
   57.7343577894537     
  -21.2136510024234     
  -35.8129030738282     
   3.19426191912388     
   29.3258224461193     
  -39.8273411902392     
   20.5705193058355     
  0.210502291954518     
  -9.50785426150985     
  -26.5376745238412     
   18.9403817590172     
   1.40693554477344     
  0.444769734756193     
   11.8308391750637     
   43.6996668621436     
   38.6576730184675     
  -36.6835558133886     
  -21.7938541064499     
   10.8186657777031     
  -17.7141524054110     
  -1.23625881152655     
   1.33630518549078     
   42.5612377470208     
  -25.5436257972125     
   25.3544756687399     
   21.7055028813013     
   1.06257553074944     
  -6.18939409440906     
  -45.6152684617089     
   32.4074768530301     
   34.2573615759566     
   41.8667134548847     
  -1.91712873906543     
   1.69010582338311     
   8.60078902403408     
  -1.56273802929416     
   34.2406273579047     
   41.8823756413434     
   36.7761798880473     
   39.2236428845837     
   25.5014438081943     
   21.0044212207056     
  -33.6439079598633     
   25.8684711960804     
  -7.49095375037365     
   9.60993483828049     
   42.6828065858028     
  -19.1598193792925     
   40.8695016305620     
  -21.0565294893410     
  -6.03332962843417     
  -16.7717445727231     
   40.6568250511721     
   4.41436957056604     
  -45.3114232623231     
   18.2693345652918     
  -8.11452446325529     
  -18.1610647406739     
   31.1701783444419     
   35.9226921941996     
  -44.9803231519120     
   8.47060510754931     
  -29.5650860413656     
  -12.8625447233401     
  -30.8266129693717     
   14.1963080981290     
  -27.6155303064059     
   5.26609115602066     
   9.48832040174763     
  -3.18818931722256     
  -22.0196916458413     
   14.2917818364243     
  -29.9895088146828     
   12.2184896130009     
  -46.1394365949069     
   20.1695716518736     
   34.1710649338501     
   42.0024727199784     
  -1.13070313766232     
 -0.342902182926887     
   37.0113256808098     
   41.8192353098270     
 -0.547586337818157     
  -30.4268066342273     
  -14.7430546645448     
   43.2576436303048     
   40.8273801880869     
  -21.0194031664534     
   9.21426654755499     
  -18.9137381178402     
  -34.3742360891119     
   28.9481699762181     
   20.0400450119916     
   24.4732575639073     
   42.4075575945759     
  -25.7000240083455     
  -39.3526074624232     
  -57.7298177518214     
   21.2189238465685     
   35.8087008190569     
  -3.19891388064491     
  -29.3263168163235     
   39.8239445205686     
  -20.5777375888657     
 -0.209210393809381     
   9.50699949070122     
   26.5345397080101     
  -18.9454505065502     
  -1.40716096458615     
 -0.445013113207574     
  -11.8376613935176     
  -43.6989605897665     
  -38.6523041308611     
   36.6883353550594     
  -21.7937792724715     
   10.8213648260457     
   17.7116473575505     
  -1.23646603586391     
  -1.33668759754950     
   42.5652078563155     
   25.5361914714488     
   25.3513385078620     
  -21.7101783625373     
   1.06353193802140     
   6.18849747312778     
  -45.6199305681765     
  -32.4018890974949     
   34.2512294245975     
  -41.8728393908776     
  -1.91741152833269     
  -1.69043703115905     
   8.60107985787661     
   1.56073297988571     
   34.2344943091825     
  -41.8885006891358     
   36.7704171164833     
  -39.2300815852876     
   25.4984032523205     
  -21.0091403849550     
  -33.6475906208393     
  -25.8646788164525     
  -7.49228155380076     
  -9.60979323424349     
   42.6858333669156     
   19.1523977208816     
   40.8728084243812     
   21.0494043389528     
  -6.03081992094360     
   16.7715639426673     
   40.6562796749652     
  -4.42142567984406     
  -45.3139133896057     
  -18.2639178213508     
  -8.11176179573961     
   18.1611415151361     
   31.1649494893659     
  -35.9282771696060     
  -44.9814442844156     
  -8.46517855788141     
  -29.5631869882329     
   12.8655106834017     
  -30.8285190843768     
  -14.1930359828111     
  -27.6161778669284     
  -5.26308371546344     
   9.48883486477904     
   3.18603144183685     
  -22.0216756630603     
  -14.2896555776057     
  -29.9911140003343     
  -12.2153825351240     
  -46.1422160590148     
  -20.1640674686495     
   34.1649163446026     
  -42.0085922718186     
  -1.13056714337603     
  0.342634505754012     
   37.0051752657635     
  -41.8257710141062     
 -0.543038317889984     
   30.4258682509580     
  -14.7492021923170     
  -43.2565597452587     
   40.8306857788779     
   21.0122927688971     
   9.21714413628186     
   18.9114848315562     
  -34.3783613194802     
  -28.9442785651564     
   20.0365096708781     
  -24.4771136960732     
   42.4115585210437     
   25.6926178878798     
  -39.3441477932419     
   57.7343915890972     
   21.2137776230774     
  -35.8127884579496     
  -3.19448701572750     
   29.3258113909035     
   39.8271532178039     
   20.5707511043553     
 -0.210501648838232     
  -9.50786373141593     
   26.5375144552330     
   18.9405408870422     
  -1.40699566899684     
  0.444772749457036     
  -11.8311152891922     
   43.6996117441609     
  -38.6575271081290     
  -36.6837838662957     
  -21.7935589361648     
   10.8199237152262     
   17.7134048006966     
  -1.23613358862572     
  -1.33628340407184     
   42.5629637590092     
   25.5411272859093     
   25.3536499731939     
  -21.7069729333284     
   1.06316951629446     
   6.18921761112821     
  -45.6167182431511     
  -32.4052111591138     
   34.2554690604957     
  -41.8687075822472     
  -1.91699594356456     
  -1.69004211959997     
   8.60113594535111     
   1.56214131352799     
   34.2387360913266     
  -41.8843662130616     
   36.7744290599317     
  -39.2257449959205     
   25.5006571314941     
  -21.0059238122835     
  -33.6449795990367     
  -25.8669009349077     
  -7.49117484356130     
  -9.60972121157021     
   42.6841729412341     
   19.1573233418664     
   40.8709858146820     
   21.0541619144177     
  -6.03212506782565     
   16.7718562104195     
   40.6568913141378     
  -4.41669043917403     
  -45.3120379640063     
  -18.2671831551208     
  -8.11319943137975     
   18.1612579527461     
   31.1686104737224     
  -35.9244978861430     
  -44.9804494516005     
  -8.46839099972455     
  -29.5640879844395     
   12.8638267126180     
  -30.8270347892391     
  -14.1949365719755     
  -27.6154808543797     
  -5.26481031910428     
   9.48876654817100     
   3.18754507237510     
  -22.0201344233829     
  -14.2908122255115     
  -29.9898193616489     
  -12.2171900529314     
  -46.1401543027936     
  -20.1673866844340     
   34.1691785076487     
  -42.0044470402560     
  -1.13046513205869     
  0.342863040821947     
   37.0094339642894     
  -41.8213869719743     
 -0.545634574882450     
   30.4266622763592     
  -14.7450031850490     
  -43.2570370376453     
   40.8288608173421     
   21.0170335144139     
   9.21557902607056     
   18.9130936643938     
  -34.3754696486078     
  -28.9465327072371     
   20.0390506023479     
  -24.4744449162452     
   42.4092717074482     
   25.6975421337630     
  -39.3491311094057     
   57.7317430194074     
   21.2173917784460     
  -35.8099395767719     
  -3.19698135694647     
   29.3263185834469     
   39.8253746149195     
   20.5754061062059     
 -0.209428543567320     
  -9.50716118342069     
   26.5358952860651     
   18.9438476983932     
  -1.40690774674306     
  0.444978824269452     
  -11.8349047740767     
   43.6994202517436     
  -38.6539526058188     
  -36.6864612995550     
   21.7935936515340     
  -10.8190331960057     
  -17.7140273238732     
   1.23609595517835     
   1.33626410356994     
  -42.5616526602706     
  -25.5432830574596     
  -25.3546190396907     
   21.7056824211336     
  -1.06280661202855     
  -6.18934951494007     
   45.6152375375354     
   32.4072031386656     
  -34.2573846103744     
   41.8669694077296     
   1.91694815658404     
   1.69005765801105     
  -8.60102837022970     
  -1.56264633208856     
  -34.2406516986672     
   41.8826333464797     
  -36.7762384410608     
   39.2238979079902     
  -25.5015853227080     
   21.0046229726999     
   33.6437912607392     
   25.8683283377477     
   7.49075232521467     
   9.60994470980995     
  -42.6831715911500     
  -19.1594999249726     
  -40.8698905419067     
  -21.0562062664051     
   6.03297724975060     
  -16.7717289567787     
  -40.6570473048161     
   4.41465166426591     
   45.3112277646705     
   18.2692672172546     
   8.11413695065717     
  -18.1610412205646     
  -31.1702548110933     
   35.9229155107171     
   44.9801267410649     
   8.47050210279357     
   29.5647690671929     
  -12.8625835312983     
   30.8264332213319     
   14.1962150921117     
   27.6153003649594     
   5.26601700998832     
  -9.48856228717348     
  -3.18809702558929     
   22.0195203410859     
   14.2917123366870     
   29.9893237011876     
   12.2184163640065     
   46.1392475607872     
   20.1695094664638     
  -34.1710964395457     
   42.0027365609322     
   1.13051253703083     
 -0.342867844711840     
  -37.0113626591379     
   41.8195254442735     
  0.547148865554225     
  -30.4267522103779     
   14.7429712957413     
   43.2576294412550     
  -40.8277733840618     
  -21.0190874578206     
  -9.21464053252116     
  -18.9136275211765     
   34.3741281297297     
   28.9480346365279     
  -20.0401572044051     
   24.4734042931464     
  -42.4079701698981     
  -25.6996736552824     
   39.3524800151747     
  -57.7296702820639     
  -21.2190416435076     
   35.8088397760049     
   3.19846917577461     
  -29.3262784092593     
  -39.8243302386394     
  -20.5774310805582     
  0.209031670611930     
   9.50705637762660     
  -26.5349167372053     
  -18.9452270704615     
   1.40697234191345     
 -0.444985105801917     
   11.8371013922923     
  -43.6989851643182     
   38.6522314959095     
   36.6881957920969     
  -21.7935662747899     
   10.8178166676068     
   17.7151406850690     
  -1.23595314724817     
  -1.33613030815199     
   42.5598486422104     
   25.5467379628257     
   25.3561970010480     
  -21.7035092737757     
   1.06240767411250     
   6.18971713243552     
  -45.6129191215490     
  -32.4100023632772     
   34.2603908580749     
  -41.8641223294221     
  -1.91677071172777     
  -1.68994652376167     
   8.60093877374558     
   1.56354080269556     
   34.2436586370793     
  -41.8797870669606     
   36.7790910557309     
  -39.2208654482449     
   25.5031170159255     
  -21.0024250888456     
  -33.6419414223472     
  -25.8702494544104     
  -7.49006944424712     
  -9.61010813115467     
   42.6818234604683     
   19.1629520125580     
   40.8683885794864     
   21.0595234947725     
  -6.03414168594549     
   16.7717360915722     
   40.6573918752871     
  -4.41136626610768     
  -45.3099281364006     
  -18.2720893245904     
  -8.11539508397903     
   18.1609187247341     
   31.1728413412029     
  -35.9202886000888     
  -44.9795119179320     
  -8.47324543653982     
  -29.5656065400287     
   12.8611032345168     
  -30.8254470508473     
  -14.1978938991693     
  -27.6149136338805     
  -5.26755824526424     
   9.48837058793073     
   3.18906412924915     
  -22.0185043226490     
  -14.2928116692678     
  -29.9884809800295     
  -12.2200069957578     
  -46.1378125965922     
  -20.1723677598090     
   34.1741050046912     
  -41.9998807959567     
  -1.13052657093848     
  0.342946160798658     
   37.0144132553894     
  -41.8164532990862     
 -0.549239666851365     
   30.4270987053535     
  -14.7399290456855     
  -43.2582494501316     
   40.8262855392430     
   21.0224066868851     
   9.21332485281325     
   18.9146275125095     
  -34.3720699116437     
  -28.9500134757465     
   20.0419149100027     
  -24.4716017586770     
   42.4061506805698     
   25.7031323135997     
  -39.3560925859134     
   57.7276207322586     
   21.2215897265260     
  -35.8069443378696     
  -3.20050011648192     
   29.3264276292749     
   39.8228775139639     
   20.5806687804628     
 -0.208347646803276     
  -9.50669705302574     
   26.5335711747054     
   18.9474772977725     
  -1.40700290023588     
  0.445048773606566     
  -11.8400802531912     
   43.6985942087279     
  -38.6496375412973     
  -36.6904913954775     
  -21.7938494703669     
   10.8199910815500     
   17.7128735093227     
  -1.23638640296656     
  -1.33651259438590     
   42.5631590847371     
   25.5399545880753     
   25.3529132239967     
  -21.7078183798689     
   1.06302804053275     
   6.18891895096794     
  -45.6176183948460     
  -32.4046852371356     
   34.2543645342739     
  -41.8697209263539     
  -1.91728512740617     
  -1.69027967791190     
   8.60089359732470     
   1.56173094457292     
   34.2376339294766     
  -41.8853810155495     
   36.7733513735555     
  -39.2268119695182     
   25.4999311727804     
  -21.0067684742531     
  -33.6457650589462     
  -25.8665998321506     
  -7.49163642707717     
  -9.60991167342475     
   42.6842545415669     
   19.1561874831015     
   40.8711081052736     
   21.0530349596674     
  -6.03212481578216     
   16.7716191038448     
   40.6565235467435     
  -4.41782597147749     
  -45.3126711260071     
  -18.2666729348541     
  -8.11319042161443     
   18.1610568408069     
   31.1675994352170     
  -35.9254427977422     
  -44.9809091326840     
  -8.46798997176176     
  -29.5641755315483     
   12.8640118559535     
  -30.8275946490177     
  -14.1947100763237     
  -27.6158806377876     
  -5.26461988456245     
   9.48854398708582     
   3.18708906565021     
  -22.0207109411051     
  -14.2907474724438     
  -29.9903290037663     
  -12.2169800049745     
  -46.1408245917683     
  -20.1668582724861     
   34.1680593861341     
  -42.0054747985872     
  -1.13064914984699     
  0.342758373482411     
   37.0083172741424     
  -41.8224229669572     
 -0.545334261890597     
   30.4263158971213     
  -14.7460645670630     
  -43.2571644124732     
   40.8289862672227     
   21.0159130478954     
   9.21567853061891     
   18.9125870868880     
  -34.3763252463120     
  -28.9462616034593     
   20.0382790893228     
  -24.4751703707926     
   42.4094939227297     
   25.6963603489824     
  -39.3484556488027     
   57.7320458966418     
   21.2163744791403     
  -35.8107128923234     
  -3.19673974822869     
   29.3260303489981     
   39.8254867189347     
   20.5743012394160     
 -0.209869945065647     
  -9.50745389096626     
   26.5359856946334     
   18.9430160451835     
  -1.40707868003854     
  0.444888957421515     
  -11.8343756559962     
   43.6992707076522     
  -38.6549278562394     
  -36.6860687364397     
   21.7939292545690     
  -10.8183990858014     
   17.7142252972911     
   1.23629131538424     
  -1.33634881485352     
  -42.5608552406045     
   25.5440602670093     
  -25.3546654289435     
  -21.7052610432085     
  -1.06243489459611     
   6.18935171624430     
   45.6149733275948     
  -32.4080671801861     
  -34.2577425128148     
  -41.8663943380945     
   1.91716759315144     
  -1.69015831172614     
  -8.60068952491592     
   1.56279360278739     
  -34.2410093951933     
  -41.8820582250501     
  -36.7765486198187     
  -39.2232769499564     
  -25.5016206358714     
  -21.0041822772829     
   33.6436754554994     
  -25.8689249587426     
   7.49089363003879     
  -9.61008729643212     
  -42.6825050678043     
   19.1602568154879     
  -40.8691840745208     
   21.0569498063628     
   6.03363702715519     
   16.7716433547173     
  -40.6567998504373     
  -4.41396171833693     
   45.3112414362244     
  -18.2700763386697     
   8.11482055613734     
   18.1609232309264     
  -31.1705147422773     
  -35.9223884354312     
   44.9803037868237     
  -8.47132033709794     
   29.5653222895191     
   12.8620637634705     
   30.8265115532799     
  -14.1967387375508     
   27.6155148624736     
  -5.26652967568181     
  -9.48820970619466     
   3.18825240127929     
   22.0195937393653     
  -14.2920823594313     
   29.9894352790916     
  -12.2189034102155     
   46.1392353034781     
  -20.1703413582112     
  -34.1714513649387     
  -42.0021516644773     
   1.13075250732014     
  0.342878021957987     
  -37.0117257565193     
  -41.8188908679154     
  0.548047269096831     
   30.4267487118213     
   14.7426045434237     
  -43.2578780295154     
  -40.8270637696267     
   21.0198318086745     
  -9.21397985753669     
   18.9138004122289     
   34.3739672470482     
  -28.9486453503308     
  -20.0402438237989     
  -24.4730574062274     
  -42.4071712612321     
   25.7004601890604     
   39.3539199089772     
   57.7289431519780     
  -21.2192727011366     
  -35.8084928611524     
   3.19935007137807     
   29.3262080531608     
  -39.8236215047785     
   20.5781505939342     
  0.209152446586616     
  -9.50704124503706     
  -26.5342386642137     
   18.9457128978970     
   1.40721468993265     
  0.444988533308508     
   11.8383002027889     
   43.6987667455628     
   38.6519258681169     
  -36.6888777724482     
   21.7935674968826     
  -10.8214735856554     
  -17.7117845049408     
   1.23631927115016     
   1.33660292105232     
  -42.5652905755715     
  -25.5364907946849     
  -25.3516568890796     
   21.7099354060841     
  -1.06366262109469     
  -6.18858260454311     
   45.6195424534347     
   32.4020596532063     
  -34.2517101140281     
   41.8725300145977     
   1.91724335774743     
   1.69035064604386     
  -8.60125932623916     
  -1.56085054008875     
  -34.2349660541651     
   41.8881982842859     
  -36.7708619280127     
   39.2297710064210     
  -25.4987173213366     
   21.0089040056819     
   33.6472428235029     
   25.8647737481959     
   7.49206435392661     
   9.60974223497776     
  -42.6859370084130     
  -19.1527041900291     
  -40.8729092109273     
  -21.0497003351112     
   6.03069431873014     
  -16.7716370429962     
  -40.6565025854992     
   4.42110853940989     
   45.3136227786361     
   18.2640281148538     
   8.11163873101288     
  -18.1611960878144     
  -31.1653676442803     
   35.9280020050926     
   44.9811984252423     
   8.46531508800285     
   29.5630319938662     
  -12.8655173141234     
   30.8282455461910     
   14.1930962627897     
   27.6159561432852     
   5.26311938576121     
  -9.48900598819863     
  -3.18615906063800     
   22.0214043212147     
   14.2896727821714     
   29.9908561782006     
   12.2154444623422     
   46.1419128294052     
   20.1641785901893     
  -34.1653849643803     
   42.0082786826960     
   1.13042757341900     
 -0.342655547606414     
  -37.0056312750708     
   41.8254409896446     
  0.542962056139434     
  -30.4259711017537     
   14.7487855355910     
   43.2565418033293     
  -40.8307869758597     
  -21.0125890038751     
  -9.21724132089592     
  -18.9116130571149     
   34.3780030679827     
   28.9443610693235     
  -20.0368410719260     
   24.4769164792586     
  -42.4116513011970     
  -25.6929148356287     
   39.3442191566967     
  -57.7342939088601     
  -21.2141658668670     
   35.8125711574426     
   3.19440050395843     
  -29.3258963761329     
  -39.8272538649669     
  -20.5710528253972     
  0.210298093189020     
   9.50776787104004     
  -26.5376157661377     
  -18.9407523291304     
   1.40683818029906     
 -0.444783421165722     
   11.8310595002831     
  -43.6996748070346     
   38.6571196098019     
   36.6839121362797     
   21.7938011657398     
  -10.8203130592314     
   17.7124726741426     
   1.23639250674178     
  -1.33662554234077     
  -42.5636577529930     
   25.5389327390700     
  -25.3525819751439     
  -21.7084849467035     
  -1.06313134150183     
   6.18871247453728     
   45.6180460375854     
  -32.4043517424313     
  -34.2536526587304     
  -41.8705958307861     
   1.91731131060386     
  -1.69041313199963     
  -8.60095777775559     
   1.56140399036305     
  -34.2369181223139     
  -41.8862602157337     
  -36.7727091513680     
  -39.2277040160870     
  -25.4996111419650     
  -21.0074416839951     
   33.6460909903275     
  -25.8663827414907     
   7.49175284180939     
  -9.61002062409342     
  -42.6846709134331     
   19.1551232441905     
  -40.8715153647414     
   21.0520202236200     
   6.03182708883476     
   16.7714739633518     
  -40.6565032002010     
  -4.41881135761226     
   45.3128838820169     
  -18.2663507106502     
   8.11286352051059     
   18.1609343454320     
  -31.1670216898252     
  -35.9262358908757     
   44.9809872268370     
  -8.46763432782434     
   29.5639564813281     
   12.8640784871427     
   30.8277361776564     
  -14.1945481767498     
   27.6158909735590     
  -5.26449455236844     
  -9.48862158142068     
   3.18674740792576     
   22.0208700901406     
  -14.2906774567945     
   29.9904570137366     
  -12.2168164232801     
   46.1410752751484     
  -20.1665488334794     
  -34.1673442121880     
  -42.0063530999170     
   1.13060971951056     
  0.342675180669514     
  -37.0076159098608     
  -41.8233696836123     
  0.544845353934097     
   30.4260566133419     
   14.7467202778934     
  -43.2571768602294     
  -40.8293982617705     
   21.0149094611937     
  -9.21601490528846     
   18.9122115555462     
   34.3766947960543     
  -28.9460441938300     
  -20.0379053988746     
  -24.4757288286502     
  -42.4099928761421     
   25.6953368231099     
   39.3477673255131     
   57.7322179154534     
  -21.2158188815497     
  -35.8113311010131     
   3.19625487264143     
   29.3258204288216     
  -39.8259022976277     
   20.5733336077230     
  0.209990578039924     
  -9.50766268037200     
  -26.5363497398815     
   18.9423070856603     
   1.40703864479516     
  0.444797848477737     
   11.8337580975942     
   43.6991517299642     
   38.6553831330015     
  -36.6858213706760     
   21.7935060704788     
  -10.8177351149506     
  -17.7152461958658     
   1.23591437025395     
   1.33611251214700     
  -42.5597232333756     
  -25.5470856099763     
  -25.3564170658364     
   21.7032815873367     
  -1.06239841901805     
  -6.18975053182309     
   45.6126616882816     
   32.4102289552716     
  -34.2607977791917     
   41.8637988436365     
   1.91671398944960     
   1.68993081884393     
  -8.60096873091918     
  -1.56362855165656     
  -34.2440648126822     
   41.8794621905996     
  -36.7794450999012     
   39.2205402728406     
  -25.5033316056187     
   21.0022078135473     
   33.6417065615370     
   25.8704391920926     
   7.48994112796475     
   9.61011697407460     
  -42.6817409059412     
  -19.1632975472210     
  -40.8683126349407     
  -21.0598799876487     
   6.03419392366056     
  -16.7717403080564     
  -40.6574864766644     
   4.41101380288218     
   45.3097399533680     
   18.2723897048145     
   8.11545532428250     
  -18.1609077455384     
  -31.1731623217243     
   35.9200180475628     
   44.9793739158702     
   8.47349069957829     
   29.5656438456572     
  -12.8609395894713     
   30.8253013480546     
   14.1980623315015     
   27.6147988149475     
   5.26771798848486     
  -9.48839603767643     
  -3.18915819237851     
   22.0183485858966     
   14.2929304182602     
   29.9883359349250     
   12.2201590973524     
   46.1376070504285     
   20.1726794118251     
  -34.1745102088160     
   41.9995617440526     
   1.13050794420273     
 -0.342959235538727     
  -37.0147962307832     
   41.8161161661580     
  0.549405101717322     
  -30.4271362372272     
   14.7395002776083     
   43.2583296183658     
  -40.8261880025120     
  -21.0227466911120     
  -9.21323317959006     
  -18.9147326597917     
   34.3717984976035     
   28.9502327582043     
  -20.0421566843822     
   24.4714010266757     
  -42.4060255267565     
  -25.7034770473579     
   39.3564441247860     
  -57.7274067504353     
  -21.2219369733991     
   35.8067370258128     
   3.20065373692669     
  -29.3264355280705     
  -39.8227798811305     
  -20.5810070875631     
  0.208229173850056     
   9.50665898536109     
  -26.5334882110444     
  -18.9477065345214     
   1.40697685308213     
 -0.445058194367111     
   11.8403233009039     
  -43.6985589365965     
   38.6492856428333     
   36.6907583165125     
  -21.7939452405094     
   10.8182606229920     
  -17.7143093932031     
  -1.23628646705687     
   1.33635753404745     
   42.5606655267328     
  -25.5443748265167     
   25.3548348904958     
   21.7050508446612     
   1.06237641604921     
  -6.18935158496253     
  -45.6147630461993     
   32.4083547986937     
   34.2580638435161     
   41.8661280850798     
  -1.91715757700006     
   1.69017109280583     
   8.60067179479677     
  -1.56286177343269     
   34.2413285170721     
   41.8817986444665     
   36.7768303054226     
   39.2229959847406     
   25.5017903363265     
   21.0039790888877     
  -33.6434830616022     
   25.8691607289549     
  -7.49083588787538     
   9.61012383766077     
   42.6823311006101     
  -19.1605987143637     
   40.8690208532831     
  -21.0572549151595     
  -6.03375798049892     
  -16.7715992297014     
   40.6568102449838     
   4.41368031952808     
  -45.3110901754391     
   18.2704394961136     
  -8.11494392723114     
  -18.1608571478048     
   31.1707795753448     
   35.9221751479094     
  -44.9802161879209     
   8.47167120335432     
  -29.5654357699608     
  -12.8618476193678     
  -30.8264229594534     
   14.1969331128147     
  -27.6154745663431     
   5.26674363074518     
   9.48817728485390     
  -3.18832959528453     
  -22.0194957793889     
   14.2922518941908     
  -29.9893639164157     
   12.2191046639387     
  -46.1390634206588     
   20.1706832133875     
   34.1717719231349     
   42.0018920636778     
  -1.13076640783919     
 -0.342877819316567     
   37.0120338385249     
   41.8185982549038     
 -0.548280309048314     
  -30.4267315595184     
  -14.7422418918364     
   43.2579978322434     
   40.8269055696491     
  -21.0201310560544     
   9.21382926843357     
  -18.9138722190487     
  -34.3737474627336     
   28.9489134519409     
   20.0403951354747     
   24.4728947060272     
   42.4069834991420     
  -25.7007610156551     
  -39.3539755464642     
  -57.7288954370500     
   21.2195223140408     
   35.8083359695048     
  -3.19957971073745     
  -29.3261714980528     
   39.8234680452718     
  -20.5784395147700     
 -0.209083223765602     
   9.50702213296792     
   26.5341158027236     
  -18.9458976708687     
  -1.40722998668995     
 -0.444986056177818     
  -11.8385795392317     
  -43.6986938097133     
  -38.6516652857671     
   36.6891510966116     
   21.7939423447445     
  -10.8194668298437     
  -17.7133259983035     
   1.23639795048822     
   1.33645302703580     
  -42.5624472176279     
  -25.5411736738458     
  -25.3533377814767     
   21.7070524544986     
  -1.06280332086693     
  -6.18909488188314     
   45.6169944382496     
   32.4055321734457     
  -34.2551726134573     
   41.8687698809739     
   1.91730283312309     
   1.69021319059023     
  -8.60078358201633     
  -1.56207059202947     
  -34.2384367421391     
   41.8844333309271     
  -36.7741358560111     
   39.2257958259848     
  -25.5003305006038     
   21.0059856334906     
   33.6452721626759     
   25.8671612242837     
   7.49148818138296     
   9.60989837220672     
  -42.6837135823365     
  -19.1573526733987     
  -40.8704975950509     
  -21.0541703950591     
   6.03260826742545     
  -16.7716914043615     
  -40.6565402929367     
   4.41673415451023     
   45.3123534541498     
   18.2675618150554     
   8.11370510263067     
  -18.1610813862502     
  -31.1683100073152     
   35.9245598500667     
   44.9808160379443     
   8.46885031386861     
   29.5645829764238     
  -12.8634668244309     
   30.8273715927507     
   14.1951876555481     
   27.6158453503807     
   5.26509878494896     
  -9.48839567480950     
  -3.18747455534136     
   22.0204726043008     
   14.2910547087444     
   29.9901521132818     
   12.2174421834169     
   46.1404638215814     
   20.1677691251261     
  -34.1688794669043     
   42.0045192326618     
   1.13070537210381     
 -0.342816145211688     
  -37.0091483376595     
   41.8214298498364     
  0.546186482477779     
  -30.4264980422107     
   14.7452428595111     
   43.2572550979191     
  -40.8283748028553     
  -21.0170427459250     
  -9.21512123028242     
  -18.9129990253758     
   34.3757602446855     
   28.9468241975387     
  -20.0387492841089     
   24.4745310709459     
  -42.4087773916454     
  -25.6975835557302     
   39.3502143696151     
  -57.7311428524543     
  -21.2171047821932     
   35.8100429713140     
   3.19754815651093     
  -29.3261388739506     
  -39.8249022797610     
  -20.5754144994487     
  0.209727394087841     
   9.50727672121004     
  -26.5354376936140     
  -18.9438173460250     
   1.40718489782599     
 -0.444955560896489     
   11.8356118254095     
  -43.6991774732260     
   38.6541981500825     
   36.6867484330267     
  -21.7938701866562     
   10.8209270869033     
  -17.7120576781167     
  -1.23648502648640     
   1.33660076035408     
   42.5645849668285     
  -25.5372923378027     
   25.3516719468351     
   21.7094776590155     
   1.06333653663207     
  -6.18868017829228     
  -45.6193769356902     
   32.4025778361270     
   34.2519740465386     
   41.8719293008695     
  -1.91742922333099     
   1.69036249515447     
   8.60096505541051     
  -1.56105813116634     
   34.2352401441978     
   41.8875877618460     
   36.7710992897219     
   39.2291400192816     
   25.4987176754280     
   21.0084364674267     
  -33.6471863367550     
   25.8650932541270     
  -7.49218347545180     
   9.60974962389991     
   42.6853445663995     
  -19.1534797894343     
   40.8722817765323     
  -21.0504577627736     
  -6.03124262118872     
  -16.7716752959613     
   40.6562656811008     
   4.42039018458006     
  -45.3137082906738     
   18.2643953607531     
  -8.11222040249830     
  -18.1612156709407     
   31.1655575138502     
   35.9274593414018     
  -44.9813860708174     
   8.46570861536716     
  -29.5635162392052     
  -12.8652428929354     
  -30.8283550954101     
   14.1933535118819     
  -27.6161770366828     
   5.26335498895294     
   9.48869042049443     
  -3.18638549629208     
  -22.0215004671906     
   14.2898447117894     
  -29.9909888192889     
   12.2156836973586     
  -46.1419750957843     
   20.1645539191430     
   34.1656626216061     
   42.0076728419068     
  -1.13064141077887     
 -0.342711030401691     
   37.0059117704547     
   41.8248031731072     
 -0.543745075467010     
  -30.4260858437793     
  -14.7485019478905     
   43.2566167553983     
   40.8301433027683     
  -21.0133277854128     
   9.21667903723744     
  -18.9118562142017     
  -34.3779045304118     
   28.9446959915965     
   20.0368906495636     
   24.4765276154489     
   42.4109283897486     
  -25.6937100449346     
  -39.3451705711147     
  -57.7340003303479     
   21.2143455346137     
   35.8121739975884     
  -3.19515958650912     
  -29.3259686206150     
   39.8266336116587     
  -20.5717844996083     
 -0.210407015543366     
   9.50766940680522     
   26.5370311741329     
  -18.9412742985278     
  -1.40706510924127     
 -0.444841163751481     
  -11.8320839840280     
  -43.6996252070018     
  -38.6569286291825     
   36.6842888162136     
  -21.7937125492248     
   10.8181236611505     
  -17.7146719826676     
  -1.23610686598254     
   1.33625208563124     
   42.5603911660262     
  -25.5453563741634     
   25.3554739239419     
   21.7043970291847     
   1.06243628990008     
  -6.18951696480502     
  -45.6138968897632     
   32.4090622841458     
   34.2591633760189     
   41.8652412187990     
  -1.91694079511306     
   1.69006065457576     
   8.60083287534959     
  -1.56315574533263     
   34.2424297568137     
   41.8809067508152     
   36.7778963127776     
   39.2220698094076     
   25.5024142946408     
   21.0033200173192     
  -33.6427539074122     
   25.8696386054285     
  -7.49045026228805     
   9.61012419056308     
   42.6822114695697     
  -19.1615565029021     
   40.8688258801462     
  -21.0582067701478     
  -6.03385634914028     
  -16.7716623543681     
   40.6571363115478     
   4.41266298664913     
  -45.3105286599652     
   18.2711473196918     
  -8.11506970098352     
  -18.1608887893304     
   31.1717468070802     
   35.9213424649534     
  -44.9798570128503     
   8.47234257514568     
  -29.5654435285368     
  -12.8615729540089     
  -30.8259287228611     
   14.1973808584837     
  -27.6151778226545     
   5.26707598327288     
   9.48830919876528     
  -3.18865086998455     
  -22.0190045894611     
   14.2924716250377     
  -29.9889055470165     
   12.2195106128169     
  -46.1384643376113     
   20.1714141563961     
   34.1728794016399     
   42.0009997520588     
  -1.13060750101551     
 -0.342901950341965     
   37.0131530037616     
   41.8176577861688     
 -0.548618754406526     
  -30.4269031984536     
  -14.7411999221475     
   43.2580922546527     
   40.8267107297651     
  -21.0210831525048     
   9.21366389219991     
  -18.9142042830556     
  -34.3729545014262     
   28.9493759535974     
   20.0411362460871     
   24.4723393682498     
   42.4066982873071     
  -25.7017546049878     
  -39.3548193801123     
  -57.7283522488979     
   21.2205081052887     
   35.8077219739181     
  -3.19991073976188     
  -29.3262931808871     
   39.8232935502244     
  -20.5793704641406     
 -0.208714762451036     
   9.50688222190627     
   26.5339390339852     
  -18.9465638058026     
  -1.40708846548350     
 -0.445010195980552     
  -11.8391377919580     
  -43.6986640910380     
  -38.6506982234683     
   36.6897503685890     
  -21.7935103398066     
   10.8189075898147     
  -17.7142057988482     
  -1.23602159087203     
   1.33626574555787     
   42.5614540322315     
  -25.5437982543295     
   25.3549599851335     
   21.7053311689965     
   1.06281021498400     
  -6.18940709563104     
  -45.6147808964233     
   32.4076868483621     
   34.2580246083086     
   41.8664818484134     
  -1.91685565020007     
   1.69004832911817     
   8.60108020657133     
  -1.56279268366575     
   34.2412922655885     
   41.8821469545859     
   36.7768214513031     
   39.2233821125666     
   25.5019221532454     
   21.0042464403478     
  -33.6434162214672     
   25.8686729805659     
  -7.49057904504600     
   9.60999680869073     
   42.6830443418154     
  -19.1600433048201     
   40.8697629831021     
  -21.0567427199850     
  -6.03310684782955     
  -16.7717208222454     
   40.6572019100909     
   4.41410229943725     
  -45.3109013023710     
   18.2698399719154     
  -8.11426711669526     
  -18.1610125056145     
   31.1707841800220     
   35.9224553548741     
  -44.9799186038457     
   8.47099156935765     
  -29.5648171635741     
  -12.8623420342658     
  -30.8261816174864     
   14.1965457670389     
  -27.6151428011209     
   5.26631831413720     
   9.48859360189460     
  -3.18824072086409     
  -22.0192606461493     
   14.2919107174208     
  -29.9890888846401     
   12.2187253714003     
  -46.1389064485625     
   20.1700818086891     
   34.1717293471547     
   42.0022479170972     
  -1.13047127337448     
 -0.342879361571772     
   37.0119892181711     
   41.8189888866908     
 -0.547406482172591     
  -30.4267941254841     
  -14.7423839833742     
   43.2577361534070     
   40.8276369978897     
  -21.0196086808202     
   9.21448924106948     
  -18.9137831315962     
  -34.3736872209627     
   28.9483844554842     
   20.0405321774930     
   24.4730887471427     
   42.4077795301507     
  -25.7001909903994     
  -39.3527183668604     
  -57.7294966348525     
   21.2195664827900     
   35.8085110602499     
  -3.19872289895150     
  -29.3262781472102     
   39.8241735280744     
  -20.5779251550784     
 -0.208840919048860     
   9.50699107497206     
   26.5347756978503     
  -18.9455729131116     
  -1.40690924275581     
 -0.444982677651626     
  -11.8374461638754     
  -43.6989260176168     
  -38.6517147235665     
   36.6885816197882     
  -21.7936091322782     
   10.8180457267508     
   17.7147282390955     
  -1.23602202840779     
  -1.33627596684870     
   42.5602462478470     
   25.5457119978350     
   25.3557921626048     
  -21.7041905885307     
   1.06244814973180     
   6.18947795175363     
  -45.6134391058026     
  -32.4096106007106     
   34.2596532007603     
  -41.8649787075614     
  -1.91686452569870     
  -1.69008546047749     
   8.60091395239525     
   1.56319466280989     
   34.2429214873241     
  -41.8806418361650     
   36.7783699728719     
  -39.2217778769937     
   25.5027239826944     
  -21.0031155084219     
  -33.6423749244478     
  -25.8700487879989     
  -7.49026393654038     
  -9.61022967163686     
   42.6821061686524     
   19.1619355057053     
   40.8687332746170     
   21.0585495652116     
  -6.03390656561219     
   16.7715834385305     
   40.6572790806254     
  -4.41233169267303     
  -45.3102538584950     
  -18.2717342805048     
  -8.11514796769820     
   18.1607998900068     
   31.1721825955081     
  -35.9210869594155     
  -44.9796597023785     
  -8.47286584709915     
  -29.5654644162545     
   12.8612522813170     
  -30.8256914967572     
  -14.1977020758694     
  -27.6150254728991     
  -5.26741611868217     
   9.48837093361974     
   3.18869869499444     
  -22.0187559878997     
  -14.2927463151363     
  -29.9886970877790     
  -12.2198323404969     
  -46.1381630930100     
  -20.1719762924540     
   34.1733679169853     
  -42.0007287475214     
  -1.13055546099565     
  0.342874111698362     
   37.0136520905716     
  -41.8173475127993     
 -0.548807035197853     
   30.4268397724327     
  -14.7406242091096     
  -43.2583103974643     
   40.8266121280400     
   21.0214199401148     
   9.21360246454283     
   18.9142277768838     
  -34.3725408396063     
  -28.9498162160964     
   20.0414622197332     
  -24.4721997909907     
   42.4065531566063     
   25.7021032747119     
  -39.3553621306168     
   57.7278884112389     
   21.2209508580245     
  -35.8075598168641     
  -3.20007452120866     
   29.3262065735229     
   39.8231832916162     
   20.5797033796132     
 -0.208541486110928     
  -9.50691656171142     
   26.5338669640012     
   18.9467518800646     
  -1.40701571051265     
  0.444973896079436     
  -11.8394847972713     
   43.6985132028298     
  -38.6502127785441     
  -36.6902122913748     
   21.7937672701461     
  -10.8191680675805     
  -17.7135273503190     
   1.23625158837664     
   1.33648546018154     
  -42.5619777126196     
  -25.5421288468075     
  -25.3540800731990     
   21.7064626075496     
  -1.06276249166092     
  -6.18905171958188     
   45.6158501651569     
   32.4069056546703     
  -34.2565234994257     
   41.8679163507442     
   1.91713225337514     
   1.69028992558848     
  -8.60088731008296     
  -1.56223264957605     
  -34.2397903614513     
   41.8835777989641     
  -36.7754158208014     
   39.2248706296894     
  -25.5010593053321     
   21.0054073610789     
   33.6443467827324     
   25.8681860279327     
   7.49108649507600     
   9.61014874789488     
  -42.6833980254624     
  -19.1583613847916     
  -40.8701398337678     
  -21.0551090558706     
   6.03288320260894     
  -16.7714725308350     
  -40.6568327930638     
   4.41574935203709     
   45.3116553993064     
   18.2689718136891     
   8.11400291684486     
  -18.1608194395264     
  -31.1694781646839     
   35.9237708005520     
   44.9804048454510     
   8.47019154969288     
   29.5647218732330     
  -12.8627152796856     
   30.8268056894464     
   14.1960999533397     
   27.6155233293676     
   5.26593469314597     
  -9.48845118394005     
  -3.18764739648507     
   22.0199069089207     
   14.2917201138113     
   29.9896603267502     
   12.2183026593554     
   46.1397121429652     
   20.1692064431058     
  -34.1702216429574     
   42.0036719587303     
   1.13061541327075     
 -0.342768897354856     
  -37.0105032288223     
   41.8205001069361     
  0.546794608221659     
  -30.4264131554048     
   14.7437822264925     
   43.2577617844967     
  -40.8280221342479     
  -21.0179886591050     
  -9.21480678259376     
  -18.9131519724301     
   34.3747297012046     
   28.9478893692175     
  -20.0395848687336     
   24.4740629735967     
  -42.4083029040921     
  -25.6985246438035     
   39.3511375695360     
  -57.7303062824226     
  -21.2182796276044     
   35.8095398945685     
   3.19812393587973     
  -29.3259747914853     
  -39.8245568556794     
  -20.5763403681589     
  0.209330191411302     
   9.50735279409025     
  -26.5351113760134     
  -18.9443935989367     
   1.40705358870423     
 -0.444878954716436     
   11.8364699544667     
  -43.6988225282970     
   38.6529252722602     
   36.6879762072918     
   21.7935818220368     
  -10.8192277102364     
  -17.7137754990481     
   1.23609808145707     
   1.33634730652704     
  -42.5619656131237     
  -25.5427079745611     
  -25.3544543124209     
   21.7060421720891     
  -1.06288466476336     
  -6.18923168549330     
   45.6154255870123     
   32.4071084494089     
  -34.2569746934415     
   41.8674827335624     
   1.91695485021548     
   1.69015442875128     
  -8.60105584067597     
  -1.56245582812267     
  -34.2402414697498     
   41.8831457658417     
  -36.7759021421928     
   39.2243815355791     
  -25.5014448829523     
   21.0049716200385     
   33.6439787346108     
   25.8682651855621     
   7.49083483784072     
   9.61004112488425     
  -42.6834427944898     
  -19.1588843552981     
  -40.8701488163665     
  -21.0556503275835     
   6.03282192797060     
  -16.7716252284138     
  -40.6570574422623     
   4.41522256518988     
   45.3113446437507     
   18.2690951213280     
   8.11393880893010     
  -18.1609355171535     
  -31.1699295644701     
   35.9233531151242     
   44.9801609477418     
   8.47034671896425     
   29.5646374932186     
  -12.8626996800708     
   30.8265157614277     
   14.1961248345097     
   27.6153007930454     
   5.26593639956973     
  -9.48860620788974     
  -3.18787802423821     
   22.0196153261098     
   14.2916791838559     
   29.9893890196178     
   12.2183423619341     
   46.1393844309891     
   20.1693235810641     
  -34.1706743041436     
   42.0032408571289     
   1.13048876392359     
 -0.342804193827740     
  -37.0110024538002     
   41.8200336305227     
  0.546847041631510     
  -30.4265819336066     
   14.7433114524845     
   43.2577126284020     
  -40.8280383028046     
  -21.0185353158572     
  -9.21482761985616     
  -18.9134047857379     
   34.3743439795088     
   28.9479548651671     
  -20.0399437168280     
   24.4737234895985     
  -42.4082880527410     
  -25.6991072849561     
   39.3515281875572     
  -57.7300912057098     
  -21.2186762171398     
   35.8092298292791     
   3.19818810247095     
  -29.3261285942731     
  -39.8245706117097     
  -20.5768692564477     
  0.209092057543109     
   9.50716240511417     
  -26.5351424398661     
  -18.9448058453675     
   1.40692966897514     
 -0.444920178697545     
   11.8367445383221     
  -43.6989026523524     
   38.6524860587961     
   36.6880910596573     
  -21.7937518117076     
   10.8203799279221     
  -17.7124919286233     
  -1.23635757136657     
   1.33659030835709     
   42.5637643630812     
  -25.5388881088718     
   25.3526077978492     
   21.7084920093215     
   1.06318572904965     
  -6.18874236352043     
  -45.6180594577232     
   32.4042073096596     
   34.2536461368455     
   41.8706284621765     
  -1.91727952198704     
   1.69038271744689     
   8.60098350560579     
  -1.56142847783891     
   34.2369080716972     
   41.8862940619227     
   36.7726813957921     
   39.2277368448350     
   25.4996262187545     
   21.0074664800628     
  -33.6460883396031     
   25.8663009918882     
  -7.49171833888087     
   9.60997829128115     
   42.6847433436243     
  -19.1550920505847     
   40.8716113151902     
  -21.0519812442045     
  -6.03173025623483     
  -16.7715165390788     
   40.6565432348894     
   4.41886013831611     
  -45.3128716126572     
   18.2662428877341     
  -8.11276242901293     
  -18.1609791869999     
   31.1670048250142     
   35.9262564060163     
  -44.9809555350993     
   8.46748305566229     
  -29.5638751499679     
  -12.8642045759828     
  -30.8277086626205     
   14.1944590921418     
  -27.6158589890632     
   5.26441357636762     
   9.48868973180879     
  -3.18676255866830     
  -22.0208456357430     
   14.2906103477758     
  -29.9904279282909     
   12.2167402998654     
  -46.1410627875231     
   20.1664346554215     
   34.1673531060928     
   42.0063499669026     
  -1.13060912199796     
 -0.342702503708687     
   37.0075855445412     
   41.8234054122941     
 -0.544742559156772     
  -30.4261039409215     
  -14.7467183096498     
   43.2571130635847     
   40.8294909925269     
  -21.0148658426427     
   9.21607768128129     
  -18.9122403423646     
  -34.3766945430746     
   28.9459538566930     
   20.0379305771797     
   24.4757458236279     
   42.4101021420398     
  -25.6952953906071     
  -39.3475095825648     
  -57.7323886468321     
   21.2158313406967     
   35.8113180769957     
  -3.19613932477126     
  -29.3258685544514     
   39.8259961273357     
  -20.5732886810020     
 -0.209958411948424     
   9.50762593322188     
   26.5364404749928     
  -18.9422744905497     
  -1.40698821500986     
 -0.444800359800500     
  -11.8335785770192     
  -43.6992421007174     
  -38.6554017619425     
   36.6857196790954     
  -21.7938329175269     
   10.8180133708412     
  -17.7146838864156     
  -1.23616125636865     
   1.33626836657213     
   42.5602677670227     
  -25.5454067445786     
   25.3553837936631     
   21.7043878728135     
   1.06235434526385     
  -6.18953378660739     
  -45.6139710761315     
   32.4091159353968     
   34.2590211422959     
   41.8652628989713     
  -1.91701022538852     
   1.69006954083421     
   8.60075766710221     
  -1.56316786621285     
   34.2422892564507     
   41.8809278176078     
   36.7777941072026     
   39.2220620963124     
   25.5023188595615     
   21.0032994504494     
  -33.6428656524492     
   25.8696198216870     
  -7.49053277992654     
   9.61012486449923     
   42.6820828436714     
  -19.1616230396225     
   40.8687187837513     
  -21.0582517761461     
  -6.03395450822535     
  -16.7716673094318     
   40.6570453547952     
   4.41265416034432     
  -45.3106272712750     
   18.2711953057136     
  -8.11517922194816     
  -18.1608928386510     
   31.1716304961302     
   35.9213384966183     
  -44.9799681337385     
   8.47234559047299     
  -29.5655466085116     
  -12.8614809465603     
  -30.8260359096274     
   14.1973680242720     
  -27.6152730623615     
   5.26710050975551     
   9.48823198840793     
  -3.18866114773255     
  -22.0191227577781     
   14.2924907900332     
  -29.9890123637221     
   12.2194960938437     
  -46.1385676590111     
   20.1714695450222     
   34.1727261550247     
   42.0010294558332     
  -1.13067845355354     
 -0.342911867584419     
   37.0130438588405     
   41.8176804145484     
 -0.548735184761905     
  -30.4268899270409     
  -14.7413230376717     
   43.2580542461226     
   40.8265913331775     
  -21.0211213518217     
   9.21357362473407     
  -18.9142065371541     
  -34.3730639155638     
   28.9493820616720     
   20.0410202399004     
   24.4723350994457     
   42.4065813068757     
  -25.7017981736106     
  -39.3551036704319     
  -57.7282430284245     
   21.2203835628283     
   35.8077203544229     
  -3.20002068317809     
  -29.3262949229864     
   39.8231635210797     
  -20.5794124980346     
 -0.208792903823462     
   9.50689366835869     
   26.5338500231566     
  -18.9465886867019     
  -1.40715426540561     
 -0.445020542196077     
  -11.8392784883186     
  -43.6986535343598     
  -38.6508210677812     
   36.6897138257848     
   21.7937231520784     
  -10.8205450848067     
   17.7123621404159     
   1.23634570718387     
  -1.33661070261351     
  -42.5639839333621     
   25.5385267561387     
  -25.3524910572646     
  -21.7087166440111     
  -1.06325892231281     
   6.18871184034629     
   45.6182171047695     
  -32.4039732648883     
  -34.2533933358831     
  -41.8709101460174     
   1.91726533798350     
  -1.69038812185769     
  -8.60104663231620     
   1.56131639537201     
  -34.2366590113790     
  -41.8865743265357     
  -36.7724513800995     
  -39.2280376498856     
  -25.4995236352336     
  -21.0076690722395     
   33.6462271917191     
  -25.8661259273169     
   7.49175587127402     
  -9.60995649061185     
  -42.6849217596320     
   19.1547409760799     
  -40.8717982040152     
   21.0516416791489     
   6.03158438716748     
   16.7715027358422     
  -40.6565409735803     
  -4.41919374865648     
   45.3129423744854     
  -18.2660044515386     
   8.11260420510681     
   18.1609793924962     
  -31.1668085353670     
  -35.9265169998526     
   44.9809690714912     
  -8.46723762603497     
   29.5637498950682     
   12.8643611950315     
   30.8277693911779     
  -14.1942911914072     
   27.6158625273065     
  -5.26425519770447     
  -9.48873279884872     
   3.18666790623104     
   22.0209175368159     
  -14.2905018016232     
   29.9904691566018     
  -12.2165850459504     
   46.1411439882802     
  -20.1661819798154     
  -34.1670832301509     
  -42.0066559839090     
   1.13055500959668     
  0.342677761399643     
  -37.0073363744841     
  -41.8237052976236     
  0.544484756359206     
   30.4260554413161     
   14.7469993386120     
  -43.2570612068044     
  -40.8296882144028     
   21.0145291685358     
  -9.21624457657008     
   18.9121281054849     
   34.3768524335497     
  -28.9457809665517     
  -20.0377799815276     
  -24.4759311201933     
  -42.4103202170246     
   25.6949343116908     
   39.3468512276972     
   57.7327549060305     
  -21.2156087837747     
  -35.8115240579298     
   3.19587192508909     
   29.3258419498088     
  -39.8261771006332     
   20.5729546629239     
  0.209997936413713     
  -9.50767071398698     
  -26.5366255924551     
   18.9420506778472     
   1.40696959481461     
  0.444794278551512     
   11.8331974787267     
   43.6992837432580     
   38.6556146679817     
  -36.6855194852373     
   21.7935033790430     
  -10.8184955372799     
  -17.7144614545252     
   1.23597456665516     
   1.33625684067081     
  -42.5608651162657     
  -25.5448225276044     
  -25.3554885679136     
   21.7047074266296     
  -1.06265625672505     
  -6.18943182597353     
   45.6138499251211     
   32.4089714503058     
  -34.2589978678032     
   41.8656848083139     
   1.91680989865544     
   1.69009933906257     
  -8.60104863766007     
  -1.56299554524929     
  -34.2422612311194     
   41.8813528514981     
  -36.7777426029420     
   39.2225075292056     
  -25.5024479695012     
   21.0036473441381     
   33.6427200702421     
   25.8695442024064     
   7.49034251460234     
   9.61015813233666     
  -42.6825821553119     
  -19.1610648175029     
  -40.8692530485503     
  -21.0577187453375     
   6.03350489499947     
  -16.7715918068163     
  -40.6573096283891     
   4.41313823832472     
   45.3104454829112     
   18.2709593091116     
   8.11470268475681     
  -18.1608279914856     
  -31.1716461839975     
   35.9217175268634     
   44.9797095474152     
   8.47213344220057     
   29.5651010807296     
  -12.8617118517455     
   30.8258263716461     
   14.1972739102738     
   27.6150203556453     
   5.26698161275128     
  -9.48853273197913     
  -3.18847894411057     
   22.0189056626944     
   14.2924318891013     
   29.9887921069307     
   12.2194082437294     
   46.1383979327537     
   20.1712304658426     
  -34.1727086280083     
   42.0014481272762     
   1.13048519550185     
 -0.342853295011901     
  -37.0129783199963     
   41.8181355059527     
  0.548107867748414     
  -30.4267885279301     
   14.7412575628294     
   43.2581161192770     
  -40.8271235719512     
  -21.0205878095180     
  -9.21405296379197     
  -18.9140053227545     
   34.3729410872269     
   28.9492929311514     
  -20.0411288636752     
   24.4725972894032     
  -42.4071689670625     
  -25.7012240882860     
   39.3539192268419     
  -57.7286658982648     
  -21.2204421956013     
   35.8079822984040     
   3.19941790767447     
  -29.3262015645294     
  -39.8236938988414     
  -20.5788894812615     
  0.208619829064269     
   9.50697644056246     
  -26.5343209726064     
  -18.9462089120008     
   1.40691773156712     
 -0.444946672764031     
   11.8385526715713     
  -43.6986257960880     
   38.6507401376524     
   36.6896233181034     
  -21.7937860297558     
   10.8181539492934     
  -17.7145961110119     
  -1.23616264687247     
   1.33626062892934     
   42.5604499086428     
  -25.5451571930066     
   25.3553045051613     
   21.7045189974838     
   1.06241850941614     
  -6.18949957188324     
  -45.6141420845625     
   32.4088008398642     
   34.2588992678008     
   41.8653887585047     
  -1.91701291943997     
   1.69006890101415     
   8.60078414205884     
  -1.56309689238921     
   34.2421663325740     
   41.8810537589400     
   36.7776681392834     
   39.2222245875710     
   25.5022402825462     
   21.0034477764095     
  -33.6429611778577     
   25.8694533684443     
  -7.49055697877895     
   9.61009241313158     
   42.6822220017056     
  -19.1613934350755     
   40.8688667726780     
  -21.0580303143633     
  -6.03384115034588     
  -16.7716835332359     
   40.6570550974719     
   4.41283599795977     
  -45.3107264110647     
   18.2708371510798     
  -8.11504424888600     
  -18.1609317190678     
   31.1715369895999     
   35.9214686795410     
  -44.9799812444374     
   8.47208743895097     
  -29.5654344629920     
  -12.8617542697202     
  -30.8260872423607     
   14.1971816907882     
  -27.6152849628892     
   5.26690870029165     
   9.48826989946892     
  -3.18858305405540     
  -22.0191556669640     
   14.2923740465644     
  -29.9890612841042     
   12.2193364462448     
  -46.1386762698043     
   20.1710763690214     
   34.1726024289917     
   42.0011636333268     
  -1.13066428089096     
 -0.342912212027427     
   37.0129046737830     
   41.8178190005767     
 -0.548521556603161     
  -30.4268901494389     
  -14.7413905357982     
   43.2580564971330     
   40.8267481906727     
  -21.0209132159535     
   9.21370606398411     
  -18.9141305442065     
  -34.3731742789759     
   28.9491909367363     
   20.0409600453179     
   24.4724297577012     
   42.4067642121053     
  -25.7015561982153     
  -39.3541911703214     
  -57.7288062276136     
   21.2203083376565     
   35.8078065228775     
  -3.19979483233807     
  -29.3263055253583     
   39.8233198446982     
  -20.5791961612900     
 -0.208816683920691     
   9.50689096175659     
   26.5339725226170     
  -18.9464380950416     
  -1.40712895164586     
 -0.445021392125696     
  -11.8388930334210     
  -43.6987249179379     
  -38.6509578447946     
   36.6895341591197     
   21.7937631346376     
  -10.8213112142619     
   17.7117853096501     
   1.23645054385774     
  -1.33662925475961     
  -42.5651077138734     
   25.5364957999575     
  -25.3514477535105     
  -21.7099658150787     
  -1.06351259124264     
   6.18857932192421     
   45.6198786272133     
  -32.4018403441395     
  -34.2514441492541     
  -41.8725590554983     
   1.91739027114566     
  -1.69037921512890     
  -8.60109415484287     
   1.56084314238927     
  -34.2347065170476     
  -41.8882177433328     
  -36.7705863811675     
  -39.2298238422485     
  -25.4984850560937     
  -21.0089332788510     
   33.6475166062867     
  -25.8646425335574     
   7.49223890428961     
  -9.60972615842149     
  -42.6857400812750     
   19.1527276674762     
  -40.8727158376022     
   21.0497014409585     
   6.03087629443467     
   16.7716415580803     
  -40.6562956231751     
  -4.42111942168124     
   45.3138523327460     
  -18.2639037426809     
   8.11182373612288     
   18.1612219140961     
  -31.1650975988738     
  -35.9280452064962     
   44.9814075233894     
  -8.46523461265947     
   29.5632138955725     
   12.8655388196032     
   30.8284755715471     
  -14.1929966314242     
   27.6161581833488     
  -5.26305792845049     
  -9.48883426163304     
   3.18615965212182     
   22.0216161006038     
  -14.2896214786078     
   29.9910706659576     
  -12.2153546603934     
   46.1421536332047     
  -20.1640512610947     
  -34.1651156660282     
  -42.0083199755402     
   1.13056016357688     
  0.342677460516852     
  -37.0053596406516     
  -41.8254905142121     
  0.543134131017114     
   30.4259824578279     
   14.7491196359720     
  -43.2564644030185     
  -40.8306003620690     
   21.0125903940108     
  -9.21708257985685     
   18.9116102176373     
   34.3782897101519     
  -28.9442266320174     
  -20.0366162432160     
  -24.4769363074886     
  -42.4114556344384     
   25.6929126075933     
   39.3442987711872     
   57.7343886751329     
  -21.2139053023138     
  -35.8126022195439     
   3.19458284398687     
   29.3259001173584     
  -39.8270691016332     
   20.5710559906087     
  0.210465217201746     
  -9.50775558255291     
  -26.5374407157200     
   18.9407574785728     
   1.40696061964045     
  0.444802929790011     
   11.8313181771275     
   43.6996723219726     
   38.6574530622253     
  -36.6837317774171     
   21.7935160509838     
  -10.8190241660572     
  -17.7140711268082     
   1.23601952061900     
   1.33627513299261     
  -42.5616069929730     
  -25.5434744202117     
  -25.3548038401091     
   21.7055622334711     
  -1.06284585370615     
  -6.18935301290785     
   45.6149444667001     
   32.4075531321500     
  -34.2576619552847     
   41.8668230849290     
   1.91688216235322     
   1.69007873758792     
  -8.60107557455261     
  -1.56268937650859     
  -34.2409287595552     
   41.8824884917475     
  -36.7764954291610     
   39.2237209924202     
  -25.5017580108348     
   21.0044872676152     
   33.6435608475589     
   25.8685535424288     
   7.49065722209434     
   9.61000784474194     
  -42.6831780503133     
  -19.1596899025291     
  -40.8698737763455     
  -21.0563901537302     
   6.03300183541513     
  -16.7717082928948     
  -40.6571576363807     
   4.41446647639330     
   45.3110441437677     
   18.2695750759370     
   8.11415177492582     
  -18.1609950521173     
  -31.1705121561796     
   35.9227556506318     
   44.9799998016570     
   8.47080943438282     
   29.5647533059291     
  -12.8624557846520     
   30.8262752241646     
   14.1964019158829     
   27.6151886716667     
   5.26618688865507     
  -9.48859434289768     
  -3.18816609714988     
   22.0193699360831     
   14.2918376883191     
   29.9891721064565     
   12.2185897497494     
   46.1390588692106     
   20.1698199338224     
  -34.1713520390392     
   42.0026022620688     
   1.13045545810476     
 -0.342854707728574     
  -37.0116418229809     
   41.8193311678671     
  0.547209676014536     
  -30.4267443074465     
   14.7426314238393     
   43.2577313723803     
  -40.8277646682786     
  -21.0192758470890     
  -9.21460933242205     
  -18.9136790794345     
   34.3738846830814     
   28.9482529671362     
  -20.0403605854916     
   24.4733013870376     
  -42.4079280815764     
  -25.6998702730282     
   39.3526682189858     
  -57.7294750768410     
  -21.2193081701327     
   35.8087307615177     
   3.19853251858618     
  -29.3262363996078     
  -39.8243337589284     
  -20.5776136550941     
  0.208917326409184     
   9.50703088878524     
  -26.5348979464001     
  -18.9453343136360     
   1.40690569549529     
 -0.444963022068900     
   11.8372279847719     
  -43.6989160632661     
   38.6519304251994     
   36.6884488140281     
