    17842  37.289274 -121.669360     3.620       81.7     -115.0      -25.1     10.7      8.6     14.1 1984  4 25  4 35 19.170 1.9   1
    16751  37.291390 -121.671330     3.602      -93.4      119.8      -42.5     13.3     11.1     20.4 1984  4 27  7 48 23.500 1.0   1
    21644  37.290910 -121.670850     3.637      -50.4       66.6       -8.2     11.7      9.7     17.1 1984  6 27 14 50 38.140 1.6   1
    22271  37.291455 -121.670972     3.638      -61.5      126.9       -6.8     31.4     38.5     79.1 1984  7  7  0 17  9.970 2.7   1
    22280  37.289095 -121.669442     3.453       74.6     -135.0     -191.4     11.8     23.8     71.9 1984  7  7  2 35  4.060 1.5   1
    23190  37.289901 -121.670020     3.626       22.9      -45.4      -18.5     10.7      9.9     14.0 1984  7 17 16 24 49.440 1.9   1
    25096  37.289913 -121.671346     3.625      -94.6      -44.4      -19.3     16.6     14.0     36.3 1984  8  7  9  7  6.330 1.2   1
    28475  37.291610 -121.671851     3.677     -139.3      143.9       32.5     11.9     11.6     21.0 1984  9 23  8 43 14.720 1.1   1
    32049  37.289311 -121.669564     3.618       63.4     -110.9      -26.5     10.5      8.3     12.6 1984 11 18  0 28 55.240 1.7   1
    35109  37.290853 -121.670801     3.615      -46.3       60.2      -30.2     12.6      9.4     19.7 1984 12 22  4 43 44.710 1.6   1
    42349  37.289437 -121.669604     3.695       59.9      -97.0       50.5     11.6     11.8     24.0 1985  2 28  1  9 58.300 0.8   1
    42555  37.289172 -121.669303     3.612       86.4     -126.4      -32.9     10.7      8.8     14.0 1985  3  2  6 53 56.010 1.7   1
    42559  37.289880 -121.669922     3.603       31.5      -48.0      -41.3     11.0      8.9     14.9 1985  3  2  8 55  3.470 1.9   1
    42643  37.289530 -121.669686     3.592       52.7      -86.6      -52.9     10.6      8.7     14.6 1985  3  2  8 55 29.590 2.1   1
    42560  37.290218 -121.670565     3.643      -25.5      -10.4       -1.5     11.7      9.5     20.4 1985  3  2  8 58  0.480 1.2   1
    49626  37.291593 -121.671729     3.664     -128.6      142.1       18.8     11.9     12.2     22.5 1985  6 15  1 38 57.380 0.9   1
    54084  37.289884 -121.669963     3.619       27.8      -47.2      -25.6     10.9      8.6     13.7 1985  8 28 20 35 10.100 1.6   1
    57770  37.289876 -121.671346     3.607      -94.4      -48.4      -37.6     17.6     13.8     35.7 1985 10 28  3 55 38.130 1.3   1
    62514  37.289307 -121.669572     3.619       62.8     -111.6      -25.4     10.6      8.4     13.1 1985 12 31 15 50 52.230 1.7   1
    62520  37.289237 -121.669368     3.635       80.5     -119.3       -9.6     10.6      8.5     13.5 1985 12 31 18  3  3.480 1.6   1
    67820  37.290828 -121.670671     3.573      -34.3       57.4      -72.0     12.2      9.4     18.3 1986  3  8 10 32  4.410 1.6   1
    73786  37.289258 -121.670744     3.654      -41.2     -117.0        9.0     39.0     42.5    110.0 1986  6  1 10 51 31.460 1.2   1
    77218  37.289864 -121.669922     3.579       31.7      -49.5      -65.6     11.5      9.0     18.4 1986  7 25  9 22 50.290 2.3   1
    77296  37.290202 -121.670565     3.631      -25.1      -12.2      -13.5     13.5     11.0     30.1 1986  7 25 16  1 52.100 1.1   1
    81017  37.291492 -121.671582     3.580     -115.1      131.2      -64.3     12.5     12.1     25.8 1986  9  2  7 24 15.870 0.8   1
    82606  37.290951 -121.670825     3.477      -48.0       70.8     -167.6     31.4     49.8    107.1 1986  9 15 20 17 49.920 2.7   1
    83805  37.290877 -121.670679     3.558      -35.1       62.7      -87.0     11.7      9.2     16.6 1986  9 25 12  1 52.830 1.4   1
    88698  37.291549 -121.671566     3.604     -114.0      137.2      -40.7     12.3      9.8     18.0 1986 11 25 13  0 35.660 1.0   1
   101361  37.289840 -121.669784     3.554       44.1      -52.4      -90.4     10.8      8.8     15.0 1987  6  3  6 56  7.740 1.9   1
   101362  37.289233 -121.669328     3.553       84.1     -119.8      -91.7     10.8      8.4     14.6 1987  6  3  6 58 51.320 1.7   1
   102776  37.291528 -121.671549     3.590     -112.8      134.9      -54.7     12.4     10.1     20.0 1987  7  7  1 44 26.990 1.0   1
   103138  37.289530 -121.669621     3.563       58.2      -86.6      -82.1     10.6      8.4     14.2 1987  7 14 19  2 57.020 1.7   1
   110939  37.289844 -121.671200     3.577      -81.6      -51.8      -67.7     18.2     13.7     38.3 1988  1 15  1 56 42.310 1.4   1
   112868  37.291549 -121.671460     3.575     -104.4      137.3      -70.0     12.2      9.5     16.9 1988  2 25 10  0 17.780 0.9   1
   120788  37.290906 -121.670671     3.592      -34.9       65.7      -52.3     13.9      9.8     24.8 1988  7 23 10 42 21.740 1.5   1
   126189  37.289872 -121.670036     3.603       21.3      -48.6      -41.4     11.4      8.8     17.4 1988 11  2  3  9 12.610 1.9   1
   126292  37.289229 -121.669466     3.577       72.1     -120.2      -67.3     10.7      8.4     13.9 1988 11  3  1 30  4.280 1.7   1
   126389  37.289176 -121.669336     3.581       83.9     -126.1      -63.6     10.7      8.6     14.4 1988 11  4 13 34 34.720 1.9   1
   148939  37.289266 -121.669336     3.543       83.4     -115.9     -101.7     10.9      8.3     13.9 1989 12 13  5 33 46.080 1.6   1
   158154  37.291724 -121.671663     3.682     -122.8      156.8       37.3     11.7     12.3     22.4 1990  5 23 11 11 37.580 1.0   1
   160503  37.290637 -121.669881     3.763       35.2       36.2      118.4     10.5     15.1     24.0 1990  7  5 20  4 42.800 1.7   1
   205031  37.289665 -121.670605     3.443      -28.7      -71.6     -201.8     18.7     14.6     44.1 1991  1 20  5  0 30.930 1.2   1
   208364  37.291516 -121.671452     3.593     -103.7      133.5      -52.1     12.3      9.6     17.7 1991  3 22 11 23 27.560 1.0   1
   215747  37.289319 -121.669271     3.550       89.6     -110.3      -94.3     10.6      8.4     13.5 1991  5 29  9 45 22.620 1.8   1
   227435  37.289779 -121.670882     3.508      -53.2      -59.1     -136.6     16.9     13.6     35.5 1991  8 10 17  6  5.760 1.2   1
   238704  37.289950 -121.670117     3.602       14.7      -40.0      -42.9     11.0      8.8     14.8 1991 12  3  5 24 24.980 2.0   1
   238790  37.289518 -121.669466     3.555       72.1      -87.9      -89.7     10.6      8.5     14.7 1991 12  4  0  8 49.550 1.9   1
   261841  37.291496 -121.671411     3.596     -100.3      131.6      -48.3     12.5      9.6     19.9 1992  4  6  9 39 49.410 0.9   1
   312743  37.290804 -121.670630     3.561      -31.2       54.8      -83.5     13.6      9.5     23.1 1992  8 29 17  4 29.020 1.6   1
   314921  37.290145 -121.669059     3.880      108.2      -18.6      235.2     10.9      8.6     28.6 1992  9 11  1 22 13.650 1.1   1
   331552  37.292293 -121.671509     3.871     -108.9      219.7      226.7     12.2     21.2     56.0 1993  1  9 17 48 38.720 1.0   1
   331635  37.291288 -121.671549     3.578     -112.5      108.4      -66.5     13.0      9.6     20.1 1993  1 10 22 13  9.440 1.2   1
 30036393  37.292647 -121.671509     4.488     -109.2      259.3      843.7     12.3     10.5    101.1 1993 12  1  0 25 49.530 1.0   1
   389286  37.289209 -121.669295     3.561       87.0     -122.2      -83.4     10.7      8.4     13.9 1993 12 20 22 35  7.800 1.8   1
   399980  37.289974 -121.670850     3.575      -50.3      -37.4      -70.0     17.0     13.3     33.4 1994  4  6  4 11 34.960 1.4   1
 30062741  37.290613 -121.669743     3.882       47.6       33.4      237.7     10.7     17.2     43.9 1994 11 16 16 50 58.150 2.0   1
 30062748  37.290853 -121.670109     3.834       15.2       60.2      189.1     11.2     20.6     54.0 1994 11 16 18  3 42.360 1.3   1
 30069218  37.290120 -121.668856     3.862      126.5      -21.3      217.1     10.8     18.7     49.6 1995  3  3  9 38 49.200 1.2   1
 30069222  37.290145 -121.668888     3.893      123.2      -18.5      248.2     10.8     17.3     44.1 1995  3  3 12 30 15.850 1.8   1
 30069457  37.289262 -121.669100     3.628      104.5     -116.4      -16.3     10.8      8.9     14.7 1995  3  7 13 19 41.960 1.3   1
 30073191  37.291789 -121.671737     3.696     -129.2      163.7       51.3     38.7     88.6    265.5 1995  5 14 11 18 47.000 1.0   1
 30076454  37.291919 -121.670345     2.857       -5.6      178.3     -787.5    576.9    409.3    517.0 1995  7  4 11 20 49.790 2.7   1
 30092060  37.289465 -121.669328     3.583       84.6      -93.8      -61.3     10.6      8.4     14.2 1995 12 15 18 53 39.820 1.8   1
