    17842  37.289286 -121.669450     3.611       73.9     -113.8      -33.4      6.9      7.1     18.0 1984  4 25  4 35 19.170 1.9   1
    16751  37.291427 -121.671354     3.578      -95.3      123.8      -66.5     11.7     11.6     25.9 1984  4 27  7 48 23.500 1.0   1
    21644  37.290792 -121.670654     3.585      -33.5       53.2      -59.7      8.9      9.2     21.0 1984  6 27 14 50 38.140 1.6   1
    22271  37.291418 -121.671273     3.673      -88.1      123.0       28.0     31.0     48.3     91.2 1984  7  7  0 17  9.970 2.7   1
    22280  37.289754 -121.669434     3.675       75.3      -61.8       30.6      9.1     15.9     29.2 1984  7  7  2 35  4.060 1.5   1
    23190  37.289889 -121.670101     3.612       15.5      -47.1      -32.9      6.5      9.7     17.4 1984  7 17 16 24 49.440 1.9   1
    25096  37.289811 -121.671183     3.572      -80.3      -55.6      -73.2     15.0     15.7     39.6 1984  8  7  9  7  6.330 1.2   1
    28475  37.291720 -121.671883     3.683     -141.9      156.2       37.9      9.4     12.8     27.9 1984  9 23  8 43 14.720 1.1   1
    32049  37.289315 -121.669653     3.609       55.5     -110.7      -36.2      6.2      6.4     15.4 1984 11 18  0 28 55.240 1.7   1
    35109  37.290719 -121.670532     3.550      -22.4       45.1      -95.2     10.6      8.5     24.4 1984 12 22  4 43 44.710 1.6   1
    42349  37.289404 -121.669629     3.667       57.4     -100.7       22.0      8.8     12.8     30.9 1985  2 28  1  9 58.300 0.8   1
    42555  37.289181 -121.669393     3.602       78.4     -125.5      -42.6      6.8      7.4     17.8 1985  3  2  6 53 56.010 1.7   1
    42559  37.289860 -121.670020     3.588       23.2      -50.1      -56.6      7.4      7.7     18.8 1985  3  2  8 55  3.470 1.9   1
    42643  37.289526 -121.669767     3.581       45.3      -87.0      -63.8      6.4      7.3     18.4 1985  3  2  8 55 29.590 2.1   1
    42560  37.290181 -121.670581     3.611      -26.4      -14.4      -34.2      8.5      8.8     24.3 1985  3  2  8 58  0.480 1.2   1
    49626  37.291683 -121.671745     3.663     -130.1      152.2       18.4      9.3     13.6     29.9 1985  6 15  1 38 57.380 0.9   1
    54084  37.289889 -121.670044     3.606       20.9      -47.1      -38.4      7.3      7.1     17.0 1985  8 28 20 35 10.100 1.6   1
    57770  37.289787 -121.671191     3.560      -80.8      -58.1      -85.2     16.7     15.6     39.3 1985 10 28  3 55 38.130 1.3   1
    62514  37.289303 -121.669653     3.610       55.2     -112.0      -35.2      6.4      6.5     16.2 1985 12 31 15 50 52.230 1.7   1
    62520  37.289246 -121.669450     3.623       73.7     -118.4      -21.3      6.6      6.7     17.0 1985 12 31 18  3  3.480 1.6   1
    67820  37.290686 -121.670426     3.511      -12.7       41.5     -133.5      9.9      8.7     22.7 1986  3  8 10 32  4.410 1.6   1
    73786  37.289067 -121.670386     3.550       -9.6     -138.2      -94.6     46.9     55.2    136.6 1986  6  1 10 51 31.460 1.2   1
    77218  37.289864 -121.670028     3.571       22.1      -49.9      -73.8      8.7      8.0     23.6 1986  7 25  9 22 50.290 2.3   1
    77296  37.290173 -121.670630     3.611      -31.0      -15.2      -33.5     12.8     11.4     38.9 1986  7 25 16  1 52.100 1.1   1
    81017  37.291573 -121.671558     3.569     -113.5      140.0      -75.6     10.5     13.6     33.7 1986  9  2  7 24 15.870 0.8   1
    82606  37.291052 -121.670980     3.529      -62.3       82.0     -115.4     30.6     40.4     60.6 1986  9 15 20 17 49.920 2.7   1
    83805  37.290743 -121.670483     3.497      -18.0       47.7     -147.6      8.7      8.3     20.2 1986  9 25 12  1 52.830 1.4   1
    88698  37.291614 -121.671549     3.592     -112.8      144.4      -53.0     10.2      9.3     22.5 1986 11 25 13  0 35.660 1.0   1
   101361  37.289791 -121.669800     3.519       42.9      -57.6     -125.8      6.6      7.5     18.1 1987  6  3  6 56  7.740 1.9   1
   101362  37.289185 -121.669320     3.513       85.2     -125.3     -132.0      6.6      6.6     17.2 1987  6  3  6 58 51.320 1.7   1
   102776  37.291577 -121.671517     3.570     -109.9      140.6      -74.8     10.4      9.9     25.4 1987  7  7  1 44 26.990 1.0   1
   103138  37.289482 -121.669613     3.522       59.5      -91.9     -122.3      6.3      6.7     16.9 1987  7 14 19  2 57.020 1.7   1
   110939  37.289640 -121.670768     3.454      -43.3      -74.7     -191.2     16.4     15.2     39.7 1988  1 15  1 56 42.310 1.4   1
   112868  37.291593 -121.671444     3.562     -102.9      142.3      -83.3      9.9      8.7     20.8 1988  2 25 10  0 17.780 0.9   1
   120788  37.290735 -121.670304     3.505       -2.2       47.2     -139.6     13.0      9.4     30.9 1988  7 23 10 42 21.740 1.5   1
   126189  37.289876 -121.670182     3.599        8.4      -48.4      -45.3      8.2      7.5     21.8 1988 11  2  3  9 12.610 1.9   1
   126292  37.289197 -121.669523     3.552       67.3     -123.5      -93.2      6.4      6.5     16.5 1988 11  3  1 30  4.280 1.7   1
   126389  37.289168 -121.669385     3.559       79.1     -127.0      -86.3      6.6      7.1     17.7 1988 11  4 13 34 34.720 1.9   1
   148939  37.289299 -121.669442     3.553       74.6     -112.2      -91.7      6.6      6.4     16.3 1989 12 13  5 33 46.080 1.6   1
   158154  37.291903 -121.671655     3.702     -122.2      176.5       57.5      8.7     13.8     29.6 1990  5 23 11 11 37.580 1.0   1
   160503  37.290373 -121.670011     3.726       23.6        6.6       81.2      5.8     14.7     28.2 1990  7  5 20  4 42.800 1.7   1
   205031  37.289559 -121.670386     3.378       -9.6      -83.7     -266.6     18.3     16.9     51.7 1991  1 20  5  0 30.930 1.2   1
   208364  37.291789 -121.671615     3.671     -118.3      163.7       26.4      8.9     13.1     29.7 1991  3 22 11 23 27.560 1.0   1
   215747  37.289339 -121.669393     3.556       78.7     -107.8      -88.7      6.3      6.5     16.4 1991  5 29  9 45 22.620 1.8   1
   227435  37.289722 -121.670825     3.484      -48.0      -65.5     -161.2     15.7     15.4     39.2 1991  8 10 17  6  5.760 1.2   1
   238704  37.289950 -121.670093     3.586       16.6      -40.2      -58.4      6.8      7.6     18.2 1991 12  3  5 24 24.980 2.0   1
   238790  37.289563 -121.669645     3.571       56.1      -83.3      -73.6      6.1      6.8     17.5 1991 12  4  0  8 49.550 1.9   1
   261841  37.291569 -121.671427     3.585     -101.4      139.5      -59.7     10.5      8.9     24.9 1992  4  6  9 39 49.410 0.9   1
   312743  37.290129 -121.669784     3.366       44.0      -20.5     -278.5      7.9      7.3     16.7 1992  8 29 17  4 29.020 1.6   1
   314921  37.290165 -121.669165     3.863       98.7      -16.1      217.9      7.3      6.2     36.7 1992  9 11  1 22 13.650 1.1   1
   331552  37.292444 -121.671509     3.889     -108.8      236.5      244.3      9.8     26.3     72.4 1993  1  9 17 48 38.720 1.0   1
   331635  37.291325 -121.671419     3.544     -100.7      112.5     -101.0     11.0      9.0     25.3 1993  1 10 22 13  9.440 1.2   1
 30036393  37.292733 -121.671509     4.446     -109.2      268.9      801.5     10.5     10.9    122.2 1993 12  1  0 25 49.530 1.0   1
   389286  37.289237 -121.669425     3.569       75.6     -119.4      -76.0      6.4      6.5     16.9 1993 12 20 22 35  7.800 1.8   1
   399980  37.289909 -121.670768     3.544      -43.0      -44.8     -101.0     15.9     14.9     37.1 1994  4  6  4 11 34.960 1.4   1
 30062741  37.290641 -121.669857     3.862       37.6       36.5      216.9      6.7     20.4     56.9 1994 11 16 16 50 58.150 2.0   1
 30062748  37.290910 -121.670207     3.840        6.2       66.5      195.4      7.9     25.3     70.5 1994 11 16 18  3 42.360 1.3   1
 30069218  37.290137 -121.668978     3.859      115.6      -19.4      213.8      7.1     22.8     65.1 1995  3  3  9 38 49.200 1.2   1
 30069222  37.290194 -121.669010     3.897      112.8      -13.0      252.5      7.0     20.7     57.9 1995  3  3 12 30 15.850 1.8   1
 30069457  37.289270 -121.669198     3.622       95.8     -115.6      -22.3      6.9      7.5     18.3 1995  3  7 13 19 41.960 1.3   1
 30073191  37.291890 -121.671737     3.710     -129.0      175.4       64.9     14.3      9.5     28.0 1995  5 14 11 18 47.000 1.0   1
 30076454  37.292244 -121.670785     3.956      -44.7      214.3      311.2     34.5     73.9    186.1 1995  7  4 11 20 49.790 2.7   1
 30092060  37.289494 -121.669458     3.590       72.7      -90.8      -55.1      6.3      6.6     17.5 1995 12 15 18 53 39.820 1.8   1
