    17842  37.289339 -121.669336     3.639       83.8     -107.9       -6.0     12.7     11.3     13.0 1984  4 25  4 35 19.170 1.9   1
    16751  37.291378 -121.671322     3.614      -92.3      118.1      -30.4     14.7     13.1     18.8 1984  4 27  7 48 23.500 1.0   1
    21644  37.290942 -121.670785     3.659      -45.0       70.2       13.9     12.9     13.4     16.1 1984  6 27 14 50 38.140 1.6   1
    22271  37.291541 -121.670931     3.649      -57.5      136.2        4.3     36.1     34.7     69.2 1984  7  7  0 17  9.970 2.7   1
    22280  37.289246 -121.669417     3.509       76.2     -118.2     -136.1     13.4     23.1     65.5 1984  7  7  2 35  4.060 1.5   1
    23190  37.290031 -121.670044     3.663       21.1      -31.2       18.7     12.4     13.8     15.2 1984  7 17 16 24 49.440 1.9   1
    25096  37.290080 -121.671338     3.630      -93.9      -25.9      -14.8     19.2     16.4     36.8 1984  8  7  9  7  6.330 1.2   1
    28475  37.291602 -121.671777     3.681     -132.8      143.0       36.6     13.5     13.2     17.3 1984  9 23  8 43 14.720 1.1   1
    32049  37.289380 -121.669580     3.642       62.4     -103.3       -2.4     12.6     11.1     11.6 1984 11 18  0 28 55.240 1.7   1
    35109  37.290873 -121.670744     3.630      -40.9       62.2      -14.9     13.7     11.8     16.0 1984 12 22  4 43 44.710 1.6   1
    42349  37.289522 -121.669572     3.717       62.6      -87.7       71.8     13.2     13.2     20.7 1985  2 28  1  9 58.300 0.8   1
    42555  37.289246 -121.669287     3.635       87.8     -118.3      -10.1     12.8     11.4     13.1 1985  3  2  6 53 56.010 1.7   1
    42559  37.289966 -121.669954     3.631       28.7      -38.4      -13.6     12.7     11.2     12.2 1985  3  2  8 55  3.470 1.9   1
    42643  37.289604 -121.669670     3.614       53.9      -78.8      -30.7     12.6     11.2     12.7 1985  3  2  8 55 29.590 2.1   1
    42560  37.290295 -121.670532     3.663      -22.7       -1.7       18.7     12.5     13.2     17.5 1985  3  2  8 58  0.480 1.2   1
    49626  37.291585 -121.671672     3.668     -123.2      141.1       23.5     13.4     13.5     18.1 1985  6 15  1 38 57.380 0.9   1
    54084  37.289970 -121.669979     3.643       26.5      -37.9       -1.8     12.7     11.2     11.9 1985  8 28 20 35 10.100 1.6   1
    57770  37.290043 -121.671322     3.611      -92.5      -29.8      -33.4     20.2     16.3     37.5 1985 10 28  3 55 38.130 1.3   1
    62514  37.289380 -121.669572     3.640       62.5     -103.6       -4.4     12.6     11.1     11.8 1985 12 31 15 50 52.230 1.7   1
    62520  37.289339 -121.669368     3.667       80.7     -108.0       22.2     12.4     11.8     13.3 1985 12 31 18  3  3.480 1.6   1
    67820  37.290849 -121.670605     3.592      -29.0       59.7      -53.0     13.5     11.8     15.1 1986  3  8 10 32  4.410 1.6   1
    73786  37.289445 -121.670776     3.667      -44.0      -96.3       22.4     34.0     36.7     92.6 1986  6  1 10 51 31.460 1.2   1
    77218  37.289950 -121.669906     3.602       33.5      -40.1      -42.8     13.1     11.4     15.5 1986  7 25  9 22 50.290 2.3   1
    77296  37.290251 -121.670500     3.638      -19.6       -6.6       -7.0     14.4     12.5     25.2 1986  7 25 16  1 52.100 1.1   1
    81017  37.291496 -121.671525     3.588     -110.5      131.4      -57.2     13.8     13.6     21.3 1986  9  2  7 24 15.870 0.8   1
    82606  37.290788 -121.670841     3.433      -49.7       52.9     -211.5     57.4     72.6    160.7 1986  9 15 20 17 49.920 2.7   1
    83805  37.290894 -121.670605     3.574      -29.2       64.6      -71.2     13.3     11.8     14.5 1986  9 25 12  1 52.830 1.4   1
    88698  37.291528 -121.671484     3.605     -106.8      134.8      -39.6     13.8     12.2     15.7 1986 11 25 13  0 35.660 1.0   1
   101361  37.289941 -121.669816     3.591       40.8      -40.9      -53.8     12.7     11.3     13.1 1987  6  3  6 56  7.740 1.9   1
   101362  37.289335 -121.669385     3.591       79.6     -108.5      -53.6     12.8     11.2     13.5 1987  6  3  6 58 51.320 1.7   1
   102776  37.291520 -121.671501     3.597     -108.4      134.1      -47.5     13.9     12.4     17.6 1987  7  7  1 44 26.990 1.0   1
   103138  37.289632 -121.669670     3.602       54.4      -75.4      -43.3     12.6     11.1     12.8 1987  7 14 19  2 57.020 1.7   1
   110939  37.290063 -121.671354     3.621      -95.3      -27.7      -23.5     21.1     16.4     41.4 1988  1 15  1 56 42.310 1.4   1
   112868  37.291524 -121.671387     3.575      -98.2      134.7      -69.3     13.8     12.1     15.6 1988  2 25 10  0 17.780 0.9   1
   120788  37.290914 -121.670589     3.603      -27.6       66.6      -42.2     14.5     12.1     19.8 1988  7 23 10 42 21.740 1.5   1
   126189  37.289970 -121.670044     3.632       20.7      -38.1      -13.2     13.1     11.3     14.8 1988 11  2  3  9 12.610 1.9   1
   126292  37.289327 -121.669491     3.610       70.1     -109.2      -35.2     12.7     11.1     12.6 1988 11  3  1 30  4.280 1.7   1
   126389  37.289274 -121.669360     3.618       81.9     -115.0      -26.6     12.8     11.3     13.4 1988 11  4 13 34 34.720 1.9   1
   148939  37.289339 -121.669377     3.564       80.4     -107.9      -80.6     13.1     11.1     13.6 1989 12 13  5 33 46.080 1.6   1
   158154  37.291659 -121.671655     3.675     -122.1      149.3       30.7     13.4     13.7     19.2 1990  5 23 11 11 37.580 1.0   1
   160503  37.290698 -121.669816     3.778       40.9       42.8      132.8     13.0     19.8     31.4 1990  7  5 20  4 42.800 1.7   1
   205031  37.289852 -121.670622     3.462      -30.4      -51.1     -183.1     21.3     17.2     45.9 1991  1 20  5  0 30.930 1.2   1
   208364  37.291475 -121.671370     3.586      -96.6      129.1      -59.0     14.0     12.1     16.8 1991  3 22 11 23 27.560 1.0   1
   215747  37.289368 -121.669181     3.552       97.4     -104.6      -92.5     12.8     11.1     13.2 1991  5 29  9 45 22.620 1.8   1
   227435  37.289929 -121.670768     3.501      -43.4      -42.3     -144.2     19.7     16.2     37.9 1991  8 10 17  6  5.760 1.2   1
   238704  37.290039 -121.670312     3.642       -3.0      -30.1       -3.3     13.0     11.3     12.9 1991 12  3  5 24 24.980 2.0   1
   238790  37.289575 -121.669393     3.562       78.6      -81.7      -82.7     12.7     11.2     13.6 1991 12  4  0  8 49.550 1.9   1
   261841  37.291459 -121.671370     3.597      -96.8      127.4      -47.4     14.0     12.1     18.2 1992  4  6  9 39 49.410 0.9   1
   312743  37.290906 -121.671224     3.654      -83.9       65.8        9.5     15.0     11.9     18.4 1992  8 29 17  4 29.020 1.6   1
   314921  37.290214 -121.668994     3.916      113.9      -10.6      271.3     14.9     34.1     93.7 1992  9 11  1 22 13.650 1.1   1
   331552  37.292122 -121.671476     3.823     -106.3      201.0      178.2     16.8     37.4    103.7 1993  1  9 17 48 38.720 1.0   1
   331635  37.291280 -121.671655     3.598     -121.6      107.4      -46.4     15.1     12.2     19.3 1993  1 10 22 13  9.440 1.2   1
 30036393  37.289791 -121.671517     2.894     -109.6      -57.8     -750.9    532.7    538.0   1183.0 1993 12  1  0 25 49.530 1.0   1
   389286  37.289274 -121.669255     3.571       91.1     -115.2      -73.3     12.8     11.2     13.5 1993 12 20 22 35  7.800 1.8   1
   399980  37.290129 -121.670736     3.565      -40.2      -20.4      -79.6     19.7     15.9     36.3 1994  4  6  4 11 34.960 1.4   1
 30062741  37.290474 -121.669718     3.834       50.1       18.1      188.8     13.7     25.9     69.5 1994 11 16 16 50 58.150 2.0   1
 30062748  37.290816 -121.670060     3.835       19.7       56.2      189.7     14.2     29.7     77.8 1994 11 16 18  3 42.360 1.3   1
 30069218  37.290129 -121.668831     3.854      128.5      -20.2      209.5     13.7     26.0     69.2 1995  3  3  9 38 49.200 1.2   1
 30069222  37.290129 -121.668848     3.876      126.8      -20.3      230.8     14.3     28.7     76.8 1995  3  3 12 30 15.850 1.8   1
 30069457  37.290092 -121.668953     3.897      117.6      -24.6      252.7     16.4     37.8    102.4 1995  3  7 13 19 41.960 1.3   1
 30073191  37.291626 -121.671769     3.654     -132.3      145.7        9.5     31.1     69.2    199.7 1995  5 14 11 18 47.000 1.0   1
 30076454  37.291032 -121.670972     3.387      -61.5       79.9     -257.7    452.8    419.9   1089.7 1995  7  4 11 20 49.790 2.7   1
 30092060  37.289522 -121.669263     3.591       90.3      -87.4      -53.9     12.8     11.2     13.4 1995 12 15 18 53 39.820 1.8   1
