    17842  37.289323 -121.669393     3.630       78.9     -109.6      -14.7      6.2      6.6     16.4 1984  4 25  4 35 19.170 1.9   1
    16751  37.291431 -121.671362     3.616      -96.0      124.4      -29.1     10.5     10.5     23.3 1984  4 27  7 48 23.500 1.0   1
    21644  37.290963 -121.670817     3.647      -47.5       72.0        1.7      8.0      8.4     19.1 1984  6 27 14 50 38.140 1.6   1
    22271  37.291231 -121.671419     3.664     -101.0      102.0       19.0     27.0     39.7     92.4 1984  7  7  0 17  9.970 2.7   1
    22280  37.289054 -121.669466     3.414       72.5     -139.6     -231.2      8.0     23.2     70.2 1984  7  7  2 35  4.060 1.5   1
    23190  37.289941 -121.670060     3.636       19.5      -41.2       -8.4      5.9      8.8     15.9 1984  7 17 16 24 49.440 1.9   1
    25096  37.289872 -121.671175     3.600      -79.5      -49.0      -44.8     14.2     14.4     39.3 1984  8  7  9  7  6.330 1.2   1
    28475  37.291630 -121.671769     3.678     -132.4      146.5       33.6      8.4     11.6     25.3 1984  9 23  8 43 14.720 1.1   1
    32049  37.289347 -121.669588     3.628       61.1     -106.9      -17.0      5.6      6.0     14.0 1984 11 18  0 28 55.240 1.7   1
    35109  37.290898 -121.670760     3.626      -42.7       64.8      -19.0      9.5      7.8     22.1 1984 12 22  4 43 44.710 1.6   1
    42349  37.289445 -121.669564     3.685       63.2      -96.4       40.4      7.9     11.6     28.1 1985  2 28  1  9 58.300 0.8   1
    42555  37.289217 -121.669328     3.620       84.1     -121.6      -24.6      6.1      6.8     16.3 1985  3  2  6 53 56.010 1.7   1
    42559  37.289917 -121.669971     3.614       27.2      -43.8      -30.6      6.7      7.1     17.3 1985  3  2  8 55  3.470 1.9   1
    42643  37.289571 -121.669727     3.604       49.4      -82.1      -40.5      5.7      6.8     16.8 1985  3  2  8 55 29.590 2.1   1
    42560  37.290234 -121.670565     3.641      -24.9       -8.4       -3.9      7.6      8.1     22.3 1985  3  2  8 58  0.480 1.2   1
    49626  37.291597 -121.671663     3.663     -122.6      142.9       18.1      8.4     12.3     27.0 1985  6 15  1 38 57.380 0.9   1
    54084  37.289933 -121.670003     3.632       24.5      -41.9      -12.6      6.5      6.6     15.6 1985  8 28 20 35 10.100 1.6   1
    57770  37.289848 -121.671183     3.588      -80.1      -51.7      -56.7     15.9     14.3     39.7 1985 10 28  3 55 38.130 1.3   1
    62514  37.289343 -121.669604     3.630       60.1     -107.5      -15.2      5.8      6.1     14.8 1985 12 31 15 50 52.230 1.7   1
    62520  37.289278 -121.669393     3.643       78.9     -114.5       -2.0      6.0      6.3     15.5 1985 12 31 18  3  3.480 1.6   1
    67820  37.290869 -121.670630     3.583      -30.9       61.7      -62.2      8.9      8.0     20.6 1986  3  8 10 32  4.410 1.6   1
    73786  37.289172 -121.670443     3.606      -14.7     -126.5      -39.2     44.5     50.7    138.8 1986  6  1 10 51 31.460 1.2   1
    77218  37.289909 -121.669971     3.595       27.1      -44.7      -50.2      7.8      7.3     21.6 1986  7 25  9 22 50.290 2.3   1
    77296  37.290234 -121.670605     3.642      -28.7       -8.4       -3.1     11.5     10.4     35.5 1986  7 25 16  1 52.100 1.1   1
    81017  37.291496 -121.671493     3.575     -107.6      131.6      -69.7      9.3     12.3     30.4 1986  9  2  7 24 15.870 0.8   1
    82606  37.291007 -121.671077     3.542      -70.8       77.2     -102.5     28.1     46.1    109.2 1986  9 15 20 17 49.920 2.7   1
    83805  37.290898 -121.670630     3.559      -30.8       64.9      -86.1      7.8      7.6     18.3 1986  9 25 12  1 52.830 1.4   1
    88698  37.291565 -121.671484     3.606     -107.1      139.3      -38.5      9.1      8.5     20.2 1986 11 25 13  0 35.660 1.0   1
   101361  37.289848 -121.669759     3.547       46.0      -51.4      -97.3      6.0      7.0     16.6 1987  6  3  6 56  7.740 1.9   1
   101362  37.289221 -121.669263     3.534       90.2     -120.9     -110.5      5.9      6.1     15.8 1987  6  3  6 58 51.320 1.7   1
   102776  37.291536 -121.671476     3.592     -106.3      135.9      -52.9      9.2      9.1     22.8 1987  7  7  1 44 26.990 1.0   1
   103138  37.289530 -121.669564     3.547       63.4      -86.7      -97.6      5.7      6.2     15.5 1987  7 14 19  2 57.020 1.7   1
   110939  37.289701 -121.670760     3.485      -42.5      -67.8     -159.9     15.6     13.9     40.1 1988  1 15  1 56 42.310 1.4   1
   112868  37.291557 -121.671379     3.578      -97.2      138.1      -67.3      8.8      8.0     18.6 1988  2 25 10  0 17.780 0.9   1
   120788  37.290951 -121.670638     3.606      -31.5       70.8      -39.3     11.6      8.6     27.9 1988  7 23 10 42 21.740 1.5   1
   126189  37.289925 -121.670133     3.622       12.9      -43.0      -22.3      7.4      6.9     20.1 1988 11  2  3  9 12.610 1.9   1
   126292  37.289242 -121.669458     3.572       72.8     -118.9      -72.5      5.7      6.1     15.1 1988 11  3  1 30  4.280 1.7   1
   126389  37.289205 -121.669328     3.579       84.1     -122.8      -65.5      5.9      6.6     16.2 1988 11  4 13 34 34.720 1.9   1
   148939  37.289339 -121.669385     3.573       79.7     -107.8      -71.7      5.9      6.0     14.9 1989 12 13  5 33 46.080 1.6   1
   158154  37.291817 -121.671549     3.701     -112.9      167.3       56.0      7.9     12.5     26.8 1990  5 23 11 11 37.580 1.0   1
   160503  37.290336 -121.669930     3.727       30.8        2.8       82.1      5.3     13.4     25.5 1990  7  5 20  4 42.800 1.7   1
   205031  37.289620 -121.670386     3.410       -9.2      -76.8     -234.6     17.2     15.5     50.6 1991  1 20  5  0 30.930 1.2   1
   208364  37.291711 -121.671501     3.667     -108.6      155.2       22.7      8.0     11.8     26.9 1991  3 22 11 23 27.560 1.0   1
   215747  37.289380 -121.669328     3.576       84.2     -103.5      -68.7      5.6      6.1     15.0 1991  5 29  9 45 22.620 1.8   1
   227435  37.289775 -121.670809     3.512      -46.7      -59.5     -132.3     14.9     14.1     39.6 1991  8 10 17  6  5.760 1.2   1
   238704  37.289998 -121.670052     3.614       20.2      -34.7      -31.1      6.1      7.0     16.8 1991 12  3  5 24 24.980 2.0   1
   238790  37.289600 -121.669588     3.591       61.3      -79.1      -53.8      5.5      6.3     16.0 1991 12  4  0  8 49.550 1.9   1
   261841  37.291524 -121.671330     3.598      -93.2      134.6      -47.0      9.3      8.1     21.8 1992  4  6  9 39 49.410 0.9   1
   312743  37.291882 -121.670492     2.932      -19.1      174.5     -712.5      7.0      7.0    552.1 1992  8 29 17  4 29.020 1.6   1
   314921  37.290259 -121.669051     3.940      108.7       -6.0      294.8      6.6     22.5     66.1 1992  9 11  1 22 13.650 1.1   1
   331552  37.292322 -121.671427     3.873     -101.5      223.0      228.3      8.9     23.5     65.4 1993  1  9 17 48 38.720 1.0   1
   331635  37.291317 -121.671419     3.580     -101.1      111.5      -65.2      9.8      8.2     22.8 1993  1 10 22 13  9.440 1.2   1
 30036393  37.292684 -121.671427     4.551     -101.6      263.2      905.9      8.8      9.4    176.0 1993 12  1  0 25 49.530 1.0   1
   389286  37.289274 -121.669377     3.589       80.4     -115.2      -56.1      5.7      6.1     15.5 1993 12 20 22 35  7.800 1.8   1
   399980  37.289958 -121.670744     3.570      -41.4      -39.2      -74.4     15.1     13.6     37.3 1994  4  6  4 11 34.960 1.4   1
 30062741  37.290584 -121.669784     3.850       43.9       30.3      205.7      6.1     18.4     51.3 1994 11 16 16 50 58.150 2.0   1
 30062748  37.290780 -121.670142     3.807       12.4       52.0      161.8      7.2     22.7     63.4 1994 11 16 18  3 42.360 1.3   1
 30069218  37.290059 -121.668888     3.836      123.2      -28.1      191.1      6.4     20.6     58.9 1995  3  3  9 38 49.200 1.2   1
 30069222  37.290108 -121.668921     3.872      120.3      -22.4      226.9      6.3     18.7     52.2 1995  3  3 12 30 15.850 1.8   1
 30069457  37.289307 -121.669141     3.641      101.0     -111.6       -3.5      6.2      6.9     16.8 1995  3  7 13 19 41.960 1.3   1
 30073191  37.290674 -121.672054     3.312     -157.1       40.2     -333.0     32.6     70.8    203.2 1995  5 14 11 18 47.000 1.0   1
 30076454  37.291207 -121.671151     3.656      -77.3       99.5       10.8     27.4     44.8    102.7 1995  7  4 11 20 49.790 2.7   1
 30092060  37.289530 -121.669401     3.608       78.2      -86.8      -36.4      5.7      6.2     16.0 1995 12 15 18 53 39.820 1.8   1
