    17842  37.289396 -121.668726     3.610      137.6     -101.8      -35.0     20.7     22.8     26.3 1984  4 25  4 35 19.170 1.9   1
    16751  37.289836 -121.674259     3.504     -353.0      -52.7     -140.3     33.9     29.6     33.2 1984  4 27  7 48 23.500 1.0   1
    21644  37.290812 -121.671265     3.658      -87.1       55.5       12.8     19.8     17.7     23.8 1984  6 27 14 50 38.140 1.6   1
    22271  37.290251 -121.671867     3.597     -141.0       -6.8      -47.8     20.1     38.4     23.8 1984  7  7  0 17  9.970 2.7   1
    22280  37.289522 -121.669320     3.537       85.1      -87.6     -108.2     24.6     50.3     27.5 1984  7  7  2 35  4.060 1.5   1
    23190  37.291146 -121.669889     3.575       34.5       92.5      -69.5     18.9     42.1     22.1 1984  7 17 16 24 49.440 1.9   1
    25096  37.289941 -121.670589     3.432      -27.4      -40.9     -213.1     22.9     30.9     25.4 1984  8  7  9  7  6.330 1.2   1
    28475  37.291740 -121.671281     3.485      -88.9      158.5     -159.6     29.5     40.9     47.4 1984  9 23  8 43 14.720 1.1   1
    32049  37.288452 -121.669466     3.566       72.1     -206.4      -78.8     19.9     19.3     25.6 1984 11 18  0 28 55.240 1.7   1
    35109  37.291060 -121.670532     3.570      -22.3       83.2      -74.6     17.0     16.2     22.1 1984 12 22  4 43 44.710 1.6   1
    42349  37.287968 -121.669653     3.710       55.5     -260.0       65.3     30.0     21.2     25.8 1985  2 28  1  9 58.300 0.8   1
    42555  37.289250 -121.669076     3.602      106.5     -117.7      -42.4     16.0     15.9     21.2 1985  3  2  6 53 56.010 1.7   1
    42559  37.289819 -121.669743     3.564       47.4      -54.8      -81.1     14.6     14.0     18.8 1985  3  2  8 55  3.470 1.9   1
    42643  37.289213 -121.669368     3.549       80.8     -121.9      -95.4     17.4     17.2     22.1 1985  3  2  8 55 29.590 2.1   1
    42560  37.290194 -121.670475     3.626      -17.1      -13.3      -18.4     17.0     15.2     19.4 1985  3  2  8 58  0.480 1.2   1
    49626  37.291382 -121.671908     3.723     -144.2      118.6       78.4     31.3     30.6     39.1 1985  6 15  1 38 57.380 0.9   1
    54084  37.290019 -121.669621     3.589       58.5      -32.5      -55.7     16.0     15.5     20.5 1985  8 28 20 35 10.100 1.6   1
    57770  37.290629 -121.671427     3.443     -101.5       35.2     -201.4     26.7     25.0     26.6 1985 10 28  3 55 38.130 1.3   1
    62514  37.289237 -121.668766     3.605      134.1     -119.4      -39.5     20.7     23.7     24.2 1985 12 31 15 50 52.230 1.7   1
    62520  37.289445 -121.669181     3.608       97.2      -96.0      -36.5     19.8     27.0     28.1 1985 12 31 18  3  3.480 1.6   1
    67820  37.290466 -121.672306     3.587     -179.5       17.1      -57.8     27.8     23.3     33.7 1986  3  8 10 32  4.410 1.6   1
    73786  37.289644 -121.669141     3.357      101.3      -73.9     -287.5     22.1     31.7     26.7 1986  6  1 10 51 31.460 1.2   1
    77218  37.290023 -121.669482     3.592       70.6      -32.2      -52.8     18.6     18.0     23.8 1986  7 25  9 22 50.290 2.3   1
    77296  37.290405 -121.670288     3.575       -1.0       10.5      -69.5     52.6     45.2    139.6 1986  7 25 16  1 52.100 1.1   1
    81017  37.292253 -121.671834     3.654     -138.0      215.5        9.3     23.5     30.4     27.1 1986  9  2  7 24 15.870 0.8   1
    82606  37.291699 -121.671159     3.609      -77.9      154.1      -36.2     19.6     19.4     26.3 1986  9 15 20 17 49.920 2.7   1
    83805  37.291146 -121.670646     3.610      -32.5       92.5      -35.1     17.0     15.5     21.0 1986  9 25 12  1 52.830 1.4   1
    88698  37.291516 -121.671167     4.316      -79.0      133.9      671.2     28.6     32.1     71.7 1986 11 25 13  0 35.660 1.0   1
   101361  37.290299 -121.669442     3.627       74.5       -1.3      -17.5     20.4     19.9     26.6 1987  6  3  6 56  7.740 1.9   1
   101362  37.289258 -121.669694     3.528       51.7     -116.9     -116.4     18.4     17.5     23.7 1987  6  3  6 58 51.320 1.7   1
   102776  37.292139 -121.671004     3.626      -64.3      202.7      -19.2     26.0     27.7     32.2 1987  7  7  1 44 26.990 1.0   1
   103138  37.289490 -121.669751     3.563       47.0      -91.4      -81.6     17.0     15.9     21.7 1987  7 14 19  2 57.020 1.7   1
   110939  37.290641 -121.670858     3.414      -51.1       36.6     -230.6     23.4     22.3     29.7 1988  1 15  1 56 42.310 1.4   1
   112868  37.292419 -121.671493     4.353     -107.9      234.1      708.6     22.3     23.7     42.9 1988  2 25 10  0 17.780 0.9   1
   120788  37.290702 -121.671037     3.602      -67.2       43.2      -42.5     20.3     17.4     24.1 1988  7 23 10 42 21.740 1.5   1
   126189  37.289303 -121.670964     3.672      -60.9     -111.8       26.7     24.7     20.0     24.2 1988 11  2  3  9 12.610 1.9   1
   126292  37.289779 -121.669092     3.517      105.1      -59.3     -127.9     16.9     18.7     21.4 1988 11  3  1 30  4.280 1.7   1
   126389  37.288900 -121.669857     3.620       37.5     -156.7      -25.2     18.4     18.2     23.9 1988 11  4 13 34 34.720 1.9   1
   148939  37.289714 -121.669230     3.623       92.9      -66.5      -21.8     20.8     22.7     29.3 1989 12 13  5 33 46.080 1.6   1
   158154  37.291752 -121.671932     3.757     -146.8      159.9      112.6     22.7     26.0     32.6 1990  5 23 11 11 37.580 1.0   1
   160503  37.290584 -121.669157     3.635       99.3       30.3      -10.2     14.9     16.9     19.1 1990  7  5 20  4 42.800 1.7   1
   205031  37.290698 -121.669743     3.437       47.6       43.1     -208.2     30.8     21.5     30.6 1991  1 20  5  0 30.930 1.2   1
   208364  37.292399 -121.671175     3.699      -79.5      231.5       54.1     25.3     24.0     30.9 1991  3 22 11 23 27.560 1.0   1
   215747  37.289006 -121.669320     3.581       85.3     -145.2      -63.9     17.6     20.1     22.3 1991  5 29  9 45 22.620 1.8   1
   227435  37.290092 -121.670435     3.523      -13.9      -24.5     -121.3     21.7     28.3     21.2 1991  8 10 17  6  5.760 1.2   1
   238704  37.290173 -121.669539     3.610       65.8      -15.4      -34.3     15.1     14.3     19.4 1991 12  3  5 24 24.980 2.0   1
   238790  37.289738 -121.669507     3.648       68.3      -63.8        2.8     16.1     16.0     20.8 1991 12  4  0  8 49.550 1.9   1
   261841  37.292102 -121.670996     3.691      -63.4      198.5       46.5     26.4     32.4     46.2 1992  4  6  9 39 49.410 0.9   1
   312743  37.290820 -121.671240     3.692      -85.0       56.3       46.8     22.1     25.5     26.1 1992  8 29 17  4 29.020 1.6   1
   314921  37.287931 -121.668864     3.693      125.5     -264.3       48.5     22.3     21.0     37.7 1992  9 11  1 22 13.650 1.1   1
   331552  37.292395 -121.671965     3.754     -149.4      231.4      109.4     31.8     30.0     44.4 1993  1  9 17 48 38.720 1.0   1
   331635  37.291105 -121.671802     3.584     -135.1       88.0      -60.7     32.0     26.3     27.2 1993  1 10 22 13  9.440 1.2   1
 30036393  37.292171 -121.671313     3.791      -91.9      206.2      146.4     25.9     27.1     45.5 1993 12  1  0 25 49.530 1.0   1
   389286  37.288839 -121.669409     3.538       77.3     -163.4     -107.2     20.7     23.8     24.8 1993 12 20 22 35  7.800 1.8   1
   399980  37.290442 -121.670516     3.483      -20.9       14.3     -161.4     17.0     19.0     20.5 1994  4  6  4 11 34.960 1.4   1
 30062741  37.290214 -121.670036     3.517       21.6      -10.6     -127.9     17.9     15.4     21.2 1994 11 16 16 50 58.150 2.0   1
 30062748  37.290328 -121.669661     3.640       54.6        1.8       -4.5     26.7     29.0     23.8 1994 11 16 18  3 42.360 1.3   1
 30069218  37.289087 -121.669214     3.763       94.4     -136.0      118.4     20.1     25.1     27.6 1995  3  3  9 38 49.200 1.2   1
 30069222  37.289522 -121.669181     3.639       97.5      -87.6       -5.8     19.3     20.8     23.1 1995  3  3 12 30 15.850 1.8   1
 30069457  37.290149 -121.669149     3.519      100.5      -17.9     -125.6     29.8     27.5     28.1 1995  3  7 13 19 41.960 1.3   1
 30073191  37.291541 -121.672347     3.670     -183.1      136.2       24.8     58.3     41.9     43.7 1995  5 14 11 18 47.000 1.0   1
 30076454  37.291154 -121.671460     3.581     -104.7       93.5      -63.4     20.7     19.9     28.2 1995  7  4 11 20 49.790 2.7   1
 30092060  37.289644 -121.669336     3.546       84.0      -74.1      -99.0     17.7     19.4     22.0 1995 12 15 18 53 39.820 1.8   1
