    17842  37.289364 -121.668783     3.613      132.9     -105.2      -32.1     15.8     17.2     19.6 1984  4 25  4 35 19.170 1.9   1
    16751  37.289779 -121.674349     3.496     -361.1      -59.2     -148.3     26.1     22.2     24.4 1984  4 27  7 48 23.500 1.0   1
    21644  37.290796 -121.671346     3.656      -94.8       53.9       10.9     15.0     13.2     17.3 1984  6 27 14 50 38.140 1.6   1
    22271  37.290344 -121.671737     3.609     -129.0        3.5      -35.4     15.4     29.6     17.8 1984  7  7  0 17  9.970 2.7   1
    22280  37.289303 -121.669401     3.533       78.2     -112.1     -111.7     18.6     38.9     20.5 1984  7  7  2 35  4.060 1.5   1
    23190  37.291195 -121.669938     3.571       30.1       98.2      -74.0     14.3     32.1     16.2 1984  7 17 16 24 49.440 1.9   1
    25096  37.290177 -121.670557     3.403      -24.4      -14.8     -241.5     17.1     23.2     19.1 1984  8  7  9  7  6.330 1.2   1
    28475  37.291610 -121.671273     3.479      -88.3      144.2     -165.8     23.0     30.5     35.9 1984  9 23  8 43 14.720 1.1   1
    32049  37.288501 -121.669385     3.569       79.1     -200.8      -75.5     15.2     14.5     19.2 1984 11 18  0 28 55.240 1.7   1
    35109  37.291020 -121.670605     3.567      -29.0       78.4      -78.1     13.0     12.2     16.5 1984 12 22  4 43 44.710 1.6   1
    42349  37.287878 -121.669767     3.732       45.6     -270.2       87.5     26.6     17.3     19.6 1985  2 28  1  9 58.300 0.8   1
    42555  37.289286 -121.669035     3.606      110.2     -114.0      -38.3     12.2     12.0     15.9 1985  3  2  6 53 56.010 1.7   1
    42559  37.289819 -121.669759     3.564       46.3      -54.6      -80.6     11.1     10.6     13.9 1985  3  2  8 55  3.470 1.9   1
    42643  37.289172 -121.669442     3.545       74.2     -126.6     -100.2     13.4     13.0     16.6 1985  3  2  8 55 29.590 2.1   1
    42560  37.290161 -121.670719     3.642      -38.7      -16.7       -3.0     13.1     11.2     14.6 1985  3  2  8 58  0.480 1.2   1
    49626  37.291248 -121.672371     3.733     -185.2      103.8       88.0     24.2     22.8     28.5 1985  6 15  1 38 57.380 0.9   1
    54084  37.290051 -121.669580     3.592       61.8      -28.8      -53.2     12.3     11.7     15.3 1985  8 28 20 35 10.100 1.6   1
    57770  37.290658 -121.671387     3.439      -98.5       38.3     -206.0     20.1     18.7     19.8 1985 10 28  3 55 38.130 1.3   1
    62514  37.289396 -121.669010     3.598      112.8     -101.5      -47.0     16.1     17.8     18.3 1985 12 31 15 50 52.230 1.7   1
    62520  37.289441 -121.669116     3.611      103.5      -96.6      -33.3     15.0     20.4     20.8 1985 12 31 18  3  3.480 1.6   1
    67820  37.290507 -121.672241     3.593     -173.8       21.9      -52.3     22.2     17.8     25.2 1986  3  8 10 32  4.410 1.6   1
    73786  37.289502 -121.669303     3.348       86.8      -90.0     -296.6     17.1     23.9     20.1 1986  6  1 10 51 31.460 1.2   1
    77218  37.289958 -121.669580     3.588       62.3      -39.1      -57.1     14.4     13.6     17.9 1986  7 25  9 22 50.290 2.3   1
    77296  37.290442 -121.670312     3.590       -2.9       14.3      -54.5     25.6     17.3     24.3 1986  7 25 16  1 52.100 1.1   1
    81017  37.292167 -121.671859     3.653     -140.1      206.0        8.5     18.0     23.7     20.3 1986  9  2  7 24 15.870 0.8   1
    82606  37.291764 -121.671037     3.622      -66.9      161.1      -22.4     15.0     14.8     19.7 1986  9 15 20 17 49.920 2.7   1
    83805  37.291142 -121.670654     3.610      -33.5       92.0      -35.1     12.9     11.6     15.5 1986  9 25 12  1 52.830 1.4   1
    88698  37.291435 -121.670980     4.316      -62.0      124.4      671.0     22.4     24.4     53.7 1986 11 25 13  0 35.660 1.0   1
   101361  37.290295 -121.669417     3.627       76.2       -1.8      -18.1     15.7     15.1     19.8 1987  6  3  6 56  7.740 1.9   1
   101362  37.289400 -121.669417     3.538       76.5     -101.0     -106.3     14.5     13.4     17.8 1987  6  3  6 58 51.320 1.7   1
   102776  37.292261 -121.670907     3.619      -55.6      216.1      -26.0     20.4     21.0     24.3 1987  7  7  1 44 26.990 1.0   1
   103138  37.289518 -121.669670     3.563       54.4      -88.2      -82.2     13.1     12.0     16.3 1987  7 14 19  2 57.020 1.7   1
   110939  37.290625 -121.670858     3.411      -51.3       34.6     -234.1     17.8     16.7     22.0 1988  1 15  1 56 42.310 1.4   1
   112868  37.292326 -121.671330     4.371      -93.4      223.7      726.4     17.3     17.9     31.9 1988  2 25 10  0 17.780 0.9   1
   120788  37.290735 -121.670947     3.609      -58.9       47.2      -36.2     15.5     13.2     17.9 1988  7 23 10 42 21.740 1.5   1
   126189  37.289514 -121.670443     3.639      -14.4      -88.5       -5.8     15.2     13.8     17.5 1988 11  2  3  9 12.610 1.9   1
   126292  37.289803 -121.669043     3.518      109.4      -56.5     -126.8     12.8     14.1     16.0 1988 11  3  1 30  4.280 1.7   1
   126389  37.288936 -121.669759     3.623       45.8     -152.8      -21.9     14.1     13.8     17.9 1988 11  4 13 34 34.720 1.9   1
   148939  37.289746 -121.669067     3.618      107.6      -62.9      -26.5     15.9     17.2     22.4 1989 12 13  5 33 46.080 1.6   1
   158154  37.291793 -121.671956     3.745     -148.4      164.5       99.8     17.2     19.4     24.0 1990  5 23 11 11 37.580 1.0   1
   160503  37.290308 -121.669491     3.657       69.7       -0.6       12.4     11.7     13.0     14.4 1990  7  5 20  4 42.800 1.7   1
   205031  37.290706 -121.669751     3.435       47.0       43.9     -209.9     23.7     16.3     22.5 1991  1 20  5  0 30.930 1.2   1
   208364  37.292387 -121.671273     3.695      -88.1      230.3       50.4     19.5     18.1     23.1 1991  3 22 11 23 27.560 1.0   1
   215747  37.289083 -121.669181     3.588       97.1     -136.6      -56.9     13.5     15.2     16.7 1991  5 29  9 45 22.620 1.8   1
   227435  37.290015 -121.670947     3.505      -59.0      -33.2     -139.6     16.7     18.5     15.9 1991  8 10 17  6  5.760 1.2   1
   238704  37.290181 -121.669482     3.613       70.8      -14.2      -31.5     11.5     10.8     14.4 1991 12  3  5 24 24.980 2.0   1
   238790  37.289762 -121.669458     3.651       72.9      -61.1        5.9     12.3     12.1     15.5 1991 12  4  0  8 49.550 1.9   1
   261841  37.292041 -121.671004     3.674      -64.4      191.8       29.3     20.1     24.2     34.9 1992  4  6  9 39 49.410 0.9   1
   312743  37.290808 -121.671167     3.684      -79.0       55.3       39.2     17.0     19.1     19.7 1992  8 29 17  4 29.020 1.6   1
   314921  37.287899 -121.668896     3.690      123.0     -267.8       45.0     16.9     14.7     22.8 1992  9 11  1 22 13.650 1.1   1
   331552  37.292367 -121.671965     3.745     -149.6      228.1      100.1     24.4     22.5     33.1 1993  1  9 17 48 38.720 1.0   1
   331635  37.290971 -121.672331     3.584     -182.1       73.4      -60.9     25.0     19.9     20.5 1993  1 10 22 13  9.440 1.2   1
 30036393  37.292147 -121.671387     3.801      -98.4      203.6      156.1     20.4     20.5     34.2 1993 12  1  0 25 49.530 1.0   1
   389286  37.288883 -121.669263     3.546       90.0     -158.3      -98.7     16.0     17.9     18.6 1993 12 20 22 35  7.800 1.8   1
   399980  37.290417 -121.670540     3.482      -22.8       11.9     -163.2     13.0     14.3     15.3 1994  4  6  4 11 34.960 1.4   1
 30062741  37.290271 -121.670028     3.521       22.5       -4.5     -123.6     13.8     11.7     16.0 1994 11 16 16 50 58.150 2.0   1
 30062748  37.290299 -121.669832     3.636       39.5       -1.2       -8.7     20.7     21.8     17.9 1994 11 16 18  3 42.360 1.3   1
 30069218  37.289103 -121.669092     3.759      105.3     -134.3      114.5     15.4     18.9     20.6 1995  3  3  9 38 49.200 1.2   1
 30069222  37.289567 -121.669092     3.644      105.5      -82.6       -0.9     14.6     15.7     17.3 1995  3  3 12 30 15.850 1.8   1
 30069457  37.290173 -121.669084     3.504      105.7      -15.2     -140.5     23.7     20.7     21.4 1995  3  7 13 19 41.960 1.3   1
 30073191  37.291654 -121.671932     3.679     -146.4      149.0       34.6     45.2     31.9     32.4 1995  5 14 11 18 47.000 1.0   1
 30076454  37.291195 -121.671395     3.589      -99.2       98.2      -55.7     15.7     15.0     20.9 1995  7  4 11 20 49.790 2.7   1
 30092060  37.289681 -121.669246     3.552       91.4      -69.8      -93.2     13.5     14.7     16.4 1995 12 15 18 53 39.820 1.8   1
