    17842  37.289347 -121.669312     3.638       85.8     -107.3       -7.0     15.9     12.0     13.1 1984  4 25  4 35 19.170 1.9   1
    16751  37.291386 -121.671297     3.614      -90.5      119.1      -30.8     17.6     13.8     19.1 1984  4 27  7 48 23.500 1.0   1
    21644  37.290951 -121.670785     3.658      -44.5       70.7       13.2     16.2     14.1     16.5 1984  6 27 14 50 38.140 1.6   1
    22271  37.291524 -121.670939     3.650      -58.5      134.6        5.7     36.4     34.6     69.6 1984  7  7  0 17  9.970 2.7   1
    22280  37.289229 -121.669409     3.500       77.4     -120.0     -144.3     16.6     24.4     69.4 1984  7  7  2 35  4.060 1.5   1
    23190  37.290031 -121.670020     3.663       23.2      -31.1       17.7     15.7     14.6     15.7 1984  7 17 16 24 49.440 1.9   1
    25096  37.290072 -121.671346     3.633      -94.6      -26.6      -11.4     21.7     17.0     37.4 1984  8  7  9  7  6.330 1.2   1
    28475  37.291606 -121.671777     3.682     -132.7      143.8       37.0     16.6     13.9     17.6 1984  9 23  8 43 14.720 1.1   1
    32049  37.289376 -121.669548     3.640       64.8     -103.6       -5.0     15.8     11.8     11.7 1984 11 18  0 28 55.240 1.7   1
    35109  37.290881 -121.670736     3.629      -40.5       63.1      -15.4     16.8     12.6     16.4 1984 12 22  4 43 44.710 1.6   1
    42349  37.289526 -121.669556     3.716       64.6      -87.1       70.9     16.5     14.0     21.4 1985  2 28  1  9 58.300 0.8   1
    42555  37.289246 -121.669271     3.633       89.6     -118.3      -12.0     16.0     12.0     13.2 1985  3  2  6 53 56.010 1.7   1
    42559  37.289966 -121.669922     3.630       31.6      -38.2      -15.0     15.9     11.9     12.4 1985  3  2  8 55  3.470 1.9   1
    42643  37.289608 -121.669645     3.613       56.3      -78.3      -32.1     15.8     11.9     12.8 1985  3  2  8 55 29.590 2.1   1
    42560  37.290304 -121.670524     3.663      -21.5       -1.1       18.3     15.8     13.8     17.9 1985  3  2  8 58  0.480 1.2   1
    49626  37.291585 -121.671663     3.667     -122.6      141.5       22.7     16.5     14.2     18.4 1985  6 15  1 38 57.380 0.9   1
    54084  37.289978 -121.669963     3.643       28.2      -37.1       -1.7     16.0     11.9     12.3 1985  8 28 20 35 10.100 1.6   1
    57770  37.290039 -121.671338     3.615      -93.6      -30.4      -29.4     22.6     17.0     38.1 1985 10 28  3 55 38.130 1.3   1
    62514  37.289376 -121.669548     3.639       64.8     -103.8       -5.7     15.8     11.8     11.9 1985 12 31 15 50 52.230 1.7   1
    62520  37.289343 -121.669360     3.666       81.9     -107.5       21.3     15.7     12.5     13.6 1985 12 31 18  3  3.480 1.6   1
    67820  37.290861 -121.670605     3.592      -28.7       60.7      -53.2     16.6     12.6     15.5 1986  3  8 10 32  4.410 1.6   1
    73786  37.289311 -121.670760     3.642      -42.8     -110.9       -2.7     21.9     83.6    127.7 1986  6  1 10 51 31.460 1.2   1
    77218  37.289954 -121.669873     3.602       35.9      -39.8      -43.2     16.3     12.0     15.9 1986  7 25  9 22 50.290 2.3   1
    77296  37.290263 -121.670492     3.639      -18.7       -5.5       -5.6     17.5     13.2     25.9 1986  7 25 16  1 52.100 1.1   1
    81017  37.291500 -121.671517     3.588     -109.9      132.0      -57.0     16.9     14.3     21.7 1986  9  2  7 24 15.870 0.8   1
    82606  37.290820 -121.670817     3.444      -47.8       56.3     -200.5     46.8     61.8    135.1 1986  9 15 20 17 49.920 2.7   1
    83805  37.290902 -121.670605     3.574      -28.7       65.4      -71.1     16.4     12.5     14.9 1986  9 25 12  1 52.830 1.4   1
    88698  37.291536 -121.671484     3.606     -106.6      135.8      -38.9     16.8     12.9     15.9 1986 11 25 13  0 35.660 1.0   1
   101361  37.289945 -121.669792     3.589       43.1      -40.7      -55.3     15.9     12.0     13.3 1987  6  3  6 56  7.740 1.9   1
   101362  37.289335 -121.669368     3.589       81.1     -108.5      -55.5     16.0     11.8     13.7 1987  6  3  6 58 51.320 1.7   1
   102776  37.291524 -121.671493     3.597     -107.6      134.7      -47.7     16.9     13.1     18.0 1987  7  7  1 44 26.990 1.0   1
   103138  37.289636 -121.669645     3.600       56.6      -75.1      -45.1     15.9     11.8     13.0 1987  7 14 19  2 57.020 1.7   1
   110939  37.290055 -121.671362     3.625      -96.3      -28.3      -19.7     23.5     17.1     42.0 1988  1 15  1 56 42.310 1.4   1
   112868  37.291532 -121.671379     3.575      -97.6      135.4      -69.8     16.8     12.8     15.8 1988  2 25 10  0 17.780 0.9   1
   120788  37.290922 -121.670581     3.603      -26.9       67.7      -42.1     17.4     12.8     20.2 1988  7 23 10 42 21.740 1.5   1
   126189  37.289970 -121.670020     3.630       23.3      -37.9      -15.1     16.2     12.0     15.1 1988 11  2  3  9 12.610 1.9   1
   126292  37.289323 -121.669458     3.606       72.6     -109.5      -38.3     15.9     11.8     12.7 1988 11  3  1 30  4.280 1.7   1
   126389  37.289278 -121.669336     3.616       83.9     -114.8      -28.6     16.0     12.0     13.5 1988 11  4 13 34 34.720 1.9   1
   148939  37.289343 -121.669328     3.562       84.7     -107.6      -82.7     16.2     11.8     13.7 1989 12 13  5 33 46.080 1.6   1
   158154  37.291675 -121.671623     3.677     -118.8      151.2       31.9     16.5     14.4     19.5 1990  5 23 11 11 37.580 1.0   1
   160503  37.290694 -121.669808     3.776       41.7       42.7      131.4     16.2     20.8     32.7 1990  7  5 20  4 42.800 1.7   1
   205031  37.289848 -121.670630     3.467      -31.4      -51.5     -177.4     23.6     17.9     46.8 1991  1 20  5  0 30.930 1.2   1
   208364  37.291488 -121.671354     3.588      -95.6      130.3      -56.8     17.0     12.8     16.8 1991  3 22 11 23 27.560 1.0   1
   215747  37.289380 -121.669173     3.556       98.3     -103.6      -89.0     16.0     11.8     13.1 1991  5 29  9 45 22.620 1.8   1
   227435  37.289929 -121.670793     3.507      -45.2      -42.5     -137.9     22.2     16.9     38.6 1991  8 10 17  6  5.760 1.2   1
   238704  37.290039 -121.670231     3.635        4.3      -30.2       -9.7     16.2     12.0     13.1 1991 12  3  5 24 24.980 2.0   1
   238790  37.289583 -121.669385     3.564       79.5      -80.9      -80.3     15.9     11.8     13.7 1991 12  4  0  8 49.550 1.9   1
   261841  37.291471 -121.671354     3.598      -95.3      128.7      -46.7     17.0     12.9     18.3 1992  4  6  9 39 49.410 0.9   1
   312743  37.290902 -121.671134     3.645      -75.9       65.5        0.3     17.9     12.6     19.4 1992  8 29 17  4 29.020 1.6   1
   314921  37.290181 -121.669019     3.859      111.5      -14.6      214.3     18.7     15.3     50.7 1992  9 11  1 22 13.650 1.1   1
   331552  37.292118 -121.671460     3.819     -104.9      200.4      174.1     18.7     33.9     92.3 1993  1  9 17 48 38.720 1.0   1
   331635  37.291288 -121.671623     3.596     -118.8      108.2      -48.4     18.0     12.9     19.6 1993  1 10 22 13  9.440 1.2   1
 30036393  37.290328 -121.672314     3.168     -180.1        1.9     -476.3    782.4    578.8   1135.2 1993 12  1  0 25 49.530 1.0   1
   389286  37.289282 -121.669238     3.573       92.5     -114.4      -71.3     16.0     11.8     13.5 1993 12 20 22 35  7.800 1.8   1
   399980  37.290129 -121.670760     3.572      -42.4      -20.3      -72.9     22.1     16.6     37.0 1994  4  6  4 11 34.960 1.4   1
 30062741  37.290369 -121.669735     3.795       48.6        6.3      150.0     17.3     30.1     80.7 1994 11 16 16 50 58.150 2.0   1
 30062748  37.290763 -121.670060     3.812       19.8       50.3      167.5     17.7     34.3     88.3 1994 11 16 18  3 42.360 1.3   1
 30069218  37.290015 -121.668856     3.813      126.3      -33.2      168.1     17.6     29.8     78.7 1995  3  3  9 38 49.200 1.2   1
 30069222  37.289990 -121.668872     3.831      125.2      -35.6      185.8     17.9     31.2     81.8 1995  3  3 12 30 15.850 1.8   1
 30069457  37.289954 -121.668937     3.855      118.8      -39.7      210.2     16.8     25.0     65.1 1995  3  7 13 19 41.960 1.3   1
 30073191  37.291659 -121.671745     3.663     -129.8      149.5       18.1     32.6     69.0    198.4 1995  5 14 11 18 47.000 1.0   1
 30076454  37.290999 -121.670988     3.378      -62.8       76.4     -266.4    464.4    427.9   1076.5 1995  7  4 11 20 49.790 2.7   1
 30092060  37.289530 -121.669255     3.593       91.3      -86.7      -52.0     15.9     11.8     13.4 1995 12 15 18 53 39.820 1.8   1
