    17842  37.289335 -121.668848     3.610      127.1     -108.3      -34.7     13.7     14.8     16.8 1984  4 25  4 35 19.170 1.9   1
    16751  37.289762 -121.674438     3.498     -368.8      -61.1     -146.5     23.1     19.2     21.1 1984  4 27  7 48 23.500 1.0   1
    21644  37.290792 -121.671411     3.654     -100.3       53.3        9.6     13.0     11.3     14.9 1984  6 27 14 50 38.140 1.6   1
    22271  37.290340 -121.671672     3.610     -123.5        3.1      -34.8     13.3     25.7     15.3 1984  7  7  0 17  9.970 2.7   1
    22280  37.289225 -121.669442     3.533       74.3     -120.5     -111.5     16.0     33.4     17.6 1984  7  7  2 35  4.060 1.5   1
    23190  37.291142 -121.669987     3.567       25.8       92.3      -77.5     12.4     27.8     13.9 1984  7 17 16 24 49.440 1.9   1
    25096  37.290247 -121.670605     3.402      -28.7       -7.3     -242.3     14.7     19.3     16.6 1984  8  7  9  7  6.330 1.2   1
    28475  37.291597 -121.671289     3.481      -89.6      142.6     -163.8     20.2     25.9     30.9 1984  9 23  8 43 14.720 1.1   1
    32049  37.288525 -121.669377     3.571       80.3     -198.3      -73.4     13.2     12.5     16.5 1984 11 18  0 28 55.240 1.7   1
    35109  37.290975 -121.670679     3.561      -35.5       73.6      -84.2     11.4     10.5     14.3 1984 12 22  4 43 44.710 1.6   1
    42349  37.288078 -121.668978     3.776      115.1     -248.1      131.2     27.7     16.0     17.5 1985  2 28  1  9 58.300 0.8   1
    42555  37.289294 -121.669027     3.608      111.0     -112.7      -37.1     10.6     10.4     13.7 1985  3  2  6 53 56.010 1.7   1
    42559  37.289819 -121.669767     3.564       45.6      -54.5      -80.9      9.6      9.1     12.0 1985  3  2  8 55  3.470 1.9   1
    42643  37.289144 -121.669507     3.541       68.2     -129.8     -103.4     11.8     11.2     14.3 1985  3  2  8 55 29.590 2.1   1
    42560  37.290129 -121.670841     3.641      -49.6      -20.3       -4.1     11.5      9.7     12.6 1985  3  2  8 58  0.480 1.2   1
    49626  37.291207 -121.672624     3.741     -208.1       99.5       96.6     21.5     19.6     24.5 1985  6 15  1 38 57.380 0.9   1
    54084  37.290076 -121.669580     3.593       62.4      -26.2      -51.9     10.7     10.1     13.2 1985  8 28 20 35 10.100 1.6   1
    57770  37.290670 -121.671436     3.440     -102.7       39.6     -205.0     17.4     16.1     17.1 1985 10 28  3 55 38.130 1.3   1
    62514  37.289421 -121.669084     3.599      106.3      -98.8      -45.8     13.9     15.1     15.8 1985 12 31 15 50 52.230 1.7   1
    62520  37.289433 -121.669108     3.614      103.8      -97.7      -31.2     13.0     17.5     17.8 1985 12 31 18  3  3.480 1.6   1
    67820  37.290560 -121.672209     3.593     -171.3       27.7      -51.7     20.0     15.6     22.0 1986  3  8 10 32  4.410 1.6   1
    73786  37.289441 -121.669352     3.350       82.2      -96.9     -294.4     14.8     20.5     17.3 1986  6  1 10 51 31.460 1.2   1
    77218  37.289897 -121.669661     3.579       54.9      -46.2      -66.2     12.6     11.8     15.4 1986  7 25  9 22 50.290 2.3   1
    77296  37.290426 -121.670369     3.593       -8.1       12.7      -52.0     22.1     14.9     20.8 1986  7 25 16  1 52.100 1.1   1
    81017  37.292090 -121.671842     3.656     -138.7      197.3       11.4     15.6     20.7     17.5 1986  9  2  7 24 15.870 0.8   1
    82606  37.291789 -121.670955     3.625      -60.2      163.9      -19.6     13.1     12.7     17.0 1986  9 15 20 17 49.920 2.7   1
    83805  37.291142 -121.670671     3.611      -34.8       92.0      -34.0     11.2     10.0     13.3 1986  9 25 12  1 52.830 1.4   1
    88698  37.291414 -121.670923     4.315      -57.2      122.4      670.7     19.4     20.9     45.9 1986 11 25 13  0 35.660 1.0   1
   101361  37.290271 -121.669425     3.621       75.5       -4.6      -23.8     13.9     13.1     17.1 1987  6  3  6 56  7.740 1.9   1
   101362  37.289486 -121.669222     3.539       94.0      -91.6     -105.9     12.8     11.7     15.3 1987  6  3  6 58 51.320 1.7   1
   102776  37.292310 -121.670907     3.619      -55.6      221.7      -25.5     18.0     18.1     20.9 1987  7  7  1 44 26.990 1.0   1
   103138  37.289535 -121.669629     3.561       58.1      -86.1      -83.6     11.4     10.4     14.0 1987  7 14 19  2 57.020 1.7   1
   110939  37.290625 -121.670874     3.413      -52.9       34.9     -231.9     15.4     14.3     19.0 1988  1 15  1 56 42.310 1.4   1
   112868  37.292293 -121.671297     4.372      -90.3      220.0      727.0     15.1     15.4     27.3 1988  2 25 10  0 17.780 0.9   1
   120788  37.290735 -121.670947     3.610      -58.8       46.8      -34.4     13.4     11.3     15.4 1988  7 23 10 42 21.740 1.5   1
   126189  37.289551 -121.670280     3.622        0.1      -84.6      -23.0     13.1     11.6     15.4 1988 11  2  3  9 12.610 1.9   1
   126292  37.289811 -121.669027     3.516      110.8      -55.4     -129.0     11.1     12.1     13.7 1988 11  3  1 30  4.280 1.7   1
   126389  37.288940 -121.669702     3.619       51.1     -152.0      -25.6     12.3     11.9     15.5 1988 11  4 13 34 34.720 1.9   1
   148939  37.289738 -121.668945     3.605      118.5      -63.8      -39.8     13.9     14.9     19.6 1989 12 13  5 33 46.080 1.6   1
   158154  37.291813 -121.671989     3.743     -151.2      166.6       98.1     14.9     16.6     20.7 1990  5 23 11 11 37.580 1.0   1
   160503  37.290149 -121.669767     3.649       45.8      -17.9        4.4     10.2     11.2     12.2 1990  7  5 20  4 42.800 1.7   1
   205031  37.290715 -121.669751     3.436       46.9       44.8     -208.5     20.7     14.0     19.3 1991  1 20  5  0 30.930 1.2   1
   208364  37.292379 -121.671338     3.695      -93.9      229.4       50.7     17.1     15.5     19.9 1991  3 22 11 23 27.560 1.0   1
   215747  37.289115 -121.669132     3.587      102.0     -133.0      -57.3     11.8     13.1     14.4 1991  5 29  9 45 22.620 1.8   1
   227435  37.289994 -121.671037     3.505      -67.1      -35.1     -140.0     14.4     15.8     13.7 1991  8 10 17  6  5.760 1.2   1
   238704  37.290190 -121.669434     3.613       75.2      -13.5      -31.7     10.1      9.3     12.4 1991 12  3  5 24 24.980 2.0   1
   238790  37.289771 -121.669425     3.649       75.9      -60.2        3.9     10.7     10.4     13.4 1991 12  4  0  8 49.550 1.9   1
   261841  37.292045 -121.671021     3.674      -65.6      192.5       28.9     17.4     20.7     30.0 1992  4  6  9 39 49.410 0.9   1
   312743  37.290824 -121.671159     3.683      -78.3       57.0       38.3     14.7     16.4     16.9 1992  8 29 17  4 29.020 1.6   1
   314921  37.287891 -121.668888     3.689      123.3     -268.6       44.1     14.5     12.6     19.5 1992  9 11  1 22 13.650 1.1   1
   331552  37.292362 -121.671981     3.744     -150.6      227.6       98.9     21.2     19.3     28.4 1993  1  9 17 48 38.720 1.0   1
   331635  37.290934 -121.672510     3.583     -197.7       69.1      -61.6     21.8     17.0     17.6 1993  1 10 22 13  9.440 1.2   1
 30036393  37.292135 -121.671403     3.802      -99.6      202.3      157.5     17.9     17.6     29.4 1993 12  1  0 25 49.530 1.0   1
   389286  37.288916 -121.669206     3.551       95.4     -154.8      -93.4     14.0     15.4     16.0 1993 12 20 22 35  7.800 1.8   1
   399980  37.290413 -121.670557     3.482      -24.2       11.4     -162.4     11.2     12.3     13.2 1994  4  6  4 11 34.960 1.4   1
 30062741  37.290316 -121.670044     3.519       20.6        0.6     -125.6     12.0     10.1     13.8 1994 11 16 16 50 58.150 2.0   1
 30062748  37.290287 -121.669938     3.636       30.3       -2.8       -8.9     18.3     18.7     15.5 1994 11 16 18  3 42.360 1.3   1
 30069218  37.289111 -121.669019     3.755      111.6     -133.4      110.5     13.5     16.2     17.7 1995  3  3  9 38 49.200 1.2   1
 30069222  37.289583 -121.669051     3.643      108.9      -81.0       -1.5     12.6     13.5     14.9 1995  3  3 12 30 15.850 1.8   1
 30069457  37.290194 -121.669108     3.504      104.2      -13.1     -141.0     20.8     17.7     18.5 1995  3  7 13 19 41.960 1.3   1
 30073191  37.291671 -121.671916     3.682     -145.0      150.7       36.7     39.0     27.4     27.7 1995  5 14 11 18 47.000 1.0   1
 30076454  37.291219 -121.671354     3.590      -95.3      100.7      -54.6     13.6     12.9     18.0 1995  7  4 11 20 49.790 2.7   1
 30092060  37.289701 -121.669222     3.551       93.7      -67.9      -93.3     11.7     12.6     14.1 1995 12 15 18 53 39.820 1.8   1
