    17842  37.289482 -121.668628     3.634      146.3      -92.1      -11.0     51.7     58.1     65.2 1984  4 25  4 35 19.170 1.9   1
    16751  37.289844 -121.674715     3.498     -393.5      -52.0     -146.3     80.0     73.9     80.3 1984  4 27  7 48 23.500 1.0   1
    21644  37.290820 -121.671200     3.631      -81.5       56.5      -14.1     48.5     44.6     58.2 1984  6 27 14 50 38.140 1.6   1
    22271  37.290454 -121.671777     3.650     -132.9       15.6        5.0     50.4     99.1     59.7 1984  7  7  0 17  9.970 2.7   1
    22280  37.289758 -121.669132     3.528      102.0      -61.3     -116.7     62.2    123.8     70.2 1984  7  7  2 35  4.060 1.5   1
    23190  37.290405 -121.669230     3.509       93.2       10.2     -135.3     47.0    104.2     53.9 1984  7 17 16 24 49.440 1.9   1
    25096  37.289551 -121.670654     3.450      -33.3      -84.5     -195.1     54.6     70.7     62.3 1984  8  7  9  7  6.330 1.2   1
    28475  37.291895 -121.671362     3.478      -95.7      175.8     -166.9     72.4     98.5    120.2 1984  9 23  8 43 14.720 1.1   1
    32049  37.288399 -121.669434     3.554       75.4     -212.4      -91.0     49.7     48.5     65.3 1984 11 18  0 28 55.240 1.7   1
    35109  37.291162 -121.670247     3.578        2.6       94.5      -66.6     42.3     41.0     54.9 1984 12 22  4 43 44.710 1.6   1
    42349  37.288167 -121.668978     3.684      115.2     -237.9       39.6     65.9     51.0     62.7 1985  2 28  1  9 58.300 0.8   1
    42555  37.289274 -121.669002     3.614      113.3     -115.2      -31.1     40.5     40.7     52.7 1985  3  2  6 53 56.010 1.7   1
    42559  37.289795 -121.669564     3.543       63.6      -57.3     -102.1     36.2     35.5     47.0 1985  3  2  8 55  3.470 1.9   1
    42643  37.289282 -121.669246     3.551       91.7     -114.3      -94.0     43.3     43.5     56.0 1985  3  2  8 55 29.590 2.1   1
    42560  37.290308 -121.669954     3.627       28.6       -0.3      -17.5     39.7     36.9     48.5 1985  3  2  8 58  0.480 1.2   1
    49626  37.291504 -121.671403     3.666      -99.5      132.3       21.4     72.4     76.1     94.0 1985  6 15  1 38 57.380 0.9   1
    54084  37.289990 -121.669539     3.584       65.5      -35.6      -60.6     40.1     39.4     52.1 1985  8 28 20 35 10.100 1.6   1
    57770  37.290295 -121.672030     3.449     -155.4       -1.8     -196.0     63.0     62.4     65.9 1985 10 28  3 55 38.130 1.3   1
    62514  37.289001 -121.668547     3.603      153.9     -145.4      -42.3     50.5     57.9     61.5 1985 12 31 15 50 52.230 1.7   1
    62520  37.289396 -121.669157     3.566       99.5     -101.5      -79.2     48.7     67.5     69.7 1985 12 31 18  3  3.480 1.6   1
    67820  37.290422 -121.672249     3.522     -174.8       12.3     -122.3     64.8     58.3     81.3 1986  3  8 10 32  4.410 1.6   1
    73786  37.289929 -121.668840     3.353      127.9      -42.3     -291.6     54.0     77.1     67.9 1986  6  1 10 51 31.460 1.2   1
    77218  37.290149 -121.669409     3.645       77.6      -18.1       -0.2     46.0     45.3     58.4 1986  7 25  9 22 50.290 2.3   1
    77296  37.290450 -121.671851     3.415     -139.5       15.1     -229.5     77.9     57.9     70.6 1986  7 25 16  1 52.100 1.1   1
    81017  37.292338 -121.671851     3.641     -139.0      224.7       -4.2     58.6     72.5     68.6 1986  9  2  7 24 15.870 0.8   1
    82606  37.291801 -121.671061     3.630      -69.3      165.4      -15.2     48.6     49.3     64.3 1986  9 15 20 17 49.920 2.7   1
    83805  37.291125 -121.670524     3.590      -21.5       90.4      -54.6     42.3     39.1     52.5 1986  9 25 12  1 52.830 1.4   1
    88698  37.291663 -121.671240     4.408      -85.2      150.0      762.8     68.6     79.8    178.8 1986 11 25 13  0 35.660 1.0   1
   101361  37.290458 -121.669206     3.647       95.3       16.3        2.5     50.9     50.3     68.0 1987  6  3  6 56  7.740 1.9   1
   101362  37.289307 -121.669954     3.625       28.5     -111.4      -20.0     45.4     45.8     55.0 1987  6  3  6 58 51.320 1.7   1
   102776  37.291915 -121.671183     3.615      -80.4      178.0      -29.6     63.0     68.8     82.4 1987  7  7  1 44 26.990 1.0   1
   103138  37.289502 -121.669686     3.574       52.9      -89.9      -71.1     42.7     40.3     54.5 1987  7 14 19  2 57.020 1.7   1
   110939  37.290690 -121.671297     3.423      -90.0       42.1     -221.8     57.2     55.7     72.8 1988  1 15  1 56 42.310 1.4   1
   112868  37.292615 -121.671419     4.401     -100.8      255.8      755.8     53.8     59.1    104.4 1988  2 25 10  0 17.780 0.9   1
   120788  37.290686 -121.671167     3.658      -78.3       41.3       13.2     49.4     44.5     58.7 1988  7 23 10 42 21.740 1.5   1
   126189  37.288668 -121.673438     3.822     -279.8     -182.5      177.0     47.6     46.3     56.2 1988 11  2  3  9 12.610 1.9   1
   126292  37.289811 -121.668953     3.525      117.8      -55.4     -120.0     42.5     47.6     53.5 1988 11  3  1 30  4.280 1.7   1
   126389  37.288961 -121.669832     3.654       39.8     -150.0        9.7     46.2     46.2     60.4 1988 11  4 13 34 34.720 1.9   1
   148939  37.289673 -121.669271     3.629       89.2      -71.0      -15.8     52.4     60.3     79.1 1989 12 13  5 33 46.080 1.6   1
   158154  37.291683 -121.672062     3.748     -157.9      152.1      102.8     55.7     65.1     80.2 1990  5 23 11 11 37.580 1.0   1
   160503  37.290690 -121.668962     3.589      117.0       42.0      -56.3     37.4     43.4     46.2 1990  7  5 20  4 42.800 1.7   1
   205031  37.290690 -121.669482     3.384       70.8       41.8     -260.7     74.4     53.6     76.2 1991  1 20  5  0 30.930 1.2   1
   208364  37.292354 -121.671305     3.693      -91.0      226.6       48.4     61.9     61.2     77.5 1991  3 22 11 23 27.560 1.0   1
   215747  37.289160 -121.669287     3.668       88.2     -127.8       22.8     44.6     52.9     55.3 1991  5 29  9 45 22.620 1.8   1
   227435  37.289559 -121.669556     3.530       64.3      -83.5     -114.4     50.7     60.8     52.2 1991  8 10 17  6  5.760 1.2   1
   238704  37.290202 -121.669458     3.621       72.6      -12.1      -23.5     37.6     36.4     48.2 1991 12  3  5 24 24.980 2.0   1
   238790  37.289799 -121.669434     3.672       75.3      -56.7       27.0     40.8     42.4     52.0 1991 12  4  0  8 49.550 1.9   1
   261841  37.292069 -121.671208     3.684      -82.6      195.2       39.2     64.5     78.7    111.4 1992  4  6  9 39 49.410 0.9   1
   312743  37.290784 -121.671248     3.679      -85.6       52.3       34.2     54.0     63.8     66.0 1992  8 29 17  4 29.020 1.6   1
   314921  37.288066 -121.669076     3.664      106.8     -249.3       18.8     52.9     49.6     76.2 1992  9 11  1 22 13.650 1.1   1
   331552  37.292411 -121.672062     3.752     -157.9      233.0      107.6     78.7     75.8    113.2 1993  1  9 17 48 38.720 1.0   1
   331635  37.291207 -121.671118     3.562      -74.2       99.3      -83.1     76.1     66.2     69.1 1993  1 10 22 13  9.440 1.2   1
 30036393  37.292289 -121.671053     3.816      -68.2      219.3      171.0     63.3     69.0    116.4 1993 12  1  0 25 49.530 1.0   1
   389286  37.288770 -121.669515     3.515       67.6     -171.4     -129.6     50.6     60.2     62.8 1993 12 20 22 35  7.800 1.8   1
   399980  37.290450 -121.670402     3.469      -10.9       15.3     -175.3     42.7     48.2     52.1 1994  4  6  4 11 34.960 1.4   1
 30062741  37.290177 -121.669930     3.508       31.1      -14.8     -136.3     44.7     39.1     53.5 1994 11 16 16 50 58.150 2.0   1
 30062748  37.290336 -121.669385     3.634       79.6        2.8      -11.0     66.5     73.7     60.7 1994 11 16 18  3 42.360 1.3   1
 30069218  37.289140 -121.669181     3.779       97.1     -130.0      133.8     50.4     64.0     69.9 1995  3  3  9 38 49.200 1.2   1
 30069222  37.289653 -121.669116     3.697      103.4      -73.2       52.1     49.0     54.3     57.9 1995  3  3 12 30 15.850 1.8   1
 30069457  37.290076 -121.669141     3.531      101.3      -26.3     -113.9     69.4     69.1     70.7 1995  3  7 13 19 41.960 1.3   1
 30073191  37.291032 -121.673714     3.592     -304.4       79.9      -52.6    128.9    101.6    105.4 1995  5 14 11 18 47.000 1.0   1
 30076454  37.291764 -121.671102     3.484      -72.9      161.4     -161.0     52.1     50.4    104.3 1995  7  4 11 20 49.790 2.7   1
 30092060  37.289689 -121.669189     3.558       96.9      -69.2      -86.5     44.3     49.9     53.5 1995 12 15 18 53 39.820 1.8   1
