    17842  37.289311 -121.669368     3.617       81.1     -111.0      -28.0      5.6      5.8     14.5 1984  4 25  4 35 19.170 1.9   1
    16751  37.291447 -121.671395     3.603      -98.7      126.1      -41.3      9.9      9.4     21.3 1984  4 27  7 48 23.500 1.0   1
    21644  37.290922 -121.670801     3.623      -46.2       67.8      -21.5      7.6      7.6     17.8 1984  6 27 14 50 38.140 1.6   1
    22271  37.291325 -121.671313     3.645      -91.8      112.4        0.5     25.8     39.9     73.4 1984  7  7  0 17  9.970 2.7   1
    22280  37.289181 -121.669458     3.452       73.1     -125.6     -192.5      7.3     21.2     64.7 1984  7  7  2 35  4.060 1.5   1
    23190  37.289925 -121.670036     3.621       21.9      -42.8      -24.0      5.5      7.8     14.3 1984  7 17 16 24 49.440 1.9   1
    25096  37.289868 -121.671151     3.583      -77.1      -49.3      -62.1     12.8     12.9     33.8 1984  8  7  9  7  6.330 1.2   1
    28475  37.291663 -121.671859     3.676     -140.3      150.1       31.4      7.9     10.4     22.5 1984  9 23  8 43 14.720 1.1   1
    32049  37.289343 -121.669572     3.615       62.5     -107.4      -29.6      5.2      5.2     12.6 1984 11 18  0 28 55.240 1.7   1
    35109  37.290857 -121.670719     3.596      -39.0       60.4      -48.7      9.3      7.1     21.7 1984 12 22  4 43 44.710 1.6   1
    42349  37.289457 -121.669596     3.684       60.7      -94.7       39.5      7.4     10.4     25.5 1985  2 28  1  9 58.300 0.8   1
    42555  37.289209 -121.669320     3.608       85.3     -122.6      -37.1      5.6      6.0     14.4 1985  3  2  6 53 56.010 1.7   1
    42559  37.289905 -121.669938     3.598       30.5      -45.3      -46.6      6.2      6.2     15.3 1985  3  2  8 55  3.470 1.9   1
    42643  37.289563 -121.669702     3.589       51.4      -83.0      -55.9      5.3      5.9     14.9 1985  3  2  8 55 29.590 2.1   1
    42560  37.290234 -121.670540     3.630      -23.4       -8.8      -15.1      7.3      7.2     20.7 1985  3  2  8 58  0.480 1.2   1
    49626  37.291650 -121.671761     3.665     -131.0      148.6       20.3      7.9     11.0     23.9 1985  6 15  1 38 57.380 0.9   1
    54084  37.289917 -121.669979     3.616       26.6      -43.6      -28.9      6.0      5.8     13.9 1985  8 28 20 35 10.100 1.6   1
    57770  37.289840 -121.671143     3.567      -76.5      -52.3      -77.7     14.0     12.7     33.0 1985 10 28  3 55 38.130 1.3   1
    62514  37.289339 -121.669588     3.617       61.3     -108.1      -28.0      5.3      5.3     13.2 1985 12 31 15 50 52.230 1.7   1
    62520  37.289270 -121.669377     3.631       79.9     -115.5      -14.1      5.5      5.5     13.8 1985 12 31 18  3  3.480 1.6   1
    67820  37.290833 -121.670605     3.559      -28.5       58.0      -85.8      8.6      7.2     20.2 1986  3  8 10 32  4.410 1.6   1
    73786  37.289091 -121.670304     3.548       -2.1     -135.6      -96.5     37.4     43.8    110.6 1986  6  1 10 51 31.460 1.2   1
    77218  37.289897 -121.669946     3.576       29.8      -46.2      -68.3      7.1      6.4     19.1 1986  7 25  9 22 50.290 2.3   1
    77296  37.290218 -121.670565     3.622      -25.0      -10.3      -22.7     10.3      9.2     31.6 1986  7 25 16  1 52.100 1.1   1
    81017  37.291545 -121.671582     3.574     -115.2      136.7      -71.1      8.8     11.0     27.1 1986  9  2  7 24 15.870 0.8   1
    82606  37.291016 -121.671029     3.515      -66.2       78.0     -129.7     25.4     34.2     48.7 1986  9 15 20 17 49.920 2.7   1
    83805  37.290877 -121.670605     3.539      -29.2       62.8     -105.5      7.6      6.9     17.7 1986  9 25 12  1 52.830 1.4   1
    88698  37.291602 -121.671574     3.603     -114.9      143.3      -42.2      8.6      7.6     18.4 1986 11 25 13  0 35.660 1.0   1
   101361  37.289852 -121.669751     3.539       46.9      -50.9     -105.4      5.6      6.1     15.0 1987  6  3  6 56  7.740 1.9   1
   101362  37.289237 -121.669279     3.532       88.9     -119.3     -112.9      5.5      5.3     14.3 1987  6  3  6 58 51.320 1.7   1
   102776  37.291577 -121.671566     3.587     -114.1      140.6      -57.4      8.8      8.0     20.7 1987  7  7  1 44 26.990 1.0   1
   103138  37.289543 -121.669572     3.543       63.0      -85.4     -102.2      5.3      5.4     14.1 1987  7 14 19  2 57.020 1.7   1
   110939  37.289726 -121.670760     3.477      -42.7      -64.9     -167.3     14.0     12.5     34.1 1988  1 15  1 56 42.310 1.4   1
   112868  37.291597 -121.671468     3.574     -105.0      142.8      -71.0      8.4      7.1     17.0 1988  2 25 10  0 17.780 0.9   1
   120788  37.290910 -121.670581     3.572      -26.8       66.3      -72.6     11.1      7.8     26.8 1988  7 23 10 42 21.740 1.5   1
   126189  37.289905 -121.670085     3.603       17.3      -45.0      -42.0      6.9      6.1     17.9 1988 11  2  3  9 12.610 1.9   1
   126292  37.289254 -121.669450     3.567       73.3     -117.6      -78.0      5.4      5.3     13.8 1988 11  3  1 30  4.280 1.7   1
   126389  37.289205 -121.669328     3.571       84.4     -123.0      -73.9      5.6      5.8     14.7 1988 11  4 13 34 34.720 1.9   1
   148939  37.289315 -121.669360     3.551       81.7     -110.8      -93.8      5.8      5.2     13.7 1989 12 13  5 33 46.080 1.6   1
   158154  37.291809 -121.671672     3.689     -123.1      166.0       44.3      7.6     11.3     24.3 1990  5 23 11 11 37.580 1.0   1
   160503  37.290503 -121.669906     3.738       32.9       21.3       93.0      5.1     13.7     25.0 1990  7  5 20  4 42.800 1.7   1
   205031  37.289612 -121.670369     3.392       -8.1      -77.5     -252.4     15.4     13.8     42.7 1991  1 20  5  0 30.930 1.2   1
   208364  37.291699 -121.671606     3.655     -117.5      154.2       10.2      7.7     10.7     24.3 1991  3 22 11 23 27.560 1.0   1
   215747  37.289364 -121.669312     3.558       86.0     -105.3      -86.4      5.3      5.3     13.4 1991  5 29  9 45 22.620 1.8   1
   227435  37.289758 -121.670768     3.487      -43.0      -61.3     -158.2     13.3     12.5     33.0 1991  8 10 17  6  5.760 1.2   1
   238704  37.289978 -121.670060     3.596       19.8      -36.9      -48.5      5.9      6.2     15.1 1991 12  3  5 24 24.980 2.0   1
   238790  37.289571 -121.669539     3.568       65.4      -82.2      -76.9      5.2      5.5     14.6 1991 12  4  0  8 49.550 1.9   1
   261841  37.291553 -121.671419     3.595     -101.2      137.9      -50.0      8.8      7.2     20.1 1992  4  6  9 39 49.410 0.9   1
   312743  37.290747 -121.670418     3.543      -12.6       48.2     -102.0     11.6      8.7     29.6 1992  8 29 17  4 29.020 1.6   1
   314921  37.290259 -121.669051     3.929      109.0       -5.8      284.6      6.0     20.4     59.2 1992  9 11  1 22 13.650 1.1   1
   331552  37.292306 -121.671533     3.857     -111.2      221.1      212.2      8.3     21.4     58.8 1993  1  9 17 48 38.720 1.0   1
   331635  37.291337 -121.671509     3.573     -108.9      113.8      -71.5      9.5      7.3     21.0 1993  1 10 22 13  9.440 1.2   1
 30036393  37.292696 -121.671525     4.449     -110.6      264.7      804.3      8.6      8.5    108.6 1993 12  1  0 25 49.530 1.0   1
   389286  37.289254 -121.669352     3.570       82.6     -117.4      -74.9      5.4      5.3     13.9 1993 12 20 22 35  7.800 1.8   1
   399980  37.289954 -121.670711     3.550      -38.1      -39.9      -95.2     13.4     12.1     31.1 1994  4  6  4 11 34.960 1.4   1
 30062741  37.290637 -121.669767     3.865       45.3       36.2      220.3      5.6     16.6     46.1 1994 11 16 16 50 58.150 2.0   1
 30062748  37.290861 -121.670133     3.822       12.6       60.8      177.0      6.5     20.5     57.0 1994 11 16 18  3 42.360 1.3   1
 30069218  37.290125 -121.668888     3.851      123.5      -20.7      206.2      5.8     18.4     52.4 1995  3  3  9 38 49.200 1.2   1
 30069222  37.290161 -121.668913     3.884      120.9      -16.6      239.5      5.8     16.8     46.7 1995  3  3 12 30 15.850 1.8   1
 30069457  37.289299 -121.669124     3.629      102.2     -112.6      -15.8      5.7      6.1     15.0 1995  3  7 13 19 41.960 1.3   1
 30073191  37.290426 -121.672314     3.225     -180.4       12.8     -420.2     27.1     60.1    171.1 1995  5 14 11 18 47.000 1.0   1
 30076454  37.292139 -121.670907     3.909      -55.6      202.6      264.0     27.0     34.5     82.5 1995  7  4 11 20 49.790 2.7   1
 30092060  37.289510 -121.669377     3.591       80.1      -88.8      -54.2      5.4      5.4     14.3 1995 12 15 18 53 39.820 1.8   1
