    17842  37.289335 -121.669458     3.624       72.9     -108.4      -20.5      6.7      7.1     17.9 1984  4 25  4 35 19.170 1.9   1
    16751  37.291382 -121.671403     3.598      -99.5      118.6      -46.7     11.5     11.4     25.4 1984  4 27  7 48 23.500 1.0   1
    21644  37.290955 -121.670841     3.631      -49.9       71.2      -14.3      8.8      9.1     20.9 1984  6 27 14 50 38.140 1.6   1
    22271  37.291016 -121.671590     3.568     -116.2       78.0      -77.0     29.7     43.3     98.7 1984  7  7  0 17  9.970 2.7   1
    22280  37.289058 -121.669556     3.403       64.4     -139.3     -242.0      8.7     25.4     77.0 1984  7  7  2 35  4.060 1.5   1
    23190  37.289950 -121.670125     3.629       13.6      -40.1      -15.6      6.4      9.6     17.4 1984  7 17 16 24 49.440 1.9   1
    25096  37.289823 -121.671159     3.570      -78.1      -54.2      -74.5     15.5     15.7     42.3 1984  8  7  9  7  6.330 1.2   1
    28475  37.291597 -121.671769     3.664     -132.4      142.8       19.4      9.3     12.8     27.6 1984  9 23  8 43 14.720 1.1   1
    32049  37.289360 -121.669670     3.622       54.4     -105.5      -23.0      6.1      6.4     15.3 1984 11 18  0 28 55.240 1.7   1
    35109  37.290894 -121.670809     3.613      -46.8       64.5      -32.0     10.4      8.5     24.2 1984 12 22  4 43 44.710 1.6   1
    42349  37.289453 -121.669645     3.679       56.4      -95.4       34.6      8.7     12.7     30.8 1985  2 28  1  9 58.300 0.8   1
    42555  37.289229 -121.669401     3.614       77.9     -120.2      -30.4      6.6      7.4     17.8 1985  3  2  6 53 56.010 1.7   1
    42559  37.289921 -121.670036     3.607       21.5      -43.2      -38.2      7.3      7.7     18.9 1985  3  2  8 55  3.470 1.9   1
    42643  37.289579 -121.669792     3.597       43.4      -81.2      -47.4      6.3      7.3     18.4 1985  3  2  8 55 29.590 2.1   1
    42560  37.290238 -121.670614     3.631      -29.8       -8.3      -14.1      8.4      8.8     24.3 1985  3  2  8 58  0.480 1.2   1
    49626  37.291569 -121.671696     3.659     -125.4      139.7       14.3      9.2     13.6     29.5 1985  6 15  1 38 57.380 0.9   1
    54084  37.289945 -121.670068     3.626       18.4      -40.6      -19.2      7.2      7.1     17.0 1985  8 28 20 35 10.100 1.6   1
    57770  37.289799 -121.671151     3.556      -77.3      -57.1      -89.2     17.4     15.6     42.6 1985 10 28  3 55 38.130 1.3   1
    62514  37.289355 -121.669670     3.624       54.1     -106.2      -21.1      6.3      6.5     16.2 1985 12 31 15 50 52.230 1.7   1
    62520  37.289294 -121.669466     3.637       71.9     -112.8       -7.7      6.5      6.8     17.0 1985 12 31 18  3  3.480 1.6   1
    67820  37.290861 -121.670671     3.570      -34.5       61.1      -74.7      9.8      8.7     22.6 1986  3  8 10 32  4.410 1.6   1
    73786  37.288997 -121.670239     3.514        3.9     -145.9     -131.2     48.6     55.5    147.2 1986  6  1 10 51 31.460 1.2   1
    77218  37.289921 -121.670044     3.587       21.0      -43.4      -57.6      8.6      7.9     23.6 1986  7 25  9 22 50.290 2.3   1
    77296  37.290238 -121.670662     3.631      -34.0       -8.2      -13.7     12.6     11.3     38.8 1986  7 25 16  1 52.100 1.1   1
    81017  37.291427 -121.671427     3.539     -101.8      123.5     -105.7     10.3     13.5     32.9 1986  9  2  7 24 15.870 0.8   1
    82606  37.290702 -121.671273     3.427      -88.1       43.2     -217.5     30.8     49.9    115.9 1986  9 15 20 17 49.920 2.7   1
    83805  37.290885 -121.670654     3.543      -33.4       63.7     -101.9      8.6      8.2     20.0 1986  9 25 12  1 52.830 1.4   1
    88698  37.291504 -121.671387     3.596      -97.9      132.3      -48.7     10.1      9.4     25.3 1986 11 25 13  0 35.660 1.0   1
   101361  37.289856 -121.669832     3.540       39.7      -50.7     -104.5      6.5      7.5     18.1 1987  6  3  6 56  7.740 1.9   1
   101362  37.289233 -121.669336     3.528       83.7     -119.5     -116.6      6.4      6.6     17.2 1987  6  3  6 58 51.320 1.7   1
   102776  37.291479 -121.671460     3.565     -104.3      129.7      -79.4     10.2      9.9     24.8 1987  7  7  1 44 26.990 1.0   1
   103138  37.289539 -121.669637     3.541       57.2      -85.6     -103.9      6.2      6.7     16.9 1987  7 14 19  2 57.020 1.7   1
   110939  37.289653 -121.670736     3.452      -40.1      -73.0     -193.1     17.1     15.2     43.0 1988  1 15  1 56 42.310 1.4   1
   112868  37.291504 -121.671322     3.575      -92.6      132.3      -69.8      9.8      8.7     23.0 1988  2 25 10  0 17.780 0.9   1
   120788  37.290938 -121.670679     3.592      -35.0       69.5      -53.2     12.8      9.3     30.7 1988  7 23 10 42 21.740 1.5   1
   126189  37.289929 -121.670207     3.615        6.8      -42.2      -29.6      8.1      7.5     21.9 1988 11  2  3  9 12.610 1.9   1
   126292  37.289254 -121.669531     3.566       66.3     -117.5      -78.5      6.2      6.5     16.5 1988 11  3  1 30  4.280 1.7   1
   126389  37.289217 -121.669401     3.573       77.9     -121.5      -71.4      6.5      7.1     17.7 1988 11  4 13 34 34.720 1.9   1
   148939  37.289351 -121.669450     3.567       73.3     -106.5      -77.5      6.4      6.4     16.3 1989 12 13  5 33 46.080 1.6   1
   158154  37.291777 -121.671582     3.693     -115.4      162.7       48.0      8.7     13.7     29.2 1990  5 23 11 11 37.580 1.0   1
   160503  37.290356 -121.670020     3.724       23.2        5.2       79.3      5.7     14.7     28.0 1990  7  5 20  4 42.800 1.7   1
   205031  37.289567 -121.670353     3.374       -6.3      -82.6     -270.4     18.9     17.0     54.7 1991  1 20  5  0 30.930 1.2   1
   208364  37.291679 -121.671525     3.662     -110.5      151.5       16.8      8.8     13.0     29.2 1991  3 22 11 23 27.560 1.0   1
   215747  37.289392 -121.669401     3.570       77.6     -102.1      -74.6      6.1      6.5     16.4 1991  5 29  9 45 22.620 1.8   1
   227435  37.289730 -121.670785     3.481      -44.9      -64.4     -163.9     16.3     15.4     42.5 1991  8 10 17  6  5.760 1.2   1
   238704  37.290007 -121.670125     3.607       13.9      -33.9      -38.2      6.7      7.5     18.3 1991 12  3  5 24 24.980 2.0   1
   238790  37.289608 -121.669661     3.585       54.7      -78.0      -60.0      6.0      6.8     17.5 1991 12  4  0  8 49.550 1.9   1
   261841  37.292436 -121.671167     3.142      -79.0      235.9     -502.3      9.8      9.7    514.4 1992  4  6  9 39 49.410 0.9   1
   312743  37.291915 -121.670597     4.172      -27.8      177.8      527.5      9.1      9.0    319.2 1992  8 29 17  4 29.020 1.6   1
   314921  37.290238 -121.669141     3.924      101.2       -8.1      279.6      7.2     24.7     72.3 1992  9 11  1 22 13.650 1.1   1
   331552  37.292489 -121.671411     3.928     -100.1      241.6      283.5      9.3      7.8     38.1 1993  1  9 17 48 38.720 1.0   1
   331635  37.291280 -121.671444     3.565     -103.4      107.5      -80.2     10.8      8.9     24.9 1993  1 10 22 13  9.440 1.2   1
 30036393  37.292562 -121.671379     4.198      -97.2      249.5      552.8      9.5     10.3    467.3 1993 12  1  0 25 49.530 1.0   1
   389286  37.289286 -121.669442     3.583       74.5     -113.7      -61.8      6.2      6.6     16.9 1993 12 20 22 35  7.800 1.8   1
   399980  37.289917 -121.670728     3.540      -39.8      -44.0     -105.1     16.5     14.9     40.0 1994  4  6  4 11 34.960 1.4   1
 30062741  37.290597 -121.669865     3.849       36.8       31.8      204.6      6.7     19.7     56.2 1994 11 16 16 50 58.150 2.0   1
 30062748  37.290812 -121.670223     3.810        4.8       55.3      164.9      7.8     24.5     69.8 1994 11 16 18  3 42.360 1.3   1
 30069218  37.290072 -121.668986     3.831      115.0      -26.8      186.3      7.0     22.5     64.9 1995  3  3  9 38 49.200 1.2   1
 30069222  37.290125 -121.669010     3.874      112.9      -20.6      229.3      6.9     19.9     57.9 1995  3  3 12 30 15.850 1.8   1
 30069457  37.289315 -121.669214     3.635       94.4     -110.9      -10.3      6.8      7.5     18.3 1995  3  7 13 19 41.960 1.3   1
 30073191  37.291134 -121.669474     3.423       71.2       91.2     -221.4     11.5      8.5     20.7 1995  5 14 11 18 47.000 1.0   1
 30076454  37.290914 -121.671330     3.546      -93.0       66.7      -99.2     30.0     48.6    109.1 1995  7  4 11 20 49.790 2.7   1
 30092060  37.289543 -121.669474     3.602       71.6      -85.4      -42.3      6.2      6.7     17.4 1995 12 15 18 53 39.820 1.8   1
