    17842  37.289327 -121.668937     3.611      119.3     -109.2      -33.7     11.7     12.4     14.0 1984  4 25  4 35 19.170 1.9   1
    16751  37.289685 -121.674715     3.501     -393.0      -69.5     -143.9     20.9     16.3     17.8 1984  4 27  7 48 23.500 1.0   1
    21644  37.290788 -121.671444     3.654     -103.0       52.9        9.1     10.9      9.4     12.4 1984  6 27 14 50 38.140 1.6   1
    22271  37.290295 -121.671639     3.613     -120.7       -1.7      -31.9     11.3     21.8     12.8 1984  7  7  0 17  9.970 2.7   1
    22280  37.289185 -121.669466     3.531       72.2     -125.1     -113.5     13.5     28.2     14.7 1984  7  7  2 35  4.060 1.5   1
    23190  37.291073 -121.670028     3.566       22.4       84.3      -79.2     10.6     23.6     11.7 1984  7 17 16 24 49.440 1.9   1
    25096  37.290291 -121.670671     3.400      -34.7       -2.1     -245.1     12.4     16.0     13.9 1984  8  7  9  7  6.330 1.2   1
    28475  37.291589 -121.671305     3.476      -91.2      141.9     -168.9     17.4     21.6     25.9 1984  9 23  8 43 14.720 1.1   1
    32049  37.288546 -121.669344     3.571       82.7     -195.9      -73.3     11.1     10.4     13.8 1984 11 18  0 28 55.240 1.7   1
    35109  37.290946 -121.670744     3.558      -40.9       70.4      -86.7      9.8      8.8     12.0 1984 12 22  4 43 44.710 1.6   1
    42349  37.288220 -121.668384     3.803      168.4     -231.9      158.2     24.2     13.7     14.3 1985  2 28  1  9 58.300 0.8   1
    42555  37.289319 -121.669027     3.611      110.9     -110.3      -33.7      8.9      8.6     11.4 1985  3  2  6 53 56.010 1.7   1
    42559  37.289819 -121.669792     3.563       43.3      -54.8      -81.5      8.2      7.6     10.0 1985  3  2  8 55  3.470 1.9   1
    42643  37.289119 -121.669580     3.538       62.4     -132.2     -106.6     10.0      9.4     12.0 1985  3  2  8 55 29.590 2.1   1
    42560  37.290108 -121.670939     3.637      -58.2      -22.6       -8.1     10.0      8.2     10.6 1985  3  2  8 58  0.480 1.2   1
    49626  37.291121 -121.672974     3.752     -238.9       90.1      107.2     19.1     16.5     20.7 1985  6 15  1 38 57.380 0.9   1
    54084  37.290100 -121.669588     3.592       61.4      -23.7      -53.1      9.1      8.4     11.1 1985  8 28 20 35 10.100 1.6   1
    57770  37.290686 -121.671468     3.436     -105.5       41.7     -208.3     14.8     13.4     14.3 1985 10 28  3 55 38.130 1.3   1
    62514  37.289433 -121.669108     3.600      104.1      -97.4      -45.2     11.7     12.6     13.2 1985 12 31 15 50 52.230 1.7   1
    62520  37.289417 -121.669100     3.613      104.9      -99.4      -32.1     11.0     14.6     14.9 1985 12 31 18  3  3.480 1.6   1
    67820  37.290633 -121.672152     3.589     -166.1       35.6      -55.5     17.8     13.4     18.8 1986  3  8 10 32  4.410 1.6   1
    73786  37.289388 -121.669377     3.351       80.2     -102.7     -294.1     12.5     17.1     14.4 1986  6  1 10 51 31.460 1.2   1
    77218  37.289852 -121.669702     3.571       51.1      -50.9      -73.9     10.9      9.9     12.9 1986  7 25  9 22 50.290 2.3   1
    77296  37.290413 -121.670435     3.592      -13.4       11.1      -52.3     18.6     12.4     17.3 1986  7 25 16  1 52.100 1.1   1
    81017  37.291935 -121.671777     3.657     -132.6      180.3       12.6     13.3     16.4     14.6 1986  9  2  7 24 15.870 0.8   1
    82606  37.291805 -121.670898     3.636      -54.6      165.9       -9.3     11.3     10.7     14.3 1986  9 15 20 17 49.920 2.7   1
    83805  37.291138 -121.670695     3.610      -37.1       91.6      -34.7      9.6      8.4     11.2 1986  9 25 12  1 52.830 1.4   1
    88698  37.291410 -121.670898     4.317      -55.1      122.0      672.0     16.5     17.5     38.2 1986 11 25 13  0 35.660 1.0   1
   101361  37.290234 -121.669417     3.618       76.5       -8.7      -27.2     12.0     11.0     14.4 1987  6  3  6 56  7.740 1.9   1
   101362  37.289559 -121.669035     3.544      110.2      -83.6     -101.2     11.0      9.8     12.7 1987  6  3  6 58 51.320 1.7   1
   102776  37.292358 -121.670955     3.618      -59.7      227.0      -27.1     15.6     15.2     17.5 1987  7  7  1 44 26.990 1.0   1
   103138  37.289555 -121.669604     3.561       59.7      -84.1      -83.3      9.7      8.7     11.7 1987  7 14 19  2 57.020 1.7   1
   110939  37.290629 -121.670907     3.411      -55.5       35.4     -234.0     13.2     12.0     15.9 1988  1 15  1 56 42.310 1.4   1
   112868  37.292281 -121.671305     4.375      -90.8      218.4      730.7     12.8     12.9     22.7 1988  2 25 10  0 17.780 0.9   1
   120788  37.290727 -121.670947     3.615      -59.4       46.0      -30.3     11.3      9.5     12.9 1988  7 23 10 42 21.740 1.5   1
   126189  37.289571 -121.670199     3.624        7.3      -82.2      -20.5     11.1      9.7     12.9 1988 11  2  3  9 12.610 1.9   1
   126292  37.289827 -121.669027     3.516      111.1      -53.6     -129.0      9.4     10.1     11.5 1988 11  3  1 30  4.280 1.7   1
   126389  37.288944 -121.669629     3.616       57.6     -151.6      -29.1     10.4      9.9     13.0 1988 11  4 13 34 34.720 1.9   1
   148939  37.289697 -121.668774     3.584      133.8      -68.2      -61.0     11.9     12.4     16.7 1989 12 13  5 33 46.080 1.6   1
   158154  37.291817 -121.672021     3.739     -154.7      167.0       94.0     12.6     13.8     17.3 1990  5 23 11 11 37.580 1.0   1
   160503  37.290133 -121.669857     3.656       37.6      -19.9       11.7      8.6      9.3     10.2 1990  7  5 20  4 42.800 1.7   1
   205031  37.290706 -121.669784     3.435       44.2       43.9     -209.7     17.8     11.8     16.2 1991  1 20  5  0 30.930 1.2   1
   208364  37.292371 -121.671403     3.697      -99.3      228.3       52.7     14.6     12.9     16.6 1991  3 22 11 23 27.560 1.0   1
   215747  37.289148 -121.669108     3.592      104.1     -129.1      -53.3     10.0     10.9     12.0 1991  5 29  9 45 22.620 1.8   1
   227435  37.289990 -121.671029     3.503      -66.7      -35.5     -141.5     12.1     13.2     11.4 1991  8 10 17  6  5.760 1.2   1
   238704  37.290202 -121.669368     3.616       80.8      -12.1      -29.2      8.6      7.8     10.4 1991 12  3  5 24 24.980 2.0   1
   238790  37.289787 -121.669409     3.649       77.4      -58.4        4.3      9.1      8.7     11.2 1991 12  4  0  8 49.550 1.9   1
   261841  37.292061 -121.671012     3.669      -65.2      194.2       24.0     14.6     17.2     25.0 1992  4  6  9 39 49.410 0.9   1
   312743  37.290837 -121.671118     3.681      -74.5       58.2       36.1     12.4     13.6     14.1 1992  8 29 17  4 29.020 1.6   1
   314921  37.287887 -121.668888     3.691      123.6     -269.3       46.7     12.1     10.5     16.2 1992  9 11  1 22 13.650 1.1   1
   331552  37.292354 -121.671981     3.740     -151.0      226.9       95.5     18.0     16.0     23.7 1993  1  9 17 48 38.720 1.0   1
   331635  37.290922 -121.672550     3.580     -201.0       67.7      -64.9     18.6     14.2     14.8 1993  1 10 22 13  9.440 1.2   1
 30036393  37.292163 -121.671322     3.800      -92.1      205.5      155.4     15.5     14.8     24.5 1993 12  1  0 25 49.530 1.0   1
   389286  37.288949 -121.669116     3.555      103.1     -151.4      -89.3     11.9     12.8     13.3 1993 12 20 22 35  7.800 1.8   1
   399980  37.290405 -121.670549     3.482      -24.0       10.3     -163.0      9.4     10.2     11.0 1994  4  6  4 11 34.960 1.4   1
 30062741  37.290409 -121.670085     3.510       17.7       10.6     -135.3     10.1      8.5     11.7 1994 11 16 16 50 58.150 2.0   1
 30062748  37.290271 -121.670011     3.634       24.0       -4.6      -10.8     15.9     15.7     13.0 1994 11 16 18  3 42.360 1.3   1
 30069218  37.289124 -121.668978     3.754      115.6     -132.0      109.6     11.3     13.5     14.8 1995  3  3  9 38 49.200 1.2   1
 30069222  37.289600 -121.669043     3.647      109.7      -79.2        2.6     10.6     11.2     12.4 1995  3  3 12 30 15.850 1.8   1
 30069457  37.290198 -121.669141     3.500      101.4      -12.8     -144.4     17.8     14.8     15.4 1995  3  7 13 19 41.960 1.3   1
 30073191  37.291679 -121.671908     3.680     -144.5      151.6       35.3     32.9     22.8     23.1 1995  5 14 11 18 47.000 1.0   1
 30076454  37.291239 -121.671338     3.595      -94.0      102.9      -49.8     11.6     10.8     15.0 1995  7  4 11 20 49.790 2.7   1
 30092060  37.289718 -121.669214     3.556       94.5      -66.1      -88.7      9.9     10.5     11.8 1995 12 15 18 53 39.820 1.8   1
