    17842  37.289274 -121.669344     3.618       82.8     -115.1      -26.4      5.5      6.1     14.2 1984  4 25  4 35 19.170 1.9   1
    16751  37.291398 -121.671346     3.602      -94.4      120.6      -43.2      9.6      9.2     20.5 1984  4 27  7 48 23.500 1.0   1
    21644  37.290914 -121.670850     3.634      -50.5       66.8      -10.5      7.1      7.5     17.1 1984  6 27 14 50 38.140 1.6   1
    22271  37.291268 -121.671257     3.638      -86.3      106.1       -6.3     22.9     30.3     40.6 1984  7  7  0 17  9.970 2.7   1
    22280  37.289091 -121.669425     3.449       75.8     -135.7     -196.1      7.4     23.3     73.2 1984  7  7  2 35  4.060 1.5   1
    23190  37.289897 -121.670003     3.625       24.3      -45.8      -20.0      5.3      7.9     14.0 1984  7 17 16 24 49.440 1.9   1
    25096  37.289897 -121.671281     3.614      -88.5      -46.1      -30.7     13.6     12.7     36.3 1984  8  7  9  7  6.330 1.2   1
    28475  37.291614 -121.671859     3.677     -139.9      144.6       31.8      7.6      9.9     21.2 1984  9 23  8 43 14.720 1.1   1
    32049  37.289311 -121.669548     3.617       64.7     -111.0      -27.8      5.1      5.6     12.6 1984 11 18  0 28 55.240 1.7   1
    35109  37.290857 -121.670801     3.612      -46.3       60.5      -32.9      8.5      7.1     19.8 1984 12 22  4 43 44.710 1.6   1
    42349  37.289441 -121.669596     3.695       60.7      -96.5       50.2      7.1     10.1     24.2 1985  2 28  1  9 58.300 0.8   1
    42555  37.289172 -121.669295     3.610       87.5     -126.4      -34.7      5.5      6.3     14.1 1985  3  2  6 53 56.010 1.7   1
    42559  37.289876 -121.669906     3.602       32.9      -48.2      -42.7      6.0      6.4     15.0 1985  3  2  8 55  3.470 1.9   1
    42643  37.289530 -121.669670     3.591       54.0      -86.6      -53.9      5.2      6.2     14.6 1985  3  2  8 55 29.590 2.1   1
    42560  37.290218 -121.670557     3.640      -24.2      -10.5       -5.1      7.1      7.3     20.4 1985  3  2  8 58  0.480 1.2   1
    49626  37.291597 -121.671737     3.663     -129.0      142.9       18.3      7.5     10.5     22.6 1985  6 15  1 38 57.380 0.9   1
    54084  37.289889 -121.669954     3.618       28.8      -47.1      -26.3      5.9      6.1     13.7 1985  8 28 20 35 10.100 1.6   1
    57770  37.289864 -121.671281     3.597      -88.5      -49.8      -47.9     14.7     12.5     35.6 1985 10 28  3 55 38.130 1.3   1
    62514  37.289307 -121.669564     3.618       63.7     -111.5      -26.7      5.2      5.7     13.2 1985 12 31 15 50 52.230 1.7   1
    62520  37.289242 -121.669360     3.634       81.7     -118.9      -10.9      5.3      5.8     13.6 1985 12 31 18  3  3.480 1.6   1
    67820  37.290828 -121.670662     3.570      -33.9       57.4      -75.1      7.9      7.2     18.4 1986  3  8 10 32  4.410 1.6   1
    73786  37.289229 -121.670630     3.632      -30.9     -120.3      -12.9     37.9     42.4    112.2 1986  6  1 10 51 31.460 1.2   1
    77218  37.289868 -121.669914     3.578       32.6      -49.3      -67.0      6.8      6.6     18.5 1986  7 25  9 22 50.290 2.3   1
    77296  37.290198 -121.670549     3.629      -23.6      -12.6      -15.7      9.9      9.1     30.4 1986  7 25 16  1 52.100 1.1   1
    81017  37.291500 -121.671582     3.578     -115.1      131.7      -67.1      8.4     10.5     26.0 1986  9  2  7 24 15.870 0.8   1
    82606  37.291036 -121.670980     3.518      -61.9       80.6     -126.7     23.2     32.8     47.8 1986  9 15 20 17 49.920 2.7   1
    83805  37.290873 -121.670671     3.553      -34.3       62.5      -92.1      7.1      6.9     16.6 1986  9 25 12  1 52.830 1.4   1
    88698  37.291553 -121.671566     3.603     -114.2      137.8      -42.1      8.2      7.7     18.1 1986 11 25 13  0 35.660 1.0   1
   101361  37.289836 -121.669759     3.551       46.0      -52.7      -93.6      5.6      6.4     14.9 1987  6  3  6 56  7.740 1.9   1
   101362  37.289225 -121.669303     3.548       86.7     -120.4      -96.7      5.5      5.7     14.5 1987  6  3  6 58 51.320 1.7   1
   102776  37.291532 -121.671549     3.588     -112.7      135.6      -56.7      8.3      8.0     20.1 1987  7  7  1 44 26.990 1.0   1
   103138  37.289526 -121.669596     3.558       60.8      -87.0      -86.8      5.3      5.8     14.2 1987  7 14 19  2 57.020 1.7   1
   110939  37.289807 -121.671045     3.548      -67.9      -55.9      -97.1     15.2     12.3     37.8 1988  1 15  1 56 42.310 1.4   1
   112868  37.291553 -121.671452     3.572     -104.2      137.8      -72.3      8.0      7.2     17.0 1988  2 25 10  0 17.780 0.9   1
   120788  37.290910 -121.670671     3.589      -34.7       66.2      -55.8     10.3      7.7     24.9 1988  7 23 10 42 21.740 1.5   1
   126189  37.289876 -121.670036     3.603       22.0      -48.3      -42.2      6.7      6.3     17.5 1988 11  2  3  9 12.610 1.9   1
   126292  37.289229 -121.669442     3.575       74.1     -120.3      -69.4      5.4      5.7     14.0 1988 11  3  1 30  4.280 1.7   1
   126389  37.289181 -121.669320     3.579       85.4     -125.8      -65.6      5.6      6.1     14.5 1988 11  4 13 34 34.720 1.9   1
   148939  37.289270 -121.669328     3.544       84.2     -115.7     -100.7      5.9      5.6     13.8 1989 12 13  5 33 46.080 1.6   1
   158154  37.291728 -121.671663     3.681     -122.9      157.3       36.4      7.2     10.6     22.6 1990  5 23 11 11 37.580 1.0   1
   160503  37.290637 -121.669865     3.762       36.5       36.0      117.1      5.0     13.9     24.2 1990  7  5 20  4 42.800 1.7   1
   205031  37.289653 -121.670524     3.431      -21.8      -73.3     -213.9     16.0     13.4     44.3 1991  1 20  5  0 30.930 1.2   1
   208364  37.291528 -121.671460     3.593     -104.7      134.8      -51.6      8.2      7.3     17.7 1991  3 22 11 23 27.560 1.0   1
   215747  37.289319 -121.669263     3.552       89.9     -110.0      -92.5      5.3      5.7     13.5 1991  5 29  9 45 22.620 1.8   1
   227435  37.289771 -121.670841     3.504      -49.9      -60.0     -140.8     14.0     12.2     35.5 1991  8 10 17  6  5.760 1.2   1
   238704  37.289950 -121.670085     3.600       17.4      -40.1      -45.1      5.9      6.4     14.8 1991 12  3  5 24 24.980 2.0   1
   238790  37.289526 -121.669466     3.558       72.0      -87.3      -87.1      5.2      5.9     14.7 1991 12  4  0  8 49.550 1.9   1
   261841  37.291500 -121.671419     3.595     -100.7      132.1      -49.7      8.5      7.3     20.0 1992  4  6  9 39 49.410 0.9   1
   312743  37.290808 -121.670589     3.557      -27.7       54.9      -87.8      9.8      7.3     22.8 1992  8 29 17  4 29.020 1.6   1
   314921  37.290275 -121.669010     3.948      112.3       -4.3      303.3      5.9     19.6     57.0 1992  9 11  1 22 13.650 1.1   1
   331552  37.292289 -121.671517     3.868     -109.6      219.4      223.0      8.0     20.4     56.7 1993  1  9 17 48 38.720 1.0   1
   331635  37.291292 -121.671533     3.576     -111.5      108.9      -68.7      9.1      7.3     20.2 1993  1 10 22 13  9.440 1.2   1
 30036393  37.292660 -121.671517     4.482     -109.4      260.5      837.1      8.1      8.5    108.5 1993 12  1  0 25 49.530 1.0   1
   389286  37.289213 -121.669295     3.564       87.3     -121.8      -81.0      5.4      5.7     13.8 1993 12 20 22 35  7.800 1.8   1
   399980  37.289970 -121.670809     3.571      -47.0      -37.9      -73.8     14.0     11.9     33.4 1994  4  6  4 11 34.960 1.4   1
 30062741  37.290617 -121.669727     3.883       48.9       34.0      238.2      5.5     16.0     44.1 1994 11 16 16 50 58.150 2.0   1
 30062748  37.290857 -121.670101     3.834       16.1       60.6      189.6      6.3     19.7     54.4 1994 11 16 18  3 42.360 1.3   1
 30069218  37.290125 -121.668848     3.864      127.2      -20.6      219.1      5.7     17.8     50.2 1995  3  3  9 38 49.200 1.2   1
 30069222  37.290153 -121.668880     3.894      124.0      -17.6      249.5      5.7     16.2     44.6 1995  3  3 12 30 15.850 1.8   1
 30069457  37.289266 -121.669092     3.629      105.3     -116.1      -15.8      5.6      6.4     14.8 1995  3  7 13 19 41.960 1.3   1
 30073191  37.291398 -121.671891     3.589     -142.8      120.5      -55.6     78.3    166.6    555.1 1995  5 14 11 18 47.000 1.0   1
 30076454  37.292293 -121.670793     3.024      -45.8      220.0     -620.8     24.2     32.0    677.2 1995  7  4 11 20 49.790 2.7   1
 30092060  37.289465 -121.669328     3.585       84.6      -93.8      -60.1      5.3      5.8     14.2 1995 12 15 18 53 39.820 1.8   1
