    17842  37.289404 -121.668636     3.594      146.0     -100.5      -50.7     51.4     57.7     65.7 1984  4 25  4 35 19.170 1.9   1
    16751  37.289986 -121.674683     3.563     -390.6      -35.9      -82.2     79.7     73.7     80.3 1984  4 27  7 48 23.500 1.0   1
    21644  37.290995 -121.671102     3.689      -72.8       75.8       43.9     48.1     43.9     57.6 1984  6 27 14 50 38.140 1.6   1
    22271  37.290076 -121.671859     3.553     -139.6      -26.0      -92.2     49.4     95.5     58.7 1984  7  7  0 17  9.970 2.7   1
    22280  37.289799 -121.669092     3.541      105.2      -57.0     -103.8     62.0    124.3     69.4 1984  7  7  2 35  4.060 1.5   1
    23190  37.290373 -121.669222     3.488       93.9        6.6     -156.6     46.8    103.9     53.7 1984  7 17 16 24 49.440 1.9   1
    25096  37.289669 -121.670605     3.496      -28.8      -71.6     -148.9     54.4     70.7     61.7 1984  8  7  9  7  6.330 1.2   1
    28475  37.291972 -121.671297     3.499      -90.2      184.3     -145.5     72.3     98.9    117.8 1984  9 23  8 43 14.720 1.1   1
    32049  37.288416 -121.669409     3.556       77.3     -210.3      -89.1     49.4     48.4     64.3 1984 11 18  0 28 55.240 1.7   1
    35109  37.291105 -121.670247     3.547        3.1       88.3      -97.8     42.1     40.8     55.0 1984 12 22  4 43 44.710 1.6   1
    42349  37.288110 -121.668986     3.653      114.8     -244.2        8.7     66.2     51.8     60.5 1985  2 28  1  9 58.300 0.8   1
    42555  37.289221 -121.669002     3.584      113.6     -120.9      -61.1     40.3     40.5     53.2 1985  3  2  6 53 56.010 1.7   1
    42559  37.289827 -121.669539     3.549       65.6      -53.8      -95.3     36.1     35.4     46.6 1985  3  2  8 55  3.470 1.9   1
    42643  37.289290 -121.669230     3.548       93.1     -113.3      -96.8     43.1     43.4     55.1 1985  3  2  8 55 29.590 2.1   1
    42560  37.290385 -121.669938     3.656       30.6        8.1       11.1     39.5     36.8     47.9 1985  3  2  8 58  0.480 1.2   1
    49626  37.291671 -121.671338     3.724      -93.6      150.9       79.3     72.1     75.8     94.0 1985  6 15  1 38 57.380 0.9   1
    54084  37.289990 -121.669523     3.578       67.2      -35.5      -66.8     39.9     39.3     51.3 1985  8 28 20 35 10.100 1.6   1
    57770  37.290422 -121.671981     3.495     -150.6       12.3     -150.0     62.7     62.4     65.1 1985 10 28  3 55 38.130 1.3   1
    62514  37.289026 -121.668522     3.607      156.2     -142.7      -38.1     50.3     57.9     60.5 1985 12 31 15 50 52.230 1.7   1
    62520  37.289473 -121.669132     3.596      101.9      -93.2      -49.0     48.5     67.5     68.8 1985 12 31 18  3  3.480 1.6   1
    67820  37.290487 -121.672249     3.548     -174.4       19.3      -96.9     64.5     58.1     80.6 1986  3  8 10 32  4.410 1.6   1
    73786  37.289982 -121.668791     3.367      131.9      -36.4     -278.2     53.8     77.2     66.2 1986  6  1 10 51 31.460 1.2   1
    77218  37.290035 -121.669401     3.586       77.6      -30.9      -58.5     45.8     45.2     58.7 1986  7 25  9 22 50.290 2.3   1
    77296  37.291007 -121.672762     3.887     -220.1       77.2      242.5     77.0     55.8     77.0 1986  7 25 16  1 52.100 1.1   1
    81017  37.292419 -121.671810     3.666     -135.7      233.8       21.1     58.4     72.6     68.1 1986  9  2  7 24 15.870 0.8   1
    82606  37.291671 -121.671061     3.562      -69.3      150.7      -83.2     48.2     48.9     64.7 1986  9 15 20 17 49.920 2.7   1
    83805  37.291178 -121.670500     3.608      -19.5       96.3      -37.2     42.1     39.0     52.1 1986  9 25 12  1 52.830 1.4   1
    88698  37.291626 -121.671297     4.293      -90.1      145.9      648.0     68.3     79.5    176.7 1986 11 25 13  0 35.660 1.0   1
   101361  37.290352 -121.669206     3.586       95.4        4.7      -58.7     50.4     50.2     65.9 1987  6  3  6 56  7.740 1.9   1
   101362  37.289115 -121.669865     3.497       36.6     -132.8     -148.0     44.4     43.8     58.4 1987  6  3  6 58 51.320 1.7   1
   102776  37.291996 -121.671151     3.643      -76.9      187.0       -2.3     62.6     68.7     81.2 1987  7  7  1 44 26.990 1.0   1
   103138  37.289457 -121.669670     3.548       54.4      -94.7      -96.4     42.5     40.2     54.3 1987  7 14 19  2 57.020 1.7   1
   110939  37.290845 -121.671240     3.480      -85.4       59.1     -164.8     57.0     55.7     72.0 1988  1 15  1 56 42.310 1.4   1
   112868  37.292598 -121.671452     4.298     -104.2      253.8      653.7     53.5     58.4    105.1 1988  2 25 10  0 17.780 0.9   1
   120788  37.290527 -121.671134     3.562      -76.0       23.9      -82.4     48.8     43.3     58.6 1988  7 23 10 42 21.740 1.5   1
   126189  37.288546 -121.673478     3.776     -283.3     -195.9      131.1     47.3     45.9     56.3 1988 11  2  3  9 12.610 1.9   1
   126292  37.289754 -121.668945     3.494      118.2      -61.7     -150.7     42.2     47.4     53.5 1988 11  3  1 30  4.280 1.7   1
   126389  37.288855 -121.669832     3.598       39.6     -161.7      -47.2     45.8     46.0     59.4 1988 11  4 13 34 34.720 1.9   1
   148939  37.289648 -121.669312     3.608       86.1      -73.4      -37.3     51.7     57.5     72.7 1989 12 13  5 33 46.080 1.6   1
   158154  37.291821 -121.671989     3.791     -151.7      167.8      146.5     55.4     65.0     79.8 1990  5 23 11 11 37.580 1.0   1
   160503  37.290755 -121.668840     3.596      128.0       49.3      -48.6     36.2     42.5     46.3 1990  7  5 20  4 42.800 1.7   1
   205031  37.290796 -121.669515     3.443       68.1       53.6     -201.7     74.1     53.5     75.5 1991  1 20  5  0 30.930 1.2   1
   208364  37.292318 -121.671297     3.675      -90.4      222.7       30.6     61.6     60.9     77.1 1991  3 22 11 23 27.560 1.0   1
   215747  37.288916 -121.669328     3.556       84.3     -155.0      -89.1     43.7     50.9     55.3 1991  5 29  9 45 22.620 1.8   1
   227435  37.289648 -121.669507     3.561       68.4      -73.7      -83.4     50.5     60.8     51.6 1991  8 10 17  6  5.760 1.2   1
   238704  37.290153 -121.669458     3.592       72.8      -17.5      -52.7     37.4     36.2     48.3 1991 12  3  5 24 24.980 2.0   1
   238790  37.289705 -121.669458     3.629       72.7      -67.2      -16.0     40.1     40.6     51.8 1991 12  4  0  8 49.550 1.9   1
   261841  37.292204 -121.671094     3.720      -71.8      210.0       74.8     65.0     81.5    116.5 1992  4  6  9 39 49.410 0.9   1
   312743  37.290845 -121.671151     3.693      -77.4       59.3       48.5     55.1     64.7     65.9 1992  8 29 17  4 29.020 1.6   1
   314921  37.288411 -121.669043     3.820      109.6     -210.9      175.1     52.2     47.4     72.1 1992  9 11  1 22 13.650 1.1   1
   331552  37.292436 -121.672021     3.754     -154.4      235.8      109.4     78.4     76.0    111.5 1993  1  9 17 48 38.720 1.0   1
   331635  37.291288 -121.671086     3.588      -71.5      108.2      -56.9     75.8     66.3     68.1 1993  1 10 22 13  9.440 1.2   1
 30036393  37.292151 -121.671077     3.762      -71.0      204.3      117.2     62.9     68.7    114.1 1993 12  1  0 25 49.530 1.0   1
   389286  37.288774 -121.669491     3.512       69.7     -170.8     -132.5     50.4     60.1     61.6 1993 12 20 22 35  7.800 1.8   1
   399980  37.290483 -121.670369     3.478       -7.9       19.2     -166.7     42.5     48.2     51.3 1994  4  6  4 11 34.960 1.4   1
 30062741  37.290165 -121.669914     3.497       32.7      -16.2     -147.5     44.5     39.0     52.9 1994 11 16 16 50 58.150 2.0   1
 30062748  37.290304 -121.669450     3.627       73.8       -0.8      -17.7     69.3     74.3     60.7 1994 11 16 18  3 42.360 1.3   1
 30069218  37.289087 -121.669181     3.752       97.2     -135.9      106.8     50.2     63.8     69.4 1995  3  3  9 38 49.200 1.2   1
 30069222  37.289473 -121.669165     3.619       99.1      -93.2      -26.0     48.2     53.0     57.6 1995  3  3 12 30 15.850 1.8   1
 30069457  37.290108 -121.669100     3.540      104.4      -22.6     -104.4     69.1     69.1     69.2 1995  3  7 13 19 41.960 1.3   1
 30073191  37.291064 -121.673747     3.608     -307.5       83.6      -37.1    128.9    101.9    103.7 1995  5 14 11 18 47.000 1.0   1
 30076454  37.291138 -121.671232     3.541      -84.6       91.5     -104.1     51.3     50.2     69.6 1995  7  4 11 20 49.790 2.7   1
 30092060  37.289616 -121.669198     3.518       96.1      -77.1     -126.7     44.0     49.4     54.7 1995 12 15 18 53 39.820 1.8   1
