    17842  37.289258 -121.669458     3.638       73.0     -117.1       -6.6      6.7      7.0     18.1 1984  4 25  4 35 19.170 1.9   1
    16751  37.291512 -121.671354     3.622      -95.1      133.3      -22.4     11.2     11.1     25.3 1984  4 27  7 48 23.500 1.0   1
    21644  37.290881 -121.670793     3.643      -45.2       63.4       -1.4      8.8      8.9     20.6 1984  6 27 14 50 38.140 1.6   1
    22271  37.290922 -121.671574     3.559     -114.9       67.9      -86.2     28.7     41.6     88.4 1984  7  7  0 17  9.970 2.7   1
    22280  37.289705 -121.669442     3.699       74.3      -67.1       54.2      8.8     15.4     28.0 1984  7  7  2 35  4.060 1.5   1
    23190  37.289868 -121.670125     3.645       13.9      -49.1        0.4      6.3      9.5     17.6 1984  7 17 16 24 49.440 1.9   1
    25096  37.289754 -121.671069     3.579      -70.3      -62.0      -65.9     14.6     15.4     40.9 1984  8  7  9  7  6.330 1.2   1
    28475  37.291858 -121.671720     3.721     -128.0      171.5       76.4     10.8     10.0     28.0 1984  9 23  8 43 14.720 1.1   1
    32049  37.289282 -121.669661     3.636       54.6     -114.3       -8.4      6.0      6.3     15.7 1984 11 18  0 28 55.240 1.7   1
    35109  37.290816 -121.670719     3.619      -39.3       56.0      -25.3     10.4      8.3     24.3 1984 12 22  4 43 44.710 1.6   1
    42349  37.289355 -121.669613     3.685       59.3     -106.1       39.8      8.5     12.5     29.7 1985  2 28  1  9 58.300 0.8   1
    42555  37.289144 -121.669409     3.628       77.4     -129.5      -16.4      6.6      7.3     17.9 1985  3  2  6 53 56.010 1.7   1
    42559  37.289840 -121.670036     3.621       21.8      -52.4      -24.2      7.2      7.5     18.9 1985  3  2  8 55  3.470 1.9   1
    42643  37.289502 -121.669792     3.612       43.6      -90.1      -32.9      6.2      7.2     18.6 1985  3  2  8 55 29.590 2.1   1
    42560  37.290157 -121.670622     3.645      -30.2      -17.2        0.5      8.2      8.6     23.7 1985  3  2  8 58  0.480 1.2   1
    49626  37.291984 -121.671525     3.726     -110.3      185.4       81.6      9.0     13.6     28.7 1985  6 15  1 38 57.380 0.9   1
    54084  37.289860 -121.670068     3.640       18.9      -49.9       -5.2      7.1      7.0     17.1 1985  8 28 20 35 10.100 1.6   1
    57770  37.289722 -121.671061     3.560      -69.3      -65.5      -84.9     16.4     15.3     40.3 1985 10 28  3 55 38.130 1.3   1
    62514  37.289274 -121.669670     3.639       54.3     -115.0       -6.2      6.3      6.4     16.5 1985 12 31 15 50 52.230 1.7   1
    62520  37.289209 -121.669458     3.651       72.5     -122.2        6.5      6.4      6.7     17.2 1985 12 31 18  3  3.480 1.6   1
    67820  37.290784 -121.670597     3.578      -28.0       52.4      -67.2      9.8      8.4     22.1 1986  3  8 10 32  4.410 1.6   1
    73786  37.288879 -121.670101     3.506       15.9     -159.0     -138.4     46.0     54.0    144.2 1986  6  1 10 51 31.460 1.2   1
    77218  37.289844 -121.670060     3.605       19.6      -51.8      -39.8      8.4      7.8     23.4 1986  7 25  9 22 50.290 2.3   1
    77296  37.290165 -121.670687     3.654      -36.4      -16.1        9.4     12.3     11.1     38.1 1986  7 25 16  1 52.100 1.1   1
    81017  37.291870 -121.671346     3.639      -94.8      173.0       -6.1     10.0     13.6     32.1 1986  9  2  7 24 15.870 0.8   1
    82606  37.290597 -121.671257     3.421      -86.5       31.8     -223.9     29.8     47.3     99.9 1986  9 15 20 17 49.920 2.7   1
    83805  37.290824 -121.670597     3.557      -28.3       56.8      -88.1      8.5      8.0     19.5 1986  9 25 12  1 52.830 1.4   1
    88698  37.292460 -121.671077     3.072      -71.0      238.3     -572.9      9.5      9.0     83.7 1986 11 25 13  0 35.660 1.0   1
   101361  37.289775 -121.669824     3.554       40.3      -59.8      -90.5      6.5      7.4     17.8 1987  6  3  6 56  7.740 1.9   1
   101362  37.289152 -121.669328     3.542       84.3     -128.7     -103.0      6.4      6.5     17.3 1987  6  3  6 58 51.320 1.7   1
   102776  37.291752 -121.671370     3.614      -96.5      160.1      -30.7      9.9      9.9     24.1 1987  7  7  1 44 26.990 1.0   1
   103138  37.289457 -121.669637     3.554       57.2      -94.9      -90.6      6.1      6.6     16.9 1987  7 14 19  2 57.020 1.7   1
   110939  37.289579 -121.670638     3.456      -32.1      -81.4     -188.7     16.1     14.9     40.2 1988  1 15  1 56 42.310 1.4   1
   112868  37.292472 -121.670964     3.108      -60.5      239.6     -537.0      9.2      8.9     76.6 1988  2 25 10  0 17.780 0.9   1
   120788  37.290845 -121.670549     3.585      -23.6       59.3      -59.4     13.0      9.2     30.4 1988  7 23 10 42 21.740 1.5   1
   126189  37.289856 -121.670207     3.632        6.2      -50.7      -12.7      8.0      7.4     21.6 1988 11  2  3  9 12.610 1.9   1
   126292  37.289172 -121.669531     3.581       66.4     -126.4      -63.6      6.2      6.4     16.9 1988 11  3  1 30  4.280 1.7   1
   126389  37.289136 -121.669409     3.587       77.6     -130.6      -58.2      6.4      7.0     17.6 1988 11  4 13 34 34.720 1.9   1
   148939  37.289266 -121.669442     3.581       74.2     -115.9      -63.7      6.4      6.3     16.4 1989 12 13  5 33 46.080 1.6   1
   158154  37.292143 -121.671419     3.759     -101.3      203.1      113.8      8.4     13.8     28.9 1990  5 23 11 11 37.580 1.0   1
   160503  37.290222 -121.669987     3.723       25.7       -9.9       78.0      5.7     14.3     27.8 1990  7  5 20  4 42.800 1.7   1
   205031  37.289482 -121.670272     3.378        1.0      -92.0     -267.0     18.1     16.7     51.0 1991  1 20  5  0 30.930 1.2   1
   208364  37.292090 -121.671354     3.735      -95.4      197.3       89.9      8.6     13.2     29.2 1991  3 22 11 23 27.560 1.0   1
   215747  37.289311 -121.669393     3.584       78.4     -111.0      -60.5      6.1      6.4     16.5 1991  5 29  9 45 22.620 1.8   1
   227435  37.289648 -121.670711     3.483      -38.0      -73.6     -161.7     15.4     15.1     39.3 1991  8 10 17  6  5.760 1.2   1
   238704  37.289929 -121.670117     3.620       14.3      -42.6      -24.4      6.6      7.5     18.2 1991 12  3  5 24 24.980 2.0   1
   238790  37.289526 -121.669661     3.599       54.9      -87.2      -45.8      5.9      6.7     17.4 1991 12  4  0  8 49.550 1.9   1
   261841  37.293095 -121.671086     4.074      -71.7      308.9      429.5      9.9     26.8     76.4 1992  4  6  9 39 49.410 0.9   1
   312743  37.292452 -121.670345     4.155       -6.0      237.4      510.1     11.1     27.8     80.4 1992  8 29 17  4 29.020 1.6   1
   314921  37.289966 -121.669132     3.879      101.5      -38.5      234.0      7.1     23.1     69.7 1992  9 11  1 22 13.650 1.1   1
   331552  37.292737 -121.671289     3.951      -89.5      269.3      305.9      9.4     25.5     72.0 1993  1  9 17 48 38.720 1.0   1
   331635  37.291459 -121.671403     3.572      -99.4      127.3      -72.4     10.5      8.8     24.3 1993  1 10 22 13  9.440 1.2   1
 30036393  37.293168 -121.671191     4.091      -80.6      316.9      446.4      9.5     26.6     73.5 1993 12  1  0 25 49.530 1.0   1
   389286  37.289205 -121.669442     3.597       74.6     -122.8      -47.7      6.2      6.5     17.1 1993 12 20 22 35  7.800 1.8   1
   399980  37.289832 -121.670646     3.544      -32.6      -53.1     -100.7     15.6     14.6     37.7 1994  4  6  4 11 34.960 1.4   1
 30062741  37.289954 -121.669979     3.676       26.4      -39.9       30.9      6.2      8.7     18.8 1994 11 16 16 50 58.150 2.0   1
 30062748  37.290255 -121.670312     3.661       -3.1       -6.4       15.9      7.5     10.6     20.9 1994 11 16 18  3 42.360 1.3   1
 30069218  37.289815 -121.668978     3.786      115.2      -55.1      141.5      6.9     21.9     63.7 1995  3  3  9 38 49.200 1.2   1
 30069222  37.289364 -121.669132     3.659      101.5     -105.4       14.6      6.6      6.7     17.6 1995  3  3 12 30 15.850 1.8   1
 30069457  37.289233 -121.669198     3.650       95.8     -119.9        5.2      6.7      7.3     18.7 1995  3  7 13 19 41.960 1.3   1
 30073191  37.290043 -121.672542     3.069     -200.9      -29.7     -576.1     33.4     73.9    212.2 1995  5 14 11 18 47.000 1.0   1
 30076454  37.290816 -121.671322     3.535      -92.0       55.9     -109.9     29.1     46.0     96.9 1995  7  4 11 20 49.790 2.7   1
 30092060  37.289457 -121.669474     3.617       71.6      -94.6      -27.4      6.2      6.6     17.7 1995 12 15 18 53 39.820 1.8   1
