    17842  37.289331 -121.668896     3.611      122.5     -108.9      -33.3     12.5     13.4     15.2 1984  4 25  4 35 19.170 1.9   1
    16751  37.289730 -121.674561     3.497     -379.3      -64.7     -147.5     21.7     17.5     19.2 1984  4 27  7 48 23.500 1.0   1
    21644  37.290788 -121.671427     3.654     -102.1       52.9        9.1     11.8     10.2     13.4 1984  6 27 14 50 38.140 1.6   1
    22271  37.290320 -121.671655     3.613     -121.7        1.0      -32.2     12.1     23.4     13.9 1984  7  7  0 17  9.970 2.7   1
    22280  37.289193 -121.669466     3.531       72.4     -124.2     -113.5     14.5     30.3     15.9 1984  7  7  2 35  4.060 1.5   1
    23190  37.291097 -121.670011     3.566       23.5       87.4      -78.6     11.3     25.3     12.6 1984  7 17 16 24 49.440 1.9   1
    25096  37.290267 -121.670646     3.400      -32.4       -4.8     -245.1     13.4     17.3     15.0 1984  8  7  9  7  6.330 1.2   1
    28475  37.291589 -121.671297     3.477      -90.4      141.7     -168.0     18.6     23.3     27.9 1984  9 23  8 43 14.720 1.1   1
    32049  37.288534 -121.669360     3.571       81.8     -197.2      -73.7     12.0     11.3     14.9 1984 11 18  0 28 55.240 1.7   1
    35109  37.290959 -121.670719     3.559      -39.2       71.7      -85.5     10.4      9.5     12.9 1984 12 22  4 43 44.710 1.6   1
    42349  37.288188 -121.668522     3.797      155.6     -235.9      151.8     25.8     14.8     15.5 1985  2 28  1  9 58.300 0.8   1
    42555  37.289311 -121.669027     3.610      110.8     -111.0      -34.5      9.6      9.4     12.3 1985  3  2  6 53 56.010 1.7   1
    42559  37.289823 -121.669775     3.563       44.6      -54.4      -81.3      8.8      8.2     10.8 1985  3  2  8 55  3.470 1.9   1
    42643  37.289124 -121.669564     3.539       63.7     -131.9     -106.3     10.8     10.1     12.9 1985  3  2  8 55 29.590 2.1   1
    42560  37.290112 -121.670907     3.637      -55.4      -22.3       -7.3     10.6      8.8     11.4 1985  3  2  8 58  0.480 1.2   1
    49626  37.291166 -121.672819     3.745     -225.2       94.8      100.4     20.1     17.7     22.2 1985  6 15  1 38 57.380 0.9   1
    54084  37.290088 -121.669572     3.592       62.5      -24.9      -52.8      9.8      9.1     11.9 1985  8 28 20 35 10.100 1.6   1
    57770  37.290674 -121.671468     3.437     -105.1       40.2     -207.9     15.9     14.5     15.4 1985 10 28  3 55 38.130 1.3   1
    62514  37.289425 -121.669100     3.599      104.6      -98.2      -45.9     12.6     13.6     14.3 1985 12 31 15 50 52.230 1.7   1
    62520  37.289417 -121.669108     3.612      104.0      -99.2      -32.7     11.8     15.8     16.1 1985 12 31 18  3  3.480 1.6   1
    67820  37.290601 -121.672184     3.590     -168.8       32.2      -54.4     18.8     14.3     20.2 1986  3  8 10 32  4.410 1.6   1
    73786  37.289404 -121.669377     3.349       80.4     -100.9     -295.3     13.5     18.5     15.6 1986  6  1 10 51 31.460 1.2   1
    77218  37.289868 -121.669694     3.575       51.9      -49.2      -69.6     11.6     10.7     13.9 1986  7 25  9 22 50.290 2.3   1
    77296  37.290417 -121.670402     3.592      -11.2       11.7      -53.2     20.1     13.4     18.7 1986  7 25 16  1 52.100 1.1   1
    81017  37.292000 -121.671818     3.656     -136.4      187.5       11.2     14.2     18.4     15.7 1986  9  2  7 24 15.870 0.8   1
    82606  37.291801 -121.670923     3.632      -57.1      165.5      -13.0     12.0     11.5     15.4 1986  9 15 20 17 49.920 2.7   1
    83805  37.291138 -121.670679     3.610      -35.6       91.8      -34.3     10.3      9.1     12.1 1986  9 25 12  1 52.830 1.4   1
    88698  37.291414 -121.670907     4.317      -55.7      122.2      672.1     17.7     18.9     41.4 1986 11 25 13  0 35.660 1.0   1
   101361  37.290251 -121.669434     3.620       75.3       -6.7      -24.6     12.8     11.9     15.5 1987  6  3  6 56  7.740 1.9   1
   101362  37.289535 -121.669100     3.542      104.3      -86.1     -102.3     11.7     10.6     13.8 1987  6  3  6 58 51.320 1.7   1
   102776  37.292338 -121.670923     3.617      -57.3      225.0      -27.5     16.6     16.4     18.9 1987  7  7  1 44 26.990 1.0   1
   103138  37.289551 -121.669604     3.562       59.5      -84.6      -83.1     10.4      9.4     12.7 1987  7 14 19  2 57.020 1.7   1
   110939  37.290625 -121.670898     3.411      -54.6       34.9     -234.1     14.1     12.9     17.1 1988  1 15  1 56 42.310 1.4   1
   112868  37.292285 -121.671297     4.375      -90.1      219.1      730.4     13.8     13.9     24.6 1988  2 25 10  0 17.780 0.9   1
   120788  37.290731 -121.670947     3.613      -59.2       46.3      -31.9     12.2     10.2     13.9 1988  7 23 10 42 21.740 1.5   1
   126189  37.289563 -121.670223     3.624        4.9      -82.9      -21.0     11.9     10.4     13.9 1988 11  2  3  9 12.610 1.9   1
   126292  37.289823 -121.669027     3.516      110.9      -54.2     -128.5     10.1     10.9     12.4 1988 11  3  1 30  4.280 1.7   1
   126389  37.288953 -121.669661     3.619       54.8     -150.9      -26.2     11.2     10.7     14.1 1988 11  4 13 34 34.720 1.9   1
   148939  37.289718 -121.668848     3.594      127.1      -66.1      -50.9     12.7     13.4     17.9 1989 12 13  5 33 46.080 1.6   1
   158154  37.291813 -121.672013     3.739     -153.6      166.6       94.6     13.6     15.0     18.7 1990  5 23 11 11 37.580 1.0   1
   160503  37.290145 -121.669824     3.658       40.3      -18.6       13.5      9.2     10.0     11.1 1990  7  5 20  4 42.800 1.7   1
   205031  37.290710 -121.669767     3.434       45.8       44.4     -210.3     19.0     12.7     17.5 1991  1 20  5  0 30.930 1.2   1
   208364  37.292375 -121.671370     3.696      -96.9      228.9       51.6     15.6     14.0     18.0 1991  3 22 11 23 27.560 1.0   1
   215747  37.289136 -121.669108     3.591      103.7     -130.4      -54.2     10.7     11.8     13.0 1991  5 29  9 45 22.620 1.8   1
   227435  37.289994 -121.671045     3.503      -67.8      -35.4     -141.6     13.0     14.3     12.3 1991  8 10 17  6  5.760 1.2   1
   238704  37.290198 -121.669393     3.615       78.6      -12.6      -29.9      9.2      8.4     11.2 1991 12  3  5 24 24.980 2.0   1
   238790  37.289779 -121.669409     3.650       77.2      -58.9        5.1      9.7      9.4     12.1 1991 12  4  0  8 49.550 1.9   1
   261841  37.292049 -121.671021     3.670      -65.8      192.9       24.9     15.8     18.6     27.0 1992  4  6  9 39 49.410 0.9   1
   312743  37.290833 -121.671151     3.681      -76.9       57.6       36.3     13.4     14.7     15.3 1992  8 29 17  4 29.020 1.6   1
   314921  37.287891 -121.668888     3.691      123.2     -268.6       46.2     13.1     11.4     17.6 1992  9 11  1 22 13.650 1.1   1
   331552  37.292354 -121.671989     3.741     -151.3      226.8       96.0     19.3     17.4     25.7 1993  1  9 17 48 38.720 1.0   1
   331635  37.290918 -121.672550     3.580     -201.4       67.3      -64.7     19.9     15.4     16.0 1993  1 10 22 13  9.440 1.2   1
 30036393  37.292147 -121.671370     3.803      -96.7      203.7      157.8     16.5     16.0     26.5 1993 12  1  0 25 49.530 1.0   1
   389286  37.288936 -121.669149     3.553      100.2     -152.7      -91.4     12.8     13.9     14.4 1993 12 20 22 35  7.800 1.8   1
   399980  37.290405 -121.670557     3.481      -24.4       10.6     -163.5     10.1     11.1     11.9 1994  4  6  4 11 34.960 1.4   1
 30062741  37.290369 -121.670085     3.515       17.7        6.1     -130.0     10.9      9.1     12.6 1994 11 16 16 50 58.150 2.0   1
 30062748  37.290271 -121.669995     3.634       25.5       -4.5      -10.8     16.9     16.9     14.0 1994 11 16 18  3 42.360 1.3   1
 30069218  37.289119 -121.668994     3.755      114.1     -132.5      110.0     12.2     14.6     16.0 1995  3  3  9 38 49.200 1.2   1
 30069222  37.289591 -121.669043     3.646      109.4      -79.9        1.7     11.5     12.2     13.4 1995  3  3 12 30 15.850 1.8   1
 30069457  37.290194 -121.669124     3.501      102.5      -13.2     -143.9     19.1     16.0     16.7 1995  3  7 13 19 41.960 1.3   1
 30073191  37.291667 -121.671924     3.679     -146.0      150.4       34.7     35.4     24.7     25.0 1995  5 14 11 18 47.000 1.0   1
 30076454  37.291231 -121.671338     3.594      -94.1      102.3      -50.6     12.4     11.7     16.3 1995  7  4 11 20 49.790 2.7   1
 30092060  37.289709 -121.669222     3.555       94.1      -66.8      -89.9     10.6     11.4     12.8 1995 12 15 18 53 39.820 1.8   1
