    17842  37.289335 -121.669303     3.636       86.6     -108.4       -9.3     25.2     15.7     13.4 1984  4 25  4 35 19.170 1.9   1
    16751  37.291394 -121.671305     3.614      -90.8      120.0      -31.0     26.4     17.4     20.1 1984  4 27  7 48 23.500 1.0   1
    21644  37.290942 -121.670817     3.655      -47.3       69.8       10.7     25.4     17.6     17.6 1984  6 27 14 50 38.140 1.6   1
    22271  37.291504 -121.670955     3.648      -59.8      132.2        2.8     64.6    108.6    328.0 1984  7  7  0 17  9.970 2.7   1
    22280  37.289189 -121.669401     3.490       77.8     -124.6     -155.2     25.7     27.6     74.5 1984  7  7  2 35  4.060 1.5   1
    23190  37.290031 -121.670011     3.663       24.2      -31.1       18.2     25.1     17.9     16.3 1984  7 17 16 24 49.440 1.9   1
    25096  37.290035 -121.671338     3.634      -93.9      -30.7      -10.8     29.2     19.8     38.2 1984  8  7  9  7  6.330 1.2   1
    28475  37.291606 -121.671785     3.682     -133.6      143.8       37.5     25.7     17.5     18.8 1984  9 23  8 43 14.720 1.1   1
    32049  37.289368 -121.669531     3.637       66.5     -104.9       -7.9     25.1     15.5     11.8 1984 11 18  0 28 55.240 1.7   1
    35109  37.290877 -121.670768     3.629      -43.5       62.9      -15.9     25.8     16.3     17.4 1984 12 22  4 43 44.710 1.6   1
    42349  37.289498 -121.669539     3.710       65.5      -90.3       64.9     25.5     17.4     21.8 1985  2 28  1  9 58.300 0.8   1
    42555  37.289229 -121.669255     3.629       90.8     -120.3      -15.6     25.2     15.7     13.4 1985  3  2  6 53 56.010 1.7   1
    42559  37.289945 -121.669897     3.625       34.1      -40.5      -19.7     25.2     15.7     12.9 1985  3  2  8 55  3.470 1.9   1
    42643  37.289587 -121.669637     3.609       57.3      -80.3      -35.3     25.1     15.6     13.2 1985  3  2  8 55 29.590 2.1   1
    42560  37.290279 -121.670516     3.661      -21.2       -3.5       15.8     25.1     17.3     18.9 1985  3  2  8 58  0.480 1.2   1
    49626  37.291585 -121.671672     3.667     -123.3      141.5       22.4     25.7     17.8     19.7 1985  6 15  1 38 57.380 0.9   1
    54084  37.289954 -121.669930     3.637       30.7      -39.8       -7.3     25.2     15.6     12.2 1985  8 28 20 35 10.100 1.6   1
    57770  37.290002 -121.671330     3.615      -92.9      -34.5      -29.7     29.8     19.8     38.8 1985 10 28  3 55 38.130 1.3   1
    62514  37.289364 -121.669539     3.637       65.9     -105.4       -7.7     25.1     15.5     12.1 1985 12 31 15 50 52.230 1.7   1
    62520  37.289331 -121.669344     3.665       82.6     -108.7       20.4     25.1     16.2     14.4 1985 12 31 18  3  3.480 1.6   1
    67820  37.290853 -121.670638     3.590      -31.7       60.1      -54.8     25.7     16.3     16.6 1986  3  8 10 32  4.410 1.6   1
    73786  37.289384 -121.670785     3.673      -44.4     -102.8       28.1     42.5     43.7    105.7 1986  6  1 10 51 31.460 1.2   1
    77218  37.289937 -121.669865     3.598       37.1      -41.6      -46.6     25.5     15.8     16.5 1986  7 25  9 22 50.290 2.3   1
    77296  37.290247 -121.670500     3.642      -19.6       -7.0       -2.8     26.3     16.7     26.5 1986  7 25 16  1 52.100 1.1   1
    81017  37.291504 -121.671533     3.588     -111.1      132.4      -56.4     25.9     17.8     23.1 1986  9  2  7 24 15.870 0.8   1
    82606  37.290853 -121.670825     3.455      -48.4       59.9     -189.9     69.4    114.8    348.6 1986  9 15 20 17 49.920 2.7   1
    83805  37.290898 -121.670638     3.573      -31.5       65.0      -71.5     25.6     16.2     15.9 1986  9 25 12  1 52.830 1.4   1
    88698  37.291545 -121.671501     3.608     -107.9      136.8      -37.1     25.9     16.6     16.6 1986 11 25 13  0 35.660 1.0   1
   101361  37.289929 -121.669767     3.586       45.2      -42.6      -59.1     25.2     15.7     14.0 1987  6  3  6 56  7.740 1.9   1
   101362  37.289311 -121.669344     3.585       82.7     -110.9      -59.3     25.2     15.5     14.0 1987  6  3  6 58 51.320 1.7   1
   102776  37.291528 -121.671509     3.597     -108.7      135.1      -47.4     25.9     16.8     19.2 1987  7  7  1 44 26.990 1.0   1
   103138  37.289616 -121.669621     3.596       58.5      -77.1      -48.9     25.2     15.5     13.5 1987  7 14 19  2 57.020 1.7   1
   110939  37.290011 -121.671338     3.622      -94.1      -33.3      -22.6     30.5     19.9     42.7 1988  1 15  1 56 42.310 1.4   1
   112868  37.291541 -121.671387     3.576      -98.5      136.2      -68.5     25.9     16.6     16.9 1988  2 25 10  0 17.780 0.9   1
   120788  37.290918 -121.670630     3.604      -30.7       67.5      -40.4     26.3     16.5     21.5 1988  7 23 10 42 21.740 1.5   1
   126189  37.289945 -121.669995     3.623       25.5      -40.6      -21.9     25.4     15.7     15.6 1988 11  2  3  9 12.610 1.9   1
   126292  37.289303 -121.669442     3.602       74.3     -111.8      -42.9     25.2     15.5     13.0 1988 11  3  1 30  4.280 1.7   1
   126389  37.289262 -121.669320     3.612       85.4     -116.5      -32.8     25.3     15.6     14.0 1988 11  4 13 34 34.720 1.9   1
   148939  37.289323 -121.669287     3.559       88.0     -109.5      -86.1     25.3     15.5     13.7 1989 12 13  5 33 46.080 1.6   1
   158154  37.291683 -121.671615     3.678     -118.2      152.2       32.8     25.6     18.0     20.8 1990  5 23 11 11 37.580 1.0   1
   160503  37.290678 -121.669800     3.774       42.3       40.4      129.4     25.4     22.8     31.7 1990  7  5 20  4 42.800 1.7   1
   205031  37.289811 -121.670630     3.466      -30.7      -55.7     -178.7     30.6     20.6     47.5 1991  1 20  5  0 30.930 1.2   1
   208364  37.291500 -121.671370     3.591      -96.7      131.6      -53.9     25.9     16.5     17.3 1991  3 22 11 23 27.560 1.0   1
   215747  37.289364 -121.669181     3.559       97.7     -105.0      -86.2     25.2     15.5     13.0 1991  5 29  9 45 22.620 1.8   1
   227435  37.289897 -121.670801     3.509      -46.0      -46.3     -135.9     29.4     19.7     38.9 1991  8 10 17  6  5.760 1.2   1
   238704  37.290015 -121.670158     3.626       10.9      -32.7      -18.3     25.3     15.7     13.4 1991 12  3  5 24 24.980 2.0   1
   238790  37.289571 -121.669393     3.566       79.0      -82.2      -78.8     25.2     15.6     13.9 1991 12  4  0  8 49.550 1.9   1
   261841  37.291479 -121.671362     3.599      -95.9      129.7      -45.7     26.0     16.6     19.1 1992  4  6  9 39 49.410 0.9   1
   312743  37.290865 -121.670850     3.612      -50.6       61.6      -32.9     26.5     16.3     20.6 1992  8 29 17  4 29.020 1.6   1
   314921  37.290243 -121.668978     3.922      115.5       -7.7      277.2     26.6     37.7    100.2 1992  9 11  1 22 13.650 1.1   1
   331552  37.292074 -121.671484     3.805     -106.5      195.6      160.6     26.5     30.3     75.6 1993  1  9 17 48 38.720 1.0   1
   331635  37.291288 -121.671590     3.593     -116.0      108.4      -52.0     26.6     16.6     20.8 1993  1 10 22 13  9.440 1.2   1
 30036393  37.290645 -121.672843     3.080     -227.4       37.0     -564.8   1424.9    824.0   1374.1 1993 12  1  0 25 49.530 1.0   1
   389286  37.289266 -121.669230     3.575       92.9     -115.8      -70.1     25.2     15.5     13.4 1993 12 20 22 35  7.800 1.8   1
   399980  37.290092 -121.670760     3.575      -42.9      -24.3      -70.1     29.4     19.5     36.9 1994  4  6  4 11 34.960 1.4   1
 30062741  37.290474 -121.669710     3.831       50.7       18.1      186.4     25.7     27.8     68.8 1994 11 16 16 50 58.150 2.0   1
 30062748  37.290800 -121.670060     3.825       19.6       54.4      180.4     25.7     26.8     63.7 1994 11 16 18  3 42.360 1.3   1
 30069218  37.290149 -121.668799     3.857      131.0      -18.2      211.8     25.6     26.4     64.1 1995  3  3  9 38 49.200 1.2   1
 30069222  37.290120 -121.668831     3.871      128.5      -21.4      226.3     26.0     30.2     76.0 1995  3  3 12 30 15.850 1.8   1
 30069457  37.289758 -121.668970     3.792      116.4      -61.3      146.7     25.2     21.1     45.1 1995  3  7 13 19 41.960 1.3   1
 30073191  37.291687 -121.671737     3.670     -129.1      152.6       25.6     39.3     73.3    209.9 1995  5 14 11 18 47.000 1.0   1
 30076454  37.291036 -121.671029     3.410      -66.0       80.3     -234.3    505.2    462.3   1170.3 1995  7  4 11 20 49.790 2.7   1
 30092060  37.289518 -121.669246     3.595       91.5      -87.9      -50.1     25.2     15.5     13.4 1995 12 15 18 53 39.820 1.8   1
