    17842  37.289360 -121.669320     3.651       84.9     -105.5        6.1     18.1     14.7     20.3 1984  4 25  4 35 19.170 1.9   1
    16751  37.291382 -121.671289     3.613      -89.7      118.9      -31.5     19.9     16.4     21.5 1984  4 27  7 48 23.500 1.0   1
    21644  37.290938 -121.670841     3.659      -49.5       69.7       14.5     18.6     15.3     19.0 1984  6 27 14 50 38.140 1.6   1
    22271  37.291520 -121.670988     3.667      -62.5      134.0       21.8     36.3     36.0     73.6 1984  7  7  0 17  9.970 2.7   1
    22280  37.289205 -121.669425     3.501       75.6     -122.6     -144.0     18.9     28.4     81.5 1984  7  7  2 35  4.060 1.5   1
    23190  37.289994 -121.670003     3.663       24.3      -35.4       17.9     18.0     15.3     18.9 1984  7 17 16 24 49.440 1.9   1
    25096  37.290043 -121.671362     3.647      -96.2      -29.8        2.0     23.7     19.4     41.8 1984  8  7  9  7  6.330 1.2   1
    28475  37.291606 -121.671777     3.683     -132.6      143.4       38.2     19.0     16.5     19.3 1984  9 23  8 43 14.720 1.1   1
    32049  37.289388 -121.669556     3.651       64.6     -102.4        6.4     18.0     14.5     19.0 1984 11 18  0 28 55.240 1.7   1
    35109  37.290877 -121.670785     3.634      -45.0       63.0      -11.2     18.9     15.2     20.5 1984 12 22  4 43 44.710 1.6   1
    42349  37.289526 -121.669515     3.718       67.5      -87.3       73.1     18.7     16.5     24.7 1985  2 28  1  9 58.300 0.8   1
    42555  37.289258 -121.669279     3.644       88.8     -117.2       -0.4     18.1     14.8     20.3 1985  3  2  6 53 56.010 1.7   1
    42559  37.289970 -121.669914     3.639       32.6      -38.1       -6.2     18.1     14.6     19.2 1985  3  2  8 55  3.470 1.9   1
    42643  37.289616 -121.669653     3.624       55.5      -77.4      -20.7     18.0     14.6     19.8 1985  3  2  8 55 29.590 2.1   1
    42560  37.290291 -121.670524     3.669      -21.9       -2.3       24.0     18.5     15.0     22.9 1985  3  2  8 58  0.480 1.2   1
    49626  37.291581 -121.671663     3.667     -122.3      140.8       22.0     18.9     16.8     20.1 1985  6 15  1 38 57.380 0.9   1
    54084  37.289990 -121.669963     3.656       28.1      -35.6       10.8     18.1     14.6     19.0 1985  8 28 20 35 10.100 1.6   1
    57770  37.290019 -121.671362     3.631      -96.3      -32.7      -13.5     24.5     19.3     42.2 1985 10 28  3 55 38.130 1.3   1
    62514  37.289388 -121.669564     3.652       63.8     -102.5        7.6     18.0     14.5     19.2 1985 12 31 15 50 52.230 1.7   1
    62520  37.289323 -121.669352     3.669       82.0     -109.6       24.2     18.0     14.6     19.5 1985 12 31 18  3  3.480 1.6   1
    67820  37.290861 -121.670646     3.594      -32.8       60.8      -50.8     18.8     15.2     19.8 1986  3  8 10 32  4.410 1.6   1
    73786  37.289140 -121.670744     3.621      -40.9     -130.3      -23.4     24.1     89.5    136.4 1986  6  1 10 51 31.460 1.2   1
    77218  37.289962 -121.669889     3.614       34.8      -38.9      -31.3     18.4     14.7     22.2 1986  7 25  9 22 50.290 2.3   1
    77296  37.290279 -121.670508     3.655      -20.3       -3.8        9.9     19.7     15.9     31.6 1986  7 25 16  1 52.100 1.1   1
    81017  37.291496 -121.671509     3.589     -109.3      131.3      -56.1     19.2     16.8     23.9 1986  9  2  7 24 15.870 0.8   1
    82606  37.290914 -121.670850     3.486      -50.2       66.7     -158.7     38.4     50.6    110.3 1986  9 15 20 17 49.920 2.7   1
    83805  37.290902 -121.670654     3.577      -32.9       65.4      -67.3     18.6     15.1     18.8 1986  9 25 12  1 52.830 1.4   1
    88698  37.291528 -121.671484     3.606     -106.5      135.2      -38.6     19.1     15.5     17.7 1986 11 25 13  0 35.660 1.0   1
   101361  37.289945 -121.669775     3.596       44.7      -40.7      -48.8     18.1     14.7     20.0 1987  6  3  6 56  7.740 1.9   1
   101362  37.289331 -121.669352     3.596       82.2     -109.0      -48.6     18.1     14.5     20.3 1987  6  3  6 58 51.320 1.7   1
   102776  37.291516 -121.671484     3.596     -106.7      133.7      -48.5     19.2     15.7     19.7 1987  7  7  1 44 26.990 1.0   1
   103138  37.289632 -121.669629     3.606       58.0      -75.4      -39.1     18.0     14.5     19.8 1987  7 14 19  2 57.020 1.7   1
   110939  37.290023 -121.671370     3.635      -96.6      -32.3      -10.1     25.2     19.4     45.7 1988  1 15  1 56 42.310 1.4   1
   112868  37.291524 -121.671370     3.575      -96.8      134.8      -70.1     19.1     15.4     17.3 1988  2 25 10  0 17.780 0.9   1
   120788  37.290922 -121.670646     3.609      -32.2       67.7      -35.5     19.6     15.4     24.4 1988  7 23 10 42 21.740 1.5   1
   126189  37.289974 -121.670011     3.639       23.5      -37.6       -5.6     18.4     14.6     21.5 1988 11  2  3  9 12.610 1.9   1
   126292  37.289323 -121.669458     3.615       72.8     -109.6      -30.0     18.0     14.5     19.8 1988 11  3  1 30  4.280 1.7   1
   126389  37.289282 -121.669328     3.624       84.4     -114.3      -21.0     18.1     14.7     20.4 1988 11  4 13 34 34.720 1.9   1
   148939  37.289351 -121.669312     3.576       86.1     -106.4      -68.5     18.2     14.5     20.3 1989 12 13  5 33 46.080 1.6   1
   158154  37.291691 -121.671582     3.679     -115.8      152.9       34.2     18.9     17.1     21.5 1990  5 23 11 11 37.580 1.0   1
   160503  37.290674 -121.669832     3.778       39.8       40.2      133.3     18.7     26.5     41.5 1990  7  5 20  4 42.800 1.7   1
   205031  37.289827 -121.670687     3.488      -36.0      -53.6     -157.0     25.7     20.3     52.0 1991  1 20  5  0 30.930 1.2   1
   208364  37.291492 -121.671346     3.590      -94.9      130.9      -54.5     19.3     15.4     18.2 1991  3 22 11 23 27.560 1.0   1
   215747  37.289396 -121.669222     3.579       94.2     -101.6      -66.0     18.0     14.5     19.9 1991  5 29  9 45 22.620 1.8   1
   227435  37.289913 -121.670850     3.530      -50.7      -44.1     -114.9     24.0     19.2     42.4 1991  8 10 17  6  5.760 1.2   1
   238704  37.290039 -121.670142     3.639       12.1      -30.4       -6.1     18.2     14.6     19.6 1991 12  3  5 24 24.980 2.0   1
   238790  37.289600 -121.669425     3.584       76.0      -78.9      -60.9     18.0     14.6     20.4 1991 12  4  0  8 49.550 1.9   1
   261841  37.291471 -121.671338     3.598      -94.1      128.7      -47.0     19.3     15.5     20.2 1992  4  6  9 39 49.410 0.9   1
   312743  37.290853 -121.670719     3.600      -38.6       60.2      -44.5     19.7     15.2     23.3 1992  8 29 17  4 29.020 1.6   1
   314921  37.290247 -121.669076     3.858      107.1       -7.3      213.5     22.9     23.6     61.0 1992  9 11  1 22 13.650 1.1   1
   331552  37.291951 -121.671509     3.763     -109.0      181.9      117.8     30.2     70.6    201.6 1993  1  9 17 48 38.720 1.0   1
   331635  37.291280 -121.671525     3.590     -110.8      107.5      -55.0     20.1     15.5     21.6 1993  1 10 22 13  9.440 1.2   1
 30036393  37.291659 -121.671582     3.078     -115.1      149.3     -566.8    565.7    571.6   3805.3 1993 12  1  0 25 49.530 1.0   1
   389286  37.289299 -121.669263     3.594       90.2     -112.4      -51.0     18.1     14.5     20.2 1993 12 20 22 35  7.800 1.8   1
   399980  37.290112 -121.670817     3.597      -47.9      -22.0      -48.1     24.0     18.9     41.0 1994  4  6  4 11 34.960 1.4   1
 30062741  37.290145 -121.669832     3.722       39.5      -18.7       77.6     21.4     42.7    113.4 1994 11 16 16 50 58.150 2.0   1
 30062748  37.290580 -121.670142     3.765       12.6       30.0      120.2     21.6     51.0    130.3 1994 11 16 18  3 42.360 1.3   1
 30069218  37.290002 -121.668929     3.787      119.9      -34.3      142.5     21.9     41.3    107.1 1995  3  3  9 38 49.200 1.2   1
 30069222  37.289945 -121.668937     3.796      119.1      -40.5      151.2     22.3     43.0    109.8 1995  3  3 12 30 15.850 1.8   1
 30069457  37.289372 -121.669059     3.667      108.0     -104.1       22.4     18.2     14.9     20.9 1995  3  7 13 19 41.960 1.3   1
 30073191  37.291671 -121.671720     3.664     -127.9      150.7       19.2     36.0     75.4    216.5 1995  5 14 11 18 47.000 1.0   1
 30076454  37.291048 -121.671224     3.509      -83.5       81.6     -135.6    901.6    571.8   3757.0 1995  7  4 11 20 49.790 2.7   1
 30092060  37.289547 -121.669287     3.613       88.3      -84.8      -31.7     18.0     14.5     20.2 1995 12 15 18 53 39.820 1.8   1
