    17842  37.289596 -121.668514     3.649      156.7      -79.5        4.4     54.4     62.4     66.0 1984  4 25  4 35 19.170 1.9   1
    16751  37.289709 -121.674845     3.518     -405.0      -66.9     -127.2     86.3     78.5     99.6 1984  4 27  7 48 23.500 1.0   1
    21644  37.290922 -121.671134     3.667      -75.9       67.7       22.7     50.9     46.4     61.6 1984  6 27 14 50 38.140 1.6   1
    22271  37.290324 -121.671753     3.667     -130.5        1.3       21.8     53.1    106.8     62.0 1984  7  7  0 17  9.970 2.7   1
    22280  37.289522 -121.669173     3.476       98.3      -87.6     -169.0     65.2    129.8     76.6 1984  7  7  2 35  4.060 1.5   1
    23190  37.290247 -121.669238     3.492       92.1       -7.4     -152.3     49.1    110.1     55.4 1984  7 17 16 24 49.440 1.9   1
    25096  37.289425 -121.670671     3.408      -34.8      -98.5     -237.2     57.6     74.4     68.2 1984  8  7  9  7  6.330 1.2   1
    28475  37.291191 -121.671476     3.390     -106.0       97.4     -254.4     80.0    101.2    149.3 1984  9 23  8 43 14.720 1.1   1
    32049  37.288310 -121.669417     3.508       76.5     -222.2     -136.9     52.1     50.8     70.7 1984 11 18  0 28 55.240 1.7   1
    35109  37.291223 -121.670264     3.587        1.5      101.2      -58.3     45.0     44.7     57.8 1984 12 22  4 43 44.710 1.6   1
    42349  37.288074 -121.668962     3.637      116.8     -248.3       -7.3     68.6     53.2     68.2 1985  2 28  1  9 58.300 0.8   1
    42555  37.289404 -121.668929     3.636      119.9     -100.7       -8.5     43.6     44.0     54.8 1985  3  2  6 53 56.010 1.7   1
    42559  37.289787 -121.669548     3.532       65.1      -58.2     -112.8     38.0     37.3     49.1 1985  3  2  8 55  3.470 1.9   1
    42643  37.289213 -121.669222     3.509       94.0     -122.0     -136.1     45.5     45.7     59.1 1985  3  2  8 55 29.590 2.1   1
    42560  37.290181 -121.669979     3.586       26.9      -14.2      -58.6     41.7     38.5     53.1 1985  3  2  8 58  0.480 1.2   1
    49626  37.291504 -121.671493     3.700     -107.3      132.2       55.6     77.3     78.3    108.8 1985  6 15  1 38 57.380 0.9   1
    54084  37.289905 -121.669531     3.542       66.7      -45.1     -102.7     41.9     41.2     54.5 1985  8 28 20 35 10.100 1.6   1
    57770  37.290153 -121.672062     3.404     -158.3      -17.5     -241.0     66.5     65.5     72.1 1985 10 28  3 55 38.130 1.3   1
    62514  37.288847 -121.668555     3.540      153.3     -162.5     -105.2     52.9     60.3     66.6 1985 12 31 15 50 52.230 1.7   1
    62520  37.289242 -121.669189     3.518       96.9     -118.6     -127.2     51.0     70.1     76.7 1985 12 31 18  3  3.480 1.6   1
    67820  37.290373 -121.672249     3.502     -174.4        6.6     -143.2     68.9     62.1     86.0 1986  3  8 10 32  4.410 1.6   1
    73786  37.289742 -121.668848     3.274      126.9      -63.1     -370.4     56.5     80.5     71.8 1986  6  1 10 51 31.460 1.2   1
    77218  37.290112 -121.669255     3.602       90.6      -22.0      -43.0     48.2     49.8     59.4 1986  7 25  9 22 50.290 2.3   1
    77296  37.290816 -121.672909     3.863     -232.8       56.2      218.7     81.8     59.3     85.9 1986  7 25 16  1 52.100 1.1   1
    81017  37.292196 -121.671883     3.599     -142.3      208.9      -45.6     61.5     75.9     73.2 1986  9  2  7 24 15.870 0.8   1
    82606  37.292647 -121.670915     3.630      -56.6      259.0      -14.8     51.2     50.4    105.3 1986  9 15 20 17 49.920 2.7   1
    83805  37.291093 -121.670508     3.572      -20.4       86.5      -72.6     44.5     41.1     54.9 1986  9 25 12  1 52.830 1.4   1
    88698  37.291711 -121.671053     4.351      -68.9      155.2      706.3     72.3     84.1    191.6 1986 11 25 13  0 35.660 1.0   1
   101361  37.291370 -121.669165     3.479       99.2      117.2     -165.3     53.4     52.6    105.8 1987  6  3  6 56  7.740 1.9   1
   101362  37.289514 -121.669775     3.663       45.0      -88.5       18.7     47.2     48.6     58.5 1987  6  3  6 58 51.320 1.7   1
   102776  37.291846 -121.671134     3.579      -75.8      170.2      -66.1     66.7     71.9     96.5 1987  7  7  1 44 26.990 1.0   1
   103138  37.289535 -121.669604     3.562       59.9      -86.1      -83.1     44.8     42.3     56.6 1987  7 14 19  2 57.020 1.7   1
   110939  37.290556 -121.671338     3.390      -93.7       26.9     -255.0     59.9     58.2     81.4 1988  1 15  1 56 42.310 1.4   1
   112868  37.292749 -121.671289     4.462      -89.5      270.5      817.3     56.2     61.0    111.4 1988  2 25 10  0 17.780 0.9   1
   120788  37.290731 -121.671118     3.663      -74.5       46.5       17.8     51.8     46.8     61.5 1988  7 23 10 42 21.740 1.5   1
   126189  37.288957 -121.673250     3.868     -263.2     -150.4      223.2     50.6     48.9     60.1 1988 11  2  3  9 12.610 1.9   1
   126292  37.289860 -121.668872     3.521      124.6      -50.0     -123.8     44.3     50.0     54.2 1988 11  3  1 30  4.280 1.7   1
   126389  37.289884 -121.669735     3.529       48.1      -47.4     -115.7     48.8     47.6     96.4 1988 11  4 13 34 34.720 1.9   1
   148939  37.289970 -121.669027     3.673      111.1      -38.0       27.7     54.8     63.2     79.7 1989 12 13  5 33 46.080 1.6   1
   158154  37.291573 -121.672119     3.733     -163.1      139.9       88.2     58.3     66.6     87.6 1990  5 23 11 11 37.580 1.0   1
   160503  37.290959 -121.668750     3.647      135.5       71.7        2.7     38.6     45.9     49.4 1990  7  5 20  4 42.800 1.7   1
   205031  37.290592 -121.669556     3.363       64.4       31.2     -281.5     77.8     56.4     80.7 1991  1 20  5  0 30.930 1.2   1
   208364  37.292419 -121.671265     3.695      -87.1      234.1       49.8     65.3     64.3     81.3 1991  3 22 11 23 27.560 1.0   1
   215747  37.289425 -121.669124     3.710      102.5      -98.6       65.0     46.6     55.6     57.1 1991  5 29  9 45 22.620 1.8   1
   227435  37.289437 -121.669580     3.489       62.2      -97.0     -155.9     53.4     64.0     56.8 1991  8 10 17  6  5.760 1.2   1
   238704  37.290255 -121.669401     3.617       78.1       -6.5      -27.4     39.3     38.1     50.0 1991 12  3  5 24 24.980 2.0   1
   238790  37.290039 -121.669271     3.709       89.8      -30.4       64.1     42.7     44.5     54.2 1991 12  4  0  8 49.550 1.9   1
   261841  37.291109 -121.671159     3.507      -78.3       88.3     -138.1     68.1     76.9    118.5 1992  4  6  9 39 49.410 0.9   1
   312743  37.290690 -121.671216     3.637      -83.0       41.9       -7.5     57.5     66.8     73.1 1992  8 29 17  4 29.020 1.6   1
   314921  37.288306 -121.668888     3.693      123.6     -222.8       48.0     55.7     52.4     80.1 1992  9 11  1 22 13.650 1.1   1
   331552  37.292171 -121.672184     3.678     -168.9      206.4       32.9     81.9     76.9    115.5 1993  1  9 17 48 38.720 1.0   1
   331635  37.291012 -121.671257     3.502      -86.3       77.8     -142.9     80.3     69.5     74.8 1993  1 10 22 13  9.440 1.2   1
 30036393  37.292676 -121.670931     3.745      -57.9      262.5      100.0     66.6     65.1    196.8 1993 12  1  0 25 49.530 1.0   1
   389286  37.288652 -121.669499     3.460       69.2     -184.4     -184.3     53.4     63.5     66.6 1993 12 20 22 35  7.800 1.8   1
   399980  37.290320 -121.670418     3.416      -12.6        0.9     -228.8     44.9     50.8     54.5 1994  4  6  4 11 34.960 1.4   1
 30062741  37.290149 -121.669914     3.486       32.8      -17.9     -158.4     46.8     41.2     55.0 1994 11 16 16 50 58.150 2.0   1
 30062748  37.290173 -121.669450     3.574       73.7      -15.2      -70.4     70.1     77.1     65.6 1994 11 16 18  3 42.360 1.3   1
 30069218  37.289115 -121.669157     3.756       99.2     -132.6      110.8     52.7     66.3     72.0 1995  3  3  9 38 49.200 1.2   1
 30069222  37.289929 -121.668945     3.737      118.3      -42.6       92.4     51.2     57.0     59.5 1995  3  3 12 30 15.850 1.8   1
 30069457  37.289876 -121.669173     3.453       98.0      -48.2     -192.1     72.9     72.0     76.8 1995  3  7 13 19 41.960 1.3   1
 30073191  37.290755 -121.674032     3.529     -332.3       49.1     -115.8    138.5    108.3    112.2 1995  5 14 11 18 47.000 1.0   1
 30076454  37.290922 -121.672054     4.481     -157.5       67.8      835.9     58.6     60.3     64.5 1995  7  4 11 20 49.790 2.7   1
 30092060  37.290015 -121.668986     3.639      115.1      -33.2       -5.8     46.6     53.3     57.2 1995 12 15 18 53 39.820 1.8   1
