    17842  37.289339 -121.669328     3.641       84.1     -107.8       -3.8     12.1     10.9     12.7 1984  4 25  4 35 19.170 1.9   1
    16751  37.291370 -121.671322     3.615      -92.5      117.4      -29.6     14.0     12.5     18.1 1984  4 27  7 48 23.500 1.0   1
    21644  37.290938 -121.670793     3.659      -45.5       69.8       14.0     12.3     12.8     15.5 1984  6 27 14 50 38.140 1.6   1
    22271  37.291557 -121.670898     3.649      -54.8      138.0        3.7     36.0     34.0     67.4 1984  7  7  0 17  9.970 2.7   1
    22280  37.289266 -121.669417     3.520       76.2     -115.9     -124.7     12.8     21.5     60.5 1984  7  7  2 35  4.060 1.5   1
    23190  37.290015 -121.670044     3.663       21.0      -32.8       18.1     11.8     13.4     14.8 1984  7 17 16 24 49.440 1.9   1
    25096  37.290088 -121.671330     3.631      -93.2      -24.9      -13.7     18.5     15.7     35.1 1984  8  7  9  7  6.330 1.2   1
    28475  37.291593 -121.671753     3.681     -130.8      142.3       35.9     12.9     12.6     16.5 1984  9 23  8 43 14.720 1.1   1
    32049  37.289384 -121.669572     3.645       62.5     -103.0        0.5     12.0     10.6     11.3 1984 11 18  0 28 55.240 1.7   1
    35109  37.290865 -121.670744     3.631      -40.8       61.6      -13.4     13.1     11.3     15.4 1984 12 22  4 43 44.710 1.6   1
    42349  37.289535 -121.669572     3.720       62.6      -86.4       75.7     12.7     12.7     20.6 1985  2 28  1  9 58.300 0.8   1
    42555  37.289246 -121.669287     3.637       87.9     -118.2       -8.2     12.2     10.8     12.8 1985  3  2  6 53 56.010 1.7   1
    42559  37.289966 -121.669971     3.635       27.7      -38.3      -10.0     12.1     10.7     11.8 1985  3  2  8 55  3.470 1.9   1
    42643  37.289604 -121.669678     3.617       53.4      -78.6      -27.8     12.0     10.7     12.3 1985  3  2  8 55 29.590 2.1   1
    42560  37.290304 -121.670524     3.665      -22.0       -1.0       20.1     11.9     12.6     16.8 1985  3  2  8 58  0.480 1.2   1
    49626  37.291581 -121.671655     3.670     -121.9      140.9       24.8     12.8     12.9     17.3 1985  6 15  1 38 57.380 0.9   1
    54084  37.289978 -121.669995     3.647       25.5      -37.0        2.5     12.2     10.7     11.8 1985  8 28 20 35 10.100 1.6   1
    57770  37.290055 -121.671322     3.613      -92.3      -28.4      -31.8     19.5     15.6     35.8 1985 10 28  3 55 38.130 1.3   1
    62514  37.289380 -121.669580     3.643       62.4     -103.5       -2.2     12.0     10.6     11.5 1985 12 31 15 50 52.230 1.7   1
    62520  37.289331 -121.669368     3.666       81.1     -108.8       21.3     11.8     11.4     12.8 1985 12 31 18  3  3.480 1.6   1
    67820  37.290849 -121.670614     3.593      -29.6       59.5      -51.8     12.9     11.3     14.5 1986  3  8 10 32  4.410 1.6   1
    73786  37.289355 -121.670752     3.646      -42.1     -106.3        0.8     18.6     78.4    120.0 1986  6  1 10 51 31.460 1.2   1
    77218  37.289954 -121.669897     3.605       33.6      -39.7      -40.0     12.5     10.8     15.0 1986  7 25  9 22 50.290 2.3   1
    77296  37.290251 -121.670483     3.635      -17.7       -6.7       -9.5     13.9     12.0     24.6 1986  7 25 16  1 52.100 1.1   1
    81017  37.291492 -121.671509     3.588     -108.9      130.9      -56.9     13.2     12.9     20.4 1986  9  2  7 24 15.870 0.8   1
    82606  37.290784 -121.670825     3.425      -48.3       52.6     -220.2     75.6     84.7    189.4 1986  9 15 20 17 49.920 2.7   1
    83805  37.290889 -121.670614     3.575      -29.7       64.2      -69.9     12.7     11.3     13.9 1986  9 25 12  1 52.830 1.4   1
    88698  37.291520 -121.671468     3.605     -105.5      134.3      -39.9     13.2     11.7     15.1 1986 11 25 13  0 35.660 1.0   1
   101361  37.289945 -121.669824     3.594       40.4      -40.5      -51.3     12.1     10.8     12.6 1987  6  3  6 56  7.740 1.9   1
   101362  37.289335 -121.669385     3.593       79.7     -108.2      -51.5     12.2     10.6     13.0 1987  6  3  6 58 51.320 1.7   1
   102776  37.291516 -121.671484     3.598     -107.0      133.6      -47.1     13.3     11.9     16.9 1987  7  7  1 44 26.990 1.0   1
   103138  37.289636 -121.669670     3.604       54.3      -74.9      -40.6     12.1     10.6     12.4 1987  7 14 19  2 57.020 1.7   1
   110939  37.290072 -121.671346     3.624      -94.8      -26.5      -20.9     20.4     15.8     39.7 1988  1 15  1 56 42.310 1.4   1
   112868  37.291524 -121.671370     3.576      -97.0      134.7      -68.4     13.2     11.6     15.0 1988  2 25 10  0 17.780 0.9   1
   120788  37.290906 -121.670597     3.603      -27.8       65.9      -41.4     13.8     11.5     19.0 1988  7 23 10 42 21.740 1.5   1
   126189  37.289970 -121.670060     3.635       19.4      -37.8       -9.3     12.5     10.7     14.4 1988 11  2  3  9 12.610 1.9   1
   126292  37.289335 -121.669491     3.614       69.6     -108.5      -30.5     12.1     10.6     12.3 1988 11  3  1 30  4.280 1.7   1
   126389  37.289278 -121.669352     3.621       82.1     -114.8      -23.9     12.2     10.8     13.0 1988 11  4 13 34 34.720 1.9   1
   148939  37.289343 -121.669401     3.568       77.8     -107.4      -76.8     12.6     10.6     13.2 1989 12 13  5 33 46.080 1.6   1
   158154  37.291638 -121.671696     3.674     -125.9      147.2       29.0     12.8     13.1     18.4 1990  5 23 11 11 37.580 1.0   1
   160503  37.290719 -121.669824     3.782       40.7       45.0      137.2     12.5     19.6     31.7 1990  7  5 20  4 42.800 1.7   1
   205031  37.289864 -121.670614     3.463      -29.3      -49.9     -181.4     20.6     16.5     44.2 1991  1 20  5  0 30.930 1.2   1
   208364  37.291467 -121.671370     3.586      -96.5      128.4      -59.3     13.4     11.6     16.3 1991  3 22 11 23 27.560 1.0   1
   215747  37.289372 -121.669173     3.552       98.1     -104.3      -93.2     12.2     10.6     12.9 1991  5 29  9 45 22.620 1.8   1
   227435  37.289945 -121.670752     3.501      -42.2      -40.8     -143.9     19.1     15.6     36.5 1991  8 10 17  6  5.760 1.2   1
   238704  37.290047 -121.670378     3.650       -8.4      -29.2        5.2     12.5     10.8     12.5 1991 12  3  5 24 24.980 2.0   1
   238790  37.289575 -121.669385     3.562       79.4      -81.6      -82.7     12.1     10.6     13.3 1991 12  4  0  8 49.550 1.9   1
   261841  37.291455 -121.671379     3.598      -97.5      126.9      -46.7     13.4     11.6     17.5 1992  4  6  9 39 49.410 0.9   1
   312743  37.290902 -121.671240     3.657      -85.3       65.5       12.1     14.3     11.3     17.7 1992  8 29 17  4 29.020 1.6   1
   314921  37.290206 -121.669043     3.864      109.8      -11.5      219.6     15.1     14.8     47.1 1992  9 11  1 22 13.650 1.1   1
   331552  37.292155 -121.671468     3.835     -105.2      204.5      190.2     16.5     37.6    105.4 1993  1  9 17 48 38.720 1.0   1
   331635  37.291276 -121.671655     3.600     -122.3      107.0      -45.2     14.5     11.6     18.6 1993  1 10 22 13  9.440 1.2   1
 30036393  37.290137 -121.671427     3.044     -101.8      -19.6     -601.0    514.1    439.3    886.8 1993 12  1  0 25 49.530 1.0   1
   389286  37.289274 -121.669255     3.571       91.3     -115.2      -73.4     12.3     10.6     13.2 1993 12 20 22 35  7.800 1.8   1
   399980  37.290137 -121.670711     3.565      -38.6      -19.3      -79.9     19.0     15.3     34.8 1994  4  6  4 11 34.960 1.4   1
 30062741  37.290377 -121.669751     3.799       47.1        7.3      153.7     13.7     28.2     77.1 1994 11 16 16 50 58.150 2.0   1
 30062748  37.290739 -121.670076     3.815       17.7       47.5      170.5     14.2     33.5     87.2 1994 11 16 18  3 42.360 1.3   1
 30069218  37.290076 -121.668872     3.826      124.8      -26.1      181.1     14.1     28.8     77.2 1995  3  3  9 38 49.200 1.2   1
 30069222  37.290055 -121.668888     3.843      123.1      -28.4      198.2     14.5     30.3     80.5 1995  3  3 12 30 15.850 1.8   1
 30069457  37.290088 -121.668978     3.884      115.2      -25.0      239.1     17.1     41.7    112.9 1995  3  7 13 19 41.960 1.3   1
 30073191  37.291597 -121.671785     3.648     -133.7      142.5        2.8     30.0     67.0    195.1 1995  5 14 11 18 47.000 1.0   1
 30076454  37.291003 -121.670898     3.356      -55.0       76.6     -288.4    428.7    396.4    858.5 1995  7  4 11 20 49.790 2.7   1
 30092060  37.289526 -121.669255     3.590       91.0      -87.3      -54.3     12.2     10.6     13.1 1995 12 15 18 53 39.820 1.8   1
