    17842  37.289421 -121.668636     3.600      145.9      -98.9      -45.1     51.6     57.9     65.3 1984  4 25  4 35 19.170 1.9   1
    16751  37.289962 -121.674691     3.550     -391.4      -38.7      -94.6     79.9     73.7     80.7 1984  4 27  7 48 23.500 1.0   1
    21644  37.290995 -121.671102     3.689      -73.1       75.7       43.8     48.2     44.0     57.8 1984  6 27 14 50 38.140 1.6   1
    22271  37.290096 -121.671867     3.566     -140.4      -23.7      -79.0     49.6     96.5     58.1 1984  7  7  0 17  9.970 2.7   1
    22280  37.289771 -121.669100     3.532      104.8      -60.0     -113.1     62.1    124.3     69.6 1984  7  7  2 35  4.060 1.5   1
    23190  37.290369 -121.669222     3.491       94.2        6.2     -153.6     46.9    104.2     53.7 1984  7 17 16 24 49.440 1.9   1
    25096  37.289644 -121.670605     3.485      -29.2      -74.0     -159.4     54.5     70.8     61.8 1984  8  7  9  7  6.330 1.2   1
    28475  37.291943 -121.671281     3.481      -89.0      180.9     -163.6     72.5     98.9    118.8 1984  9 23  8 43 14.720 1.1   1
    32049  37.288403 -121.669401     3.549       77.9     -211.7      -95.8     49.6     48.5     64.6 1984 11 18  0 28 55.240 1.7   1
    35109  37.291121 -121.670247     3.553        2.6       89.8      -92.1     42.2     41.0     54.9 1984 12 22  4 43 44.710 1.6   1
    42349  37.288102 -121.668994     3.648      114.4     -245.2        3.2     66.3     51.9     60.8 1985  2 28  1  9 58.300 0.8   1
    42555  37.289229 -121.668994     3.587      113.7     -120.1      -57.6     40.4     40.6     53.0 1985  3  2  6 53 56.010 1.7   1
    42559  37.289827 -121.669539     3.549       65.5      -53.8      -95.5     36.2     35.4     46.8 1985  3  2  8 55  3.470 1.9   1
    42643  37.289278 -121.669230     3.542       93.0     -114.8     -102.8     43.2     43.5     55.4 1985  3  2  8 55 29.590 2.1   1
    42560  37.290369 -121.669938     3.648       30.2        6.3        3.1     39.6     36.9     48.0 1985  3  2  8 58  0.480 1.2   1
    49626  37.291642 -121.671338     3.712      -93.9      147.7       67.0     72.3     75.9     94.4 1985  6 15  1 38 57.380 0.9   1
    54084  37.289990 -121.669523     3.576       66.9      -35.6      -68.8     40.0     39.4     51.5 1985  8 28 20 35 10.100 1.6   1
    57770  37.290401 -121.671981     3.484     -151.1        9.9     -161.0     62.9     62.5     65.3 1985 10 28  3 55 38.130 1.3   1
    62514  37.289010 -121.668514     3.599      156.3     -144.3      -45.9     50.4     58.0     60.7 1985 12 31 15 50 52.230 1.7   1
    62520  37.289453 -121.669132     3.586      102.1      -95.5      -59.2     48.6     67.5     69.1 1985 12 31 18  3  3.480 1.6   1
    67820  37.290483 -121.672241     3.544     -174.2       19.1     -100.5     64.6     58.3     80.9 1986  3  8 10 32  4.410 1.6   1
    73786  37.289962 -121.668791     3.356      132.0      -38.8     -288.8     53.9     77.3     66.5 1986  6  1 10 51 31.460 1.2   1
    77218  37.290063 -121.669401     3.600       78.0      -27.4      -45.1     45.9     45.3     58.1 1986  7 25  9 22 50.290 2.3   1
    77296  37.290995 -121.672770     3.883     -221.0       75.8      238.6     77.2     55.9     77.2 1986  7 25 16  1 52.100 1.1   1
    81017  37.292407 -121.671810     3.661     -135.4      232.5       16.5     58.5     72.7     68.3 1986  9  2  7 24 15.870 0.8   1
    82606  37.291703 -121.671061     3.577      -69.4      154.5      -67.7     48.4     49.1     63.9 1986  9 15 20 17 49.920 2.7   1
    83805  37.291178 -121.670500     3.606      -19.3       96.4      -38.6     42.2     39.1     52.2 1986  9 25 12  1 52.830 1.4   1
    88698  37.291618 -121.671281     4.294      -88.5      144.9      649.2     68.5     79.8    176.8 1986 11 25 13  0 35.660 1.0   1
   101361  37.290377 -121.669206     3.595       95.6        7.2      -49.6     50.6     50.3     65.2 1987  6  3  6 56  7.740 1.9   1
   101362  37.289128 -121.669873     3.506       35.7     -131.3     -138.8     44.6     44.1     57.0 1987  6  3  6 58 51.320 1.7   1
   102776  37.291980 -121.671143     3.631      -76.4      185.3      -13.4     62.8     68.8     81.7 1987  7  7  1 44 26.990 1.0   1
   103138  37.289469 -121.669661     3.551       54.5      -93.6      -93.8     42.6     40.3     54.3 1987  7 14 19  2 57.020 1.7   1
   110939  37.290820 -121.671240     3.468      -85.4       56.2     -176.8     57.1     55.7     72.3 1988  1 15  1 56 42.310 1.4   1
   112868  37.292598 -121.671452     4.313     -103.8      253.6      668.6     53.6     58.7    104.5 1988  2 25 10  0 17.780 0.9   1
   120788  37.290629 -121.671118     3.623      -74.4       35.4      -21.6     49.3     43.8     59.0 1988  7 23 10 42 21.740 1.5   1
   126189  37.288566 -121.673462     3.783     -282.5     -193.7      137.9     47.5     46.1     56.2 1988 11  2  3  9 12.610 1.9   1
   126292  37.289766 -121.668945     3.498      118.4      -60.5     -147.0     42.4     47.5     53.4 1988 11  3  1 30  4.280 1.7   1
   126389  37.288875 -121.669832     3.606       39.5     -159.6      -38.5     45.9     46.2     58.8 1988 11  4 13 34 34.720 1.9   1
   148939  37.289669 -121.669312     3.614       85.5      -71.5      -30.3     51.8     57.6     72.5 1989 12 13  5 33 46.080 1.6   1
   158154  37.291801 -121.671989     3.783     -151.9      165.4      138.7     55.6     65.1     80.0 1990  5 23 11 11 37.580 1.0   1
   160503  37.290771 -121.668840     3.604      127.9       51.2      -40.4     36.3     42.5     46.3 1990  7  5 20  4 42.800 1.7   1
   205031  37.290780 -121.669499     3.433       69.0       51.9     -212.2     74.3     53.6     75.9 1991  1 20  5  0 30.930 1.2   1
   208364  37.292322 -121.671305     3.676      -90.9      222.9       30.8     61.8     61.1     77.3 1991  3 22 11 23 27.560 1.0   1
   215747  37.289001 -121.669409     3.605       77.4     -145.3      -39.4     45.1     52.1     54.0 1991  5 29  9 45 22.620 1.8   1
   227435  37.289628 -121.669515     3.553       68.1      -75.7      -91.9     50.6     60.9     51.7 1991  8 10 17  6  5.760 1.2   1
   238704  37.290169 -121.669458     3.598       72.6      -15.8      -46.5     37.5     36.3     48.1 1991 12  3  5 24 24.980 2.0   1
   238790  37.289709 -121.669458     3.636       73.1      -66.8       -8.9     40.7     42.2     52.0 1991 12  4  0  8 49.550 1.9   1
   261841  37.292163 -121.671110     3.703      -73.7      205.4       58.7     65.2     81.4    117.4 1992  4  6  9 39 49.410 0.9   1
   312743  37.290828 -121.671159     3.686      -78.0       57.3       41.6     55.3     64.7     66.3 1992  8 29 17  4 29.020 1.6   1
   314921  37.288342 -121.668986     3.773      115.0     -218.4      127.9     53.1     48.6     72.6 1992  9 11  1 22 13.650 1.1   1
   331552  37.292415 -121.672038     3.747     -155.6      233.4      101.8     78.6     76.1    111.9 1993  1  9 17 48 38.720 1.0   1
   331635  37.291260 -121.671094     3.578      -72.5      105.4      -66.8     76.0     66.4     68.3 1993  1 10 22 13  9.440 1.2   1
 30036393  37.292159 -121.671069     3.764      -70.2      205.0      119.5     63.1     69.0    114.2 1993 12  1  0 25 49.530 1.0   1
   389286  37.288757 -121.669499     3.506       69.5     -172.3     -138.5     50.5     60.3     61.9 1993 12 20 22 35  7.800 1.8   1
   399980  37.290479 -121.670369     3.474       -7.9       18.4     -171.0     42.7     48.3     51.5 1994  4  6  4 11 34.960 1.4   1
 30062741  37.290173 -121.669914     3.498       32.3      -15.5     -146.7     44.6     39.1     53.1 1994 11 16 16 50 58.150 2.0   1
 30062748  37.290348 -121.669368     3.633       80.8        4.0      -11.4     66.5     73.8     60.0 1994 11 16 18  3 42.360 1.3   1
 30069218  37.289087 -121.669189     3.753       96.8     -135.8      107.9     50.3     64.0     69.6 1995  3  3  9 38 49.200 1.2   1
 30069222  37.289567 -121.669141     3.658      101.2      -82.8       13.3     48.8     54.0     57.9 1995  3  3 12 30 15.850 1.8   1
 30069457  37.290088 -121.669100     3.530      104.3      -24.7     -114.4     69.3     69.2     69.5 1995  3  7 13 19 41.960 1.3   1
 30073191  37.291028 -121.673796     3.596     -311.4       79.3      -48.9    129.1    101.9    104.2 1995  5 14 11 18 47.000 1.0   1
 30076454  37.291162 -121.671232     3.549      -84.7       94.2      -95.4     51.6     50.2     71.0 1995  7  4 11 20 49.790 2.7   1
 30092060  37.289632 -121.669198     3.525       96.2      -75.3     -120.1     44.1     49.6     54.3 1995 12 15 18 53 39.820 1.8   1
