    17842  37.289274 -121.669360     3.620       81.6     -115.3      -25.1      7.1      7.8     13.9 1984  4 25  4 35 19.170 1.9   1
    16751  37.291390 -121.671338     3.602      -93.7      119.5      -42.5     10.6     10.4     20.1 1984  4 27  7 48 23.500 1.0   1
    21644  37.290910 -121.670841     3.637      -50.0       66.4       -8.0      8.6      8.9     16.9 1984  6 27 14 50 38.140 1.6   1
    22271  37.291467 -121.670955     3.636      -59.6      128.5       -9.2     29.4     36.5     77.2 1984  7  7  0 17  9.970 2.7   1
    22280  37.289087 -121.669442     3.450       74.4     -136.0     -194.6      8.6     23.3     71.4 1984  7  7  2 35  4.060 1.5   1
    23190  37.289901 -121.670028     3.627       22.5      -45.6      -18.2      7.0      9.2     13.8 1984  7 17 16 24 49.440 1.9   1
    25096  37.289913 -121.671403     3.632      -99.5      -44.1      -12.5     14.7     13.4     36.2 1984  8  7  9  7  6.330 1.2   1
    28475  37.291602 -121.671859     3.677     -139.9      143.3       32.5      8.7     10.9     20.7 1984  9 23  8 43 14.720 1.1   1
    32049  37.289311 -121.669572     3.619       62.9     -111.2      -26.2      6.8      7.4     12.5 1984 11 18  0 28 55.240 1.7   1
    35109  37.290853 -121.670801     3.615      -46.2       60.0      -29.9      9.6      8.6     19.5 1984 12 22  4 43 44.710 1.6   1
    42349  37.289441 -121.669621     3.698       58.7      -96.5       53.0      8.3     11.1     23.7 1985  2 28  1  9 58.300 0.8   1
    42555  37.289172 -121.669312     3.612       85.7     -126.6      -33.0      7.1      7.9     13.8 1985  3  2  6 53 56.010 1.7   1
    42559  37.289876 -121.669930     3.604       31.2      -48.3      -41.2      7.5      8.0     14.7 1985  3  2  8 55  3.470 1.9   1
    42643  37.289526 -121.669686     3.592       52.4      -86.9      -53.0      6.9      7.9     14.4 1985  3  2  8 55 29.590 2.1   1
    42560  37.290218 -121.670573     3.643      -26.2      -10.5       -1.4      8.5      8.7     20.2 1985  3  2  8 58  0.480 1.2   1
    49626  37.291585 -121.671737     3.664     -129.5      141.5       19.2      8.6     11.5     22.1 1985  6 15  1 38 57.380 0.9   1
    54084  37.289884 -121.669971     3.619       27.2      -47.3      -25.8      7.4      7.8     13.5 1985  8 28 20 35 10.100 1.6   1
    57770  37.289876 -121.671387     3.612      -98.2      -48.1      -32.7     15.9     13.2     35.7 1985 10 28  3 55 38.130 1.3   1
    62514  37.289303 -121.669580     3.619       62.3     -111.9      -25.8      6.9      7.5     13.0 1985 12 31 15 50 52.230 1.7   1
    62520  37.289233 -121.669385     3.635       79.5     -119.5       -9.6      7.0      7.6     13.3 1985 12 31 18  3  3.480 1.6   1
    67820  37.290824 -121.670662     3.573      -34.2       57.0      -71.3      9.1      8.6     18.0 1986  3  8 10 32  4.410 1.6   1
    73786  37.289270 -121.670825     3.666      -48.3     -115.6       21.6     37.8     41.7    107.9 1986  6  1 10 51 31.460 1.2   1
    77218  37.289864 -121.669922     3.578       31.7      -49.6      -66.6      8.2      8.2     18.1 1986  7 25  9 22 50.290 2.3   1
    77296  37.290198 -121.670565     3.631      -25.5      -12.5      -13.8     10.8     10.2     29.7 1986  7 25 16  1 52.100 1.1   1
    81017  37.291496 -121.671590     3.581     -115.8      131.2      -63.3      9.5     11.4     25.4 1986  9  2  7 24 15.870 0.8   1
    82606  37.290979 -121.670801     3.480      -45.9       73.9     -164.3     29.5     46.6     99.7 1986  9 15 20 17 49.920 2.7   1
    83805  37.290873 -121.670679     3.559      -35.4       62.4      -86.0      8.5      8.4     16.4 1986  9 25 12  1 52.830 1.4   1
    88698  37.291545 -121.671574     3.605     -114.6      136.8      -40.0      9.3      9.0     17.7 1986 11 25 13  0 35.660 1.0   1
   101361  37.289840 -121.669792     3.557       43.3      -52.3      -88.2      7.2      8.0     14.8 1987  6  3  6 56  7.740 1.9   1
   101362  37.289233 -121.669352     3.556       82.2     -119.8      -88.6      7.2      7.5     14.5 1987  6  3  6 58 51.320 1.7   1
   102776  37.291524 -121.671566     3.591     -113.7      134.4      -53.9      9.4      9.3     19.7 1987  7  7  1 44 26.990 1.0   1
   103138  37.289535 -121.669645     3.566       56.4      -86.4      -78.8      7.0      7.6     14.1 1987  7 14 19  2 57.020 1.7   1
   110939  37.289872 -121.671322     3.601      -92.7      -48.9      -43.9     16.7     13.1     38.7 1988  1 15  1 56 42.310 1.4   1
   112868  37.291545 -121.671460     3.576     -104.8      136.9      -68.7      9.1      8.7     16.6 1988  2 25 10  0 17.780 0.9   1
   120788  37.290902 -121.670679     3.593      -35.1       65.3      -52.2     11.3      9.0     24.5 1988  7 23 10 42 21.740 1.5   1
   126189  37.289872 -121.670044     3.602       21.1      -48.8      -42.8      8.1      7.9     17.2 1988 11  2  3  9 12.610 1.9   1
   126292  37.289229 -121.669474     3.580       71.3     -120.0      -65.3      7.1      7.5     13.8 1988 11  3  1 30  4.280 1.7   1
   126389  37.289176 -121.669344     3.583       83.0     -126.2      -62.1      7.2      7.8     14.3 1988 11  4 13 34 34.720 1.9   1
   148939  37.289266 -121.669344     3.542       83.2     -116.1     -103.1      7.4      7.4     13.7 1989 12 13  5 33 46.080 1.6   1
   158154  37.291715 -121.671680     3.681     -123.8      155.9       36.7      8.4     11.6     22.0 1990  5 23 11 11 37.580 1.0   1
   160503  37.290641 -121.669889     3.764       34.6       36.5      119.4      6.7     14.5     23.6 1990  7  5 20  4 42.800 1.7   1
   205031  37.289677 -121.670654     3.451      -33.5      -70.6     -193.7     17.0     14.0     43.7 1991  1 20  5  0 30.930 1.2   1
   208364  37.291508 -121.671452     3.592     -103.9      133.0      -52.3      9.3      8.7     17.5 1991  3 22 11 23 27.560 1.0   1
   215747  37.289311 -121.669263     3.548       90.3     -111.1      -96.7      7.0      7.5     13.4 1991  5 29  9 45 22.620 1.8   1
   227435  37.289779 -121.670907     3.511      -55.5      -59.2     -134.2     15.0     12.9     35.3 1991  8 10 17  6  5.760 1.2   1
   238704  37.289950 -121.670142     3.603       12.6      -40.3      -42.1      7.6      8.0     14.6 1991 12  3  5 24 24.980 2.0   1
   238790  37.289514 -121.669458     3.552       72.7      -88.3      -92.4      6.9      7.6     14.6 1991 12  4  0  8 49.550 1.9   1
   261841  37.291492 -121.671419     3.596     -101.1      131.1      -48.5      9.6      8.8     19.7 1992  4  6  9 39 49.410 0.9   1
   312743  37.290812 -121.670687     3.568      -36.0       55.5      -77.0     11.1      8.7     23.0 1992  8 29 17  4 29.020 1.6   1
   314921  37.290283 -121.669027     3.954      110.9       -3.0      308.9      7.3     19.8     55.9 1992  9 11  1 22 13.650 1.1   1
   331552  37.292285 -121.671517     3.872     -109.6      219.1      226.8      9.1     20.6     55.2 1993  1  9 17 48 38.720 1.0   1
   331635  37.291284 -121.671566     3.580     -114.0      108.1      -65.2     10.2      8.8     19.8 1993  1 10 22 13  9.440 1.2   1
 30036393  37.292643 -121.671525     4.488     -110.3      258.8      843.0      9.2      9.7     98.6 1993 12  1  0 25 49.530 1.0   1
   389286  37.289205 -121.669295     3.559       87.4     -122.6      -86.1      7.0      7.5     13.8 1993 12 20 22 35  7.800 1.8   1
   399980  37.289974 -121.670866     3.575      -52.0      -37.6      -69.4     15.1     12.6     33.3 1994  4  6  4 11 34.960 1.4   1
 30062741  37.290621 -121.669743     3.887       47.5       34.2      241.7      7.1     16.6     43.3 1994 11 16 16 50 58.150 2.0   1
 30062748  37.290861 -121.670117     3.837       14.7       61.1      192.7      7.7     20.0     53.4 1994 11 16 18  3 42.360 1.3   1
 30069218  37.290133 -121.668856     3.867      126.5      -19.9      222.1      7.2     18.2     49.1 1995  3  3  9 38 49.200 1.2   1
 30069222  37.290157 -121.668896     3.897      123.0      -17.3      252.6      7.2     16.7     43.6 1995  3  3 12 30 15.850 1.8   1
 30069457  37.289258 -121.669100     3.627      104.6     -116.9      -18.2      7.2      8.0     14.6 1995  3  7 13 19 41.960 1.3   1
 30073191  37.291838 -121.671720     3.713     -127.7      169.4       67.8     32.1     76.1    223.1 1995  5 14 11 18 47.000 1.0   1
 30076454  37.291707 -121.669702     2.680       51.3      155.1     -964.7    295.6    340.6    490.7 1995  7  4 11 20 49.790 2.7   1
 30092060  37.289461 -121.669320     3.581       85.1      -94.3      -64.0      7.0      7.5     14.1 1995 12 15 18 53 39.820 1.8   1
