    17842  37.289347 -121.669548     3.639       64.6     -107.0       -5.6      5.4      6.4     16.6 1984  4 25  4 35 19.170 1.9   1
    16751  37.291443 -121.671362     3.608      -95.8      125.3      -37.1     10.6     10.4     23.3 1984  4 27  7 48 23.500 1.0   1
    21644  37.290959 -121.670825     3.638      -48.4       71.9       -6.6      8.0      8.3     19.1 1984  6 27 14 50 38.140 1.6   1
    22271  37.290942 -121.671484     3.525     -106.6       69.9     -120.2     27.2     39.4     87.4 1984  7  7  0 17  9.970 2.7   1
    22280  37.289791 -121.669434     3.687       75.1      -57.8       42.6      8.1     14.4     26.8 1984  7  7  2 35  4.060 1.5   1
    23190  37.289950 -121.670117     3.628       14.5      -40.3      -16.5      5.8      8.8     16.0 1984  7 17 16 24 49.440 1.9   1
    25096  37.289783 -121.670964     3.543      -60.8      -58.6     -101.7     13.8     14.3     37.2 1984  8  7  9  7  6.330 1.2   1
    28475  37.291630 -121.671794     3.673     -134.4      146.5       28.0      8.5     11.6     25.4 1984  9 23  8 43 14.720 1.1   1
    32049  37.289364 -121.669653     3.622       55.6     -105.3      -22.8      5.5      5.8     14.2 1984 11 18  0 28 55.240 1.7   1
    35109  37.290898 -121.670768     3.616      -43.1       64.8      -28.5      9.5      7.8     22.1 1984 12 22  4 43 44.710 1.6   1
    42349  37.289437 -121.669629     3.674       57.5      -97.3       29.7      7.8     11.6     28.1 1985  2 28  1  9 58.300 0.8   1
    42555  37.289225 -121.669401     3.615       77.8     -120.5      -29.6      6.0      6.7     16.4 1985  3  2  6 53 56.010 1.7   1
    42559  37.289921 -121.670028     3.606       22.2      -43.2      -38.5      6.6      7.0     17.4 1985  3  2  8 55  3.470 1.9   1
    42643  37.289579 -121.669784     3.597       44.1      -81.2      -48.0      5.6      6.7     16.9 1985  3  2  8 55 29.590 2.1   1
    42560  37.290234 -121.670589     3.629      -27.6       -8.6      -16.3      7.6      8.0     22.3 1985  3  2  8 58  0.480 1.2   1
    49626  37.291597 -121.671672     3.656     -123.7      142.8       11.6      8.4     12.3     27.1 1985  6 15  1 38 57.380 0.9   1
    54084  37.289941 -121.670060     3.623       19.6      -41.1      -21.5      6.5      6.5     15.6 1985  8 28 20 35 10.100 1.6   1
    57770  37.289754 -121.670931     3.525      -57.9      -61.9     -119.6     15.4     14.2     37.1 1985 10 28  3 55 38.130 1.3   1
    62514  37.289351 -121.669661     3.624       54.6     -106.4      -21.2      5.7      5.9     15.0 1985 12 31 15 50 52.230 1.7   1
    62520  37.289294 -121.669466     3.638       72.3     -113.1       -7.2      5.8      6.1     15.7 1985 12 31 18  3  3.480 1.6   1
    67820  37.290869 -121.670630     3.573      -31.1       61.8      -71.8      9.0      7.9     20.6 1986  3  8 10 32  4.410 1.6   1
    73786  37.288802 -121.669767     3.414       45.6     -167.4     -231.0     43.1     50.3    129.7 1986  6  1 10 51 31.460 1.2   1
    77218  37.289917 -121.670028     3.585       22.7      -44.0      -60.1      7.8      7.2     21.6 1986  7 25  9 22 50.290 2.3   1
    77296  37.290230 -121.670630     3.627      -31.2       -9.1      -18.1     11.6     10.3     35.6 1986  7 25 16  1 52.100 1.1   1
    81017  37.291496 -121.671509     3.569     -109.2      131.5      -75.3      9.4     12.3     30.8 1986  9  2  7 24 15.870 0.8   1
    82606  37.290597 -121.671175     3.377      -79.4       31.5     -267.7     28.3     45.3    102.9 1986  9 15 20 17 49.920 2.7   1
    83805  37.290898 -121.670638     3.551      -31.8       65.0      -94.1      7.9      7.5     18.3 1986  9 25 12  1 52.830 1.4   1
    88698  37.291573 -121.671493     3.601     -107.6      140.2      -43.5      9.1      8.5     20.3 1986 11 25 13  0 35.660 1.0   1
   101361  37.289852 -121.669816     3.539       41.2      -50.9     -106.0      5.9      6.8     16.6 1987  6  3  6 56  7.740 1.9   1
   101362  37.289233 -121.669320     3.526       85.1     -119.7     -118.4      5.8      6.0     15.9 1987  6  3  6 58 51.320 1.7   1
   102776  37.291541 -121.671484     3.584     -106.5      136.4      -61.3      9.3      9.0     22.8 1987  7  7  1 44 26.990 1.0   1
   103138  37.289539 -121.669621     3.539       58.6      -85.8     -105.7      5.6      6.1     15.6 1987  7 14 19  2 57.020 1.7   1
   110939  37.289612 -121.670508     3.420      -20.2      -77.8     -225.1     15.1     13.8     37.4 1988  1 15  1 56 42.310 1.4   1
   112868  37.291565 -121.671403     3.574      -99.3      139.3      -70.3      8.9      7.9     18.8 1988  2 25 10  0 17.780 0.9   1
   120788  37.290942 -121.670630     3.593      -30.7       70.0      -51.8     11.7      8.5     27.9 1988  7 23 10 42 21.740 1.5   1
   126189  37.289929 -121.670174     3.612        9.3      -42.4      -32.6      7.4      6.8     20.0 1988 11  2  3  9 12.610 1.9   1
   126292  37.289250 -121.669523     3.565       67.2     -118.0      -79.9      5.6      5.9     15.3 1988 11  3  1 30  4.280 1.7   1
   126389  37.289213 -121.669401     3.573       78.0     -121.9      -72.2      5.8      6.5     16.3 1988 11  4 13 34 34.720 1.9   1
   148939  37.289347 -121.669442     3.566       74.1     -106.8      -78.8      5.8      5.8     15.0 1989 12 13  5 33 46.080 1.6   1
   158154  37.291825 -121.671574     3.695     -114.6      167.9       50.2      7.9     12.5     26.9 1990  5 23 11 11 37.580 1.0   1
   160503  37.290356 -121.670003     3.723       24.7        5.1       78.4      5.1     13.4     25.6 1990  7  5 20  4 42.800 1.7   1
   205031  37.289514 -121.670142     3.340       12.2      -88.3     -304.6     16.8     15.5     48.3 1991  1 20  5  0 30.930 1.2   1
   208364  37.291707 -121.671517     3.661     -110.0      155.1       16.3      8.1     11.8     27.0 1991  3 22 11 23 27.560 1.0   1
   215747  37.289388 -121.669393     3.569       78.5     -102.5      -75.6      5.5      5.9     15.1 1991  5 29  9 45 22.620 1.8   1
   227435  37.289685 -121.670589     3.449      -27.1      -69.6     -195.3     14.4     14.0     37.0 1991  8 10 17  6  5.760 1.2   1
   238704  37.290007 -121.670109     3.605       15.4      -34.0      -39.5      6.1      6.9     16.8 1991 12  3  5 24 24.980 2.0   1
   238790  37.289608 -121.669653     3.583       55.8      -78.1      -61.6      5.4      6.2     16.1 1991 12  4  0  8 49.550 1.9   1
   261841  37.291545 -121.671346     3.620      -94.6      136.6      -24.8      9.5      8.1     24.8 1992  4  6  9 39 49.410 0.9   1
   312743  37.291890 -121.670524     4.007      -21.5      175.4      362.6      8.3      8.1    251.7 1992  8 29 17  4 29.020 1.6   1
   314921  37.290177 -121.669165     3.857       98.8      -15.0      212.1      6.5      5.8     33.2 1992  9 11  1 22 13.650 1.1   1
   331552  37.292289 -121.671444     3.858     -103.4      219.6      212.8      8.9     23.8     65.3 1993  1  9 17 48 38.720 1.0   1
   331635  37.291325 -121.671419     3.571     -101.2      112.3      -73.3      9.9      8.1     22.8 1993  1 10 22 13  9.440 1.2   1
 30036393  37.292631 -121.671387     4.286      -97.9      257.3      640.9      8.8      9.5    233.5 1993 12  1  0 25 49.530 1.0   1
   389286  37.289286 -121.669425     3.582       75.4     -113.9      -62.8      5.6      6.0     15.6 1993 12 20 22 35  7.800 1.8   1
   399980  37.289872 -121.670524     3.511      -21.3      -48.8     -133.7     14.6     13.6     34.9 1994  4  6  4 11 34.960 1.4   1
 30062741  37.290580 -121.669857     3.840       37.3       30.0      195.6      6.0     18.5     51.6 1994 11 16 16 50 58.150 2.0   1
 30062748  37.290759 -121.670215     3.790        5.5       49.6      144.8      7.0     22.9     63.8 1994 11 16 18  3 42.360 1.3   1
 30069218  37.290043 -121.668978     3.823      115.6      -30.0      177.9      6.2     20.7     59.1 1995  3  3  9 38 49.200 1.2   1
 30069222  37.290104 -121.669002     3.862      113.1      -23.1      217.3      6.1     18.8     52.4 1995  3  3 12 30 15.850 1.8   1
 30069457  37.289315 -121.669198     3.635       96.0     -110.7      -10.1      6.1      6.8     16.9 1995  3  7 13 19 41.960 1.3   1
 30073191  37.291882 -121.671680     3.719     -124.1      174.3       74.5     12.9      8.6     24.8 1995  5 14 11 18 47.000 1.0   1
 30076454  37.290816 -121.671232     3.497      -84.1       55.8     -148.0     27.6     44.1     96.6 1995  7  4 11 20 49.790 2.7   1
 30092060  37.289539 -121.669466     3.602       72.4      -85.8      -43.0      5.6      6.1     16.1 1995 12 15 18 53 39.820 1.8   1
