    17842  37.289307 -121.669344     3.616       82.7     -111.6      -28.7      5.5      5.6     14.3 1984  4 25  4 35 19.170 1.9   1
    16751  37.291431 -121.671354     3.599      -95.6      124.1      -45.5      9.7      9.1     20.8 1984  4 27  7 48 23.500 1.0   1
    21644  37.290938 -121.670841     3.628      -49.7       69.4      -16.3      7.2      7.3     17.1 1984  6 27 14 50 38.140 1.6   1
    22271  37.291305 -121.671240     3.635      -85.3      110.3       -9.4     24.1     30.9     41.5 1984  7  7  0 17  9.970 2.7   1
    22280  37.289119 -121.669434     3.444       75.2     -132.4     -201.2      7.6     23.5     72.5 1984  7  7  2 35  4.060 1.5   1
    23190  37.289929 -121.670011     3.621       23.9      -42.6      -23.4      5.4      7.6     14.1 1984  7 17 16 24 49.440 1.9   1
    25096  37.289893 -121.671175     3.592      -79.7      -46.6      -52.6     13.1     12.9     35.4 1984  8  7  9  7  6.330 1.2   1
    28475  37.291642 -121.671867     3.674     -140.7      147.7       28.8      7.7      9.9     21.6 1984  9 23  8 43 14.720 1.1   1
    32049  37.289343 -121.669556     3.614       64.1     -107.5      -30.6      5.1      5.1     12.6 1984 11 18  0 28 55.240 1.7   1
    35109  37.290877 -121.670785     3.606      -44.9       62.8      -38.8      8.6      6.9     20.1 1984 12 22  4 43 44.710 1.6   1
    42349  37.289461 -121.669588     3.688       61.2      -94.3       43.3      7.2     10.0     24.6 1985  2 28  1  9 58.300 0.8   1
    42555  37.289201 -121.669295     3.607       87.1     -123.3      -37.4      5.5      5.8     14.2 1985  3  2  6 53 56.010 1.7   1
    42559  37.289905 -121.669914     3.599       32.5      -45.3      -46.2      6.0      6.1     15.0 1985  3  2  8 55  3.470 1.9   1
    42643  37.289563 -121.669678     3.588       53.4      -83.2      -56.4      5.2      5.8     14.7 1985  3  2  8 55 29.590 2.1   1
    42560  37.290234 -121.670540     3.633      -23.4       -8.4      -11.9      7.1      7.1     20.4 1985  3  2  8 58  0.480 1.2   1
    49626  37.291626 -121.671745     3.661     -129.6      145.9       16.2      7.6     10.6     23.1 1985  6 15  1 38 57.380 0.9   1
    54084  37.289921 -121.669963     3.616       28.2      -43.5      -29.1      5.9      5.7     13.7 1985  8 28 20 35 10.100 1.6   1
    57770  37.289860 -121.671175     3.574      -79.3      -50.2      -70.4     14.2     12.7     34.4 1985 10 28  3 55 38.130 1.3   1
    62514  37.289335 -121.669564     3.616       63.2     -108.4      -29.0      5.2      5.2     13.2 1985 12 31 15 50 52.230 1.7   1
    62520  37.289266 -121.669368     3.631       81.0     -115.9      -14.1      5.4      5.3     13.6 1985 12 31 18  3  3.480 1.6   1
    67820  37.290853 -121.670646     3.564      -32.4       60.0      -81.0      8.0      6.9     18.7 1986  3  8 10 32  4.410 1.6   1
    73786  37.289140 -121.670386     3.572       -9.5     -129.9      -72.9     37.5     43.1    111.7 1986  6  1 10 51 31.460 1.2   1
    77218  37.289893 -121.669914     3.576       32.1      -46.4      -69.2      6.9      6.3     18.6 1986  7 25  9 22 50.290 2.3   1
    77296  37.290226 -121.670549     3.624      -23.5       -9.7      -20.7     10.0      9.1     30.8 1986  7 25 16  1 52.100 1.1   1
    81017  37.291524 -121.671574     3.572     -114.6      134.4      -72.6      8.6     10.5     26.4 1986  9  2  7 24 15.870 0.8   1
    82606  37.291012 -121.670980     3.510      -62.3       77.9     -134.8     23.8     32.0     45.8 1986  9 15 20 17 49.920 2.7   1
    83805  37.290894 -121.670654     3.546      -33.1       64.7      -99.2      7.2      6.6     16.7 1986  9 25 12  1 52.830 1.4   1
    88698  37.291585 -121.671566     3.599     -114.1      141.2      -45.7      8.4      7.5     18.4 1986 11 25 13  0 35.660 1.0   1
   101361  37.289860 -121.669751     3.544       46.8      -50.1     -100.7      5.6      6.0     14.9 1987  6  3  6 56  7.740 1.9   1
   101362  37.289246 -121.669287     3.539       88.3     -118.3     -106.2      5.5      5.3     14.4 1987  6  3  6 58 51.320 1.7   1
   102776  37.291561 -121.671549     3.584     -112.6      138.7      -60.9      8.5      7.8     20.3 1987  7  7  1 44 26.990 1.0   1
   103138  37.289547 -121.669580     3.549       62.3      -84.8      -96.1      5.3      5.3     14.1 1987  7 14 19  2 57.020 1.7   1
   110939  37.289775 -121.670858     3.503      -50.9      -59.7     -142.2     14.5     12.5     35.9 1988  1 15  1 56 42.310 1.4   1
   112868  37.291585 -121.671452     3.570     -104.1      141.1      -74.5      8.1      6.9     17.2 1988  2 25 10  0 17.780 0.9   1
   120788  37.290926 -121.670646     3.582      -32.7       68.3      -62.9     10.4      7.5     25.1 1988  7 23 10 42 21.740 1.5   1
   126189  37.289905 -121.670052     3.601       20.4      -45.0      -44.0      6.8      6.0     17.6 1988 11  2  3  9 12.610 1.9   1
   126292  37.289254 -121.669450     3.569       73.9     -117.6      -75.8      5.4      5.2     13.8 1988 11  3  1 30  4.280 1.7   1
   126389  37.289201 -121.669320     3.574       85.3     -123.1      -71.1      5.6      5.6     14.5 1988 11  4 13 34 34.720 1.9   1
   148939  37.289303 -121.669336     3.545       83.5     -112.1      -99.9      5.8      5.1     13.7 1989 12 13  5 33 46.080 1.6   1
   158154  37.291764 -121.671663     3.680     -122.8      161.0       35.3      7.3     10.6     22.9 1990  5 23 11 11 37.580 1.0   1
   160503  37.290633 -121.669881     3.755       35.3       35.8      110.5      5.0     13.9     24.7 1990  7  5 20  4 42.800 1.7   1
   205031  37.289644 -121.670418     3.404      -12.1      -74.2     -240.5     15.5     13.7     43.4 1991  1 20  5  0 30.930 1.2   1
   208364  37.291565 -121.671476     3.597     -106.4      139.2      -47.4      8.2      7.1     17.7 1991  3 22 11 23 27.560 1.0   1
   215747  37.289351 -121.669279     3.553       88.5     -106.5      -91.3      5.3      5.2     13.4 1991  5 29  9 45 22.620 1.8   1
   227435  37.289775 -121.670776     3.489      -44.0      -59.6     -155.5     13.5     12.4     34.3 1991  8 10 17  6  5.760 1.2   1
   238704  37.289978 -121.670060     3.597       19.2      -36.8      -48.1      5.9      6.0     14.8 1991 12  3  5 24 24.980 2.0   1
   238790  37.289559 -121.669499     3.560       69.3      -83.5      -84.6      5.2      5.4     14.6 1991 12  4  0  8 49.550 1.9   1
   261841  37.291536 -121.671419     3.593     -101.0      135.7      -52.0      8.6      7.1     20.3 1992  4  6  9 39 49.410 0.9   1
   312743  37.290816 -121.670549     3.551      -23.6       56.2      -93.8      9.7      7.0     22.9 1992  8 29 17  4 29.020 1.6   1
   314921  37.290181 -121.669059     3.875      108.4      -14.6      230.1      6.0      4.8     29.0 1992  9 11  1 22 13.650 1.1   1
   331552  37.292301 -121.671525     3.860     -110.4      220.6      215.3      8.1     20.8     57.6 1993  1  9 17 48 38.720 1.0   1
   331635  37.291321 -121.671517     3.572     -109.8      112.0      -72.6      9.2      7.1     20.5 1993  1 10 22 13  9.440 1.2   1
 30036393  37.292680 -121.671517     4.450     -109.5      263.0      805.0      8.2      8.4    108.2 1993 12  1  0 25 49.530 1.0   1
   389286  37.289246 -121.669320     3.565       85.4     -118.2      -79.6      5.4      5.2     13.8 1993 12 20 22 35  7.800 1.8   1
   399980  37.289970 -121.670728     3.555      -40.0      -37.9      -89.8     13.6     12.1     32.3 1994  4  6  4 11 34.960 1.4   1
 30062741  37.290633 -121.669751     3.874       47.2       35.9      229.0      5.5     16.1     44.9 1994 11 16 16 50 58.150 2.0   1
 30062748  37.290873 -121.670117     3.827       14.5       62.2      181.8      6.4     19.9     55.4 1994 11 16 18  3 42.360 1.3   1
 30069218  37.290133 -121.668864     3.854      125.7      -20.0      209.0      5.8     17.9     51.0 1995  3  3  9 38 49.200 1.2   1
 30069222  37.290165 -121.668896     3.887      122.5      -16.1      242.3      5.7     16.2     45.3 1995  3  3 12 30 15.850 1.8   1
 30069457  37.289294 -121.669108     3.628      104.0     -112.8      -16.7      5.6      6.0     14.8 1995  3  7 13 19 41.960 1.3   1
 30073191  37.290059 -121.672656     3.087     -210.4      -27.8     -557.7     45.3     99.6    317.8 1995  5 14 11 18 47.000 1.0   1
 30076454  37.292554 -121.670776     4.050      -44.1      248.8      404.8     27.4     63.2    155.0 1995  7  4 11 20 49.790 2.7   1
 30092060  37.289506 -121.669344     3.586       82.9      -89.6      -58.7      5.3      5.3     14.2 1995 12 15 18 53 39.820 1.8   1
