    17842  37.289429 -121.668652     3.612      144.4      -97.8      -33.1     51.5     57.8     65.7 1984  4 25  4 35 19.170 1.9   1
    16751  37.289925 -121.674691     3.530     -391.1      -43.1     -115.2     79.8     73.8     79.9 1984  4 27  7 48 23.500 1.0   1
    21644  37.290841 -121.671191     3.635      -80.8       58.8      -10.2     48.3     44.5     57.8 1984  6 27 14 50 38.140 1.6   1
    22271  37.290141 -121.671867     3.574     -140.4      -19.2      -71.1     49.5     95.5     58.8 1984  7  7  0 17  9.970 2.7   1
    22280  37.289848 -121.669116     3.551      103.5      -51.6      -94.0     62.0    124.2     69.6 1984  7  7  2 35  4.060 1.5   1
    23190  37.290413 -121.669222     3.504       93.6       11.5     -140.8     46.8    103.9     53.8 1984  7 17 16 24 49.440 1.9   1
    25096  37.289632 -121.670638     3.478      -31.7      -75.6     -166.6     54.5     70.8     61.5 1984  8  7  9  7  6.330 1.2   1
    28475  37.291988 -121.671370     3.518      -96.6      186.1     -126.3     72.4     98.8    118.8 1984  9 23  8 43 14.720 1.1   1
    32049  37.288440 -121.669425     3.569       75.6     -207.7      -75.8     49.5     48.4     64.7 1984 11 18  0 28 55.240 1.7   1
    35109  37.291130 -121.670272     3.562        1.0       90.9      -82.3     42.1     40.9     55.1 1984 12 22  4 43 44.710 1.6   1
    42349  37.288208 -121.668970     3.699      116.0     -233.6       53.7     65.6     50.8     62.4 1985  2 28  1  9 58.300 0.8   1
    42555  37.289246 -121.669010     3.599      112.2     -118.2      -45.6     40.3     40.5     53.2 1985  3  2  6 53 56.010 1.7   1
    42559  37.289811 -121.669564     3.547       63.5      -55.4      -98.0     36.1     35.4     46.7 1985  3  2  8 55  3.470 1.9   1
    42643  37.289311 -121.669246     3.561       91.7     -111.0      -83.9     43.1     43.4     55.4 1985  3  2  8 55 29.590 2.1   1
    42560  37.290365 -121.669954     3.649       28.9        6.0        4.7     39.5     36.9     48.0 1985  3  2  8 58  0.480 1.2   1
    49626  37.291597 -121.671370     3.696      -97.0      142.5       50.8     72.2     76.0     93.9 1985  6 15  1 38 57.380 0.9   1
    54084  37.290019 -121.669548     3.592       65.1      -32.6      -52.8     39.9     39.3     51.5 1985  8 28 20 35 10.100 1.6   1
    57770  37.290373 -121.672005     3.478     -153.2        6.7     -166.7     62.8     62.5     65.0 1985 10 28  3 55 38.130 1.3   1
    62514  37.289067 -121.668538     3.624      154.4     -138.2      -20.9     50.3     57.9     60.8 1985 12 31 15 50 52.230 1.7   1
    62520  37.289465 -121.669141     3.592      100.7      -93.9      -52.8     48.6     67.5     68.9 1985 12 31 18  3  3.480 1.6   1
    67820  37.290446 -121.672257     3.533     -175.6       15.1     -111.4     64.6     58.2     80.5 1986  3  8 10 32  4.410 1.6   1
    73786  37.290011 -121.668807     3.381      130.4      -33.3     -263.7     53.9     77.2     66.6 1986  6  1 10 51 31.460 1.2   1
    77218  37.290076 -121.669425     3.611       75.7      -26.2      -33.8     45.8     45.2     58.8 1986  7 25  9 22 50.290 2.3   1
    77296  37.290495 -121.671842     3.431     -138.5       20.2     -213.8     77.7     57.8     70.4 1986  7 25 16  1 52.100 1.1   1
    81017  37.292411 -121.671826     3.662     -137.4      232.8       17.4     58.4     72.7     68.1 1986  9  2  7 24 15.870 0.8   1
    82606  37.291720 -121.671077     3.589      -70.8      156.1      -56.2     48.3     48.9     64.8 1986  9 15 20 17 49.920 2.7   1
    83805  37.291158 -121.670516     3.599      -21.1       93.8      -45.9     42.2     39.1     52.0 1986  9 25 12  1 52.830 1.4   1
    88698  37.291667 -121.671297     4.386      -90.4      150.4      740.7     68.3     79.2    178.8 1986 11 25 13  0 35.660 1.0   1
   101361  37.290385 -121.669222     3.607       93.7        8.1      -37.6     50.5     50.2     65.9 1987  6  3  6 56  7.740 1.9   1
   101362  37.289144 -121.669897     3.517       34.1     -129.6     -128.3     44.5     43.9     58.4 1987  6  3  6 58 51.320 1.7   1
   102776  37.291980 -121.671191     3.642      -80.9      185.0       -2.8     62.7     68.7     81.5 1987  7  7  1 44 26.990 1.0   1
   103138  37.289486 -121.669702     3.565       51.5      -91.9      -80.0     42.5     40.2     54.5 1987  7 14 19  2 57.020 1.7   1
   110939  37.290771 -121.671273     3.453      -88.2       51.2     -191.4     57.1     55.8     71.7 1988  1 15  1 56 42.310 1.4   1
   112868  37.292607 -121.671452     4.347     -103.9      254.7      701.9     53.5     58.4    105.6 1988  2 25 10  0 17.780 0.9   1
   120788  37.290495 -121.671167     3.556      -78.6       20.5      -89.2     48.9     43.5     58.0 1988  7 23 10 42 21.740 1.5   1
   126189  37.288586 -121.673478     3.794     -283.9     -191.4      148.9     47.4     45.9     56.4 1988 11  2  3  9 12.610 1.9   1
   126292  37.289787 -121.668962     3.511      116.9      -58.3     -133.5     42.3     47.4     53.6 1988 11  3  1 30  4.280 1.7   1
   126389  37.288883 -121.669857     3.617       37.8     -158.5      -27.5     45.8     46.0     59.4 1988 11  4 13 34 34.720 1.9   1
   148939  37.289689 -121.669336     3.629       84.0      -69.2      -15.9     51.7     57.5     72.8 1989 12 13  5 33 46.080 1.6   1
   158154  37.291752 -121.672038     3.769     -156.1      159.9      124.0     55.5     65.2     79.7 1990  5 23 11 11 37.580 1.0   1
   160503  37.290776 -121.668856     3.610      126.5       51.6      -34.8     36.3     42.5     46.3 1990  7  5 20  4 42.800 1.7   1
   205031  37.290747 -121.669482     3.410       70.4       48.1     -234.5     74.2     53.6     75.0 1991  1 20  5  0 30.930 1.2   1
   208364  37.292354 -121.671313     3.692      -91.4      226.5       46.8     61.7     60.9     77.4 1991  3 22 11 23 27.560 1.0   1
   215747  37.288944 -121.669352     3.575       82.6     -151.6      -70.1     43.8     51.0     54.9 1991  5 29  9 45 22.620 1.8   1
   227435  37.289636 -121.669531     3.554       66.4      -75.2      -91.1     50.5     60.8     51.6 1991  8 10 17  6  5.760 1.2   1
   238704  37.290169 -121.669474     3.603       71.1      -15.8      -41.5     37.5     36.2     48.3 1991 12  3  5 24 24.980 2.0   1
   238790  37.289734 -121.669482     3.647       71.1      -63.9        2.6     40.2     40.6     51.8 1991 12  4  0  8 49.550 1.9   1
   261841  37.292269 -121.671102     3.746      -72.6      217.3      100.7     65.1     81.4    117.2 1992  4  6  9 39 49.410 0.9   1
   312743  37.290898 -121.671134     3.714      -76.0       65.2       69.4     55.2     64.6     66.2 1992  8 29 17  4 29.020 1.6   1
   314921  37.288017 -121.669100     3.644      104.7     -254.9       -0.9     52.7     49.6     75.1 1992  9 11  1 22 13.650 1.1   1
   331552  37.292472 -121.672030     3.771     -154.8      240.0      126.0     78.5     75.9    111.9 1993  1  9 17 48 38.720 1.0   1
   331635  37.291284 -121.671086     3.588      -71.5      108.1      -56.5     75.9     66.3     68.2 1993  1 10 22 13  9.440 1.2   1
 30036393  37.292240 -121.671094     3.798      -71.9      214.0      153.5     63.0     68.6    114.7 1993 12  1  0 25 49.530 1.0   1
   389286  37.288814 -121.669507     3.532       68.4     -166.0     -113.2     50.5     60.2     62.0 1993 12 20 22 35  7.800 1.8   1
   399980  37.290495 -121.670378     3.485       -8.9       20.2     -159.6     42.6     48.2     51.5 1994  4  6  4 11 34.960 1.4   1
 30062741  37.290190 -121.669938     3.511       30.7      -13.7     -134.1     44.5     39.0     53.1 1994 11 16 16 50 58.150 2.0   1
 30062748  37.290397 -121.669368     3.654       81.1        9.3        9.0     66.4     73.7     60.0 1994 11 16 18  3 42.360 1.3   1
 30069218  37.289136 -121.669198     3.772       96.2     -130.6      127.0     50.2     63.8     69.7 1995  3  3  9 38 49.200 1.2   1
 30069222  37.289535 -121.669173     3.650       98.2      -86.3        5.6     49.1     53.5     57.4 1995  3  3 12 30 15.850 1.8   1
 30069457  37.290149 -121.669116     3.558      103.1      -18.2      -86.9     69.2     69.1     69.5 1995  3  7 13 19 41.960 1.3   1
 30073191  37.291138 -121.673608     3.621     -295.4       91.6      -24.1    128.9    101.8    104.2 1995  5 14 11 18 47.000 1.0   1
 30076454  37.291162 -121.671248     3.560      -85.9       94.5      -84.7     51.4     50.2     69.6 1995  7  4 11 20 49.790 2.7   1
 30092060  37.289648 -121.669206     3.535       95.3      -73.8     -110.2     44.1     49.4     54.7 1995 12 15 18 53 39.820 1.8   1
