 % This stores fret (the f-value) and iter (number of iterations to converge)
  -2347.20884462699        300.000000000000     
  -2347.20884461509        265.000000000000     
  -2347.20884460387        260.000000000000     
  -2347.20884462623        294.000000000000     
  -2347.20884462476        512.000000000000     
  -2347.20884461626        434.000000000000     
  -2347.20884462369        251.000000000000     
  -2347.20884462546        262.000000000000     
  -2347.20884462414        398.000000000000     
  -2347.20884462672        326.000000000000     
  -2347.20884462719        228.000000000000     
  -2347.20884462574        278.000000000000     
  -2347.20884461786        217.000000000000     
  -2347.20884462252        195.000000000000     
  -2347.20884462730        364.000000000000     
  -2347.20884461803        352.000000000000     
  -2347.20884462635        416.000000000000     
  -2347.20884461836        227.000000000000     
  -2347.20884462689        353.000000000000     
  -2347.20884462394        168.000000000000     
  -2347.20884462776        197.000000000000     
  -2347.20884462762        190.000000000000     
  -2347.20884462625        380.000000000000     
  -2347.20884462344        188.000000000000     
  -2347.20884461828        177.000000000000     
  -2347.20884462482        224.000000000000     
  -2347.20884460428        317.000000000000     
  -2347.20884462551        299.000000000000     
  -2347.20884462479        325.000000000000     
  -2347.20884462738        243.000000000000     
