   3.5035613e+00   9.3423689e+01   9.8490295e+01   8.3574254e+01   3.4032828e+01   1.7520232e+01   8.0751441e+01   8.0495039e+01   8.2901190e+01   3.3239305e+01   4.8103617e+01   8.7748406e+01   2.1121073e+01   7.1486048e+01   4.0630764e+01   6.9276683e+01   3.3566665e+01   5.4847559e+01   9.2277933e+01   1.6487894e+01   7.3062858e+01   4.4127950e+01   5.9072658e+01   8.1496666e+01   1.0314839e+01   8.7171424e+01   2.2358560e+01   6.2960573e+01   9.0061817e+01   6.7043388e+01
  -4.0826271e+01  -8.1265664e+01  -4.4578125e+01   4.2197547e+01   8.1689911e+01   5.4190328e+01   4.4707791e+01  -3.6774398e+01  -5.0631072e+01   9.3225671e+01  -8.6856744e+01   7.2237111e+01  -1.5561162e+01   7.1267299e+01   2.2962716e+01   1.5436285e+01   8.7414154e+01   3.4022123e+01   6.6486989e+01  -6.2646255e+01   6.9176447e+01  -1.5103524e+01   7.8345432e+01   8.7068879e+01  -8.0335643e+01   1.9768394e+01  -7.0158883e+01  -6.5320184e+01   5.2087588e+01  -4.3575362e+00
   6.5436354e+00   3.8627732e+01   9.0179024e+01   3.4167443e+01   1.6041307e+01   3.1577559e+01   2.4499544e+01   7.9095734e+01   5.5657895e+01   8.1638121e+01   8.6521592e+01   9.2131754e+01   4.7926091e+01   2.7179600e+01   1.5685846e+01   7.5150355e+01   2.7028941e+00   5.7717650e+01   7.6937449e+01   6.4129410e+01   6.9756044e+00   7.6854244e+01   4.2241993e+01   9.7856216e+01   2.0984154e+01   3.1013917e+01   8.0579614e+01   6.3384197e+01   5.3002757e+01   7.4936658e+01
   1.2188620e+01  -3.4319723e+01  -7.6665418e+01   5.1312060e+01   8.0948619e+01   1.7714448e+01  -7.0715784e+01  -4.6082581e+01  -7.2326040e+01   5.5026120e+01  -8.4048977e+00   3.7390235e+01  -7.7397216e+01   9.6191458e+01  -7.3635208e+01  -1.0213811e+01   7.0028612e+01   4.8518576e+01  -6.1090719e+01  -2.5053169e+01   3.4013582e+01  -1.1739445e+01  -1.8740786e+00  -3.8599071e+01   1.5196228e+00   9.8090489e+01  -9.6775684e+01   6.9504690e+01  -7.8948082e+01   5.6186697e+01
  -2.0128265e+01   1.2278792e+01   8.8183299e+01  -8.3198119e+01   3.6057422e+01  -7.7374747e+01  -7.1801814e+00  -4.3994795e+01  -8.1581034e+01  -1.5552570e+01  -4.0613888e+01  -5.6924715e+00  -8.0543870e+01  -7.7661913e+01  -6.0465597e+01   3.3721123e+01   5.4391453e+01   7.4455227e+01  -9.5475043e+01  -7.6272820e+01   3.1962249e+01   9.9998437e+00   5.0618747e+01  -4.5374064e+00   1.9526373e+01   6.2675687e+01   2.3035226e-01  -4.1166885e+01   1.1558592e+01   5.6440670e+01
   8.1943249e+01   1.3266551e+01   9.7585252e+01   4.0238851e+01   4.4083036e+01   2.1308239e+01   5.0355449e+00   5.3709560e+01   3.8895728e+01   3.7292675e+01   5.7233139e+01   6.8391296e+01   8.9410031e+01   5.2362402e+01   8.6382066e+00   4.8848837e+01   1.4584284e+01   3.5821962e+01   3.5070849e+01   8.6260629e+01   7.4831024e+01   8.6251063e+01   6.0610375e+01   7.8163300e+01   6.6975066e+01   9.7928574e+01   3.6523756e+01   3.9607556e+01   3.5606522e+00   7.0194340e+01
   3.1374382e+01   6.8819478e+01   3.6922847e+01   1.7221933e+01  -4.9366530e+01   6.3094604e+01  -6.9159905e+01   8.8219331e+01   8.0017131e+01  -5.4391907e-01   3.6015827e+01   5.9797593e+01   7.6778909e+01  -2.1552180e+01  -5.6781304e+01  -4.7071030e+01   2.1310856e+00   8.4169088e+01  -4.7891855e+01   4.1189336e+01   1.4235689e+01   8.0769039e+01   5.5855971e+01  -3.0193743e+01  -6.4213157e+01  -3.4974182e+01  -2.3263331e+01  -3.0990909e+01   7.5380453e+01  -9.7561537e+01
  -2.7006802e+00  -6.6806740e+00  -6.8807834e+01   9.6559479e+01  -8.4189967e+00   5.1294472e+01   6.1108115e-01   7.1073084e+01   4.6696387e+00   9.9594133e+01   2.6627040e+01   6.2526144e+01  -9.5045418e+01   9.5963541e+01  -1.7236198e+01   3.1085099e+01   5.6317012e+01   4.4102506e+01   6.4098846e+01   6.5041500e+01  -6.6989630e+01   7.1710692e+01  -5.3109677e+01  -6.9448554e-02   8.1505640e+01   4.4790640e+01  -1.9147918e+01  -9.1951990e+01  -7.2274406e+01   1.7842007e+01
   5.5170813e+01   2.5132674e+01   5.5172244e+01  -9.6542062e+01  -4.5684553e+01   7.2869765e+01   8.8994013e+01  -1.2843592e+01   2.5101742e+01  -9.0262776e+01  -7.6546170e+00  -6.2282500e+01  -3.3393109e+01  -8.0185217e+01   4.3210200e+01  -1.3041281e+01   4.4711089e+01   2.0422899e+00   2.0217417e+01  -8.3946662e+01  -5.9200686e+01  -2.3900637e+01  -3.2755827e+01   4.2381659e+01  -4.4330743e+01   7.3290533e+00  -8.2699903e+01  -2.0177924e+01   5.1595680e+01  -3.0877922e+01
   2.3214551e+01   9.4147407e+01  -7.2120717e+01   3.9664360e+01  -9.1957751e+01  -8.9365365e+01  -4.4889782e+00   1.0169172e+01   1.7653534e+01  -9.1739765e+01   7.5360280e+01   5.9618339e+01   7.0778882e+01  -8.1149497e+01  -3.8858980e-01   2.4179154e+01   2.2870374e+01   7.9082141e+01   2.6989400e+01  -2.3217464e+01  -1.4494594e+01   7.7631743e+01   5.0223134e+01  -3.7341529e+01  -4.9320376e+01  -6.3906017e+01  -6.1836229e+01   8.3836608e+01  -2.9146104e+01   6.6163655e+01
   3.7231509e+01  -6.1377851e+01  -1.2296166e+01  -1.6761567e+01  -1.7300438e+01  -1.2603437e+01  -7.0569815e+01  -3.5429208e+01   4.6782455e+01  -6.6748715e+01  -6.2695406e+01  -6.7509540e+01  -6.8463025e+01  -3.9422693e+01  -4.7113062e+01   3.6497904e+01  -9.1513931e+01  -6.9081067e+01  -1.2720838e+01  -1.8935151e+01  -6.3409602e+01   1.5895899e+01  -9.4655358e+01  -9.6976708e+01  -4.8876223e+01  -9.7495578e+01   3.9674514e+01   3.2210863e+01   7.7675226e+01   8.0487825e+00
   4.3363870e+01  -9.8434481e+01   9.9333065e+01   7.1628906e+01   2.1439664e+01  -8.2608684e+00  -7.0504107e+01   8.8205089e-01   3.7355339e+01   5.2509682e+01   9.0384323e+01   9.7017868e+01  -5.6903839e+01   1.2158575e+01   8.0578506e+01  -1.9216638e+00  -3.0823340e+01  -6.0835534e+01  -4.7316942e+01   6.5306159e+01   9.6419190e+01  -5.5227473e+01   3.6996272e+01   7.4580553e+01  -2.5759185e+01  -7.2503291e+01   7.7097261e+01  -3.7568396e+01  -3.6515150e+01  -1.8370817e-01
   2.2535739e+01  -8.0073680e+01  -7.3583114e+01  -9.4429914e+01   4.8670951e+01  -2.7075105e+01   1.2166837e+01   8.5687881e+01  -5.4542556e+01  -7.9380020e+01  -4.7672610e+01   2.3607895e+01  -1.9280032e+01   8.0533568e+01   1.6826564e+01   3.7237308e+01   1.6969241e+01   9.6371256e+01   5.9306326e+01  -9.2782791e+01  -2.8955909e-01   5.1674668e-01  -3.3024808e+01  -6.9237614e+01  -9.9157842e+01  -6.7729049e+01  -4.2868727e+01  -6.3942376e+01   9.4509361e+01   7.1048713e+01
   9.3969907e+01  -4.6501162e+01  -8.9043756e+01   5.8372219e+01   4.4629882e+01  -7.6908170e+01   5.4799821e+01   4.7783084e+01   2.7938508e+01   3.3033440e+01  -7.8748710e+01   6.9903043e+01   2.6427182e+00   4.5713547e+01  -3.1497049e+01   8.2522325e+01   4.7707513e+01   3.7989474e+01  -8.0788446e+00  -6.1666316e+00  -1.1591960e+01   1.5944184e+01   4.6215346e+01  -7.4113586e+01   2.0006411e+00   6.6154886e+01   6.7275957e+01  -2.6092407e+01  -7.0547176e+00   7.4067028e+01
   1.4942701e+00   4.9204525e+01  -1.8858691e+01   2.6680691e+01  -7.5409954e+01   6.9066192e+01   5.0731105e+00   4.3648026e+01   1.6475812e+01  -4.7120484e+01   7.9591436e+01  -3.5898977e+01   5.2788131e+01  -9.5320884e+01   8.9043777e+01   3.1648545e+01   2.4478123e+00  -7.4948731e+01  -7.5361638e+01   4.3503351e+01   3.9179556e+01   3.6741399e+00  -9.4248670e+01   8.7499034e+01  -2.3388360e+01   8.6067548e+01   8.3263135e+01  -9.2474794e+01   6.8422838e+01   6.5304891e+01
  -5.2407732e+01   5.1161899e+01  -5.3600000e+01   9.1919385e+01  -3.2359224e+01   7.8263721e+01   5.0347030e+01   8.1919693e+01  -2.3281919e+01  -4.2833919e+01   6.6129656e+00  -3.6970669e+01   2.3496594e+01   5.6008086e+01   7.6339367e+01  -9.8093140e+00   4.5614746e+01  -8.9598868e+01  -4.5520715e+01   3.8090482e+01   5.7101503e+01  -5.8189688e+01  -5.5739921e+01   1.8121502e+01   7.1236539e+01  -9.2048885e+01  -9.4550541e+01  -1.5453912e+01   4.1867616e+01   2.4118336e+01
   2.3887787e+01   3.7102444e+01   6.3701769e+01  -5.9606051e+01  -4.3548845e+01  -5.3633124e+01  -8.2266302e+01  -8.6613998e+01   6.7131192e+01   5.6288889e+01   1.5312746e+01   9.7700739e+01  -1.2581184e+01   2.7371640e+01   5.2565912e+01   9.2319587e+00  -3.0528229e+01   5.0620578e+01   7.4853877e+01   5.3788475e+01  -9.2213323e+01  -5.7497240e+01   2.8184779e+01   4.9071435e+01  -9.5093620e+01   9.0615962e+01   8.8876964e+01  -9.2105365e+01   3.6475903e+01   1.4736111e+01
   2.6283618e+01   1.3520698e+01   7.4165744e+01  -8.3804043e+01   9.2056941e+01  -2.8541625e+01  -3.4143827e+01   8.0197205e+01   5.2307850e+01   3.6516939e+01   3.6700126e+01  -6.9347145e+01   1.1410370e+01  -2.6883924e+01  -6.5325532e+01  -5.5461021e+01   8.5300648e+01  -6.8101382e+01  -7.6966323e+01  -8.9003829e+01   4.5087026e+01   9.9997798e+01   7.6766670e+01  -3.5945451e+01   3.9226109e+01  -1.2128959e+01  -3.9869604e+01  -4.3357654e+01  -3.4003157e+01  -3.6523992e+01
  -9.7192667e+01  -5.0475566e+01   7.6891433e+00  -4.9328095e+01   2.1631856e+00   7.7104627e+01  -8.1984905e+01   5.0979702e+01  -8.2080135e+01   8.1850315e+01  -8.8783610e+01  -7.4287044e+01   2.1179964e+01  -6.5944753e+00  -1.3604320e+01  -4.5224007e+01   1.5206938e+01   6.0838795e+01  -3.4501609e+01   5.5260094e+01   1.6091594e+01   2.2283678e+01   4.6053255e+01   8.7463141e+01  -3.8200543e+01  -9.0493957e+01  -8.8750785e+01  -2.9849048e+01   2.9200408e+01   2.2042066e+01
   9.3286717e+01   9.1839326e+01  -7.0380461e+01   2.0830035e+01  -7.9421285e+01   9.4310251e+01   6.9352095e+01   3.2055606e+01   9.7164651e+01  -1.5567906e+01  -3.9722931e+01  -2.4575062e+01   2.5960026e+01   2.6079747e+01   2.2101193e+01  -3.4174424e+01  -3.0332907e+01  -7.4628383e+01   7.7058128e+01  -9.7178261e-01   2.6430713e+01  -7.5680955e+01  -3.1942210e+01  -1.7338139e+01  -4.8079061e+01   7.1114235e+01   1.0137168e+01  -3.5779818e+01   5.6154744e+01   5.4452508e+01
  -1.4514975e+01  -3.9607787e+00  -5.0648272e+01  -1.1640124e+01  -5.0635637e+00   7.1241556e+01  -9.4875703e+01   3.0664967e+01  -5.3788548e+01   3.0465729e+01  -6.1835215e+01  -3.4729032e+01  -9.7470715e+01   7.4727869e+01  -9.5017129e+01  -8.8946223e+00   7.0746510e+01   7.4297803e+00   4.2028202e+00  -8.2511142e-01   1.9319245e+01  -5.8357946e+01  -7.4572008e+01   4.6943331e+00   5.1876802e+00   5.5827653e+01  -9.3062781e+01  -8.8724779e+01   3.7279311e+01  -3.5936117e+01
   1.0226273e+01   1.8560702e+01  -3.7813682e+01  -8.5119062e+01   6.9933474e+01  -4.3024727e+01  -8.4683788e+01   4.5228024e+00   7.0534752e+01  -8.8015423e+01   7.7523244e+01  -1.1227210e+01  -6.4708232e+01  -8.7109714e+01   5.0006878e+00  -7.0460247e+01  -2.2343257e+01   9.6669898e+01   5.4053588e+01   1.2251552e+01  -9.1200497e+01  -4.9668679e+01   1.4461973e+01  -1.9177466e+01  -5.9620628e+01  -3.5607015e+01  -6.7480013e+01   3.9800619e+01  -1.2902872e+01  -4.5904765e+01
   4.9303319e+01   4.9228036e+01   9.0487901e+00  -5.1478577e+01  -8.1891259e+01   4.7917973e+01  -7.5116798e+01   5.9268589e+01   6.5232395e+01  -5.5502688e+00  -5.0865601e+01   2.4001220e+01   4.8473223e+01   4.9089200e+01  -8.7076001e+01  -6.1405119e+01   4.0129129e+00   9.7754345e+01   6.5167716e+01   6.3464280e+01  -5.4004139e+00  -6.9547460e+01   4.0108082e+01  -3.9659118e+01  -9.0035770e+01  -4.5856343e+01   6.9742814e+01  -3.5886270e+01   2.9330737e+01  -9.7453692e+01
   7.3188970e+01   3.0658186e+00   8.7929572e+01  -5.9605120e+01  -8.8891522e+01   8.6193479e+01   8.4393781e+01  -5.2203232e+01  -5.0935400e+01   5.0825004e+01   5.6172322e+01   1.6000988e+01  -4.1994647e+01  -2.9701181e+01  -8.7721853e+01  -2.4370212e+01  -5.4802975e+01  -3.4576568e+01  -3.8172759e+01  -1.6412321e+01   1.2464462e+01   1.4746013e+01   4.6684660e+01  -5.3159811e+01   6.3488607e+01   6.1466151e+01  -9.1360649e+01   5.1061512e+01  -2.4555415e+01   1.0417393e+01
  -3.2656903e+01  -3.2554446e+01  -9.1501297e+01   9.3627757e+01  -1.0843028e+01  -9.1266634e+01  -4.8071268e+01   4.8758032e+01  -7.6636316e+01  -4.4568671e+01  -8.2416670e+01   5.2541430e+01   8.7266168e+01  -8.3303545e+00   6.0759800e+00   3.9608319e+01   1.6751093e+01  -1.0717501e+01   4.5498553e+01  -7.2587383e+01   8.9404376e+00  -8.3809832e+00  -2.7395973e+01  -1.0524621e+01  -5.8864574e+01   3.6067088e+01  -5.9035201e+01  -1.5875657e+01  -5.3759137e+00  -2.6088884e+01
   6.6186980e+01   2.5458143e-01   7.7920860e+01  -5.1069026e+01   9.5806923e+01  -3.9351826e+01   8.7338862e+01   7.2637394e+01   3.7237088e+01  -4.0798731e+01  -5.3042171e+01  -3.8772364e+00  -8.2102667e+01   6.1208700e+01   6.5809783e+01   9.7198228e+01   2.9364210e+01  -1.4407276e+00  -5.4316729e+01  -4.4305884e+00  -5.5011257e+01  -6.6228005e+01  -7.0949717e+01  -2.2298750e+00   8.5316140e+01   4.4543075e+01  -3.2167932e+01   2.5838303e+01   9.8709296e+01   8.8926199e+01
   8.0148702e+01   5.7678921e+01   9.7920228e+01   1.1141817e+01  -3.4250974e+00   3.2532498e+01  -3.7893183e+01  -2.8910399e+01   3.3212603e+01   2.6297460e+01   3.5472672e+01   1.0992876e+01  -4.6829065e+01  -8.5034048e+01  -1.3872917e+01  -3.9106110e+01   1.1744818e+01  -3.3224518e+01  -5.8276749e+01  -5.8039080e+01   6.4514975e+01  -8.6967705e+01  -3.8890078e+01   6.8023256e+01  -1.6131213e+01  -3.4686899e+01   8.1102803e+01  -2.3609392e+01  -6.7643053e+01   2.1048573e+01
   3.9181836e+01   4.3646798e+01   4.0525081e+01   3.9484480e+01   7.9545845e+01   4.8700918e+01  -2.5167478e+01  -4.0859081e+01   5.1200445e+01  -9.2225803e+01  -5.2920644e+01  -1.0502848e+01  -1.4933369e+01   6.3201214e+01   5.9190349e+01   4.9192203e+01   2.3807749e+01  -4.2374409e+01  -4.9556771e+01  -6.0578342e+01  -8.7239241e+01   2.1053712e+01   9.4997410e+01  -3.4689101e+01   8.9113998e+01   5.0746424e+01   6.5590848e+01   8.7569487e+01  -8.7773584e+01  -8.3132583e+00
   3.7877319e+01  -6.6734591e+01  -5.7333909e+01  -5.2354880e+01  -1.7370034e+01   6.4547261e+01   3.2040886e+01   8.2129157e+01   5.5335966e+01   5.5476433e+01  -5.6374587e+01   1.1450837e+01  -6.2739320e+01  -2.4707727e+01   4.5988876e+01   7.2543023e+01  -5.8319359e+00   6.2241307e+01  -6.7211823e+01   7.9167098e+01  -5.5522973e+01   4.3699573e+01   9.3401886e+01   6.7574930e+01  -2.7728780e+01  -6.5958084e+01  -5.1078666e-01  -8.0414658e+01  -8.6073100e+01  -2.9306729e+01
  -9.5693947e+01  -4.3216014e+01  -2.4151448e+01   8.6204331e+01   4.9691703e+01  -1.7117562e+01   7.7385211e+01  -7.9238451e+01   8.9759898e+01   8.5095206e+01   7.8535214e+01  -4.6363366e+01  -5.4937427e+01  -9.6032980e+01   2.8558663e+01   3.8300399e+01  -5.2492936e+00  -7.2328843e+01  -8.4628462e+01   2.9998124e+01   3.8455596e+01   7.8252558e+01   3.7512041e+01   9.2319023e+00  -5.5825850e+01   7.6822707e+01   4.8365744e+01   1.5407233e+00  -8.1566157e+01   3.8867752e+01
  -5.3763093e+01   1.1204600e+00  -4.1920763e+01   2.5327768e+01  -4.4953334e+01  -2.0360549e+01  -5.6848928e+01  -8.6613882e+01  -8.7916411e+01  -1.1875220e+01  -9.2331005e+01   9.7531583e+01   4.6200462e+01  -6.3223810e+01  -7.1413130e+01   6.9577488e+01   2.3423331e+01   6.3582611e+01   9.8129754e+01   4.7372641e+01  -8.0169093e+01  -4.9724485e+01  -6.6137122e+01  -1.8539710e+01   5.7480065e+00  -6.9283189e+01  -4.0635682e+01   1.6859275e+01  -2.3350119e+01  -1.5436144e+01
   7.9566510e+00  -7.7571670e+01   2.6953804e+01  -8.5483249e+01  -8.9367061e+01  -1.1736333e+01   3.6963500e+01  -7.9606053e+01   5.0836334e+01  -9.0883193e+01  -7.5290609e+01  -1.8382488e+01   3.7167452e+01  -7.3921988e+01  -9.6396726e+01   3.7996599e+01  -2.8674797e+01  -5.1287979e+01  -4.3430140e+01   4.9890224e+01  -3.7760497e+01  -8.2489771e+01   3.6665376e+01   5.6054339e+01  -5.6071136e+01   3.1014311e-01   7.9406566e+01   1.8835479e+01  -1.2447146e+01  -3.0947595e+01
  -6.0630589e+01   6.3235759e+01  -9.4317516e+01   8.6291710e+01   4.8642257e+01  -6.1733192e+01  -7.2245743e+01   8.9852168e+01  -1.8318656e+01  -9.9931220e+01  -2.6337102e+01  -2.5351093e+01   7.8598820e+01  -4.5009408e+01   8.2747574e+01  -1.0587756e+01   9.3063307e+01   1.7973842e+01  -8.3931773e+01   5.6993132e+01   5.4381517e+01   4.0157362e+01  -1.5317628e+01   7.5671242e+01   7.9309191e+01  -9.1193820e+01  -8.0464954e+00  -8.1547437e+01   1.4362954e+01   8.7548021e+01
   7.4572761e+01   5.3904159e+01  -4.7449549e+01   5.1154631e+01   9.0210737e+01  -2.4926912e+01   7.0767598e+01   9.7857936e+01  -8.7569492e+01  -3.0347284e+01  -1.2401123e+01  -9.1051460e+01  -6.4219320e+01  -5.2199038e+01  -4.9767396e+01  -1.4120824e+01   6.4961618e+01   1.9689655e+01  -8.0952513e+01  -4.7730277e+01  -4.6683158e+01   3.5855133e+00  -4.4313854e+01   7.8561704e+00  -5.3752186e+01  -1.8607287e+01  -9.6722963e+00   8.5505510e+01   4.1119545e+01   3.8020979e+01
   1.1206303e+01   7.4969928e+01   7.0440016e+01   2.4369175e+01   4.1604169e+01   4.5054672e+01   9.0478135e+01   2.8096923e+01  -6.0593747e-01   1.4617854e+01   2.7213163e+01  -3.6457038e+01  -7.5559617e+01   5.9554901e+01   5.4728037e+01   4.1700153e+01  -2.4922781e+01  -1.4406240e+01  -8.3401208e+01   5.8829984e+01   6.8985571e+01   8.9837027e+01  -4.7873136e+01   3.2785782e+00  -5.9374743e+01   2.3578359e+01  -4.3716246e+01  -5.5525974e+01   3.9161856e+01  -4.3595319e+01
  -7.4060936e+00   9.7118051e+01  -6.4035739e+01   9.9320680e+01   8.8760216e+01  -1.2401476e+01   8.7848294e+01   1.4296847e+01  -8.0681283e+01  -9.6936301e+01  -8.1980822e+01  -4.7250557e+01   2.6306438e+01   4.2100035e+00   6.7035306e+01   7.7133254e+01  -9.4361621e+01   2.7174473e+01  -8.6715273e+01  -5.9781854e+00  -1.9000073e+01   7.1438598e+01  -2.5290516e+01  -9.0809989e+01   4.7025252e+01   3.8386960e+01   7.6783892e+01  -4.2138015e+01  -8.1744910e+01  -6.7666380e+00
  -6.4884391e+01   9.3294460e+01   9.4280311e+01  -7.1864924e+01  -1.7061614e+01   6.5580736e+01   7.1052936e+01   2.4138388e+01  -6.6317926e+01   7.7790590e-01   4.4671172e+01   6.1434613e+01   6.9605066e+01   5.7680308e+01  -8.2736821e+01  -5.8754981e+01   6.2154387e+01   8.7754487e+00   9.1568489e+01  -2.1082354e+01  -7.9761789e+01  -5.2051672e+01   1.0678385e+01   5.5963831e+01  -5.9057322e+01   4.7232199e+01   3.2576076e+01   9.9580079e+01   9.3598102e+01   1.4279645e+01
   7.8870894e+01  -9.8093450e+01  -5.3250059e+01   6.6688137e+01   1.6980135e+01   9.7579319e+01  -7.4182921e+00  -7.3185920e-02  -7.5163276e+01  -3.2979909e+01  -8.3290739e+01   5.1214850e+01  -3.4700319e+01  -8.1045303e+01  -6.2432733e+00   9.3140077e+00  -2.8686242e+01   8.5039839e+01  -3.9732174e+01   8.6859653e+01  -7.5316621e+01  -6.3309149e+01  -1.2726476e+00  -8.1118827e+01   3.4830827e+00  -8.5298934e+01   3.7340286e+01  -2.9996810e+01  -1.1375467e+01   5.4230205e+01
   5.6860116e+01   8.5568009e+00  -1.1093613e+01   6.0584413e+01  -9.3736233e+01  -8.7691457e+01  -5.1432217e+01   2.1704482e+01   7.5132266e+01   5.9255855e+01  -2.3332709e+01  -5.8333438e+01   5.4817324e+01  -3.3807192e+01  -2.1247854e+01  -1.7492672e+01  -4.5696605e+01   1.1707802e+01  -9.5883615e+01   5.1858276e+01   1.6580530e+01  -3.5093063e+01  -7.3316112e+01   9.8026459e+01  -4.3134519e+01   8.7193745e+01   4.2100706e+01   5.3779053e+01   3.6537161e+01   3.2048487e+00
  -4.3349790e+01   9.3339026e+01   5.9459135e+01  -6.8479319e+01  -7.4982368e+01   5.8749378e+01   5.2217427e+01   2.9522128e+01   2.7233319e+01   5.8696602e+01  -6.2785793e+01  -5.6913720e+01  -9.7614218e+01  -6.0752989e+01   7.1667025e+01  -5.6899074e+01   8.1197748e+01   9.7699308e+01  -8.4780406e+01  -1.3212960e+01  -6.9195506e+01  -3.4995705e+01  -2.6983926e+01  -3.0478653e+01  -3.5710436e+01   1.4187722e+01  -8.5766679e+01   5.2773414e+01   8.9204350e+01  -6.4929478e+01
   2.1894124e+01  -5.2287638e+01  -2.5392258e+01   2.7040759e+00   4.5360644e+01   2.6561711e+01   9.8966396e+01  -3.9498539e+01   9.5407032e+01   5.2369371e+01   7.5774773e+01  -8.5930658e+00   7.1091800e+01   8.6472246e+01   7.8819711e+01   9.0525399e+01  -5.5808834e+01   4.4779258e-01  -5.3889408e+01  -8.2302849e+01   5.4860485e+01  -3.0916995e+01  -7.5486718e+01  -7.9358319e+00   2.2694536e+01   6.5543567e+01  -1.6386585e+01   7.4628073e+01  -9.9861338e+01  -9.2010638e+01
  -4.1335033e+01  -4.9259433e+01   7.0931075e+01   6.4013036e+01   1.7932566e+01  -5.3424564e+00   1.8721305e+01   2.5656211e+01  -9.6848246e+01  -7.0058102e+01  -4.0082029e+01  -2.9786910e+01  -3.9501731e+01  -2.4983047e+01  -2.1192792e+01   1.8897892e+01   1.5475392e+01   6.5514878e+01   6.8331475e+01   8.7676811e+00   9.5714542e-03  -3.4147930e+01   3.8357412e+01  -9.1823530e+01   4.0062804e+01  -1.1954418e+01  -4.4688117e+01   1.3693348e-01  -6.0017681e+01   8.3531972e+01
   2.4302227e+01  -7.7403089e+01  -2.2789129e+01  -1.6703662e+00   6.6137776e+01  -9.6850922e+01  -1.5500607e+01   6.8065203e+01   1.9884415e+01  -9.1340805e+01   9.6487284e+01  -2.9788049e+01   5.7853690e+01  -1.5188494e+01   6.1036618e+01   4.2015915e+01   9.5752415e+01  -2.3080206e+01   1.3383801e+01  -5.6421479e+01   9.6082089e+01  -4.3290034e+01   1.6019373e+01   9.1357535e+01  -6.5345966e+00  -5.7424126e+01   5.0562358e+01  -5.9211003e+00   9.1709935e+01   4.7070308e+01
  -1.3140196e+01  -3.5094376e+01   7.4031189e+01  -5.5980261e+01   4.6567671e+00   4.7715095e+01  -6.1372532e+01  -4.8750866e+00   8.2850896e+01   9.3949955e+01  -3.9928225e+01  -8.6918083e+01   5.9987471e+01  -4.8606158e+01   6.9221684e+00  -5.3593020e+01   6.0051936e+01  -9.7188342e+01   3.6118106e+01   5.2825264e+01   8.0595160e+01  -5.0270118e+01  -5.2900272e+01  -7.6312069e+01  -4.5253502e+01   3.2298396e+01   9.7065236e+01   7.1754790e+01  -7.6030759e+01  -7.9677654e+01
   7.8127548e+01  -9.6987267e+01   8.0973359e+01  -9.6474837e+01   6.9325195e+01  -1.8487780e+01   4.2848321e+01  -7.1736459e+01   5.8931083e+01  -7.1415009e+01   4.6288144e+00  -4.0922142e+01  -4.9406501e+01  -4.7294777e+01   1.2602028e+01  -2.6092265e+01  -5.6495245e+01   3.0803721e+00  -4.7746017e+00   8.8423049e+01   8.7239369e+01   9.6211433e+01   1.6450324e+01   5.3564428e+01   1.0633778e+01  -4.3689430e+01   2.5119468e+01   3.9179396e+01  -6.3719825e+01   3.2808031e+01
  -5.7266171e+00  -8.9485783e+01  -4.8097964e+01  -7.4527926e+01   7.1230558e+01   3.5574367e+01  -4.1910071e+01   7.3644438e+01  -3.4798555e+01  -1.0578016e+00   6.0226149e+01   1.1240357e+01  -5.6804632e+01   7.8757920e+01   1.1547748e+00   1.2667343e+01   6.3806935e+01  -5.0445286e+01  -3.8831312e+01   2.7289867e+01   8.3057073e+01   8.2510018e+01  -1.0004072e+00  -1.8321447e+01  -6.0497287e+00   8.7547188e+01   3.7815211e+01  -5.7580171e+01   7.7902662e+01   5.3243388e+01
  -7.1793187e+01  -9.5506889e+01   8.5181763e+01   4.6957842e+01   4.7780576e+01  -9.8373167e+01   5.8841094e+01   7.3572492e+01   2.8377726e+01  -7.6026336e+01   1.4494861e+01  -6.0725801e+01   3.2711430e+01  -5.2749856e+01   3.1960568e+01  -6.0654625e+01   6.6302831e+01  -2.6673243e+01  -9.6000021e+01   7.5217047e+01   1.1374054e+01   8.5527724e+01  -4.7825800e+01  -2.8906264e+01  -1.5034794e+01  -3.9370996e+01   5.8842208e+01   4.1505785e+01   8.9387456e+01   4.5703399e+01
  -4.7839441e+01  -8.5510407e+01   9.8338232e+01   2.9521369e+01  -3.2741910e+01   4.6880827e+01  -5.5371195e+01  -4.9664365e+01   3.4950189e+01  -9.7005213e+00   8.8875070e+01   4.5005934e+01  -2.8270507e+01  -3.5068929e+01  -6.8821587e+01   5.0266584e+01   2.9054940e+01   2.0611071e+01  -7.0892231e+00  -6.8468475e+01  -7.0794971e+01  -8.5667137e+01  -7.8537160e+01  -9.3767541e+01  -2.0198105e+01   2.4084629e+01   4.2885461e+01  -4.3350293e+01   6.7232542e+01  -4.1014178e+01
   7.6522203e+00   6.6736983e+01   3.0136281e+01   8.4161873e+01   9.0606198e+01  -3.0812485e+01  -9.2615717e+01  -6.3222039e+01   9.8094345e+01   9.0959147e+01  -4.1113969e+00  -5.2519749e+01   7.4254534e+01  -9.4513958e+01   6.6172204e+00  -4.7971113e+00  -4.6211821e+01  -5.1197218e+01   3.6098571e+01  -9.3644115e+01   2.7499750e+01   5.2368330e+01   5.8085389e+01   6.2026855e+01   5.4615945e+01  -4.6084042e+01  -2.9472450e-01   4.6492880e+00   9.4157022e+01  -4.4771226e+01
  -9.6326160e+01  -3.1676563e+01  -2.5811882e+01  -8.4384477e+00   4.9790136e+01   8.2364559e-01   8.0511949e+01  -8.8623495e+01  -8.6943432e+01   9.6302606e+01   4.2846011e+01   7.3779032e+01   2.9292377e+01   5.0272074e+01  -7.2837066e+01   1.3465306e+01  -1.4296337e+01   5.2895544e+01  -2.6537056e+01  -1.3336459e+01   6.4051627e+01   3.6268364e+01  -3.9922248e+01  -1.4145453e+01   7.8000087e+01  -4.8188252e+01   4.9634878e+00   5.6110635e+01  -7.7643990e+01   6.0828243e+01
   3.4473597e+01   3.8407842e+01   7.6720476e+01  -7.0482853e+01  -7.4063095e+01  -5.8467748e+00  -6.7124831e+01   9.1864716e+01   3.3443695e+01   2.3285658e+01  -8.4147599e+01  -2.7731394e+01  -6.2577202e+01  -7.6508747e+00   6.1193064e+01   8.2903841e+01   8.8936648e+01   2.7030878e+01  -1.6480497e+01  -3.6096229e+01   8.5622559e+01  -9.7199322e+01   1.5515397e+01   1.1382345e+01   7.7454345e+01  -3.8130087e+00  -6.0618859e+01  -6.8394360e+01   1.7288605e+01  -9.7559520e+01
  -9.2423517e+01  -8.2628683e+01  -7.4612956e+01   5.4749219e+01  -5.7029701e+01   1.7886179e+01   9.3437506e+00  -5.6589070e+01   7.9862057e+01   1.4340553e+01   7.8671720e+01  -7.1714910e+01  -8.1492994e+01  -8.6553975e+00  -9.0995635e+00   2.3515303e+01   2.3788667e+01  -7.1679653e+01   1.7467105e+01  -4.0442034e+01  -9.3486915e+01  -6.3400980e+01  -4.2271743e+01  -9.0536735e+01   7.0265136e+01  -3.4558212e+01  -2.6881397e+01  -2.4765917e+01   1.1654822e+01  -8.7637800e+01
   6.8666830e+01  -5.8638857e+01  -1.8827688e+01  -4.2675184e+01  -5.3785984e+01  -3.8867759e+01  -9.7789853e+01   4.0451080e+01  -6.3412186e+01  -4.0888306e+01  -4.8827501e+01   2.2339505e+01  -3.4348333e+00  -4.9995868e+01  -8.0848124e+01   1.8315201e+01   6.6737283e+01  -7.3110658e+01   9.2121054e+01  -4.0581268e+01  -8.0179847e+01  -1.8210059e+01  -6.9396138e+01  -8.1788713e+00   8.6620507e+01   9.9589815e+01  -9.5268029e+01   6.8114391e+01   4.5368898e+01   7.3988039e+01
  -2.5469351e+01  -6.8687111e+01   7.7522455e+00  -4.3105478e+00   1.9053767e+01  -6.8300395e+01   5.0911056e+01  -5.2018639e+01  -3.8021844e+01  -1.5846287e+01  -6.1206693e+01   8.2323927e+01   7.6333780e+01  -7.4326840e+00   5.1379613e+00   5.8361395e+01  -1.6587142e+00  -8.1490138e+01  -5.6477690e+01   5.0896441e+01  -9.1517030e+01  -1.9471306e+01   7.1844379e+01   8.1476121e+01   4.4784838e+00   4.7931955e+01   9.6602810e+00  -4.4211934e+01  -6.6110287e+01  -4.2040032e+01
   7.9965991e+01  -2.6895976e+01   2.0824719e+01   3.6763553e+01  -3.1273715e+01  -2.6061592e+00   8.9017945e+01   2.9820818e+01   4.6631333e+01   6.7858980e+01   3.2671916e+01   6.8721518e+01  -8.0435596e+01  -8.7068286e+01   2.8616420e+01   1.4317805e+00  -3.5351628e+01  -3.5460956e+01  -5.7193712e+01   7.5703506e+01  -7.8990757e+01   3.7178045e+01  -8.7043483e+01  -9.5789444e+01   2.0517551e+01   9.8583991e+01   2.8875668e+01   9.3342061e+01   2.6182605e+01   2.4379071e+01
  -4.5832318e+01   1.8050190e+00   5.9447725e+01  -1.0948012e+01   1.4478040e+01  -5.4234186e+01  -7.6516446e+01  -5.0741415e+01   2.4044657e+01   7.5496738e+01   2.3870445e+01   7.2173499e+01   8.8105872e+00  -5.1678061e+01  -5.8354805e+01  -8.4295651e+01   6.5067090e+01  -8.5206731e+01  -5.4645343e+01  -7.7961224e+01   5.0309851e+01   2.5090914e+01   1.8811002e+01  -6.5559848e+01   1.0755979e+01  -6.2757664e+01   3.7249650e+01   6.1510171e+01   4.5999421e+01  -4.3001041e+01
   3.1296704e+01   9.3090469e+01   7.6664595e+01   1.0049884e+01   2.4722444e+01  -8.7344776e+00  -1.8680112e+01  -2.6896297e+01   5.5076459e+01   7.8195225e+01   6.4245251e+01  -5.2614051e+01   7.6351974e+01   5.6042932e+01   4.9160130e+01   7.9393969e+01   7.9196628e+01   6.0604950e+01  -1.0165083e+01  -3.2371760e+01   2.6107183e+01   8.6975486e+00   8.4185964e+01   2.7680740e+01  -5.6664884e+01   9.5947032e+01  -8.2705861e+01   8.9505755e+01  -6.6350386e+01   4.5259137e+01
   6.5646612e-02   6.9585751e+01  -1.8982296e+01   2.0039296e+01  -6.8485375e+01   2.1294568e+01  -3.9841089e+01  -6.2601382e+01   1.2219810e+01   7.4658803e+01  -5.1724670e+01  -3.9871136e+01   6.3808896e+01  -9.8612719e+01   2.5445728e+01  -7.2600810e+01   5.2419859e+01   3.8264516e+01   4.1390290e+01   6.6360658e+01  -2.7425369e+01   7.9814142e+01  -5.2772789e+01  -3.8473609e+01  -6.1209784e+01   1.5314818e+01   8.0748230e+01   6.8959854e+01   2.7989333e+01   8.6147524e+01
   4.3852780e+01   9.3295197e+01   1.9279244e+01  -2.4254787e+01  -9.7502693e+01   4.4976815e+01  -2.2401955e+01   5.6244431e+01  -2.0622548e+01   5.4374413e+01   8.0203748e+01   2.6902432e+01   2.0129193e+01   4.5126842e+01   5.7100966e+01   8.1394319e+01  -4.7612892e+01  -5.8877186e+01   9.3335217e+01  -4.7659820e+01  -7.6267770e+01   1.3633326e+01  -7.8520510e+01  -9.4568829e+01   7.6011753e+01   4.2735479e+01  -7.0714207e+01   4.3465863e+01   1.5735105e+01   8.8451671e+01
  -4.1742637e+01  -1.6537898e+00   2.2646419e+01  -6.9988300e+01  -1.5992568e+01   9.4872359e+01  -6.3470506e+01   6.2504495e+01  -2.0379253e+01  -7.0302813e+01   8.4367827e+01   4.1032949e+01  -3.2796124e+01  -8.4565633e+01  -4.3814891e+01   8.9595217e+01  -9.5416196e+01   5.5591084e+01   8.6850898e+01   1.6993002e+01  -4.4882443e+01  -5.8940078e+01  -9.9253761e+01   1.8589808e+00  -3.6121682e+01  -4.2725818e+01   6.0402876e+01  -3.1985520e+01   4.0442797e+01   9.4192949e+01
  -3.7874177e+01  -2.5448738e+01   7.6563406e+01  -8.9624227e+01  -7.8825676e+01  -3.2524032e+01  -6.0640775e+01  -4.7781673e+01   5.5742937e+01   9.7201127e+01   9.9408297e+01   6.8564879e+01   3.9525377e+01  -2.9359030e+01  -6.3612738e+01  -5.2253681e-03  -5.9015803e+01  -9.7458075e+01   2.9310192e+01  -3.2508425e+01  -5.6636764e+01  -2.0793277e+01  -6.3366358e+01   2.8880785e+01  -1.6332892e+01   5.0902012e+01  -6.7108387e+01  -6.1968319e+01   9.3618035e+01  -1.4776088e+01
   4.9156557e+01  -3.6646573e+01   8.6509911e+01  -1.6259266e+01   3.6705276e+01   9.3658575e+01   6.9570081e+01  -5.0308707e+01   5.3938114e+01  -9.1856394e+00   2.4555022e+01  -6.8768227e+01  -1.7816429e+01  -8.5433431e+01   1.7420150e+01  -2.5283079e+01  -3.3284447e+01   6.9140278e+01  -9.9054369e+01  -9.5194005e+01   3.5027017e+01   4.8869775e+01   1.1586096e+01   3.6857943e+01  -3.9121985e+01  -7.4806950e+01   2.2849301e+01  -3.1071696e+01  -9.5572790e+01   3.8166832e+01
   1.4303589e+01  -5.3941557e+01   5.8289340e+01  -4.7710241e+01   2.0506591e+01  -2.5366018e+01   1.3847873e+01   9.2358195e+01  -4.3337605e+01   4.3622077e+01   7.3349995e+01   8.9616690e+01  -2.4894161e+01   7.1658207e+01   3.8942523e+01  -1.7675433e+01   9.2608314e+01   9.9191969e+01  -9.6870657e+01   6.0135494e+01   7.4848443e+01   7.4967028e+01   1.7826464e+01  -5.7247480e-01  -9.6355049e+01   7.6133081e+01  -5.9408128e+01   4.1423759e+01  -3.6787728e+01   4.8383570e+01
   2.9540719e+01  -6.7855917e+01  -6.0891414e+01   5.5810321e+01  -9.5880232e+01   4.2377435e+01  -8.0006892e+01   2.9091536e+01  -2.7052428e+01  -1.7174481e+01  -2.8692836e+01   8.3104357e+01  -7.2744156e+01   8.8686439e+01  -1.4238192e+01   1.2276719e+01  -7.2340770e+01  -1.8051794e+01  -3.3674886e+01  -5.2987563e+01  -9.8449734e+01  -3.2481105e+01   8.5247110e+01   5.9689500e+01   7.7716155e+01  -1.4911756e+01   4.1664230e+01  -9.1031579e+01   6.4529013e+01  -7.2766018e+01
   8.9296100e+01  -6.7027285e+01  -5.8175594e+01  -5.8829344e+01   8.1159618e+01  -1.2663808e+00  -6.4350723e+01   2.7989297e+01   1.3569225e+01   1.1036601e+01  -4.2731431e+01   5.0017856e+01  -7.6325680e+01  -9.7613377e+01   1.4013078e+01   5.4187840e+01  -4.2536391e+01  -8.6321116e+00   1.2666232e+01  -6.7445420e+01   5.8316518e+01  -3.5252742e+01  -8.6499442e+01  -5.1492502e+01  -9.6034055e+01  -8.9817950e+01   5.0365194e+01  -9.4749902e+01  -5.3990318e+01  -4.2708497e+01
   3.7391939e+01  -4.0521933e+01  -1.2548301e+01  -6.1016977e+01  -4.0759117e+01   9.5693719e+00  -5.8668839e+01   4.8406316e+01   8.6803681e+01   1.4651498e+01  -6.8169817e+01  -1.2267458e+01  -9.4608040e+01  -9.9941966e+01   7.1749126e+01  -6.4337863e+01  -6.5958841e+01   8.6660930e+00   4.7167723e+01   2.3266692e+01   9.4820810e+00   2.4487176e+01  -7.1551014e+01   4.7756878e+01  -9.9505381e+01   7.2727906e+01   2.2020094e+01  -3.8556745e+01   2.6788142e+01   6.8745666e+01
   4.6088951e+01  -1.4848652e+01  -7.6750537e+01   6.7267950e+00   3.7083292e+01   2.6502109e+01  -8.9797050e+01   9.1430209e+00  -7.8791891e+01  -1.7887445e+01   2.0468061e+01   1.1994064e+01   4.1225836e+01  -8.2248734e+01  -6.9156955e+01   4.7012687e+01   8.3444586e+01  -8.0956073e+01  -6.2424863e+01  -4.5925449e+01  -3.8887603e+01  -4.4636935e+01   9.0916115e+01  -7.3428703e+01  -6.0562332e+01  -3.9076633e+01   5.3957627e+01  -7.1573506e+01   7.8780984e+01   1.2277500e+01
  -9.8423164e+00   8.7559783e+00  -4.2132652e+01  -5.0434353e+00  -2.7619392e+01  -5.0936180e+01   3.9921591e+01   8.4121479e+01   5.7186933e+01   2.8084162e+01   5.4080367e+01   2.2785984e+01  -2.0445791e+00   9.4838689e+01  -2.1584218e+01  -5.9242326e+01  -8.4647201e+01   6.5729694e+01  -3.6022563e+01   5.0202201e+01   1.1709414e+01   8.7138531e+01  -5.2771105e+01  -6.5671564e+01  -5.6136294e+01  -6.5896265e+01  -4.5629881e+01   1.8974272e+00  -4.2733310e+01  -1.2294102e+01
  -7.4710497e+01  -3.6783634e+01  -2.0768622e+01   5.3872222e+01   8.0282345e+01  -8.9361420e+00   1.1233382e+01   1.8668731e+01   7.2368961e+01  -2.1686657e+00  -1.0578765e+01  -8.7864512e+01  -9.3207222e+01  -6.6226081e+01   3.2103217e+01  -3.6739250e+01   2.8724026e+01   2.7741740e+01   1.9002118e+01   7.8567491e+01  -2.3958659e+00  -8.1486974e+01  -5.6835663e+01   7.6803005e+00  -2.5788792e+01   8.1825743e+01  -5.8427798e+01  -8.9609335e+01   9.3701162e+01  -3.7069981e+01
  -5.4237670e+01  -9.4922158e+01  -8.9226013e+01   5.7042170e+00  -4.2410325e+00  -8.5040537e+01   8.8951366e+01  -4.0499002e+01  -6.4566614e+01  -9.7816178e+01  -4.9880915e+01   9.4169527e+01   5.6348520e+01  -5.5704784e+01  -4.2770130e+01   4.7272163e+01   6.9192831e+01   4.6309067e+01   6.9995876e+01  -4.5966274e+01  -4.7252898e+01   8.2391243e+01   1.8965315e+01  -4.3193765e+01   5.8296914e+00   9.5225556e+01  -8.4519419e+01  -2.1329166e+01   8.4188505e+01   8.6186021e+01
  -3.8461625e+01   2.9907988e+01  -5.9297583e+00   6.9754311e+01  -9.1794629e+01  -1.1635857e+01   4.7844960e+01  -1.0051464e+01  -1.3716775e+01  -4.8279693e+01   4.5005177e+01  -9.5315030e-01   8.3064833e+00   9.8547722e+01   1.4082646e+01   8.5865833e+01   6.9531508e+01   2.7508806e+01  -6.1257035e+01   6.0503947e+01   7.6534608e+01  -4.5442201e+01   5.5360528e+01  -5.2107411e+01  -1.4467210e+00  -7.8333774e+01  -9.2441970e+01  -1.2991096e+01   3.1623981e+01  -1.4040415e+00
  -4.2365889e+01   9.3689405e+01   1.2495565e+01   2.0723293e+00   7.0121961e+01   3.1794320e+01   1.5060074e+01  -1.6183713e+01   2.3032987e+01   7.0530201e+01   4.5426946e-01   8.4277774e+01   7.4479714e+01  -7.6402253e+01   9.4325210e+01  -1.5489914e+01   1.4638083e+01   7.5293989e+01   4.7738044e+01  -1.3171302e+01  -4.0947056e+01  -4.4354070e+01   5.1069862e+01   5.8050916e+01  -5.3734509e+01  -2.3373554e+01  -4.2518136e+00   2.6112793e+01  -7.5645174e+01  -6.0982500e+01
   5.3679278e+01   9.2705693e+01   5.8419363e+01  -1.1403594e+01  -2.9955529e+01  -8.9165627e+01  -1.3191917e+01  -2.3689387e+01  -3.6051712e+01  -1.5866160e+01  -9.6894570e+01  -2.5563164e+01   4.0497325e+01   2.4718869e+01   4.9587061e+01   2.8237750e+01   5.0333184e+01   8.7207501e+00   3.5595296e+01   8.5494284e+01   9.7796769e+01  -7.0127548e+01   5.5726859e+01  -6.7689871e+01   8.4278841e+01   9.8159227e+01   6.8861486e+01   9.4930499e+01  -7.4601741e+01   6.2871258e+01
   5.6493416e+01  -2.2120310e+01   5.6122427e+01   7.6273790e+01  -3.4734621e+01   9.7718696e+01  -5.6429164e+00   5.4915859e+01  -7.4064497e+01  -3.7809418e+01  -3.9010111e+01   6.8966515e+01   5.1154900e+01  -1.5051117e+01  -5.0301677e+01   8.3205696e+01   7.9585988e+01   3.8427428e+01  -2.7278568e+01  -7.6126646e+01  -7.9325833e+01   3.9611177e+01  -2.0726547e+01  -4.9707098e+01   7.3095008e+01  -5.0913927e+01  -3.4125773e-01  -5.1943542e+01  -5.0831671e+01  -4.9975756e+01
   4.8182435e+01   5.1369454e+00  -4.5555580e+01  -6.8486457e+01   2.1101791e+01  -6.8406355e+01  -1.0945018e+00   8.4730934e+01  -3.9593334e+01   8.2363157e+01   9.7871126e+01  -6.5817257e+01   4.4106552e+01  -6.9618918e+01  -2.3691982e+01   3.8327922e+01   4.3651098e+01  -8.8171141e+01   6.5157171e+01  -1.2912823e+01   4.0811053e+00   6.0205358e+01   9.4161846e+01   3.9891082e+01  -3.8385083e+01   7.5340014e+01  -5.0860520e+01  -4.8674083e+01   7.9799798e+01   5.5624824e+01
   1.0003040e+01   6.7853071e+01   1.0307310e+01  -8.1949981e+00   4.6606908e+00   8.3409440e+01   5.1100991e+01  -5.3137286e+01  -8.2973258e+01   5.6413294e+01   5.5338924e+01  -5.8259136e+01   1.1503055e+00  -5.3398059e+01   6.9864821e+01   8.8953594e+01  -5.9976289e+01   8.0199803e+01  -9.9896001e+01   6.7347004e+01  -6.0019313e+01  -6.5353515e+01   9.8986356e+00   8.2136762e+01  -1.7908925e+01  -2.6620841e+01  -5.2389716e+01  -9.1389587e+01  -2.5489628e+01   5.5677099e+01
   7.1187682e+01  -9.4961841e+01   3.3876569e+01  -4.1266693e+01  -3.1869217e+01   4.5105949e+01   2.0508320e+01   9.0309998e+01   7.0879389e+01  -1.4528500e+01  -6.4989293e+01   7.5051951e+01   8.7072725e+01   7.4664387e+01  -8.2982638e+01  -9.7761938e+00   9.3246107e+01   7.1136699e+01   7.5340617e+01  -7.7826658e+01  -9.5796282e+01   3.2724844e+01   5.6833585e+01   3.8713618e+01   1.0239030e+01   6.3485521e+01  -7.4853633e+00   1.8729074e+01   6.6090097e+01   4.6965858e+01
  -6.0540911e+01   4.7952260e+01  -6.0909629e+01  -1.4451591e+01  -5.3108385e+01   1.6760371e+01  -1.7763337e+01  -3.6471516e+01  -4.6163344e+01   8.6711749e+01   1.6669314e+01   9.0521280e+01   6.6595367e+01   5.7292669e+01  -4.2758911e+01   7.2654482e+01  -8.9901058e+01   5.9051951e+01  -6.8627523e+00  -1.8378250e+01   2.8347709e+01  -6.0060831e+01  -4.1899192e+01  -4.5815293e+00  -5.7112086e+01  -8.5690347e+01  -1.8482682e+01  -4.8804107e+01  -1.3498831e+01   3.4176015e+01
  -5.3315980e+01  -1.8104890e+01   8.8071700e+01   8.9963673e+01  -9.3755567e+01  -8.6590979e+01  -7.1421340e+01  -5.0891409e+01   8.9965194e+01   3.1747163e+01   7.2627048e+01  -6.4865587e+01   6.5975447e+01  -6.5091572e+01   4.8827811e+01  -5.7748802e+01   6.7450250e+01   8.6996630e+01  -7.5358881e+01   4.1568847e+01  -5.2964952e+01  -5.8997590e+00  -1.0481446e+00   1.0360150e+01  -9.2176642e+01   3.1719956e+01  -8.1355954e+01   2.0942393e+01  -3.6068791e+01   2.5352545e+01
  -7.4585901e+00   1.7232397e+01  -7.9266128e+01  -5.4408230e+01  -7.4264873e+01  -8.5049575e+01   1.0540468e+01  -7.6636539e+00   2.4799981e+01  -3.3799590e+00  -9.7832797e+01  -7.9175360e+01  -6.1880662e+01  -2.7148641e+01  -2.8941462e+01  -8.9195583e+01  -4.1841045e+01   6.8800925e+01  -6.0520679e+01   5.4321191e+01  -7.6448573e+01  -1.6976273e+01  -6.5011843e+01  -9.8484553e+01  -5.5098372e+01  -9.6377758e+01   2.0838363e+01   8.2459625e+01  -3.3462823e+00   3.1253927e+01
   4.3275422e+01   6.2527738e+01  -9.6863603e+01   5.2878124e+01   2.2018496e+01  -6.6000973e+01   2.1641544e+01  -9.6999056e+01  -2.4652855e+01   8.1379942e+01  -7.3824706e+01  -1.0609508e+01   3.6189973e+01  -4.3589214e+01  -8.2263640e+01   4.4982877e+01   7.8232364e+01  -8.9490442e+01  -2.6373013e+01   4.2270210e+01  -1.8535124e+01  -3.4152953e+01  -8.6662939e+01   7.5480805e+00  -2.8675322e+00  -7.9581461e+01  -1.3325089e+01   2.8426743e+01  -8.1293226e+01  -9.8252824e+01
  -2.6431826e+01  -9.6483450e+01  -2.8235185e+01   3.0906740e+01  -8.2702852e+01  -4.1992408e+01   4.1424142e+01   9.6458413e+01   1.9064572e+01   5.8227377e+01   2.4370162e+01   7.5218878e+01   7.6772831e+01  -5.8036845e+01  -2.6710942e+00  -6.0017586e+01  -1.2582306e+01   3.5289412e+01  -2.3583923e+01   1.7441193e+01  -7.4249830e+01   3.3201696e+01   7.0033764e+01   6.7707615e+01   7.7942830e+01  -9.0598564e+01  -5.4395923e+01   2.1419611e+00  -6.4597322e+01   2.3084978e+01
   7.1513308e+00   3.4209577e+01   3.1282337e+01   8.2996060e+01   1.1491447e+01   1.9708143e+01  -9.7244356e+01  -4.8279075e+01  -2.1863147e+01  -6.5765190e+01  -8.6216252e+01  -3.4314979e+01   3.5579897e+01  -4.1220713e+01   6.2031280e+01  -6.5700670e+00   9.2193900e+01  -1.6471037e+01  -4.7643813e+01   9.9898865e+00   7.0334000e+01  -5.3021289e+00  -9.1379266e+01  -8.6701730e+01   5.4655028e+01  -1.8919576e+01  -3.8327189e+01  -4.3119625e+01  -8.9175756e+01   7.1141834e+01
   4.5839460e+01  -4.3112042e+01  -5.6659274e+01  -1.1179280e+01   6.0207667e+01   6.3696743e+01   5.0391840e+00  -5.2668165e+01   5.8435070e+00   4.3874594e+01   1.8785903e+01   1.9116616e+01  -1.2044514e+01   4.0027649e+01   9.3549492e+00   4.7504953e+01   8.5230528e+01   8.2289172e+00  -2.5568468e+01  -6.7479397e+01   1.7519763e+01   4.7742319e+01  -2.4396727e+01  -8.7069361e+00   1.0229901e+01  -8.1405946e+00  -9.2676624e+01  -5.9217874e+01  -4.0762670e+01   4.0265880e+01
  -7.7687247e+01   9.3698383e+01  -5.4538081e+01  -9.1672488e+01  -7.9684869e+01  -3.5375053e+01  -3.1267888e+01   2.8521681e+01  -7.1841742e+00   2.1371532e-01   4.2847057e-01  -5.7597160e+01  -4.1606794e+01   8.8959391e+01  -7.4424607e+01   4.6172498e+00   6.9376054e+01   5.9282147e+01   1.7821097e+01   8.2306540e+01   4.8248697e+01   9.3917320e+01  -1.5817433e+00  -5.6408403e+01  -7.7757781e+01  -1.3141473e-01  -1.2129881e+01   8.3641929e+01  -4.4835821e+01  -2.0943848e+01
  -4.8426415e+00  -4.0146682e+00   3.5690777e+01   5.6246309e+01   8.1497358e+01   9.7542880e+01  -1.2082140e+01  -4.5693511e+00  -6.6493836e+01  -4.3916477e+01   8.6614680e+01  -5.5579680e+01   8.8004110e+01  -4.1159451e+00  -9.3426071e+01  -8.7794447e+01   2.2366062e+01   5.2136736e+01  -1.9932200e+01   2.1701618e+01   9.8851471e+01  -5.5061002e+01  -4.1714237e+01   4.5985213e+01  -2.0662655e+01  -8.7692988e+01   2.6260233e+01   3.5244537e+01   5.8403892e+01  -5.9306975e+01
   1.9403769e+01  -1.6513175e+01  -6.5189601e+01   1.6470909e+01   6.0162372e+01   7.6818861e+01   3.3486413e+01  -3.4681527e+01  -3.8129509e+00   9.5812119e+00  -9.4986749e+01  -5.1997729e+01   5.9729425e+01  -8.4566400e+00  -4.7204216e+01  -1.1319484e+01  -9.3979198e+01   6.5545063e+00   1.7002416e+01  -8.1078205e+01  -1.9705512e+01   7.7314626e+01   1.0561505e+01   7.4861198e+01  -1.0308747e+01   6.9090052e+01  -5.9738450e+01   6.4516794e+01   9.7424840e+01   1.6978148e+01
   8.6808148e+01  -6.0319167e+01   1.6655181e+01   3.4774019e+01   8.7797317e+01  -8.5446040e+01  -2.7552661e+01   4.0960267e+01  -9.6318240e+01   4.0681675e-01  -2.0215238e+01  -5.2291393e+01  -3.8968232e+01  -8.5030545e+01   3.8125792e+01   6.9811889e+00   8.3780219e+01   1.7662558e+01   1.3957404e+01   3.0002708e+01   6.8985873e+01  -2.3498702e+00   8.1725438e+01   6.0336323e+01   4.6955753e+01  -2.6811436e+01  -3.2347488e+01   5.1937461e+01  -4.4370514e+01   9.0026315e+01
  -2.0084001e+01  -6.0685881e+01  -2.4419225e+01   4.1588487e+00   1.7140894e+01   2.3326523e+01  -2.9913413e+01  -8.9609303e+01  -7.9406677e+01  -2.0981522e+01  -4.8137326e+01  -9.7812031e+01   6.5366411e+01   9.1153258e+01   9.0135236e+01  -9.6207123e+01   8.5046028e+01  -2.4865730e+01   5.3556210e+01  -3.6522954e+01  -7.1058036e+01  -4.6233540e+01   9.0104242e+01   6.7104394e+01   4.7017517e+01  -3.4015854e+01   8.8826906e+01   2.7337955e+01   1.5293805e+01  -9.2210989e+01
   9.3764599e+00   7.9944191e+01  -5.3835076e+01  -6.5561851e+01   9.1464958e+01   1.9809868e+01  -2.4796529e+00  -9.3594615e+01   2.0257237e+01  -8.7482564e+01  -9.4989135e+01  -6.5749103e+01   8.6016475e+01   7.1607744e+01   5.9489470e+01  -1.4115261e+00  -7.9077146e+00  -2.7376847e+01   2.6196764e+01  -5.3059301e+01  -5.1849875e+01  -3.5928859e+01   8.6202309e+00  -3.5735170e+00  -5.6858068e+01  -9.2588342e+01   2.6144252e+01  -2.0789421e+01   5.2210325e+01  -3.1142975e+01
   8.9156780e+01  -3.1915165e+01   2.1104848e+01   3.3469168e+01   6.4530372e+01  -3.7061164e+01  -5.1172610e+01  -9.5318762e+01  -2.4062656e+01  -3.8911746e+01   2.0211889e+01   9.4597255e+01   2.6347889e+01  -9.7429933e+01  -5.5014852e+01   4.0052285e+01  -7.5675953e+00  -6.7848445e+01   1.9841130e+01  -4.8778803e+01  -8.3080190e+01  -6.5447388e+01   8.7277598e+01   5.6756624e+01  -7.3748506e+01  -2.8203797e+01   3.3307163e+01  -6.7150492e+01  -7.5213807e+01   1.5408917e+01
   9.4393386e+01   8.5054402e+01   4.2292575e+01  -8.3322698e+01   7.6411187e+01   2.2541380e+01   6.2676020e+01   3.7182090e+01  -6.0693177e+01   2.6754284e+00  -7.8909958e+01  -2.0246417e-01   5.2454528e+00  -5.2246952e+01   5.2559973e+00  -7.2771596e+01  -4.2378731e+01  -4.8261971e+01   5.9679540e+01   9.3076463e+01  -4.5443265e+01  -1.5244339e+01   4.3573681e+01   5.4612189e+01   1.7551900e+01  -8.2801990e+01   9.4784150e+01  -1.2021172e+01   6.8465086e+01   4.1107606e+01
  -4.6382577e+01   4.9818292e+01   6.6368927e+00   4.0269460e+01  -5.6108615e+01  -1.1887407e+01  -5.3510154e+01  -9.7576775e+01  -3.0781989e+01  -3.1674138e+01   1.1879487e+01  -5.3594069e+01  -5.1502698e+01   8.3029310e+00  -2.3201580e+01  -5.7663830e+01  -1.3789811e+01  -8.6527635e+01   4.4434845e+01  -1.2545109e+01   6.9527881e+01   2.5074031e+01  -3.4685443e+00  -3.7977021e+01   5.7715763e+01   8.0495448e+01   1.1476647e+01   9.9656235e+01  -2.5551329e+01  -1.7865101e+01
  -5.9769998e+01  -7.1342712e+01   7.3388765e+01  -2.5763649e+01  -4.0163209e+01   8.6085527e+01   5.3501530e+01  -6.9666279e+01  -4.8375709e+01   2.0005017e+00   6.3496615e+01  -5.9589276e+01   2.5428249e+01   5.8872896e+01  -4.6146489e+01  -3.9241524e+01  -7.0956961e+01   5.5624897e+01  -9.9295382e+01   1.1649334e+01  -7.9458303e+01   7.9119229e+01  -9.2643212e+01   3.4478811e+01  -5.5179645e+01  -3.4050829e+01   4.3620076e+01  -4.3131060e+01   5.5722796e+01  -2.4545518e+00
   3.5333632e+01  -3.2654417e+01  -4.2703289e+01  -6.2246552e+01   4.6384287e+01  -4.8914523e+01   6.8063225e+00   7.1625278e+01   2.9572919e+01  -4.5212917e+01  -5.1463210e+01   5.0826278e+01  -4.6998411e+01  -6.0556379e+01  -3.7062820e+01  -6.4810692e+01  -9.3477822e+01  -6.2741018e+01   4.9098208e+01   2.9237525e+01  -5.7035092e+01  -6.1606841e+01   5.2490789e+01   4.7695911e+01   4.7094572e+01  -6.8075331e+01  -6.6398046e+01  -2.2322342e+01   8.5651536e+01   4.7256953e+01
   4.3704435e+01   2.3303692e+01   4.2248479e+01   1.9806903e+01  -6.8491640e+01  -7.7457417e+01   5.5871730e+01  -8.7905697e+01  -3.6286595e+01  -5.8049660e+01   3.3024768e+01  -3.7398288e+01   4.8015763e+01   9.8471931e+01   6.9018326e+00   4.4764985e+01   9.5302028e+01   8.8414367e+01  -3.4273007e+01  -1.9897736e+01  -2.7901920e+01  -5.0759304e+01  -2.6659965e+01  -6.0146761e+01  -6.5716704e+01   2.6099284e+01  -9.5469489e+01   5.7996260e+01  -9.2164215e+01   9.5670595e+01
   8.4951300e+01  -9.4359298e+01  -5.8764089e+00   1.5563905e+01  -6.9995675e+01   7.7319902e+01  -8.8972365e+01  -2.0567588e+01   5.1396173e+01  -2.7350193e+01  -3.9047003e+01  -8.8021512e+01  -2.3264054e+00  -1.8898981e+01  -4.3780661e+01  -8.6085015e+01   9.2094928e+01   1.6411660e+01   9.9453596e+00  -8.3258673e+01   4.8101953e+00  -7.9632460e+01  -4.3093240e+01  -9.6049612e+01  -2.6318306e+01  -5.9839925e+01   5.3117148e+01  -5.5108814e+01   7.4729575e+01  -6.6229511e+01
  -1.5841611e+01   3.9829213e+01   7.4582830e+01  -8.7702804e+01  -8.6077926e+01  -4.5711002e+00  -7.2315601e+01   8.6982686e+01   1.1762636e+01   6.4349989e+01   3.4716877e+01   4.3463085e+01  -3.3595016e+01   4.3295094e+00  -7.1082669e+01  -7.3153624e+01   2.2412978e+01   6.1179931e+01  -7.8972185e+01  -2.8947514e+01   5.5188181e+01  -4.7246565e+01  -5.4622450e+00  -5.7219340e+01  -7.1934409e+01   6.1052354e+01   3.9519833e+01   1.1554616e+01  -7.9364049e+01  -9.1712802e+01
  -9.2887203e+01  -6.4277838e+01  -5.2176243e+01  -2.2086402e+01   1.1793734e+01   1.6789832e+01  -6.7214590e+01  -3.4797625e+01  -6.5382896e+01  -3.6492769e+00  -6.1519992e+01   2.1206556e+01   2.9300000e+01  -2.4119762e+01  -3.3547913e+01  -6.9264219e+01  -1.8890186e+01  -7.3649661e+01   5.1772609e+01   6.8849568e+01   5.8697188e+01  -2.7725547e+01  -7.2426287e+01   8.0644750e+01  -8.7131863e+01  -5.8022932e+01  -6.0606863e+00  -5.9830609e+01  -9.2852042e+01   5.8807451e+01
  -2.8667371e+01  -3.4903389e+01  -2.3695675e+00  -7.7251231e+01   1.9331250e+01   9.5555843e+01   3.7316841e+01  -9.1729661e+01   5.9510121e+01  -4.2796514e+01   9.9590503e+01  -2.5109959e+01  -4.5195361e+01   8.7390022e+01  -8.3935339e+01  -3.7494771e+01  -9.7700929e+01   7.2447895e+01  -5.5468957e+00   1.1667198e+01   9.3939887e+01  -6.3211554e+01   8.6686322e+01  -9.2535999e+01  -5.5224173e+01   9.7327453e+01  -6.8143756e+01   4.8476426e+01   3.4807216e+01   2.6887206e+00
  -6.5597345e+01   6.0349923e+01   3.8277255e+01   7.6920946e+01   8.9030174e+01  -4.5484420e+01   2.0157733e+01  -6.4518865e+01   6.4144205e+01   1.0345200e+01   6.0300451e+01  -4.7942565e-01   4.8284127e+01   6.4248705e+01   4.6296336e+01  -7.3563257e+01   3.9088225e+01   6.4883690e+00   6.1681401e+01   8.5580099e+01   3.6960104e+01  -2.5571895e+01   5.2649564e+01  -2.8968694e+01  -8.0087175e+01  -5.1892027e+01  -4.9856769e+01   7.2110199e+01   1.6515537e+01  -8.7015892e+01
  -7.2116947e+01  -9.6375731e+01  -5.8882215e+01   6.1963814e+00   8.5016167e+01   1.3766131e+00   7.4928628e+01  -4.8129261e+01   7.0558072e+01  -8.8705140e+01   3.8814646e+01  -8.2569458e+01   8.7845542e+00  -8.7311178e+00  -3.6377448e+01   1.4031918e+01  -7.8271622e+01   2.6567995e+01  -5.4212008e+01   7.8505201e+01   3.1520148e+01   7.7178028e+01   6.1476784e+01   9.8905336e+01  -9.5015012e+01   9.0328162e+01  -7.3801140e+01   2.9185791e+01  -7.6594522e+01   7.8712970e+01
   3.3330769e+00   3.1611336e-01  -5.3165037e+01  -3.0173815e+01  -5.2527418e+01   9.8522741e+01   2.3094966e+00   8.5315025e+01  -5.3482576e+01   1.9067428e+01   1.4741279e+01  -5.4606608e+00   1.7388264e+01   8.0261356e+01  -9.2936222e+00  -1.2577180e+01   4.3212816e+01  -9.0120527e+01  -9.9941514e+01  -8.4599869e+01  -4.0196363e+01   1.7924669e+00  -6.0747071e+01  -7.6076419e+01  -7.6417611e+01   9.6020424e+01   1.1248023e+01   6.7563836e+01   1.3378520e+01   5.8662380e+01
   4.2177081e+01   1.1723326e+01   5.8594728e+01   1.4225175e+01   2.5491610e+00   7.6627429e+01  -4.1229593e+01  -8.3786560e+01  -1.9352414e+01   3.3966547e+01   9.3244884e+01   2.0690080e+01  -3.0957523e+01  -3.6004692e+01   3.8245677e+01   6.0591965e+01  -1.9659515e+01   4.1512955e+01   8.6810911e+01   7.2648606e+01  -6.5995331e+01   8.8567473e+01   7.0469945e+01   1.7980888e+01   6.9841706e-01   5.3941388e+01   3.7812319e+01  -8.1190073e+01   9.4836122e+01   2.8531363e+01
  -9.2250370e+01  -2.5742881e+01  -3.6033233e+01  -1.0405072e+00   5.9294588e+01   8.6832930e+01   7.9835515e+01  -9.1111630e+01  -5.5625022e+01   7.5929142e+01  -7.4281018e+01  -5.9217583e+01  -1.5023707e+01   1.8474547e+01   1.5685653e+01   3.7929535e+01   7.3196601e+00  -4.2484650e+01   4.2649537e+01  -6.5820273e+01  -5.9298448e+01  -5.2707840e+01  -1.1822549e+01   1.0785339e+01  -2.8066102e+01  -4.4204782e+01   7.8841916e+01   7.8724483e+01   7.2845195e+01  -6.2489637e+01
  -3.6182456e+01  -2.4189511e+01   8.1830928e+01   9.7351390e+01  -1.0725122e+01  -9.6526021e+00  -4.6225552e+01  -5.1362142e+01   1.9605604e+01  -4.9872767e+01   2.0950540e+01  -2.2892423e+01   7.2310073e+01   9.8263889e+01  -5.3917503e+01   7.7920476e+01  -7.2602951e+01  -6.0377571e+01  -5.2653593e+01   9.5528441e+01  -8.6703853e+01  -9.7568549e+01  -1.3426497e+01   4.4472244e+01  -9.9564925e+01   3.5850707e+01  -9.1833096e+01  -1.0157158e+01   1.1394975e+01   4.2247425e+01
   6.7681824e+01  -6.4449252e+00   8.0980719e+01   9.6512046e+01  -6.7365260e+01   5.5496648e+01   6.2277677e+01  -9.4629711e+00   1.2743013e+01   6.0313426e+01  -7.7789142e+00  -3.7781013e+01   3.2084464e+01  -9.2505097e+01   9.9410118e+01  -7.6581553e+00  -1.5309934e+01   7.1030236e+01   6.9385915e+00   1.1958458e+01  -8.2827547e+01   8.9883683e+00  -4.4676115e+01  -4.4652355e+01  -2.2984568e+01  -2.1459953e+00  -7.7492662e+01   9.0557544e+01  -6.0002314e+01  -8.9926389e+01
  -6.9539468e+01   4.0555142e+01  -6.3244769e+01  -8.9328004e+01  -7.8444904e+01   7.8684694e+01   9.0940766e+01   6.0175248e+01   9.6903039e+01   7.3824917e+00  -6.6315823e+01  -4.4361163e+01   3.4376427e+01  -2.5619477e+01  -4.3089494e+01  -5.7775421e+00  -5.7563381e+01   8.5450692e+01   5.1619640e+01   6.3312572e+01  -4.2839850e+01  -1.6697935e+01   6.1907668e+01  -3.1855637e+01  -7.6396147e+01  -6.5514469e+01  -4.5188202e+01  -7.4087068e+01  -1.6270096e+01  -2.8139394e+01
   3.7489389e+01   1.1164552e+01   4.8183007e+01   4.7894177e+01   9.9266405e+01   9.7769765e+01  -5.3012499e+01  -8.7038417e+01   9.2450549e+00  -2.1299668e+01   7.0527471e+01  -7.7767168e+01  -1.0657540e+01  -1.9505890e+01  -5.4340208e+01   5.7275658e+01  -2.1317668e+01  -6.1755919e+01   1.0718889e+00  -7.4125770e+01   5.6604425e+01  -2.1426731e+01   6.7532852e+01   4.9845653e+01  -7.1246343e+01  -9.3214484e+01   5.0737691e+01  -6.2685715e+01   6.9254711e+01   1.5678537e+01
  -9.1783512e+01  -1.9134205e+01   9.5714383e+01  -7.7243314e+01   2.4600556e+01   3.5814773e+01   6.1997710e+01  -6.7577345e+01   3.6116574e+01   1.7546712e+01  -2.8828407e+01  -4.6361813e+01  -8.2488002e+01  -7.6999737e+01   6.3844956e+01  -2.8444200e+01  -1.4177819e+01  -3.2242333e+01  -1.9191257e+01  -6.8300263e+00   4.8582136e+01  -1.8962553e+01  -3.3840066e+01   6.7511821e+01   7.2316236e+01  -1.6886917e+00  -5.5425050e+01  -4.5387434e+01  -9.1014457e+01  -1.5063783e+01
  -1.2128460e+01   5.0769321e+01   1.4051906e+01   6.5121142e+01  -7.1448419e+01  -9.0725508e+01  -3.0350939e+01   8.6527903e+01   3.3798161e+00  -6.4892025e+01   3.6599629e+01   6.3001815e+01  -8.9777392e+01  -1.9601891e+01   7.4523428e+01  -5.3988279e+01   7.8922889e+01  -5.3718340e+01   8.3870694e+01   5.1358160e+01  -7.9777376e+01  -5.1619438e+01   9.9806882e+01   1.4067811e+01   9.6638596e+01  -1.8717292e+01  -5.1535293e+01   9.0455212e+00   4.8585130e+01  -3.6448698e+01
  -6.4782451e+01  -3.8534873e+01  -9.0375015e+01   7.9240207e+01   9.0372483e+00   6.1065462e+00   9.5002007e+01  -1.6604370e+01  -1.8023751e+00   2.5226633e+01  -3.8264013e+01   3.4200014e+01  -9.4946422e+01   5.4255099e+01   5.1198174e+00  -8.3982059e+01  -9.5804817e+01   8.6354693e-01   2.7333454e+01   6.9479351e+01   3.8742274e+00   2.0419699e+01  -6.1093162e+01   2.8097620e+01  -5.9154847e+01   6.1893968e+01   9.8729115e+01   8.7548747e+01   2.4108247e+00   2.8035130e+00
   5.9267389e+01  -7.8377915e+01   4.2060264e+01  -1.5654669e+01   3.1803535e+01  -1.8192296e+01  -2.7872966e+00  -4.6322547e+01   6.7945116e+01   3.3073361e+01   3.6913510e+01   1.3565433e+01   5.9063735e+01  -8.2801967e+01   9.0931630e+01   4.1373714e+00   5.5633062e+01   9.4295373e+01   5.9932006e+01  -6.3520210e+01  -6.0197321e+01   8.3166059e+01  -8.9131231e+01  -2.8277461e+01   7.5337958e+01   4.6891339e+01  -5.6639545e+01  -7.5719864e+01   1.4224250e+01   9.8517203e+01
  -5.3426794e+01  -3.4068260e+01   7.6862371e+01  -5.3875492e+01   3.1801689e+01   5.1096010e+01   9.9775035e+01   7.4647912e+01  -4.3263902e+00   4.9116132e+01   1.8171160e+01   5.9477592e+01  -3.4538664e-03   2.4975964e+01  -4.4109677e+01   3.3649537e+01   8.1472886e+01  -2.6781425e+00  -5.2510520e+01   1.0727732e+01   5.0840373e+01   9.4226714e+01  -7.3034115e+01   8.3873102e+01  -2.5851867e+01   4.8893309e+01   2.8144392e+01  -3.1925125e+01  -7.6293742e+01  -1.9502970e+00
   9.1901590e+00   9.5164432e+01  -1.7841516e+01  -8.7902688e+01   8.0320049e+01  -2.2272299e+01   6.6431041e+00   9.4621605e+01   2.4247310e+01   6.5978749e+01   8.2706447e+01   7.7682305e+00  -3.4913553e+01  -4.6391395e+01  -9.6657540e+01   9.7784212e+01   7.9740636e+00  -1.1468553e+01   1.1293089e+01   2.4905301e+00  -8.4038099e+01   1.1187909e+01   2.4881366e+01  -1.9683399e+01   7.3547468e+01  -9.3002010e+00   6.0138687e+01   1.3836906e+00   6.5009483e+01  -9.9645487e+01
   8.2991712e+01  -6.9160271e+01   5.2197305e+01   7.5829833e+01   4.5280581e+01   6.0086589e+01   3.0002323e+01   6.7422063e+01   1.1869888e+01   8.2637955e+01   4.5270067e+01   7.6104789e+01  -9.2290012e+01  -4.4168580e+01  -3.3465233e+01   7.3032265e+01  -6.8610026e+01   6.2407967e+01  -1.4361125e+01   6.1985526e+01  -2.4206155e+01   5.0206288e+01  -9.2200413e+00  -1.1194662e+01  -5.1815219e+01  -2.0924975e+00  -2.2574012e+01   7.9633016e+01  -9.5902727e+01   9.0992092e+01
   5.8742589e+01   7.6720817e+01  -2.6778999e+01   2.3385194e+01   2.7621357e+01   1.0035402e+01   5.9467103e+01   4.1528980e+01  -1.8491845e+00   5.4638337e+01   9.8644478e+01  -2.9107241e+01   4.0932777e+00   8.2840710e+01   2.0142682e+01  -8.4635970e+00   8.2077483e+00  -4.1123460e+01   7.1479205e+01  -4.8824081e+01  -5.6084889e+01   4.2160082e+01  -2.5493468e+01  -9.6605928e+01   2.8440571e+01   4.5863464e+01   9.2258013e+01   3.0868684e+01  -9.4656768e+01   3.3405614e-02
  -8.1969035e+01   2.2801103e+01   2.6631594e+01  -6.5269516e+01   4.2130120e+01   5.0110360e+01   1.1208693e+01   6.8064770e+01  -3.4513236e+01  -7.4983904e+01  -4.6945043e+01  -8.7358455e+01   7.2849944e+01   2.0767384e+01  -6.9023540e+01  -4.1182270e+00  -3.0336152e+01  -9.9480939e-01  -5.8120437e+01  -2.3637019e+01  -1.1899535e+01  -1.2491706e+01   7.3443877e+01  -6.8144762e+01   2.7672108e+00   4.1849933e+01  -5.8618037e+01  -5.1175865e+01   9.1849591e+00   4.2640224e+00
  -8.1430825e+01   3.2942519e+01   1.1797150e+01   6.6020959e+01   3.7907640e+01   3.2602065e+01  -3.5500936e+01  -2.8853452e+01  -7.2530930e+01   9.2690094e+01   6.8649426e+01   1.2863503e+01   2.8447984e+01  -3.3329876e+01  -2.9984951e+01  -4.3007647e+01  -1.9411817e+01  -1.5847119e+01   9.7941352e+01   3.6625183e+01   4.3914089e+01   2.6589577e+01  -2.4223366e+01   6.7406196e+01   2.6745168e+01   2.3998542e+01  -4.2912598e+01  -7.0917987e+01   7.6933638e+01   3.6932594e+00
  -2.4007032e+01   8.7118854e+01  -5.1873932e+01   1.3401737e+01   5.1124429e+00  -1.5464197e+01   8.4291677e+01   8.4192856e+01   8.9020596e+01  -4.1542679e+01  -4.7091755e-01  -6.2189329e+01  -5.1139996e+01  -3.1231109e+01   4.3850749e+01   8.0084200e+01  -4.5517290e+01  -7.3392160e-02  -9.4818267e+01  -2.4118685e+01  -8.1319358e+01   9.6481500e+01   2.0290876e+01   6.2034725e+01   8.9074332e+01   5.2365855e+01  -3.6761371e+01  -5.5285481e+01   8.7278326e+01  -6.3088248e+01
  -8.3146303e+00  -4.8353939e+01   1.9693927e+01   3.2968545e+01  -7.2405403e+01  -7.8140440e+01  -4.4599842e+01  -4.7617068e+01  -6.7261355e+01  -9.4375481e+01  -2.4427822e+01  -4.6882054e+01   1.0181429e+00  -7.9779572e+01  -7.4023613e+01   2.4090043e+00   4.3114267e+01   8.4694928e-01   1.6682022e+01   4.5587829e+01  -7.6721954e+00  -7.3100436e+01   8.6606123e+01  -9.9346929e+01   5.5827074e+01  -1.3877995e+01  -9.3241448e+01  -4.9268096e+01  -3.5359661e+01  -4.0942147e+01
   9.4143251e+01   9.3602863e+01  -2.5164560e+00   4.3143327e+01  -5.7152713e+01   1.8306283e+01   1.6331645e+01  -6.5471704e+01   4.2390683e+01  -1.0119714e+01  -3.2452969e+00  -8.6062338e+01   8.8990032e+01   9.8168543e+01  -2.8668237e+01  -5.4244862e+01   3.5403505e+01  -2.7921783e+01   5.9780371e+01   7.7648667e+01   2.1074795e+01   4.7837761e+01   5.8302160e+01  -9.2261992e+01  -4.3221093e+00  -4.6262992e+01  -7.8337246e+01  -1.8926694e+01   9.6585462e+01   1.3692268e+01
   9.6210071e+01  -2.6900418e+01   9.3219938e+00  -9.4586663e+01   4.7092401e+01  -4.4978117e+01  -9.6352102e+01  -9.4622650e+01  -9.8131267e+01   6.9998226e-01  -6.4424936e+01  -1.6213715e+00   9.9930045e+01   5.6426410e+01   2.3995463e+01  -4.9803835e+01  -7.0442735e+01   4.4552550e+01  -1.3308266e+01  -7.3206878e+01   4.7923974e+01  -7.7694205e+01   6.4575820e+01  -2.5710258e+01  -4.3461097e+01   2.5506817e+01   6.6873843e+01   4.2391309e+01   5.7958912e+01   3.5780213e+01
  -3.4097210e+01  -2.0979375e+01   8.0756943e+00  -8.6314519e+01   9.9779456e+01  -2.0470945e+01   4.0152400e+01   9.7244825e+01  -5.8622176e+01   5.7699264e+01  -9.1965203e+01  -5.7167596e+01   8.4906380e+01  -5.2324523e+01   2.7563295e+01   9.5946730e+01   5.5178865e+01  -7.3750723e+00   4.3033268e+01   7.3049367e+00   2.4934228e+01   8.4295957e+01  -6.1747206e+01   6.6454650e+01  -5.8825624e+01  -2.7602846e+01  -5.2673511e+01   7.6337268e+00  -2.2401194e+01   9.6098359e+01
   8.1429026e+01   6.7509182e+01  -1.2963447e+01   6.3066001e+01   7.4659175e+01  -2.1219851e+01  -3.7801196e+01  -4.0268579e+01   6.1372102e+01   8.6343930e+01  -9.3601553e+01   8.3006904e+01   9.2890945e+01  -6.1113799e+01  -7.6496127e+01  -8.9438724e+00   8.3910440e+01  -2.3419817e+01   1.1888981e+01  -8.7046553e+01  -2.5214278e+01   4.6534128e+01   7.7628188e+01   1.6965251e+01  -5.2571395e+01   4.4081929e+01  -3.6724350e+01   5.5511754e+01   1.7587868e+01   7.6330759e+01
   8.3049864e+01  -6.7512974e+00  -9.6476857e+01  -7.1253901e+01  -2.6029947e+01   5.8671442e+00  -3.2223738e+01   6.2223023e+01  -2.4041115e+01  -7.3594127e+01   9.6724189e+01   4.7368031e+01  -4.5070273e+01   4.7542908e+01   1.6613301e+01  -3.2041196e+01  -3.9968159e+01  -1.9004455e+01   8.7808320e+01  -4.5518259e+01   6.3934156e+01   4.1105831e+01   3.8833067e+01   5.6499016e+01  -3.3864295e+01   2.4252070e+01   6.9623316e+01   7.7241881e+00   4.5293694e+01  -6.4614680e-01
   3.2578886e+01   7.3582947e+01   1.8372755e+01   7.3585996e+01   7.2441018e+01  -3.4959294e+01  -2.3934212e+01   2.1160037e+01   6.4730257e-01  -2.4887373e+01  -5.9480823e+01   6.2888155e+01  -5.9326338e+01   6.7576352e+01  -1.8886762e+01   7.5759778e+01   6.9750693e+01   3.6072881e+01  -3.5164058e+01  -7.2690644e+01  -9.8277671e+01   2.5815251e+01  -2.0497912e+01  -2.6576316e+01  -6.1257274e+00   5.5600919e+01   1.2171504e+00   3.8095207e+01   9.3959198e+01   6.6972022e+01
   9.3925114e+01  -9.1962269e+00   4.1566511e+01   2.2629363e+01  -7.7003893e+00   2.9910139e+01  -7.7189297e+01   8.5348664e+01   4.3580892e+01   8.1547946e+01  -8.5446027e+01   4.3281477e+01  -6.8176528e+01   1.5349921e+01  -6.7803472e+01  -6.6577144e+01  -1.4783668e+01   9.7569526e+01  -5.7026583e+01  -6.9629946e+01   5.9617344e+01  -8.4127507e+01  -3.5629330e+01   2.5717088e+01  -2.3742244e+01  -8.6375798e+01  -6.9045307e+00  -3.0990956e+01   7.1672192e+01   1.5769237e+01
   9.8522485e+01   7.7647402e+01   2.7745870e+01  -9.7189098e+01   7.6898105e+01   3.7870140e+01   9.5625215e+01  -8.9179825e+01   6.3189754e+01  -5.3510063e+01  -9.3062461e+01   5.7733364e+01  -4.1425781e+01  -2.3737960e+00  -5.3386319e+01   3.1144389e+01  -1.6612955e+01  -3.0292063e+01   6.2061475e+01   5.8805530e+01   9.2702087e+01   3.6098932e+00   6.4677544e+01   3.4161402e+01  -9.9147785e+01   4.4850523e+01  -5.2525609e+01  -5.8546808e+01   7.4350210e+01  -3.5640331e+01
   6.7888987e+01  -5.4646863e+01  -8.6830029e+01  -6.8691912e+01   1.2051888e+01   7.2610301e-01   9.1308975e+00  -1.4806800e+01  -1.0649145e+01   8.5027141e+01  -1.6949687e+01  -3.7519292e+00   9.6357720e+01   2.5606672e+01   5.9773416e+01   4.4761478e+01  -6.0393429e+01   7.0797573e+01   4.1913970e+00   1.7254890e+01   3.7508973e+01   5.9757874e+01   8.6790569e+01  -6.0040363e+01   8.5019560e+01   9.5110460e+01  -8.5465366e+00   6.9424043e+00   1.8153590e+01   2.0329285e+01
   2.0441484e+01   1.7765799e+01   6.3600434e+01   5.0977862e+01  -2.9392577e+01   5.8825272e+01   8.3060863e+01   4.7891939e+01   6.7989501e+00  -7.9321708e+01  -5.1836776e+01  -7.5034981e+01  -2.2782165e+01  -5.3719097e+00   7.8643096e+01  -9.7864008e+01   8.7405898e+01  -9.9358895e+01  -6.3098748e+01   2.6245947e+01   9.4805545e+01  -1.9794961e+00  -1.5112347e+01   8.5795210e+01  -2.7272337e+01   7.7624397e+01  -8.0787568e+01  -5.2378699e+01  -5.3389029e+01  -8.3853390e+01
  -5.3421416e+01   9.0728942e+01  -9.6996477e+01   7.5551926e+01   1.3904725e+01   3.5707979e+01  -2.8528374e+01  -2.2589544e+01  -9.4110703e+01   6.3110628e+01   2.0401162e+01  -7.5557279e+01  -7.3134124e+01   3.8751818e+01  -9.8779744e+01  -4.6776455e+01   1.6870899e+01  -9.7337138e+01   7.9709821e+01  -9.9026214e+01  -7.2325345e+01   7.2010086e+01  -8.5921163e+01   2.2102845e+01  -9.8890501e+01   5.2570470e+01   2.8651198e+01  -8.3512398e+01  -6.1538037e+01   3.8516321e+01
  -4.7950114e+01  -1.5131996e+01  -3.3209043e+01  -2.7383294e+01   8.4712697e+01   7.1715264e+01  -8.2816683e+01  -9.3450295e+01   8.5372274e+01   4.5098481e+01  -4.2040327e+01   1.0210434e+01   5.3348267e+01   2.9050702e+01  -2.6005400e+01  -4.5655599e+01   2.5474431e+01   1.7097323e+01   2.0990452e+01   1.8188098e+01   6.6788553e+01   9.8621105e+00   4.1198809e+01  -7.5924920e+01   2.7133370e+01  -1.7037309e+01  -4.8268417e+01  -5.9176094e+01  -3.2150858e+01  -1.8049728e+01
  -7.4405330e+01  -7.5134104e+01   3.5656446e+01   6.3156645e+01   3.8504888e+01  -5.1665094e+01   3.0869466e+01   7.7268497e+01  -2.0431652e+01  -5.7566232e+01   7.3089073e+01   1.3765934e+01   6.8382574e+01  -2.6996058e+01  -5.9435170e+01  -1.9155251e+01   4.2486104e+01  -1.4399584e+01  -9.4336339e+01  -6.2262100e+01  -3.5528699e+01  -4.9284927e+01  -2.7444527e+01  -4.0978387e+01   6.3247077e+01   6.8183551e+01   9.1723184e+01  -7.9417338e+01   4.1159090e+01  -3.2426722e+01
  -6.8558037e+01   4.6075359e+01  -6.6368888e+01   7.4802223e+01   9.7155562e+01  -9.0320923e+01  -3.5653500e+01   8.3308514e+01  -9.1895388e+01  -2.5361062e+01  -1.5706285e+01  -5.2181729e+01   9.7318133e+01   6.3689040e+01   2.4354591e+01  -8.2041026e+00  -3.0445307e+01   1.5139333e+01   8.0591437e+01  -4.2591642e+01   9.0829609e+01   3.3673982e+00   6.2618605e+01  -2.5691970e+01   7.3624061e+01  -7.9275038e+01  -2.2117925e+01  -4.5737348e+01   4.9169535e+01   8.1695459e+01
  -1.3085309e+01   3.6704564e+01   7.2733041e+01  -1.9697199e+01   1.8849529e+01  -6.2798551e+01  -3.1110470e+01   6.7572412e+01  -5.4834845e+01  -2.5057490e+01   9.0941288e+01   4.9616953e+01   8.1978297e+01   3.8849302e+01   4.9794141e+00  -3.6708488e+01  -7.0444753e+01   5.5286131e+01   1.9044626e+01  -5.5657659e+01   4.6822498e+01   9.8061901e+01   8.1980609e+01  -4.2633322e+01   5.8272877e+01   5.6477657e+01  -7.2041877e+01   2.6739404e+01  -5.0703683e+01  -7.6123095e+01
  -2.6551783e+01   9.0132149e+01   5.8744096e+01  -7.1100955e+01  -6.9335854e+01  -2.6437393e+00  -3.1691726e+01   6.2552216e+01  -4.3391431e+01   1.4216344e+01   8.5972710e+01  -4.1658827e+01  -9.8134224e+01  -4.7052944e+01  -9.2520515e+01   9.2864443e+01  -9.9485042e+01  -1.2076363e+01   8.6690814e+01  -9.6042327e+01   2.2105058e+01  -5.9499183e+01   7.7829699e+01  -9.8275217e+01  -5.5482078e+01  -5.1733975e+01   5.7287836e+01  -5.1057921e+01  -4.4756702e+01   5.2025028e+01
  -3.1949294e+01   5.6655127e+01   6.5867415e+01   9.4733717e+01   7.1532201e+01   8.5417603e+01  -5.1056743e+01   8.5125489e+01   6.5891067e+01  -6.5432696e+01  -8.7383749e+01   1.7859675e+01   5.6837080e+01   9.9443273e+01  -5.9556700e+01  -5.3614388e+01   6.9144282e+01   9.3018649e+01  -9.2748666e+01  -9.7900454e+01   9.8544710e+01   4.7886970e+01   3.6638560e+01   5.7828490e+01   8.6903693e-01  -1.8737992e+01  -4.1421442e+01   6.5557313e+01   5.3696951e+01   6.6193138e+01
  -7.0997655e+01  -3.5653020e+01  -5.8880903e+01   9.7329371e+01  -6.1686940e+01  -9.6781054e+01   1.8777876e+01  -3.0167076e+01   4.3343475e+01   9.0610115e+01   2.5455459e+01   4.5109912e+01   8.9906253e+01   1.8692429e+01   4.9682693e+01   1.7701453e+01  -5.8581619e+01  -2.5011820e+01   5.8783503e+01  -2.1701607e+01  -8.8479799e+01  -6.3469176e+01   8.3574909e+01  -6.8545279e+01  -8.1028556e+01   3.3779406e+01   7.9914473e+00   8.1366997e+01   6.4174221e+01  -7.1540966e+01
   3.0107912e+01  -7.3050557e+01  -9.8637681e+01   3.3428303e+01  -5.6327627e+01  -3.6397202e+01  -7.2260017e+01   3.2084284e+01   9.5374114e+01   1.0285178e+01  -1.8196004e+01   2.4695370e+01  -6.6011194e+01   3.3597039e-01   9.7797193e+00   1.4406296e+01   5.7387288e+00  -3.4843733e+01  -9.0569273e+01  -6.5915468e+01   2.1985081e+01  -7.9851363e+00   3.3675721e+01  -9.2900243e+01   3.1931852e+01   6.7811500e+00  -4.8485878e+01  -9.4279171e+01   4.1012747e+00  -3.0922116e+00
   9.9574967e+00  -9.5193124e+01  -8.6009170e+00  -4.1794596e+01   2.4837113e+01  -8.7247434e+01  -8.6746430e+01   8.8545108e+01   5.0651808e+01   5.1588751e+01   6.9612374e+00   5.1713866e+01   4.5137151e+00  -6.7903823e+01  -9.9505632e+01  -6.6329355e+01   3.6125331e+01  -1.7294472e+01   5.2034325e+01   5.4285672e+01   1.0508701e+01  -6.2935949e+01   4.6989811e+01  -5.0672556e+01   2.2935705e+01   5.2835872e+01   2.2937631e+01   1.7042242e+01   8.8486403e+00   9.7081541e+01
  -4.7325718e+01  -8.3843449e+01   5.0718884e+01  -8.6515216e+01  -5.7630653e+01  -3.7864180e+01   7.5409262e+01   6.3620699e+01   2.3231365e+01  -8.4319755e+01  -4.0113083e+01   8.2852795e+01  -9.2153043e+01  -2.9849225e+01  -3.7129084e+01   2.5943172e+01  -5.3218108e+01   7.0043709e+01   2.8422644e+01  -5.7747558e+01   1.8964317e+01  -1.9826535e+01   8.6427977e+01  -1.8323147e+01  -4.8677178e+01   5.6007238e+01   3.2716520e+01  -7.3139146e+01  -8.0796656e+01   9.0765446e+01
   9.4092181e+01  -9.1874977e+01  -3.0709719e+01   8.5622469e+00   2.8839967e+01  -2.3992207e+01  -6.7666098e+01  -1.1353895e+01   7.0642516e+01  -6.4743146e+01   6.3074950e+01   3.2764934e+01  -9.9961823e+01   9.1165181e+01   7.7457659e+01  -8.4620735e+01   1.6067459e+01   1.9418962e+00   1.6195387e+01   7.2794165e+00  -3.6280670e+01   3.7137057e+01   6.4689517e+01  -9.0496733e+01   9.3869453e+01   2.2815054e+01   9.4070292e-01   2.5854668e+01   6.7487803e+00  -4.1597127e+01
  -9.5447397e+01   4.2978054e+01  -8.9208850e+01   9.5057311e+01  -2.7880059e+01  -4.0167767e+01   5.3195189e+01  -9.0075647e+01  -9.2736934e+01   8.8405334e+01   7.8975823e+01   8.8913926e+01   8.0441207e+01  -8.4131764e+01  -7.9433713e+00   3.7414470e+01   9.4030364e+01  -8.4293906e+01   6.6044339e+01  -7.2694613e+00  -9.9522954e+01   9.6942016e+01  -8.1001286e+01  -7.8218050e+01  -3.5180774e+01  -3.5362914e+01  -5.7286769e+01   6.4882732e+01   4.9309485e+01  -8.9214799e+01
