    17842  37.287349 -121.669914     3.041       31.0     -331.5     -607.0      8.0     13.2     13.5 1984  4 25  4 35 19.170 1.9   1
    21644  37.289067 -121.671224     3.072      -85.2     -141.0     -576.2      9.4     25.7     19.8 1984  6 27 14 50 38.140 1.6   1
    32049  37.287358 -121.670117     3.028       12.8     -330.4     -619.7      7.7     13.0     10.6 1984 11 18  0 28 55.240 1.7   1
    35109  37.289026 -121.671167     3.024      -80.4     -145.6     -624.5      9.1     24.7     18.9 1984 12 22  4 43 44.710 1.6   1
    42349  37.287317 -121.670044     2.992       19.5     -335.2     -655.8      9.1     13.4     18.0 1985  2 28  1  9 58.300 0.8   1
    42555  37.287276 -121.669865     3.023       35.4     -339.6     -625.1      7.9     13.2     12.4 1985  3  2  6 53 56.010 1.7   1
    42559  37.287992 -121.670500     3.005      -21.1     -260.1     -643.3      8.4     13.2     13.8 1985  3  2  8 55  3.470 1.9   1
    42560  37.288334 -121.671118     3.093      -76.1     -222.1     -555.2      9.3     14.8     22.6 1985  3  2  8 58  0.480 1.2   1
    54084  37.287992 -121.670508     3.038      -21.3     -260.0     -609.9      8.1     13.2     13.4 1985  8 28 20 35 10.100 1.6   1
    62514  37.287362 -121.670101     3.040       14.2     -330.0     -608.0      7.8     13.0     11.3 1985 12 31 15 50 52.230 1.7   1
    62520  37.287305 -121.669906     3.047       32.0     -336.3     -601.7      7.9     13.1     12.2 1985 12 31 18  3  3.480 1.6   1
    67820  37.288993 -121.671037     3.005      -68.4     -149.2     -643.6      9.7     25.7     20.9 1986  3  8 10 32  4.410 1.6   1
    82606  37.334371 -121.644906     6.753     2248.2     4887.2     3104.4    205.7    297.7    252.9 1986  9 15 20 17 49.920 2.7   1
    83805  37.289144 -121.671159     2.981      -79.1     -132.5     -667.4      8.7     24.6     15.1 1986  9 25 12  1 52.830 1.4   1
    88698  37.289242 -121.671655     3.011     -123.6     -121.6     -636.7     10.6     30.1     27.9 1986 11 25 13  0 35.660 1.0   1
   101361  37.288049 -121.670329     2.955       -5.9     -253.6     -693.6      7.8     13.2     11.3 1987  6  3  6 56  7.740 1.9   1
   101362  37.287402 -121.669840     2.952       37.6     -325.7     -696.5      7.7     13.0     10.8 1987  6  3  6 58 51.320 1.7   1
   102776  37.289217 -121.671606     2.988     -119.4     -124.2     -660.1     10.7     30.3     29.5 1987  7  7  1 44 26.990 1.0   1
   103138  37.287695 -121.670133     2.958       11.8     -293.1     -690.1      7.7     13.0     10.7 1987  7 14 19  2 57.020 1.7   1
   112868  37.289229 -121.671484     2.992     -108.3     -122.9     -656.5     10.8     30.1     26.8 1988  2 25 10  0 17.780 0.9   1
   126189  37.288180 -121.671427     3.274     -103.2     -239.5     -374.4     11.0     14.0     27.4 1988 11  2  3  9 12.610 1.9   1
   126389  37.287309 -121.669840     2.963       37.2     -336.1     -684.8      7.8     13.1     12.0 1988 11  4 13 34 34.720 1.9   1
   148939  37.287370 -121.669922     3.037       30.0     -329.4     -611.6      8.0     13.5     14.5 1989 12 13  5 33 46.080 1.6   1
   158154  37.289307 -121.671663     3.054     -124.1     -114.4     -593.9     10.7     30.1     27.8 1990  5 23 11 11 37.580 1.0   1
   160503  37.287854 -121.670426     3.057      -14.5     -275.5     -591.7      7.8     15.0     15.3 1990  7  5 20  4 42.800 1.7   1
   208364  37.289229 -121.671501     3.015     -109.7     -122.8     -632.8     11.1     30.1     29.3 1991  3 22 11 23 27.560 1.0   1
   215747  37.287398 -121.669873     3.026       34.7     -326.0     -622.1      7.8     13.5     14.1 1991  5 29  9 45 22.620 1.8   1
   238704  37.288041 -121.670516     3.064      -22.7     -254.7     -584.2      8.2     13.9     16.6 1991 12  3  5 24 24.980 2.0   1
   238790  37.287651 -121.670182     3.060        7.3     -298.3     -588.0      7.9     13.7     16.3 1991 12  4  0  8 49.550 1.9   1
   261841  37.289205 -121.671468     3.008     -106.9     -125.5     -640.0     11.3     30.1     30.2 1992  4  6  9 39 49.410 0.9   1
   312743  37.288993 -121.671077     3.039      -72.3     -149.0     -609.4      9.1     25.7     19.3 1992  8 29 17  4 29.020 1.6   1
   314921  37.287431 -121.669759     3.115       45.0     -322.4     -533.4      8.4     13.2     14.1 1992  9 11  1 22 13.650 1.1   1
   331552  37.289221 -121.671606     3.019     -119.4     -123.6     -629.3     10.8     30.1     28.5 1993  1  9 17 48 38.720 1.0   1
 30036393  37.289327 -121.671663     3.056     -124.3     -112.1     -592.1     10.8     30.3     28.7 1993 12  1  0 25 49.530 1.0   1
   389286  37.287280 -121.669914     3.035       30.7     -339.3     -613.2      7.9     13.5     14.1 1993 12 20 22 35  7.800 1.8   1
 30062741  37.287996 -121.670467     3.118      -17.8     -259.5     -530.1      8.0     14.6     16.5 1994 11 16 16 50 58.150 2.0   1
 30062748  37.288424 -121.670817     3.116      -49.0     -212.2     -532.2      8.6     15.6     19.9 1994 11 16 18  3 42.360 1.3   1
 30069218  37.287512 -121.669572     3.102       61.4     -313.4     -546.4      8.3     14.0     17.2 1995  3  3  9 38 49.200 1.2   1
 30069222  37.287443 -121.669596     3.097       59.3     -320.9     -551.5      8.1     13.6     15.0 1995  3  3 12 30 15.850 1.8   1
 30069457  37.287313 -121.669686     3.094       51.1     -335.4     -554.7      8.2     13.9     16.1 1995  3  7 13 19 41.960 1.3   1
 30092060  37.287553 -121.669979     3.064       24.9     -309.0     -584.3      7.9     13.6     14.6 1995 12 15 18 53 39.820 1.8   1
