    17842  37.287427 -121.669775     3.055       43.6     -322.9     -592.9      4.4     10.8     11.3 1984  4 25  4 35 19.170 1.9   1
    21644  37.288770 -121.671118     3.005      -75.6     -173.7     -642.9      8.8     17.4     15.7 1984  6 27 14 50 38.140 1.6   1
    32049  37.287443 -121.669995     3.039       23.5     -321.1     -608.8      5.6     10.8      9.9 1984 11 18  0 28 55.240 1.7   1
    35109  37.288741 -121.671061     2.982      -70.7     -176.8     -666.5      9.0     17.3     17.4 1984 12 22  4 43 44.710 1.6   1
    42349  37.287366 -121.669946     3.008       27.9     -329.6     -640.1      6.9     11.0     14.8 1985  2 28  1  9 58.300 0.8   1
    42555  37.287358 -121.669743     3.047       46.3     -330.4     -601.6      5.7     10.8     10.7 1985  3  2  6 53 56.010 1.7   1
    42559  37.288082 -121.670345     3.011       -7.0     -250.2     -636.9      6.3     10.9     12.3 1985  3  2  8 55  3.470 1.9   1
    42560  37.288391 -121.670760     2.986      -43.7     -216.1     -662.1      6.9     11.2     15.7 1985  3  2  8 58  0.480 1.2   1
    54084  37.288082 -121.670353     3.052       -7.9     -250.4     -595.8      6.0     10.8     11.6 1985  8 28 20 35 10.100 1.6   1
    62514  37.287451 -121.669971     3.054       25.7     -320.1     -593.9      5.7     10.8     10.2 1985 12 31 15 50 52.230 1.7   1
    62520  37.287382 -121.669767     3.065       43.7     -328.0     -583.2      5.7     10.8     10.5 1985 12 31 18  3  3.480 1.6   1
    67820  37.288794 -121.671012     2.982      -66.5     -171.3     -665.9      8.7     17.4     16.0 1986  3  8 10 32  4.410 1.6   1
    83805  37.288859 -121.671037     2.948      -68.5     -163.8     -700.1      8.8     17.3     15.3 1986  9 25 12  1 52.830 1.4   1
    88698  37.289221 -121.671696     2.927     -126.6     -123.5     -721.3      9.9     18.9     15.8 1986 11 25 13  0 35.660 1.0   1
   101361  37.288139 -121.670190     2.969        6.7     -244.1     -679.5      5.9     11.0     11.1 1987  6  3  6 56  7.740 1.9   1
   101362  37.287500 -121.669718     2.976       48.6     -314.9     -672.2      5.7     10.8     10.4 1987  6  3  6 58 51.320 1.7   1
   102776  37.289205 -121.671704     2.924     -127.8     -125.5     -724.7     10.0     19.0     16.9 1987  7  7  1 44 26.990 1.0   1
   103138  37.287781 -121.670003     2.982       23.2     -283.7     -666.4      5.7     10.8     10.3 1987  7 14 19  2 57.020 1.7   1
   112868  37.289250 -121.671631     2.912     -121.4     -120.7     -736.2     10.0     18.9     16.5 1988  2 25 10  0 17.780 0.9   1
   126189  37.286218 -121.673446     3.293     -282.3     -457.1     -355.6    207.0    235.9    266.2 1988 11  2  3  9 12.610 1.9   1
   126389  37.287390 -121.669710     2.985       49.3     -326.8     -663.5      5.8     10.8     11.0 1988 11  4 13 34 34.720 1.9   1
   148939  37.287561 -121.669881     3.124       33.6     -307.9     -524.0      5.8     10.8     10.9 1989 12 13  5 33 46.080 1.6   1
   158154  37.289258 -121.671899     3.086     -144.8     -119.6     -561.8     10.4     19.2     18.1 1990  5 23 11 11 37.580 1.0   1
   160503  37.288049 -121.670329     3.120       -6.1     -253.7     -528.3      5.8     11.4     10.2 1990  7  5 20  4 42.800 1.7   1
   208364  37.289274 -121.671769     3.055     -133.7     -118.0     -593.0      9.9     18.8     14.5 1991  3 22 11 23 27.560 1.0   1
   215747  37.287638 -121.669816     3.106       39.7     -299.5     -541.7      5.7     10.7      9.7 1991  5 29  9 45 22.620 1.8   1
   238704  37.288212 -121.670410     3.111      -12.9     -235.6     -537.0      6.1     10.8     10.9 1991 12  3  5 24 24.980 2.0   1
   238790  37.287817 -121.670101     3.120       14.7     -279.4     -528.4      5.8     10.7     10.2 1991 12  4  0  8 49.550 1.9   1
   261841  37.289258 -121.671729     3.052     -130.0     -119.7     -595.9     10.0     18.8     15.4 1992  4  6  9 39 49.410 0.9   1
   312743  37.288835 -121.671118     3.096      -76.0     -166.8     -552.6      8.4     17.1     14.7 1992  8 29 17  4 29.020 1.6   1
   314921  37.287467 -121.669629     3.120       56.0     -318.4     -528.7      6.2     11.0     12.7 1992  9 11  1 22 13.650 1.1   1
   331552  37.289246 -121.671834     3.035     -139.1     -120.9     -613.3      9.7     18.8     13.8 1993  1  9 17 48 38.720 1.0   1
 30036393  37.289290 -121.671908     3.090     -145.7     -116.2     -558.4     10.4     19.3     18.8 1993 12  1  0 25 49.530 1.0   1
   389286  37.287516 -121.669881     3.122       34.3     -313.1     -526.1      5.7     10.8      9.9 1993 12 20 22 35  7.800 1.8   1
 30062741  37.288175 -121.670361     3.165       -8.5     -239.7     -483.1      6.2     11.7     14.7 1994 11 16 16 50 58.150 2.0   1
 30062748  37.288554 -121.670728     3.145      -40.9     -197.9     -503.0      7.0     12.8     18.3 1994 11 16 18  3 42.360 1.3   1
 30069218  37.287646 -121.669425     3.135       74.1     -298.7     -513.7      5.9     11.2     13.7 1995  3  3  9 38 49.200 1.2   1
 30069222  37.287569 -121.669450     3.132       72.0     -307.1     -516.7      5.8     11.0     12.1 1995  3  3 12 30 15.850 1.8   1
 30069457  37.287439 -121.669556     3.122       62.9     -321.4     -526.0      5.9     10.9     11.1 1995  3  7 13 19 41.960 1.3   1
 30092060  37.287720 -121.669889     3.116       33.0     -290.2     -532.7      5.7     10.7      9.9 1995 12 15 18 53 39.820 1.8   1
