    17842  37.292834 -121.665072     2.845      460.6      277.4     -803.1     47.8     77.7     36.1 1984  4 25  4 35 19.170 1.9   1
    21644  37.293958 -121.668107     2.961      191.2      401.8     -687.7     45.8     76.9     21.8 1984  6 27 14 50 38.140 1.6   1
    23190  37.132397 -121.795573    25.782   -11122.8   -17528.4    22133.3   2031.5   3773.7   2160.3 1984  7 17 16 24 49.440 1.9   1
    28475  37.295475 -121.666317     1.954      349.8      570.2    -1694.3     45.9     78.9   1063.3 1984  9 23  8 43 14.720 1.1   1
    32049  37.291732 -121.666333     2.927      348.7      154.8     -721.0     45.2     76.7     21.4 1984 11 18  0 28 55.240 1.7   1
    35109  37.294767 -121.666113     3.023      367.8      491.8     -625.2     47.5     78.3     28.0 1984 12 22  4 43 44.710 1.6   1
    42349  37.292782 -121.660295     3.176      884.1      271.3     -472.6     62.5     80.8     22.0 1985  2 28  1  9 58.300 0.8   1
    42555  37.292578 -121.665771     2.912      398.2      248.7     -736.0     45.6     77.0     22.2 1985  3  2  6 53 56.010 1.7   1
    42559  37.293205 -121.665715     2.916      403.7      318.5     -732.6     46.5     78.1     20.1 1985  3  2  8 55  3.470 1.9   1
    42643  37.294259 -121.664998    11.566      466.6      435.4     7917.8    153.4     83.3   4200.5 1985  3  2  8 55 29.590 2.1   1
    42560  37.293486 -121.667008     2.868      288.4      349.3     -780.5     49.5     77.5     40.2 1985  3  2  8 58  0.480 1.2   1
    54084  37.293323 -121.666496     2.914      333.9      331.2     -734.4     45.4     77.0     22.2 1985  8 28 20 35 10.100 1.6   1
    57770  37.293205 -121.669694     2.843       50.3      318.2     -805.3     49.8     77.0     43.1 1985 10 28  3 55 38.130 1.3   1
    62514  37.292688 -121.665828     2.923      393.3      261.1     -725.4     45.7     77.3     22.1 1985 12 31 15 50 52.230 1.7   1
    62520  37.292562 -121.665804     2.914      395.5      246.8     -733.7     45.9     77.7     27.9 1985 12 31 18  3  3.480 1.6   1
    67820  37.294035 -121.668465     2.853      159.4      410.6     -795.4     45.9     76.6     42.3 1986  3  8 10 32  4.410 1.6   1
    82606  37.294897 -121.667554     2.917      240.4      506.4     -731.2     45.4     77.0     22.9 1986  9 15 20 17 49.920 2.7   1
    83805  37.294507 -121.666903     2.843      298.1      463.0     -805.2     45.5     76.9     33.6 1986  9 25 12  1 52.830 1.4   1
    88698  37.294796 -121.669010     3.711      111.3      494.8       62.5     73.9    103.9     96.3 1986 11 25 13  0 35.660 1.0   1
   101361  37.293538 -121.665666     2.929      407.8      355.5     -719.5     45.8     77.3     22.3 1987  6  3  6 56  7.740 1.9   1
   101362  37.292696 -121.665910     2.862      386.3      262.0     -786.4     46.1     76.6     35.0 1987  6  3  6 58 51.320 1.7   1
   102776  37.295492 -121.667863     2.911      213.0      572.0     -737.4     45.8     77.4     33.9 1987  7  7  1 44 26.990 1.0   1
   103138  37.292936 -121.666064     2.817      372.4      288.3     -831.4     46.2     77.5     22.8 1987  7 14 19  2 57.020 1.7   1
   110939  37.294340 -121.666732     2.081      313.1      444.5    -1567.5     44.1     75.7   1345.8 1988  1 15  1 56 42.310 1.4   1
   112868  37.296248 -121.668188     3.667      184.1      656.3       19.0     47.0     81.4     16.9 1988  2 25 10  0 17.780 0.9   1
   126189  37.291337 -121.670068     3.263       17.0      111.2     -384.8    475.4    279.7    524.9 1988 11  2  3  9 12.610 1.9   1
   126292  37.286971 -121.667448     1.507      249.9     -373.5    -2140.7    700.3    642.1   1364.5 1988 11  3  1 30  4.280 1.7   1
   126389  37.292187 -121.666252     2.899      355.6      205.7     -749.2     45.6     76.8     24.5 1988 11  4 13 34 34.720 1.9   1
   148939  37.292664 -121.665959     2.967      382.0      258.2     -681.3     46.5     77.3     29.1 1989 12 13  5 33 46.080 1.6   1
   158154  37.295011 -121.668669     3.106      141.4      519.1     -541.9     45.5     78.4     22.2 1990  5 23 11 11 37.580 1.0   1
   160503  37.293632 -121.665755     2.933      400.0      365.6     -715.2     46.3     77.7     23.9 1990  7  5 20  4 42.800 1.7   1
   208364  37.295748 -121.667342     2.913      258.8      600.6     -734.9     47.1     77.8     29.6 1991  3 22 11 23 27.560 1.0   1
   215747  37.292314 -121.666130     2.951      366.8      219.7     -697.3     45.6     77.1     23.8 1991  5 29  9 45 22.620 1.8   1
   227435  37.294080 -121.665308     2.228      439.2      415.5    -1420.4     48.1     79.1   1461.8 1991  8 10 17  6  5.760 1.2   1
   238704  37.293563 -121.665576     2.885      415.5      358.1     -762.8     46.1     77.3     25.3 1991 12  3  5 24 24.980 2.0   1
   238790  37.293058 -121.665934     2.933      383.5      301.9     -715.6     45.8     77.1     24.4 1991 12  4  0  8 49.550 1.9   1
   261841  37.295264 -121.667619     2.950      234.2      547.0     -698.4     46.7     77.4     35.6 1992  4  6  9 39 49.410 0.9   1
   312743  37.293892 -121.668140     3.043      188.4      394.9     -604.9     45.0     77.0     23.1 1992  8 29 17  4 29.020 1.6   1
   314921  37.291158 -121.665389     3.053      432.5       91.1     -594.8     46.5     77.1     25.4 1992  9 11  1 22 13.650 1.1   1
   331552  37.295471 -121.668758     3.079      133.6      569.9     -569.2     46.5     78.4     28.0 1993  1  9 17 48 38.720 1.0   1
   331635  37.295508 -121.665535     2.259      419.2      574.2    -1388.9     46.7     76.7   1190.2 1993  1 10 22 13  9.440 1.2   1
 30036393  37.295528 -121.667578     3.147      237.8      576.4     -501.6     46.7     79.5     29.1 1993 12  1  0 25 49.530 1.0   1
   389286  37.292045 -121.666300     2.877      351.8      189.7     -771.7     45.4     76.9     22.6 1993 12 20 22 35  7.800 1.8   1
   399980  37.294031 -121.666032     2.021      375.0      410.2    -1627.1     45.5     77.9   1260.4 1994  4  6  4 11 34.960 1.4   1
 30062741  37.293221 -121.667391     2.839      254.9      320.0     -809.3     46.2     76.5     36.2 1994 11 16 16 50 58.150 2.0   1
 30062748  37.293884 -121.665422     2.881      429.3      393.9     -766.8     48.0     78.3     30.3 1994 11 16 18  3 42.360 1.3   1
 30069218  37.292126 -121.666309     3.165      350.4      198.9     -482.8     46.5     79.3     22.4 1995  3  3  9 38 49.200 1.2   1
 30069222  37.292778 -121.665820     2.988      393.7      271.0     -660.1     46.1     77.4     23.8 1995  3  3 12 30 15.850 1.8   1
 30069457  37.294226 -121.664022     2.795      553.7      431.8     -853.4     46.8     77.9    481.5 1995  3  7 13 19 41.960 1.3   1
 30092060  37.292871 -121.666187     2.881      361.6      281.2     -767.3     45.7     77.2     22.6 1995 12 15 18 53 39.820 1.8   1
