    17842  37.293685 -121.667594     2.782      236.9      371.5     -866.2     74.3     68.3     67.7 1984  4 25  4 35 19.170 1.9   1
    21644  37.294694 -121.670760     2.901      -43.7      483.6     -747.1     70.8     66.5     28.2 1984  6 27 14 50 38.140 1.6   1
    23190  37.093420 -121.669499    39.204       68.0   -21854.4    35556.1   3258.5   3206.3   2945.6 1984  7 17 16 24 49.440 1.9   1
    28475  37.296126 -121.669198     1.395       94.4      642.8    -2253.6     69.0     68.7   1370.4 1984  9 23  8 43 14.720 1.1   1
    32049  37.292485 -121.669108     2.888      102.8      238.4     -760.6     69.4     66.5     27.2 1984 11 18  0 28 55.240 1.7   1
    35109  37.295447 -121.668595     3.138      148.1      567.3     -509.9     67.7     66.9    282.5 1984 12 22  4 43 44.710 1.6   1
    42349  37.293559 -121.663550     3.170      595.2      357.5     -478.5    103.7     72.5     37.1 1985  2 28  1  9 58.300 0.8   1
    42555  37.293323 -121.668506     2.863      155.5      331.6     -785.7     69.8     66.8     28.0 1985  3  2  6 53 56.010 1.7   1
    42559  37.294141 -121.668091     3.030      192.7      422.1     -618.4     67.2     66.9    134.9 1985  3  2  8 55  3.470 1.9   1
    42643  37.293575 -121.667562     4.001      239.5      359.6      352.6     67.0     66.9    374.0 1985  3  2  8 55 29.590 2.1   1
    42560  37.294368 -121.669312     2.773       84.4      447.5     -874.9     71.9     66.9     44.8 1985  3  2  8 58  0.480 1.2   1
    54084  37.294035 -121.669279     2.870       87.1      410.5     -778.2     69.9     66.6     28.2 1985  8 28 20 35 10.100 1.6   1
    57770  37.293636 -121.672762     2.752     -221.3      366.2     -896.4     78.0     68.6     59.0 1985 10 28  3 55 38.130 1.3   1
    62514  37.293424 -121.668595     2.882      147.8      342.7     -765.9     70.0     67.2     28.1 1985 12 31 15 50 52.230 1.7   1
    62520  37.293306 -121.668555     2.862      151.6      329.8     -785.8     70.2     67.9     36.3 1985 12 31 18  3  3.480 1.6   1
    67820  37.294751 -121.671077     2.746      -71.9      489.8     -902.4     71.1     66.9     38.0 1986  3  8 10 32  4.410 1.6   1
    82606  37.295565 -121.670353     2.856       -7.8      580.2     -792.0     70.2     66.5     29.1 1986  9 15 20 17 49.920 2.7   1
    83805  37.295280 -121.669442     2.761       73.2      548.5     -887.3     70.6     67.1     54.3 1986  9 25 12  1 52.830 1.4   1
    88698  37.295386 -121.671956     3.661     -150.1      560.2       13.1     99.2    105.8    123.9 1986 11 25 13  0 35.660 1.0   1
   101361  37.294267 -121.668449     2.894      160.7      436.0     -754.6     70.2     67.0     28.9 1987  6  3  6 56  7.740 1.9   1
   101362  37.293404 -121.668652     2.759      143.2      340.6     -889.2     70.2     66.8     31.2 1987  6  3  6 58 51.320 1.7   1
   102776  37.296224 -121.670459     2.808      -17.3      653.3     -840.6     70.6     67.0     38.2 1987  7  7  1 44 26.990 1.0   1
   103138  37.293860 -121.668132     2.973      189.1      391.1     -675.6     67.1     66.9    121.4 1987  7 14 19  2 57.020 1.7   1
   110939  37.295125 -121.669385     1.740       77.8      531.5    -1908.1     68.0     67.4     36.1 1988  1 15  1 56 42.310 1.4   1
   112868  37.296883 -121.671029     3.632      -68.1      726.7      -16.2     71.8     69.8     20.7 1988  2 25 10  0 17.780 0.9   1
   126189  37.293278 -121.669946     2.940       28.3      326.3     -707.9    509.2    304.8    420.3 1988 11  2  3  9 12.610 1.9   1
   126292  37.291577 -121.665609     1.698      412.6      137.8    -1950.2    802.5    763.7   1263.1 1988 11  3  1 30  4.280 1.7   1
   126389  37.292940 -121.668986     2.844      113.3      289.2     -804.7     69.9     66.5     32.4 1988 11  4 13 34 34.720 1.9   1
   148939  37.293380 -121.668807     2.936      129.5      337.8     -711.9     70.9     67.2     39.0 1989 12 13  5 33 46.080 1.6   1
   158154  37.295683 -121.671444     3.076     -104.8      593.4     -572.2     70.4     67.4     28.9 1990  5 23 11 11 37.580 1.0   1
   160503  37.294458 -121.668237     2.877      179.7      457.3     -770.8     70.8     67.6     32.6 1990  7  5 20  4 42.800 1.7   1
   208364  37.296440 -121.670068     2.843       17.1      677.3     -805.7     71.9     67.4     36.7 1991  3 22 11 23 27.560 1.0   1
   215747  37.293038 -121.668962     2.913      115.8      299.7     -734.7     70.0     67.0     32.5 1991  5 29  9 45 22.620 1.8   1
   227435  37.294767 -121.668132     1.178      189.0      491.6    -2470.4     68.7     68.2   1531.6 1991  8 10 17  6  5.760 1.2   1
   238704  37.294275 -121.668368     2.842      167.9      437.2     -805.9     70.6     67.0     33.5 1991 12  3  5 24 24.980 2.0   1
   238790  37.293787 -121.668693     2.882      139.0      383.1     -766.2     70.3     66.8     32.1 1991 12  4  0  8 49.550 1.9   1
   261841  37.295732 -121.670508     2.869      -21.7      598.9     -779.4     70.8     67.7     40.2 1992  4  6  9 39 49.410 0.9   1
   312743  37.294543 -121.670915     2.979      -57.8      466.9     -669.6     69.5     67.1     25.3 1992  8 29 17  4 29.020 1.6   1
   314921  37.292004 -121.667952     3.016      205.2      185.1     -632.1     70.9     67.2     35.5 1992  9 11  1 22 13.650 1.1   1
   331552  37.296102 -121.671598     3.048     -118.7      640.1     -599.9     71.2     67.4     37.7 1993  1  9 17 48 38.720 1.0   1
   331635  37.296130 -121.668302     1.611      174.1      643.1    -2037.4     70.1     68.1   1273.8 1993  1 10 22 13  9.440 1.2   1
 30036393  37.296248 -121.670386     3.148      -11.0      656.2     -500.4     71.1     68.4     39.3 1993 12  1  0 25 49.530 1.0   1
   389286  37.292769 -121.669108     2.832      102.6      270.1     -816.4     69.6     66.8     29.2 1993 12 20 22 35  7.800 1.8   1
   399980  37.294869 -121.668660     1.234      142.4      503.2    -2414.4     69.9     70.0   1167.3 1994  4  6  4 11 34.960 1.4   1
 30062741  37.293994 -121.669865     2.716       35.3      406.2     -932.4     70.7     66.6     35.2 1994 11 16 16 50 58.150 2.0   1
 30062748  37.294584 -121.668229     2.847      180.2      471.5     -800.8     72.4     68.4     43.2 1994 11 16 18  3 42.360 1.3   1
 30069218  37.292790 -121.669230     3.138       91.5      272.1     -509.8     70.2     68.9     28.8 1995  3  3  9 38 49.200 1.2   1
 30069222  37.293510 -121.668620     2.943      146.1      352.3     -705.6     70.5     67.3     32.0 1995  3  3 12 30 15.850 1.8   1
 30069457  37.294824 -121.667131     2.086      277.6      498.2    -1562.4     68.9     67.6    136.3 1995  3  7 13 19 41.960 1.3   1
 30092060  37.293616 -121.668913     2.841      120.0      364.0     -807.2     70.1     67.1     29.7 1995 12 15 18 53 39.820 1.8   1
