    17842  37.290552 -121.668009     2.515      200.1       23.9    -1133.1    169.3    174.6    139.1 1984  4 25  4 35 19.170 1.9   1
    21644  37.291606 -121.671191     2.729      -82.5      140.7     -919.4    163.6    171.9     74.0 1984  6 27 14 50 38.140 1.6   1
    23190  37.270398 -121.594246    49.701     6741.2    -2212.7    46052.3   7859.4   8491.8   2688.6 1984  7 17 16 24 49.440 1.9   1
    28475  37.292745 -121.670662     1.541      -35.6      267.4    -2107.7    159.0    176.3    548.3 1984  9 23  8 43 14.720 1.1   1
    32049  37.289205 -121.670068     2.711       17.6     -125.3     -937.0    161.2    171.1     74.2 1984 11 18  0 28 55.240 1.7   1
    35109  37.292212 -121.669401     2.360       76.5      208.1    -1288.0    164.3    172.4    142.3 1984 12 22  4 43 44.710 1.6   1
    42349  37.289266 -121.668164     2.464      185.9     -118.5    -1184.1    170.1    172.9    110.1 1985  2 28  1  9 58.300 0.8   1
    42555  37.290031 -121.669466     2.684       70.4      -34.1     -963.8    162.1    172.0     76.0 1985  3  2  6 53 56.010 1.7   1
    42559  37.290934 -121.668953     2.439      116.0       66.5    -1209.4    164.2    172.0    134.3 1985  3  2  8 55  3.470 1.9   1
    42643  37.290430 -121.668156     2.354      187.0       10.5    -1294.1    166.3    172.4    143.6 1985  3  2  8 55 29.590 2.1   1
    42560  37.290967 -121.670524     2.737      -23.3       70.0     -911.3    162.8    171.9     83.9 1985  3  2  8 58  0.480 1.2   1
    49626  37.293388 -121.667806     2.036      218.1      338.7    -1611.9    171.9    175.3    173.2 1985  6 15  1 38 57.380 0.9   1
    54084  37.290739 -121.670247     2.691        1.7       44.8     -956.9    162.2    171.8     77.0 1985  8 28 20 35 10.100 1.6   1
    57770  37.289624 -121.675977     2.830     -506.6      -78.8     -818.5    162.6    171.8     69.8 1985 10 28  3 55 38.130 1.3   1
    62514  37.290161 -121.669531     2.703       64.7      -19.3     -944.9    162.7    173.4     76.9 1985 12 31 15 50 52.230 1.7   1
    62520  37.290019 -121.669564     2.697       62.3      -35.2     -951.7    163.4    175.7     97.9 1985 12 31 18  3  3.480 1.6   1
    67820  37.291768 -121.671297     2.490      -91.9      158.8    -1158.6    164.6    172.7    161.3 1986  3  8 10 32  4.410 1.6   1
    82606  37.292297 -121.671200     2.651      -82.8      217.7     -997.3    162.7    171.7     76.5 1986  9 15 20 17 49.920 2.7   1
    83805  37.292212 -121.669743     2.482       46.2      208.3    -1166.3    162.5    171.9    127.9 1986  9 25 12  1 52.830 1.4   1
    88698  37.291532 -121.673787     3.587     -312.2      132.8      -61.2    236.6    278.4    327.4 1986 11 25 13  0 35.660 1.0   1
   101361  37.290951 -121.669425     2.725       74.3       68.1     -923.2    162.9    172.6     76.6 1987  6  3  6 56  7.740 1.9   1
   101362  37.289986 -121.669954     2.561       27.4      -38.7    -1087.4    161.7    171.4     75.3 1987  6  3  6 58 51.320 1.7   1
   102776  37.292908 -121.671460     2.644     -106.1      285.6    -1003.7    163.9    173.5     99.2 1987  7  7  1 44 26.990 1.0   1
   103138  37.290641 -121.669092     2.466      104.3       33.9    -1182.4    163.9    171.8    133.1 1987  7 14 19  2 57.020 1.7   1
   110939  37.291813 -121.670638     0.941      -32.9      164.0    -2707.3    156.4    171.5    494.4 1988  1 15  1 56 42.310 1.4   1
   112868  37.293217 -121.671924     3.439     -147.2      319.8     -209.4    163.5    179.8     53.2 1988  2 25 10  0 17.780 0.9   1
   126189  37.286080 -121.680208     3.339     -882.0     -472.3     -309.7    162.4    173.4     54.9 1988 11  2  3  9 12.610 1.9   1
   126292  37.290963 -121.668742     2.076      135.0       69.4    -1571.9    156.1    173.9    285.9 1988 11  3  1 30  4.280 1.7   1
   126389  37.289640 -121.669987     2.681       24.3      -77.1     -967.2    162.4    171.4     86.1 1988 11  4 13 34 34.720 1.9   1
   148939  37.290084 -121.669832     2.788       38.2      -28.2     -860.2    165.7    173.7    105.6 1989 12 13  5 33 46.080 1.6   1
   158154  37.292151 -121.672396     2.926     -188.8      201.2     -722.4    162.8    175.2     74.2 1990  5 23 11 11 37.580 1.0   1
   160503  37.291117 -121.669206     2.755       93.9       86.9     -892.8    163.2    174.5     76.3 1990  7  5 20  4 42.800 1.7   1
   208364  37.293156 -121.670955     2.675      -61.5      312.8     -972.9    167.7    174.7     99.6 1991  3 22 11 23 27.560 1.0   1
   215747  37.289766 -121.669971     2.745       25.9      -63.3     -903.0    162.6    173.0     84.9 1991  5 29  9 45 22.620 1.8   1
   227435  37.291378 -121.669474     1.669       69.7      115.7    -1979.0    159.2    176.0    393.4 1991  8 10 17  6  5.760 1.2   1
   238704  37.290942 -121.669401     2.678       76.3       67.5     -970.5    164.1    172.6     89.8 1991 12  3  5 24 24.980 2.0   1
   238790  37.290479 -121.669686     2.720       50.9       15.6     -928.0    163.3    172.2     85.8 1991 12  4  0  8 49.550 1.9   1
   261841  37.292680 -121.671330     2.727      -94.9      260.3     -921.5    166.8    174.0    118.2 1992  4  6  9 39 49.410 0.9   1
   312743  37.291321 -121.671834     2.817     -139.5      109.3     -831.4    161.7    172.5     80.2 1992  8 29 17  4 29.020 1.6   1
   314921  37.288912 -121.668449     2.847      160.9     -158.1     -801.5    164.3    172.9     90.3 1992  9 11  1 22 13.650 1.1   1
   331552  37.292546 -121.672689     2.926     -215.1      245.0     -722.7    165.4    175.5     94.6 1993  1  9 17 48 38.720 1.0   1
   331635  37.292834 -121.669409     1.591       75.9      277.1    -2057.1    162.7    175.4    532.1 1993  1 10 22 13  9.440 1.2   1
 30036393  37.292660 -121.671460     3.015     -106.2      257.9     -633.7    164.8    177.7     97.0 1993 12  1  0 25 49.530 1.0   1
   389286  37.289514 -121.670093     2.624       14.8      -91.2    -1024.5    161.2    172.4     73.6 1993 12 20 22 35  7.800 1.8   1
   399980  37.291479 -121.670125     1.930       12.5      126.9    -1718.5    156.1    173.0    284.7 1994  4  6  4 11 34.960 1.4   1
 30062741  37.291007 -121.670085     2.459       16.1       74.5    -1188.9    165.0    171.5    140.8 1994 11 16 16 50 58.150 2.0   1
 30062748  37.291252 -121.669320     2.689       84.0      101.5     -959.5    169.4    177.1    109.3 1994 11 16 18  3 42.360 1.3   1
 30069218  37.289172 -121.670646     3.053      -33.6     -129.0     -595.1    163.6    178.6     76.9 1995  3  3  9 38 49.200 1.2   1
 30069222  37.290234 -121.669556     2.778       63.1      -11.3     -870.2    164.2    173.9     84.8 1995  3  3 12 30 15.850 1.8   1
 30069457  37.290902 -121.669808     2.559       40.6       62.6    -1089.0    167.4    173.8    147.0 1995  3  7 13 19 41.960 1.3   1
 30092060  37.290576 -121.669206     2.579       93.5       26.5    -1069.4    164.1    173.2    130.9 1995 12 15 18 53 39.820 1.8   1
