    17842  37.287427 -121.669840     3.043       37.2     -322.8     -604.9      4.6     10.7     12.8 1984  4 25  4 35 19.170 1.9   1
    21644  37.288647 -121.671094     3.000      -73.6     -187.4     -648.1      6.5     21.4     14.6 1984  6 27 14 50 38.140 1.6   1
    32049  37.287435 -121.670068     3.035       17.0     -321.9     -613.0      4.0     10.6     10.3 1984 11 18  0 28 55.240 1.7   1
    35109  37.288611 -121.671012     2.964      -66.7     -191.4     -683.9      6.4     21.3     17.7 1984 12 22  4 43 44.710 1.6   1
    42349  37.287370 -121.670020     2.999       21.9     -329.2     -649.0      6.1     11.0     16.6 1985  2 28  1  9 58.300 0.8   1
    42555  37.287349 -121.669800     3.027       40.9     -331.3     -621.5      4.4     10.7     11.8 1985  3  2  6 53 56.010 1.7   1
    42559  37.288066 -121.670402     2.996      -12.2     -251.8     -651.8      5.0     10.8     12.9 1985  3  2  8 55  3.470 1.9   1
    42560  37.288375 -121.670793     2.969      -47.0     -217.7     -678.9      5.6     11.1     16.4 1985  3  2  8 58  0.480 1.2   1
    54084  37.288070 -121.670435     3.044      -15.0     -251.7     -604.3      4.6     10.7     12.5 1985  8 28 20 35 10.100 1.6   1
    62514  37.287439 -121.670052     3.047       18.6     -321.5     -601.6      4.2     10.6     11.0 1985 12 31 15 50 52.230 1.7   1
    62520  37.287382 -121.669840     3.051       37.7     -327.9     -597.4      4.3     10.7     11.6 1985 12 31 18  3  3.480 1.6   1
    67820  37.288652 -121.671004     2.966      -65.6     -187.1     -681.9      6.5     21.5     15.8 1986  3  8 10 32  4.410 1.6   1
    83805  37.288713 -121.671029     2.930      -68.2     -180.0     -718.5      6.2     21.3     13.8 1986  9 25 12  1 52.830 1.4   1
    88698  37.289099 -121.671655     2.901     -123.5     -137.2     -747.5      7.7     23.1     19.2 1986 11 25 13  0 35.660 1.0   1
   101361  37.288123 -121.670264     2.956        0.0     -245.5     -692.5      4.2     10.8     10.7 1987  6  3  6 56  7.740 1.9   1
   101362  37.287476 -121.669792     2.963       41.5     -317.6     -685.3      4.0     10.6     10.5 1987  6  3  6 58 51.320 1.7   1
   102776  37.289071 -121.671704     2.902     -127.7     -140.3     -746.4      7.8     23.2     20.1 1987  7  7  1 44 26.990 1.0   1
   103138  37.287764 -121.670076     2.967       16.8     -285.2     -681.6      4.0     10.6     10.3 1987  7 14 19  2 57.020 1.7   1
   112868  37.289124 -121.671615     2.893     -119.7     -134.6     -755.1      7.5     23.1     19.5 1988  2 25 10  0 17.780 0.9   1
   126189  37.288277 -121.671395     3.289     -100.2     -228.6     -359.3      8.6     11.3     25.7 1988 11  2  3  9 12.610 1.9   1
   126389  37.287382 -121.669800     2.973       40.9     -327.7     -674.9      4.3     10.7     11.4 1988 11  4 13 34 34.720 1.9   1
   148939  37.287573 -121.670060     3.134       18.2     -306.5     -514.6      4.2     10.6     11.1 1989 12 13  5 33 46.080 1.6   1
   158154  37.289152 -121.671867     3.061     -142.2     -131.2     -586.8      7.5     23.1     18.9 1990  5 23 11 11 37.580 1.0   1
   160503  37.288053 -121.670443     3.110      -15.9     -253.2     -538.2      4.2     11.4     10.5 1990  7  5 20  4 42.800 1.7   1
   208364  37.289148 -121.671745     3.026     -131.4     -132.0     -622.5      7.7     23.0     20.3 1991  3 22 11 23 27.560 1.0   1
   215747  37.287614 -121.669930     3.095       29.7     -302.3     -552.8      4.1     10.6     10.5 1991  5 29  9 45 22.620 1.8   1
   238704  37.288196 -121.670500     3.099      -21.2     -237.5     -549.4      4.7     10.6     11.3 1991 12  3  5 24 24.980 2.0   1
   238790  37.287813 -121.670207     3.115        5.4     -280.0     -533.7      4.3     10.6     11.1 1991 12  4  0  8 49.550 1.9   1
   261841  37.289132 -121.671704     3.024     -128.1     -133.8     -624.3      8.0     23.0     20.8 1992  4  6  9 39 49.410 0.9   1
   312743  37.288684 -121.671134     3.074      -77.2     -183.5     -574.6      5.9     21.0     14.1 1992  8 29 17  4 29.020 1.6   1
   314921  37.287488 -121.669735     3.119       46.6     -316.0     -528.8      5.2     10.8     13.2 1992  9 11  1 22 13.650 1.1   1
   331552  37.289124 -121.671810     3.007     -136.8     -134.7     -641.2      7.5     23.0     19.4 1993  1  9 17 48 38.720 1.0   1
 30036393  37.289181 -121.671883     3.068     -143.6     -128.4     -580.7      7.6     23.2     19.7 1993 12  1  0 25 49.530 1.0   1
   389286  37.287488 -121.670003     3.114       23.3     -316.1     -534.3      4.1     10.6     10.5 1993 12 20 22 35  7.800 1.8   1
 30062741  37.288114 -121.670443     3.139      -15.8     -246.4     -509.2      4.6     11.9     14.7 1994 11 16 16 50 58.150 2.0   1
 30062748  37.288505 -121.670809     3.133      -48.1     -203.4     -514.9      5.5     12.9     17.9 1994 11 16 18  3 42.360 1.3   1
 30069218  37.287598 -121.669507     3.106       67.4     -303.9     -542.4      4.8     10.8     13.1 1995  3  3  9 38 49.200 1.2   1
 30069222  37.287545 -121.669556     3.109       62.6     -309.9     -539.3      4.3     10.7     11.4 1995  3  3 12 30 15.850 1.8   1
 30069457  37.287419 -121.669661     3.106       53.6     -323.9     -542.6      4.6     10.8     12.3 1995  3  7 13 19 41.960 1.3   1
 30092060  37.287703 -121.669995     3.105       23.6     -292.4     -543.4      4.2     10.6     10.6 1995 12 15 18 53 39.820 1.8   1
