    17842  37.302625 -121.656356     2.536     1232.9     1364.0    -1112.0    150.4    265.2    202.2 1984  4 25  4 35 19.170 1.9   1
    21644  37.303837 -121.659505     2.772      953.6     1498.4     -876.5    152.4    261.8     99.4 1984  6 27 14 50 38.140 1.6   1
    23190  36.660592 -122.171200    47.527   -44602.6   -69891.1    43878.7   7349.0  13064.9   6682.2 1984  7 17 16 24 49.440 1.9   1
    28475  37.305082 -121.658773     1.258     1018.8     1636.7    -2390.4    150.9    266.2     99.0 1984  9 23  8 43 14.720 1.1   1
    32049  37.301249 -121.658512     2.796     1041.6     1211.2     -852.6    151.7    261.2     91.2 1984 11 18  0 28 55.240 1.7   1
    35109  37.304321 -121.658089     2.202     1079.2     1552.0    -1446.5    149.7    263.3    287.8 1984 12 22  4 43 44.710 1.6   1
    42349  37.301103 -121.656698     2.933     1203.0     1194.8     -714.9    155.1    263.3    207.5 1985  2 28  1  9 58.300 0.8   1
    42555  37.302157 -121.657821     2.756     1103.4     1311.8     -892.3    154.0    262.5     97.4 1985  3  2  6 53 56.010 1.7   1
    42559  37.302983 -121.657520     2.406     1130.2     1403.8    -1241.8    149.2    263.0    223.2 1985  3  2  8 55  3.470 1.9   1
    42643  37.302413 -121.656942     2.144     1181.1     1340.5    -1504.3    149.3    263.4    273.1 1985  3  2  8 55 29.590 2.1   1
    42560  37.303247 -121.658569     2.687     1037.0     1433.0     -961.7    153.0    262.1     96.5 1985  3  2  8 58  0.480 1.2   1
    49626  37.305147 -121.657796     4.145     1105.6     1644.0      496.4    153.0    267.4   3569.9 1985  6 15  1 38 57.380 0.9   1
    54084  37.302917 -121.658602     2.762     1033.9     1396.4     -885.9    152.8    262.2     97.5 1985  8 28 20 35 10.100 1.6   1
    57770  37.301640 -121.665413     3.135      430.4     1254.3     -513.6    144.9    256.0     96.2 1985 10 28  3 55 38.130 1.3   1
    62514  37.302291 -121.657878     2.769     1098.0     1326.6     -879.3    154.6    263.4     98.6 1985 12 31 15 50 52.230 1.7   1
    62520  37.302096 -121.658024     2.784     1085.3     1305.0     -863.9    155.8    265.0    116.5 1985 12 31 18  3  3.480 1.6   1
    67820  37.303821 -121.659774     2.715      930.0     1496.7     -933.4    151.2    262.4    257.7 1986  3  8 10 32  4.410 1.6   1
    82606  37.304443 -121.659953     2.855      914.5     1565.7     -793.7    152.3    262.2    105.1 1986  9 15 20 17 49.920 2.7   1
    83805  37.304362 -121.658138     2.584     1075.0     1556.5    -1064.0    149.6    263.1    214.9 1986  9 25 12  1 52.830 1.4   1
    88698  37.304655 -121.661865     3.809      744.7     1589.3      160.8    235.1    336.8    306.5 1986 11 25 13  0 35.660 1.0   1
   101361  37.303206 -121.657544     2.717     1127.7     1428.5     -930.9    154.4    263.3     97.2 1987  6  3  6 56  7.740 1.9   1
   101362  37.302197 -121.657821     2.715     1103.2     1316.6     -933.2    148.2    261.6    165.9 1987  6  3  6 58 51.320 1.7   1
   102776  37.305098 -121.660107     2.783      900.5     1638.3     -865.7    154.2    263.9    111.9 1987  7  7  1 44 26.990 1.0   1
   103138  37.302681 -121.657593     2.448     1123.7     1370.2    -1200.3    149.0    262.7    206.7 1987  7 14 19  2 57.020 1.7   1
   110939  37.304028 -121.658887     1.059     1008.6     1519.6    -2589.1    149.0    262.8    105.0 1988  1 15  1 56 42.310 1.4   1
   112868  37.306242 -121.660067     3.608      903.7     1765.4      -40.6    154.0    273.4     49.1 1988  2 25 10  0 17.780 0.9   1
   126189  37.298901 -121.668913     3.926      119.7      950.6      277.8    142.0    260.1     65.0 1988 11  2  3  9 12.610 1.9   1
   126292  37.303113 -121.656909     0.732     1184.1     1417.9    -2916.2    149.5    263.7   1281.0 1988 11  3  1 30  4.280 1.7   1
   126389  37.301693 -121.658464     2.767     1046.1     1260.5     -881.5    153.7    261.8     97.7 1988 11  4 13 34 34.720 1.9   1
   148939  37.302169 -121.658285     2.851     1062.1     1313.4     -797.0    157.0    263.2    113.4 1989 12 13  5 33 46.080 1.6   1
   158154  37.304667 -121.660392     2.916      875.3     1590.7     -732.0    153.7    263.4     69.5 1990  5 23 11 11 37.580 1.0   1
   160503  37.303483 -121.657104     2.672     1166.4     1459.3     -976.2    154.8    264.6     96.2 1990  7  5 20  4 42.800 1.7   1
   208364  37.305444 -121.659367     2.765      966.2     1676.9     -883.0    158.9    265.0    137.4 1991  3 22 11 23 27.560 1.0   1
   215747  37.301762 -121.658618     2.870     1032.7     1268.2     -778.5    153.3    262.7     93.7 1991  5 29  9 45 22.620 1.8   1
   227435  37.303662 -121.657609     1.322     1122.2     1479.2    -2325.9    151.6    266.1     85.9 1991  8 10 17  6  5.760 1.2   1
   238704  37.303162 -121.657650     2.715     1118.4     1423.5     -933.4    156.2    263.6    103.7 1991 12  3  5 24 24.980 2.0   1
   238790  37.302612 -121.658097     2.786     1078.7     1362.4     -862.7    154.7    262.8     98.1 1991 12  4  0  8 49.550 1.9   1
   261841  37.304785 -121.660270     2.924      886.0     1603.8     -723.8    158.6    264.0    148.1 1992  4  6  9 39 49.410 0.9   1
   312743  37.303316 -121.660840     3.012      835.4     1440.4     -636.3    149.8    261.6     90.3 1992  8 29 17  4 29.020 1.6   1
   314921  37.300997 -121.656714     2.842     1201.4     1183.0     -806.7    157.8    262.6    106.8 1992  9 11  1 22 13.650 1.1   1
   331552  37.305029 -121.660767     2.890      842.4     1630.6     -758.7    155.5    262.9     96.8 1993  1  9 17 48 38.720 1.0   1
   331635  37.305180 -121.657536     1.260     1128.5     1647.6    -2388.4    154.9    266.5     92.7 1993  1 10 22 13  9.440 1.2   1
 30036393  37.305172 -121.659009     2.866      998.1     1646.5     -782.7    156.3    265.0     85.6 1993 12  1  0 25 49.530 1.0   1
   389286  37.301497 -121.658675     2.782     1027.8     1238.9     -866.4    153.0    262.4    101.3 1993 12 20 22 35  7.800 1.8   1
   399980  37.303516 -121.658439     0.517     1048.2     1462.9    -3131.3    148.2    257.7   3842.9 1994  4  6  4 11 34.960 1.4   1
 30062741  37.302979 -121.658683     2.667     1027.0     1403.1     -981.5    149.7    262.1    215.0 1994 11 16 16 50 58.150 2.0   1
 30062748  37.303569 -121.657324     2.665     1147.3     1468.6     -983.6    161.2    266.7    120.0 1994 11 16 18  3 42.360 1.3   1
 30069218  37.301314 -121.659106     3.183      989.0     1218.4     -464.8    154.6    262.9     79.8 1995  3  3  9 38 49.200 1.2   1
 30069222  37.302275 -121.658203     2.890     1069.5     1324.9     -758.4    155.7    263.5     96.5 1995  3  3 12 30 15.850 1.8   1
 30069457  37.303125 -121.657943     2.458     1092.3     1419.4    -1190.6    151.4    263.5    179.6 1995  3  7 13 19 41.960 1.3   1
 30092060  37.302576 -121.657869     2.644     1099.2     1358.3    -1004.7    157.5    264.5    115.0 1995 12 15 18 53 39.820 1.8   1
