    17842  37.287402 -121.669849     3.039       37.1     -325.7     -608.8      4.1      9.3     10.9 1984  4 25  4 35 19.170 1.9   1
    21644  37.288696 -121.671110     2.995      -75.2     -181.9     -653.4      5.8     18.5     13.3 1984  6 27 14 50 38.140 1.6   1
    32049  37.287419 -121.670068     3.026       17.1     -323.7     -621.8      3.6      9.2      8.8 1984 11 18  0 28 55.240 1.7   1
    35109  37.288668 -121.671037     2.963      -68.2     -185.2     -685.1      5.8     18.4     16.1 1984 12 22  4 43 44.710 1.6   1
    42349  37.287345 -121.670028     2.997       20.9     -331.8     -651.6      5.4      9.6     14.5 1985  2 28  1  9 58.300 0.8   1
    42555  37.287329 -121.669816     3.030       39.8     -333.7     -618.3      3.9      9.3     10.1 1985  3  2  6 53 56.010 1.7   1
    42559  37.288066 -121.670410     2.996      -13.0     -252.2     -652.5      4.5      9.4     11.2 1985  3  2  8 55  3.470 1.9   1
    42560  37.288379 -121.670801     2.969      -47.7     -217.2     -679.6      5.0      9.6     14.7 1985  3  2  8 58  0.480 1.2   1
    54084  37.288062 -121.670426     3.038      -14.7     -252.4     -610.2      4.1      9.3     10.8 1985  8 28 20 35 10.100 1.6   1
    62514  37.287427 -121.670052     3.041       18.5     -322.8     -607.6      3.7      9.2      9.3 1985 12 31 15 50 52.230 1.7   1
    62520  37.287358 -121.669849     3.049       36.8     -330.6     -599.1      3.8      9.2      9.8 1985 12 31 18  3  3.480 1.6   1
    67820  37.288713 -121.671021     2.969      -67.4     -180.3     -679.5      5.8     18.5     13.9 1986  3  8 10 32  4.410 1.6   1
    83805  37.288782 -121.671045     2.934      -69.6     -172.5     -713.9      5.5     18.4     12.5 1986  9 25 12  1 52.830 1.4   1
    88698  37.289128 -121.671663     2.912     -124.0     -134.2     -736.3      6.9     20.0     15.0 1986 11 25 13  0 35.660 1.0   1
   101361  37.288118 -121.670272     2.955       -0.4     -245.9     -692.9      3.8      9.4      9.1 1987  6  3  6 56  7.740 1.9   1
   101362  37.287467 -121.669808     2.962       40.7     -318.4     -686.3      3.6      9.2      8.8 1987  6  3  6 58 51.320 1.7   1
   102776  37.289103 -121.671688     2.910     -126.3     -137.1     -737.9      7.0     20.1     15.9 1987  7  7  1 44 26.990 1.0   1
   103138  37.287756 -121.670085     2.969       15.8     -286.3     -679.7      3.6      9.2      8.7 1987  7 14 19  2 57.020 1.7   1
   112868  37.289152 -121.671606     2.900     -118.8     -131.3     -748.4      6.8     20.0     15.1 1988  2 25 10  0 17.780 0.9   1
   126189  37.288322 -121.671484     3.309     -108.3     -223.3     -339.0      7.9     10.0     23.9 1988 11  2  3  9 12.610 1.9   1
   126389  37.287362 -121.669800     2.971       41.1     -330.1     -676.9      3.8      9.3      9.6 1988 11  4 13 34 34.720 1.9   1
   148939  37.287528 -121.669995     3.112       23.6     -311.6     -536.2      3.9      9.2      9.9 1989 12 13  5 33 46.080 1.6   1
   158154  37.289136 -121.671859     3.065     -141.7     -133.4     -583.2      7.4     20.4     17.8 1990  5 23 11 11 37.580 1.0   1
   160503  37.288017 -121.670418     3.102      -13.8     -257.4     -546.0      3.7     10.1      9.1 1990  7  5 20  4 42.800 1.7   1
   208364  37.289176 -121.671753     3.042     -132.2     -128.9     -606.3      6.9     20.0     14.7 1991  3 22 11 23 27.560 1.0   1
   215747  37.287602 -121.669914     3.093       30.9     -303.3     -554.8      3.7      9.2      8.7 1991  5 29  9 45 22.620 1.8   1
   238704  37.288196 -121.670492     3.097      -19.9     -237.5     -550.9      4.2      9.2      9.7 1991 12  3  5 24 24.980 2.0   1
   238790  37.287793 -121.670190     3.107        6.6     -282.4     -540.9      3.8      9.2      9.3 1991 12  4  0  8 49.550 1.9   1
   261841  37.289160 -121.671712     3.040     -128.3     -130.7     -608.2      7.2     20.0     15.8 1992  4  6  9 39 49.410 0.9   1
   312743  37.288745 -121.671151     3.076      -78.5     -176.7     -571.7      5.3     18.1     12.6 1992  8 29 17  4 29.020 1.6   1
   314921  37.287431 -121.669718     3.105       48.0     -322.3     -543.3      4.6      9.5     12.2 1992  9 11  1 22 13.650 1.1   1
   331552  37.289144 -121.671810     3.022     -137.4     -132.2     -626.6      6.8     20.0     14.0 1993  1  9 17 48 38.720 1.0   1
 30036393  37.289160 -121.671859     3.066     -141.5     -130.6     -581.7      7.4     20.5     18.4 1993 12  1  0 25 49.530 1.0   1
   389286  37.287484 -121.669987     3.110       24.7     -316.4     -537.9      3.7      9.2      8.8 1993 12 20 22 35  7.800 1.8   1
 30062741  37.288094 -121.670426     3.136      -14.6     -248.8     -511.9      4.1     10.4     12.9 1994 11 16 16 50 58.150 2.0   1
 30062748  37.288493 -121.670793     3.126      -47.2     -204.6     -522.2      4.9     11.4     15.7 1994 11 16 18  3 42.360 1.3   1
 30069218  37.287577 -121.669507     3.108       67.2     -306.4     -540.7      4.3      9.4     11.1 1995  3  3  9 38 49.200 1.2   1
 30069222  37.287508 -121.669548     3.108       63.8     -313.9     -539.9      3.9      9.3      9.6 1995  3  3 12 30 15.850 1.8   1
 30069457  37.287398 -121.669653     3.104       54.4     -326.1     -544.3      4.1      9.4     10.3 1995  3  7 13 19 41.960 1.3   1
 30092060  37.287691 -121.669979     3.103       24.9     -293.5     -545.3      3.7      9.2      8.9 1995 12 15 18 53 39.820 1.8   1
