    17842  37.287447 -121.669694     3.039       50.5     -320.5     -609.7      6.2     11.8     10.4 1984  4 25  4 35 19.170 1.9   1
    21644  37.288879 -121.671053     2.992      -70.0     -161.5     -655.8      9.2     18.5     16.1 1984  6 27 14 50 38.140 1.6   1
    32049  37.287467 -121.669906     3.019       31.6     -318.4     -628.8      6.9     11.8      8.7 1984 11 18  0 28 55.240 1.7   1
    35109  37.288851 -121.670996     2.967      -64.8     -164.8     -680.8      9.4     18.4     18.1 1984 12 22  4 43 44.710 1.6   1
    42349  37.287398 -121.669865     2.988       35.7     -326.3     -660.4      8.0     12.1     13.8 1985  2 28  1  9 58.300 0.8   1
    42555  37.287386 -121.669653     3.028       53.8     -327.6     -619.9      7.0     11.9      9.7 1985  3  2  6 53 56.010 1.7   1
    42559  37.288102 -121.670256     2.992        0.4     -247.8     -655.8      7.4     12.0     11.5 1985  3  2  8 55  3.470 1.9   1
    42560  37.288416 -121.670671     2.969      -35.9     -212.9     -679.1      7.9     12.2     15.3 1985  3  2  8 58  0.480 1.2   1
    54084  37.288102 -121.670264     3.032       -0.2     -247.8     -616.4      7.1     11.9     10.8 1985  8 28 20 35 10.100 1.6   1
    62514  37.287476 -121.669897     3.036       32.8     -317.4     -612.3      6.9     11.8      9.0 1985 12 31 15 50 52.230 1.7   1
    62520  37.287410 -121.669694     3.048       50.8     -324.9     -600.7      6.9     11.8      9.5 1985 12 31 18  3  3.480 1.6   1
    67820  37.288896 -121.670955     2.967      -61.2     -159.8     -680.8      9.2     18.5     16.7 1986  3  8 10 32  4.410 1.6   1
    83805  37.288965 -121.670980     2.935      -63.2     -152.0     -713.3      9.3     18.4     16.5 1986  9 25 12  1 52.830 1.4   1
    88698  37.289319 -121.671606     2.923     -119.4     -112.8     -725.0     10.1     19.8     22.0 1986 11 25 13  0 35.660 1.0   1
   101361  37.288159 -121.670101     2.949       14.4     -241.4     -699.4      7.2     12.0     10.2 1987  6  3  6 56  7.740 1.9   1
   101362  37.287524 -121.669621     2.955       56.7     -312.0     -692.8      7.0     11.8      9.2 1987  6  3  6 58 51.320 1.7   1
   102776  37.289299 -121.671647     2.923     -122.4     -115.0     -725.2     10.2     19.9     22.9 1987  7  7  1 44 26.990 1.0   1
   103138  37.287805 -121.669914     2.962       31.1     -280.8     -686.6      7.0     11.8      9.2 1987  7 14 19  2 57.020 1.7   1
   112868  37.289339 -121.671566     2.913     -115.8     -110.4     -734.9     10.1     19.8     23.1 1988  2 25 10  0 17.780 0.9   1
   126189  37.284615 -121.676693     3.469     -570.2     -634.9     -179.3    253.0    247.5    246.9 1988 11  2  3  9 12.610 1.9   1
   126389  37.287419 -121.669621     2.965       57.2     -323.9     -683.3      7.1     11.9      9.9 1988 11  4 13 34 34.720 1.9   1
   148939  37.287528 -121.669727     3.063       47.9     -311.6     -584.8      7.2     11.9     11.5 1989 12 13  5 33 46.080 1.6   1
   158154  37.289368 -121.671842     3.092     -139.9     -107.5     -556.3     10.1     19.8     22.4 1990  5 23 11 11 37.580 1.0   1
   160503  37.288009 -121.670207     3.076        5.3     -258.2     -572.1      7.3     12.7     12.5 1990  7  5 20  4 42.800 1.7   1
   208364  37.289360 -121.671712     3.053     -128.3     -108.2     -595.5     10.1     19.8     22.9 1991  3 22 11 23 27.560 1.0   1
   215747  37.287659 -121.669735     3.087       47.2     -297.0     -561.2      6.9     11.8      8.4 1991  5 29  9 45 22.620 1.8   1
   238704  37.288241 -121.670329     3.092       -5.6     -232.6     -555.9      7.3     11.8     10.0 1991 12  3  5 24 24.980 2.0   1
   238790  37.287801 -121.669987     3.081       24.9     -281.4     -567.3      7.1     12.0     12.6 1991 12  4  0  8 49.550 1.9   1
   261841  37.289355 -121.671655     3.050     -123.7     -108.9     -597.8     10.3     19.8     22.9 1992  4  6  9 39 49.410 0.9   1
   312743  37.288924 -121.671045     3.074      -69.4     -156.5     -574.3      8.9     18.3     15.5 1992  8 29 17  4 29.020 1.6   1
   314921  37.287419 -121.669499     3.062       67.8     -323.6     -586.2      7.3     12.9     22.0 1992  9 11  1 22 13.650 1.1   1
   331552  37.289339 -121.671769     3.034     -133.4     -110.4     -614.1     10.0     19.8     22.2 1993  1  9 17 48 38.720 1.0   1
 30036393  37.289392 -121.671851     3.094     -140.8     -104.8     -554.3     10.2     19.9     22.6 1993 12  1  0 25 49.530 1.0   1
   389286  37.287537 -121.669792     3.101       42.0     -310.8     -547.6      6.9     11.8      8.6 1993 12 20 22 35  7.800 1.8   1
 30062741  37.288163 -121.670256     3.141        0.6     -241.3     -507.7      7.4     12.6     14.4 1994 11 16 16 50 58.150 2.0   1
 30062748  37.288546 -121.670630     3.123      -32.2     -198.7     -525.4      8.1     13.6     17.8 1994 11 16 18  3 42.360 1.3   1
 30069218  37.287655 -121.669360     3.119       80.1     -297.7     -529.2      7.2     12.2     13.4 1995  3  3  9 38 49.200 1.2   1
 30069222  37.287577 -121.669377     3.114       78.9     -306.3     -534.2      7.1     12.0     11.7 1995  3  3 12 30 15.850 1.8   1
 30069457  37.287463 -121.669482     3.112       69.1     -318.6     -536.2      7.2     12.1     12.4 1995  3  7 13 19 41.960 1.3   1
 30092060  37.287748 -121.669800     3.096       40.9     -287.4     -552.4      6.9     11.8      8.6 1995 12 15 18 53 39.820 1.8   1
