    17842  37.288277 -121.668905     3.045      120.5     -228.3     -603.5     11.0     20.3     24.9 1984  4 25  4 35 19.170 1.9   1
    21644  37.289722 -121.670256     3.086        0.9      -68.4     -562.3     13.9     38.9     29.0 1984  6 27 14 50 38.140 1.6   1
    32049  37.288285 -121.669132     3.037      100.1     -227.7     -610.9     10.2     20.0     20.7 1984 11 18  0 28 55.240 1.7   1
    35109  37.289681 -121.670182     3.059        7.3      -72.7     -589.2     13.9     38.8     34.3 1984 12 22  4 43 44.710 1.6   1
    42349  37.288208 -121.669198     3.070       94.6     -236.4     -577.8     13.7     23.8     45.8 1985  2 28  1  9 58.300 0.8   1
    42555  37.288200 -121.668864     3.029      124.4     -236.9     -619.2     10.8     20.3     23.0 1985  3  2  6 53 56.010 1.7   1
    42559  37.288920 -121.669482     3.017       69.3     -157.0     -631.4     11.7     20.4     25.8 1985  3  2  8 55  3.470 1.9   1
    42560  37.289311 -121.670142     3.115       10.9     -113.7     -532.9     13.9     22.5     38.3 1985  3  2  8 58  0.480 1.2   1
    54084  37.288920 -121.669507     3.056       66.8     -157.4     -592.2     11.0     20.2     24.9 1985  8 28 20 35 10.100 1.6   1
    57770  37.289856 -121.669092     0.436      104.1      -53.4    -3212.5     45.7     67.3    604.5 1985 10 28  3 55 38.130 1.3   1
    62514  37.288293 -121.669116     3.047      102.0     -226.9     -601.3     10.5     20.1     21.9 1985 12 31 15 50 52.230 1.7   1
    62520  37.288232 -121.668905     3.054      120.4     -233.4     -594.2     10.6     20.2     22.8 1985 12 31 18  3  3.480 1.6   1
    67820  37.289734 -121.670158     3.059        9.1      -66.9     -589.0     14.1     38.9     31.1 1986  3  8 10 32  4.410 1.6   1
    82606  37.290735 -121.674162     2.361     -346.0       44.3    -1287.0    259.3     86.7    492.2 1986  9 15 20 17 49.920 2.7   1
    83805  37.289783 -121.670272     3.041       -0.6      -61.5     -607.5     13.6     38.8     26.9 1986  9 25 12  1 52.830 1.4   1
    88698  37.292082 -121.672176     3.855     -169.7      193.5      206.8     18.1     60.3    129.3 1986 11 25 13  0 35.660 1.0   1
   101361  37.288973 -121.669344     2.970       81.7     -151.1     -678.2     10.5     20.4     21.4 1987  6  3  6 56  7.740 1.9   1
   101362  37.288330 -121.668856     2.963      125.2     -222.9     -685.2     10.3     20.1     21.2 1987  6  3  6 58 51.320 1.7   1
   102776  37.290499 -121.671330     3.155      -94.6       18.0     -493.3     16.7     42.4     31.9 1987  7  7  1 44 26.990 1.0   1
   103138  37.288627 -121.669141     2.974       99.7     -189.9     -674.7     10.3     20.1     21.0 1987  7 14 19  2 57.020 1.7   1
   112868  37.292350 -121.672184     3.941     -170.5      223.7      292.4     18.0     59.9    123.7 1988  2 25 10  0 17.780 0.9   1
   126189  37.289091 -121.670321     3.252       -5.0     -138.2     -396.1     17.8     21.1     48.2 1988 11  2  3  9 12.610 1.9   1
   126389  37.288236 -121.668856     2.977      125.0     -232.9     -671.6     10.6     20.1     22.2 1988 11  4 13 34 34.720 1.9   1
   148939  37.288428 -121.669132     3.138      100.5     -211.6     -510.6     10.6     20.0     22.2 1989 12 13  5 33 46.080 1.6   1
   158154  37.290902 -121.671704     3.362     -127.8       62.6     -286.3     17.1     43.0     36.1 1990  5 23 11 11 37.580 1.0   1
   160503  37.288908 -121.669531     3.124       65.0     -158.7     -524.0     10.4     21.6     21.1 1990  7  5 20  4 42.800 1.7   1
   208364  37.290540 -121.671387     3.273      -99.8       22.7     -375.1     16.4     42.1     29.5 1991  3 22 11 23 27.560 1.0   1
   215747  37.288468 -121.668970     3.092      114.7     -207.3     -556.1     10.4     20.0     20.8 1991  5 29  9 45 22.620 1.8   1
   238704  37.289050 -121.669572     3.115       61.3     -142.9     -533.4     11.1     20.1     23.0 1991 12  3  5 24 24.980 2.0   1
   238790  37.288672 -121.669255     3.119       89.4     -184.6     -529.6     10.6     20.0     22.2 1991 12  4  0  8 49.550 1.9   1
   261841  37.290531 -121.671265     3.237      -88.9       21.6     -411.5     16.8     42.2     32.6 1992  4  6  9 39 49.410 0.9   1
   312743  37.289758 -121.670321     3.127       -5.1      -64.3     -520.8     14.8     39.8     31.8 1992  8 29 17  4 29.020 1.6   1
   314921  37.288212 -121.668742     3.052      135.0     -235.6     -596.5     11.7     23.1     45.5 1992  9 11  1 22 13.650 1.1   1
   331552  37.290869 -121.671672     3.347     -125.1       59.0     -300.9     17.2     42.8     36.7 1993  1  9 17 48 38.720 1.0   1
 30036393  37.290898 -121.671655     3.345     -123.6       62.2     -303.3     17.4     43.4     38.2 1993 12  1  0 25 49.530 1.0   1
   389286  37.288342 -121.669043     3.112      108.3     -221.4     -536.5     10.4     20.0     21.2 1993 12 20 22 35  7.800 1.8   1
 30062741  37.288904 -121.669458     3.115       71.7     -159.0     -532.8     10.7     21.1     22.5 1994 11 16 16 50 58.150 2.0   1
 30062748  37.289290 -121.669808     3.111       40.6     -115.9     -537.0     11.7     22.0     28.3 1994 11 16 18  3 42.360 1.3   1
 30069218  37.288444 -121.668563     3.102      151.0     -210.1     -546.6     11.6     21.3     29.3 1995  3  3  9 38 49.200 1.2   1
 30069222  37.288395 -121.668612     3.109      146.5     -215.2     -539.4     10.7     20.2     22.3 1995  3  3 12 30 15.850 1.8   1
 30069457  37.288102 -121.669393     3.266       77.5     -247.9     -382.1     15.6     20.5     51.7 1995  3  7 13 19 41.960 1.3   1
 30092060  37.288558 -121.669035     3.102      109.0     -197.2     -545.9     10.5     20.0     21.4 1995 12 15 18 53 39.820 1.8   1
