    17842  37.288383 -121.668986     3.024      113.5     -216.7     -624.1     26.1     15.5      8.6 1984  4 25  4 35 19.170 1.9   1
    21644  37.289722 -121.671387     3.062      -99.3      -68.1     -586.2     25.9     15.3      8.0 1984  6 27 14 50 38.140 1.6   1
    28475  37.304838 -121.671672     7.184     -124.9     1609.2     3535.5    571.5    424.5   1315.6 1984  9 23  8 43 14.720 1.1   1
    32049  37.287508 -121.669466     3.018       70.8     -313.8     -630.0     25.8     15.3      7.9 1984 11 18  0 28 55.240 1.7   1
    35109  37.289982 -121.670679     2.956      -36.6      -39.3     -692.2     26.2     15.4      9.5 1984 12 22  4 43 44.710 1.6   1
    42349  37.288501 -121.663639     3.262      587.3     -203.8     -386.2     32.6     16.7      7.7 1985  2 28  1  9 58.300 0.8   1
    42555  37.288375 -121.668994     3.024      112.6     -217.6     -624.7     25.9     15.3      8.1 1985  3  2  6 53 56.010 1.7   1
    42559  37.288871 -121.669710     2.951       49.2     -162.6     -697.5     26.0     15.3      8.4 1985  3  2  8 55  3.470 1.9   1
    42560  37.288570 -121.672111     3.136     -163.9     -196.0     -512.0     26.2     15.5      6.5 1985  3  2  8 58  0.480 1.2   1
    54084  37.289038 -121.669686     3.011       51.4     -144.2     -636.8     25.9     15.3      8.1 1985  8 28 20 35 10.100 1.6   1
    57770  37.289152 -121.672534     2.906     -201.5     -131.2     -741.8     26.6     16.0     13.2 1985 10 28  3 55 38.130 1.3   1
    62514  37.288477 -121.668905     3.023      120.5     -206.4     -625.6     25.9     15.4      8.2 1985 12 31 15 50 52.230 1.7   1
    62520  37.288367 -121.668994     3.023      112.3     -218.4     -624.9     26.0     15.6      9.2 1985 12 31 18  3  3.480 1.6   1
    67820  37.289905 -121.671493     2.933     -109.1      -47.7     -714.9     26.0     15.4     10.2 1986  3  8 10 32  4.410 1.6   1
    82606  37.290719 -121.670719     3.052      -40.4       42.6     -595.8     26.1     15.5      9.4 1986  9 15 20 17 49.920 2.7   1
    83805  37.290198 -121.670402     2.982      -12.2      -15.3     -666.5     26.0     15.3      8.4 1986  9 25 12  1 52.830 1.4   1
    88698  37.290552 -121.671997     3.723     -153.7       24.0       74.5     32.2     24.0     26.0 1986 11 25 13  0 35.660 1.0   1
   101361  37.289205 -121.669124     3.033      100.7     -125.8     -615.6     26.1     15.4      8.5 1987  6  3  6 56  7.740 1.9   1
   101362  37.288721 -121.668530     2.916      153.8     -179.5     -731.8     26.0     15.3      8.8 1987  6  3  6 58 51.320 1.7   1
   102776  37.291321 -121.670907     2.998      -57.2      109.5     -650.4     26.0     15.5      9.7 1987  7  7  1 44 26.990 1.0   1
   103138  37.288729 -121.669385     2.922       77.9     -178.2     -726.1     25.9     15.2      8.5 1987  7 14 19  2 57.020 1.7   1
   112868  37.291545 -121.672347     3.744     -184.8      134.1       95.3     26.7     16.2      5.6 1988  2 25 10  0 17.780 0.9   1
   126189  37.287618 -121.672111     3.204     -163.5     -301.8     -444.5     52.0     30.8     38.2 1988 11  2  3  9 12.610 1.9   1
   126292  37.287927 -121.667708    14.057      226.9     -267.2    10408.4    188.2    164.9   1611.9 1988 11  3  1 30  4.280 1.7   1
   126389  37.288005 -121.669466     3.005       71.0     -258.7     -642.9     25.9     15.3      8.4 1988 11  4 13 34 34.720 1.9   1
   148939  37.288477 -121.668945     3.033      116.6     -206.4     -615.1     26.4     15.6     11.1 1989 12 13  5 33 46.080 1.6   1
   158154  37.290674 -121.672087     3.165     -161.4       37.3     -483.5     26.1     15.6      7.6 1990  5 23 11 11 37.580 1.0   1
   160503  37.289160 -121.669718     3.071       48.3     -130.6     -577.1     26.0     15.4      7.9 1990  7  5 20  4 42.800 1.7   1
   208364  37.291447 -121.670833     3.037      -50.6      123.1     -611.0     26.4     15.6     10.5 1991  3 22 11 23 27.560 1.0   1
   215747  37.288151 -121.668978     3.030      114.2     -242.3     -618.2     26.0     15.5      8.5 1991  5 29  9 45 22.620 1.8   1
   238704  37.289347 -121.668774     2.997      132.0     -109.7     -651.7     26.1     15.4      8.8 1991 12  3  5 24 24.980 2.0   1
   238790  37.288798 -121.669287     3.044       86.7     -170.7     -604.1     26.1     15.3      8.5 1991 12  4  0  8 49.550 1.9   1
   261841  37.291166 -121.670443     3.031      -15.6       92.3     -617.5     26.4     15.7     12.1 1992  4  6  9 39 49.410 0.9   1
   312743  37.289746 -121.671167     3.111      -79.8      -65.4     -537.7     25.8     15.5      6.8 1992  8 29 17  4 29.020 1.6   1
   314921  37.286938 -121.668587     3.129      148.6     -377.1     -518.8     25.8     15.4      7.2 1992  9 11  1 22 13.650 1.1   1
   331552  37.291211 -121.672103     3.168     -163.0       97.2     -480.2     26.3     15.7      8.6 1993  1  9 17 48 38.720 1.0   1
 30036393  37.291089 -121.671248     3.222      -87.5       83.6     -426.4     26.4     15.8      9.0 1993 12  1  0 25 49.530 1.0   1
   389286  37.288005 -121.668986     2.972      113.3     -258.9     -675.8     25.9     15.4      8.2 1993 12 20 22 35  7.800 1.8   1
   399980  37.287288 -121.643018     3.683     2416.4     -338.1       34.8    998.6    498.4    918.3 1994  4  6  4 11 34.960 1.4   1
 30062741  37.288993 -121.670858     2.973      -52.7     -149.2     -675.5     26.3     15.5     11.0 1994 11 16 16 50 58.150 2.0   1
 30062748  37.289620 -121.668783     2.990      131.1      -79.7     -658.7     27.3     16.0     11.7 1994 11 16 18  3 42.360 1.3   1
 30069218  37.288082 -121.668831     3.195      126.7     -250.4     -452.9     26.1     15.8      7.1 1995  3  3  9 38 49.200 1.2   1
 30069222  37.288578 -121.668945     3.081      116.8     -194.9     -566.7     26.0     15.5      8.3 1995  3  3 12 30 15.850 1.8   1
 30069457  37.289994 -121.667212     2.700      270.5      -37.8     -948.6     28.5     16.2     16.4 1995  3  7 13 19 41.960 1.3   1
 30092060  37.288668 -121.669336     2.989       82.3     -185.1     -658.8     25.9     15.4      8.2 1995 12 15 18 53 39.820 1.8   1
