    17842  37.291838 -121.666252     3.535      356.0      166.4     -113.3    271.4    269.1     54.5 1984  4 25  4 35 19.170 1.9   1
    16751  37.274915 -121.685433     2.401    -1345.1    -1711.4    -1247.6   5191.7   5500.2  13161.2 1984  4 27  7 48 23.500 1.0   1
    21644  37.293441 -121.668229     3.578      180.3      344.5      -70.4    274.9    261.5     56.4 1984  6 27 14 50 38.140 1.6   1
    22280  37.245939 -121.673340     1.397     -272.7    -4927.1    -2250.9   4132.8   8749.8  13535.3 1984  7  7  2 35  4.060 1.5   1
    23190  37.263578 -121.671916     2.185     -146.7    -2969.9    -1463.5   2829.8   6684.9   8082.8 1984  7 17 16 24 49.440 1.9   1
    25096  37.292855 -121.667716     3.316      225.7      279.3     -332.4    274.6    260.2     65.6 1984  8  7  9  7  6.330 1.2   1
    28475  37.293644 -121.668441     3.341      161.7      367.0     -307.4    278.8    259.9    110.0 1984  9 23  8 43 14.720 1.1   1
    32049  37.290735 -121.667212     3.487      270.5       44.3     -161.1    271.5    260.4     57.7 1984 11 18  0 28 55.240 1.7   1
    35109  37.293400 -121.668075     3.478      194.3      340.3     -170.1    274.8    263.2     51.9 1984 12 22  4 43 44.710 1.6   1
    42349  37.290552 -121.666455     3.629      337.6       24.1      -19.7    274.6    261.8     59.0 1985  2 28  1  9 58.300 0.8   1
    42555  37.291614 -121.666886     3.561      299.8      142.0      -87.3    271.3    266.9     53.8 1985  3  2  6 53 56.010 1.7   1
    42559  37.292228 -121.667122     3.479      278.3      210.0     -169.0    272.6    262.1     55.5 1985  3  2  8 55  3.470 1.9   1
    42643  37.291626 -121.666520     3.460      332.2      143.0     -188.3    272.7    263.2     58.2 1985  3  2  8 55 29.590 2.1   1
    42560  37.292696 -121.667814     3.610      217.4      261.7      -38.5    273.3    260.1     61.3 1985  3  2  8 58  0.480 1.2   1
    49626  37.294413 -121.668001     3.645      200.9      452.3       -2.8    277.2    260.0     76.1 1985  6 15  1 38 57.380 0.9   1
    54084  37.292367 -121.667407     3.494      253.0      225.3     -154.4    271.8    261.8     56.7 1985  8 28 20 35 10.100 1.6   1
    57770  37.291711 -121.672729     3.566     -218.7      152.6      -82.4    275.4    258.4     69.7 1985 10 28  3 55 38.130 1.3   1
    62514  37.291748 -121.666642     3.495      321.2      156.9     -153.5    272.0    262.4     59.4 1985 12 31 15 50 52.230 1.7   1
    62520  37.291573 -121.666846     3.526      303.1      137.2     -121.8    272.0    261.2     71.9 1985 12 31 18  3  3.480 1.6   1
    67820  37.293115 -121.669336     3.466       82.4      308.5     -181.8    276.2    262.2     68.8 1986  3  8 10 32  4.410 1.6   1
    73786  37.291895 -121.665894     3.241      387.5      173.2     -407.4    272.3    260.9     64.5 1986  6  1 10 51 31.460 1.2   1
    77296  37.283683 -121.685881     5.856    -1384.8     -738.4     2207.9   6702.7   5361.0  21560.2 1986  7 25 16  1 52.100 1.1   1
    82606  37.294808 -121.668473     3.465      158.7      496.2     -182.8    274.4    269.0     80.3 1986  9 15 20 17 49.920 2.7   1
    83805  37.293628 -121.667822     3.508      216.8      365.5     -140.4    273.9    262.2     56.4 1986  9 25 12  1 52.830 1.4   1
    88698  37.293835 -121.668384     4.240      166.4      388.2      591.8    326.3    340.2    465.2 1986 11 25 13  0 35.660 1.0   1
   101361  37.293652 -121.666545     3.326      329.7      367.9     -322.4    272.5    270.2     81.8 1987  6  3  6 56  7.740 1.9   1
   101362  37.291545 -121.667586     3.558      237.1      133.9      -90.7    271.7    266.7     50.6 1987  6  3  6 58 51.320 1.7   1
   102776  37.294629 -121.668872     3.538      123.4      476.6     -110.3    275.1    256.6     73.6 1987  7  7  1 44 26.990 1.0   1
   103138  37.291907 -121.667163     3.455      275.2      174.3     -193.2    272.2    263.6     55.5 1987  7 14 19  2 57.020 1.7   1
   110939  37.292993 -121.668376     3.319      167.1      294.9     -329.3    273.5    253.6     67.9 1988  1 15  1 56 42.310 1.4   1
   112868  37.295044 -121.668221     4.280      180.9      522.6      631.5    276.3    270.4     82.4 1988  2 25 10  0 17.780 0.9   1
   126189  37.288680 -121.675529     3.970     -466.7     -184.0      322.2    273.7    267.4     51.8 1988 11  2  3  9 12.610 1.9   1
   126292  37.292232 -121.666512     3.427      332.6      210.5     -221.1    272.0    265.2     54.6 1988 11  3  1 30  4.280 1.7   1
   126389  37.292151 -121.667407     3.351      253.3      201.5     -297.1    271.4    269.8     80.6 1988 11  4 13 34 34.720 1.9   1
   148939  37.291797 -121.666927     3.577      295.7      162.3      -71.7    270.5    271.4     62.7 1989 12 13  5 33 46.080 1.6   1
   158154  37.294287 -121.669303     3.664       85.1      438.4       16.2    275.0    258.7     67.6 1990  5 23 11 11 37.580 1.0   1
   160503  37.292814 -121.666447     3.542      338.7      275.1     -106.6    273.5    266.8     53.3 1990  7  5 20  4 42.800 1.7   1
   205031  37.284432 -121.698275     6.205    -2484.1     -655.4     2556.4   8159.2   5381.0  24629.2 1991  1 20  5  0 30.930 1.2   1
   208364  37.295020 -121.668213     3.587      181.9      519.7      -61.6    277.8    265.5     66.0 1991  3 22 11 23 27.560 1.0   1
   215747  37.291390 -121.667358     3.587      257.7      117.0      -61.0    271.7    268.3     50.4 1991  5 29  9 45 22.620 1.8   1
   227435  37.292716 -121.667057     3.412      284.2      264.3     -235.8    275.3    263.2     63.0 1991  8 10 17  6  5.760 1.2   1
   238704  37.292570 -121.666675     3.519      318.0      248.0     -129.1    272.7    262.2     55.8 1991 12  3  5 24 24.980 2.0   1
   238790  37.292090 -121.667131     3.584      277.8      194.5      -64.4    272.6    266.6     51.3 1991 12  4  0  8 49.550 1.9   1
   261841  37.293555 -121.668726     3.479      136.6      357.4     -169.1    276.5    258.2    106.9 1992  4  6  9 39 49.410 0.9   1
   312743  37.293140 -121.668905     3.600      120.7      311.2      -47.8    275.3    265.4     68.9 1992  8 29 17  4 29.020 1.6   1
   314921  37.290568 -121.665389     3.575      432.5       25.8      -72.9    272.0    269.0     63.7 1992  9 11  1 22 13.650 1.1   1
   331552  37.294694 -121.669523     3.627       66.0      483.7      -21.2    278.1    262.0     80.1 1993  1  9 17 48 38.720 1.0   1
   331635  37.294202 -121.667098     3.394      281.0      428.8     -254.2    277.6    260.7     65.1 1993  1 10 22 13  9.440 1.2   1
   352620  37.283362 -121.690584     5.513    -1802.1     -774.2     1864.4   6998.0   4820.2  24551.9 1993  6  8  9 15  1.380 0.8   1
 30036393  37.295512 -121.667806     3.512      217.9      574.2     -135.9    277.9    272.0    126.6 1993 12  1  0 25 49.530 1.0   1
   389286  37.290967 -121.667358     3.450      257.9       70.1     -197.8    272.7    263.8     58.9 1993 12 20 22 35  7.800 1.8   1
   399980  37.292700 -121.668001     3.394      201.0      262.4     -254.0    273.5    261.0     58.3 1994  4  6  4 11 34.960 1.4   1
 30062741  37.292265 -121.668351     3.499      169.5      214.2     -149.7    273.3    262.4     57.3 1994 11 16 16 50 58.150 2.0   1
 30062748  37.292944 -121.666463     3.511      337.2      289.3     -137.0    277.1    264.7     64.0 1994 11 16 18  3 42.360 1.3   1
 30069218  37.291414 -121.666960     3.698      293.2      119.6       49.6    273.9    267.7     67.6 1995  3  3  9 38 49.200 1.2   1
 30069222  37.291976 -121.666740     3.611      312.7      181.9      -37.7    271.9    269.0     52.3 1995  3  3 12 30 15.850 1.8   1
 30069457  37.292338 -121.667464     3.476      248.3      222.1     -172.7    274.6    262.2     67.0 1995  3  7 13 19 41.960 1.3   1
 30073191  37.287740 -121.704036     6.230    -2995.1     -288.1     2581.5   7763.6   3817.3  14932.1 1995  5 14 11 18 47.000 1.0   1
 30092060  37.291947 -121.667187     3.529      272.6      179.0     -119.7    272.1    267.3     53.4 1995 12 15 18 53 39.820 1.8   1
   478138  37.281661 -121.674015     5.984     -332.6     -962.9     2335.5   2647.7   4238.4  61799.0 1996  9  2 20 27  0.360 2.0   1
   478159  37.284729 -121.671468     0.139     -107.1     -622.5    -3509.0   2830.3   3674.2  40539.4 1996  9  3  0  2  4.940 1.2   1
