    17842  37.287337 -121.669840     3.039       37.8     -332.6     -608.7      4.0      9.1     10.8 1984  4 25  4 35 19.170 1.9   1
    21644  37.288818 -121.671126     3.002      -76.7     -168.4     -646.5      5.6     18.1     13.1 1984  6 27 14 50 38.140 1.6   1
    32049  37.287358 -121.670052     3.022       18.5     -330.7     -626.1      3.5      9.0      8.6 1984 11 18  0 28 55.240 1.7   1
    35109  37.288794 -121.671053     2.972      -69.7     -171.3     -676.1      5.7     18.0     16.0 1984 12 22  4 43 44.710 1.6   1
    42349  37.287284 -121.670020     2.994       21.7     -338.8     -653.8      5.4      9.3     14.1 1985  2 28  1  9 58.300 0.8   1
    42555  37.287268 -121.669808     3.028       40.6     -340.4     -620.3      3.8      9.1      9.8 1985  3  2  6 53 56.010 1.7   1
    42559  37.288005 -121.670402     2.996      -12.2     -259.0     -652.1      4.3      9.1     11.0 1985  3  2  8 55  3.470 1.9   1
    42560  37.288318 -121.670809     2.972      -48.2     -223.8     -676.6      4.9      9.4     14.6 1985  3  2  8 58  0.480 1.2   1
    54084  37.288000 -121.670410     3.036      -13.2     -259.2     -611.8      4.0      9.1     10.7 1985  8 28 20 35 10.100 1.6   1
    62514  37.287366 -121.670044     3.038       19.3     -329.7     -609.8      3.6      9.0      9.1 1985 12 31 15 50 52.230 1.7   1
    62520  37.287297 -121.669832     3.049       38.0     -337.5     -599.7      3.7      9.0      9.6 1985 12 31 18  3  3.480 1.6   1
    67820  37.288835 -121.671045     2.978      -69.5     -166.6     -670.6      5.6     18.1     13.7 1986  3  8 10 32  4.410 1.6   1
    83805  37.288908 -121.671069     2.943      -71.2     -158.7     -704.8      5.4     18.0     12.2 1986  9 25 12  1 52.830 1.4   1
    88698  37.289258 -121.671712     2.922     -128.6     -119.5     -726.7      6.8     19.6     15.2 1986 11 25 13  0 35.660 1.0   1
   101361  37.288062 -121.670256     2.955        0.9     -252.2     -693.6      3.7      9.1      8.9 1987  6  3  6 56  7.740 1.9   1
   101362  37.287410 -121.669784     2.959       42.6     -324.6     -689.5      3.5      9.0      8.6 1987  6  3  6 58 51.320 1.7   1
   102776  37.289237 -121.671737     2.921     -130.8     -121.9     -727.6      6.9     19.7     16.1 1987  7  7  1 44 26.990 1.0   1
   103138  37.287699 -121.670068     2.966       17.1     -292.7     -681.9      3.5      8.9      8.5 1987  7 14 19  2 57.020 1.7   1
   112868  37.289278 -121.671606     2.888     -119.4     -117.3     -760.6      8.6     19.6     28.3 1988  2 25 10  0 17.780 0.9   1
   126189  37.288289 -121.671525     3.324     -112.1     -227.0     -324.3      7.6      9.8     22.9 1988 11  2  3  9 12.610 1.9   1
   126389  37.287301 -121.669775     2.969       42.9     -336.9     -678.8      3.7      9.0      9.4 1988 11  4 13 34 34.720 1.9   1
   148939  37.287415 -121.669897     3.067       32.8     -324.1     -581.6      4.2      9.2     11.8 1989 12 13  5 33 46.080 1.6   1
   158154  37.289315 -121.671948     3.091     -149.1     -113.5     -556.8      6.6     19.6     14.5 1990  5 23 11 11 37.580 1.0   1
   160503  37.287907 -121.670353     3.077       -8.0     -269.6     -571.0      3.8     10.6     12.3 1990  7  5 20  4 42.800 1.7   1
   208364  37.289311 -121.671802     3.052     -136.2     -113.7     -596.6      6.7     19.5     15.1 1991  3 22 11 23 27.560 1.0   1
   215747  37.287549 -121.669897     3.092       32.4     -309.6     -556.6      3.6      8.9      8.5 1991  5 29  9 45 22.620 1.8   1
   238704  37.288139 -121.670475     3.099      -18.6     -243.9     -549.5      4.1      9.0      9.5 1991 12  3  5 24 24.980 2.0   1
   238790  37.287691 -121.670142     3.085       10.8     -293.4     -563.7      3.8      9.3     12.6 1991 12  4  0  8 49.550 1.9   1
   261841  37.289299 -121.671761     3.049     -132.6     -115.1     -598.8      7.0     19.5     15.9 1992  4  6  9 39 49.410 0.9   1
   312743  37.288871 -121.671167     3.086      -79.8     -162.7     -562.5      5.1     17.7     12.2 1992  8 29 17  4 29.020 1.6   1
   314921  37.287321 -121.669670     3.071       53.0     -334.5     -577.1      4.4     10.9     23.2 1992  9 11  1 22 13.650 1.1   1
   331552  37.289282 -121.671859     3.031     -141.4     -116.9     -616.8      6.6     19.5     14.5 1993  1  9 17 48 38.720 1.0   1
 30036393  37.289339 -121.671956     3.095     -149.9     -110.8     -553.1      6.6     19.7     15.2 1993 12  1  0 25 49.530 1.0   1
   389286  37.287431 -121.669963     3.108       26.6     -322.5     -539.8      3.6      8.9      8.6 1993 12 20 22 35  7.800 1.8   1
 30062741  37.288029 -121.670410     3.136      -13.3     -256.0     -512.2      4.0     10.2     12.9 1994 11 16 16 50 58.150 2.0   1
 30062748  37.288424 -121.670776     3.125      -45.4     -212.3     -523.1      4.7     11.2     15.5 1994 11 16 18  3 42.360 1.3   1
 30069218  37.287516 -121.669499     3.109       68.0     -312.8     -539.2      4.2      9.1     10.9 1995  3  3  9 38 49.200 1.2   1
 30069222  37.287447 -121.669523     3.108       65.3     -320.5     -540.4      3.8      9.0      9.4 1995  3  3 12 30 15.850 1.8   1
 30069457  37.287337 -121.669645     3.104       55.0     -332.9     -544.2      4.0      9.2     10.1 1995  3  7 13 19 41.960 1.3   1
 30092060  37.287634 -121.669971     3.101       25.9     -299.7     -547.7      3.6      8.9      8.6 1995 12 15 18 53 39.820 1.8   1
