    17842  37.287236 -121.669824     3.055       38.6     -344.3     -593.1      4.0      5.4     12.5 1984  4 25  4 35 19.170 1.9   1
    21644  37.288965 -121.671143     3.013      -77.6     -152.1     -635.5      5.6     12.7     15.1 1984  6 27 14 50 38.140 1.6   1
    32049  37.287264 -121.670060     3.042       18.3     -341.0     -606.2      3.5      6.1     10.8 1984 11 18  0 28 55.240 1.7   1
    35109  37.288936 -121.671053     2.983      -70.3     -155.5     -665.7      5.6     12.6     17.6 1984 12 22  4 43 44.710 1.6   1
    42349  37.287191 -121.670011     3.014       22.2     -349.1     -634.2      5.3      6.6     15.7 1985  2 28  1  9 58.300 0.8   1
    42555  37.287179 -121.669800     3.047       41.4     -350.6     -601.3      3.8      6.2     11.9 1985  3  2  6 53 56.010 1.7   1
    42559  37.287911 -121.670394     3.013      -11.9     -269.1     -635.6      4.3      6.4     12.8 1985  3  2  8 55  3.470 1.9   1
    42560  37.288228 -121.670793     2.986      -47.0     -233.9     -662.1      4.9      7.1     15.8 1985  3  2  8 58  0.480 1.2   1
    54084  37.287911 -121.670418     3.054      -13.4     -269.2     -594.5      3.9      6.3     12.3 1985  8 28 20 35 10.100 1.6   1
    62514  37.287272 -121.670036     3.057       19.9     -339.9     -591.4      3.6      6.1     11.3 1985 12 31 15 50 52.230 1.7   1
    62520  37.287199 -121.669832     3.066       38.3     -348.1     -582.3      3.7      6.1     11.7 1985 12 31 18  3  3.480 1.6   1
    67820  37.288981 -121.671045     2.987      -69.5     -150.2     -661.6      5.6     12.8     15.6 1986  3  8 10 32  4.410 1.6   1
    83805  37.289046 -121.671069     2.951      -71.1     -143.0     -697.0      5.3     12.6     14.2 1986  9 25 12  1 52.830 1.4   1
    88698  37.289453 -121.671729     2.911     -129.7      -98.0     -736.8      6.7     13.1     15.4 1986 11 25 13  0 35.660 1.0   1
   101361  37.287972 -121.670247     2.972        1.3     -262.4     -676.2      3.6      6.4     11.0 1987  6  3  6 56  7.740 1.9   1
   101362  37.287317 -121.669784     2.979       42.4     -335.0     -669.0      3.5      6.1     10.9 1987  6  3  6 58 51.320 1.7   1
   102776  37.289429 -121.671745     2.909     -131.5     -100.5     -739.6      6.9     13.3     16.4 1987  7  7  1 44 26.990 1.0   1
   103138  37.287606 -121.670068     2.986       17.0     -303.2     -662.6      3.5      6.1     10.7 1987  7 14 19  2 57.020 1.7   1
   112868  37.289486 -121.671533     2.855     -112.8      -94.3     -793.3      8.9     13.0     29.1 1988  2 25 10  0 17.780 0.9   1
   126189  37.288188 -121.671444     3.313     -104.3     -238.2     -334.9      8.3      7.7     23.7 1988 11  2  3  9 12.610 1.9   1
   126389  37.287207 -121.669784     2.988       42.6     -347.3     -659.8      3.7      6.1     11.5 1988 11  4 13 34 34.720 1.9   1
   148939  37.287378 -121.669971     3.128       25.8     -328.1     -519.8      3.8      6.0     11.8 1989 12 13  5 33 46.080 1.6   1
   158154  37.289502 -121.671956     3.082     -149.9      -92.8     -565.8      6.6     13.2     14.4 1990  5 23 11 11 37.580 1.0   1
   160503  37.287878 -121.670402     3.121      -11.9     -272.8     -527.2      3.6      7.3     10.9 1990  7  5 20  4 42.800 1.7   1
   208364  37.289502 -121.671810     3.041     -136.8      -92.5     -607.1      6.8     13.1     15.2 1991  3 22 11 23 27.560 1.0   1
   215747  37.287451 -121.669897     3.110       32.4     -320.1     -537.8      3.6      6.0     10.7 1991  5 29  9 45 22.620 1.8   1
   238704  37.288045 -121.670467     3.114      -18.3     -254.1     -534.0      4.0      6.3     11.4 1991 12  3  5 24 24.980 2.0   1
   238790  37.287642 -121.670174     3.124        8.1     -298.9     -524.4      3.7      6.1     11.1 1991 12  4  0  8 49.550 1.9   1
   261841  37.289490 -121.671761     3.038     -132.8      -93.9     -609.9      7.0     13.1     16.0 1992  4  6  9 39 49.410 0.9   1
   312743  37.289014 -121.671159     3.095      -79.5     -146.9     -553.6      5.1     12.5     14.2 1992  8 29 17  4 29.020 1.6   1
   314921  37.287292 -121.669702     3.125       50.0     -337.9     -523.1      4.5      6.3     13.5 1992  9 11  1 22 13.650 1.1   1
   331552  37.289478 -121.671867     3.021     -142.2      -95.5     -627.0      6.6     13.1     14.5 1993  1  9 17 48 38.720 1.0   1
 30036393  37.289510 -121.671940     3.077     -148.9      -91.9     -571.3      7.3     14.0     18.3 1993 12  1  0 25 49.530 1.0   1
   389286  37.287333 -121.669963     3.127       26.5     -333.3     -521.1      3.6      6.0     10.8 1993 12 20 22 35  7.800 1.8   1
 30062741  37.287968 -121.670418     3.153      -13.5     -263.0     -495.0      4.0      7.3     14.0 1994 11 16 16 50 58.150 2.0   1
 30062748  37.288354 -121.670776     3.139      -45.4     -220.0     -509.5      4.7      8.7     16.4 1994 11 16 18  3 42.360 1.3   1
 30069218  37.287423 -121.669491     3.125       68.8     -323.3     -523.3      4.2      6.3     12.7 1995  3  3  9 38 49.200 1.2   1
 30069222  37.287354 -121.669523     3.125       65.4     -330.9     -522.9      3.8      6.1     11.5 1995  3  3 12 30 15.850 1.8   1
 30069457  37.287244 -121.669629     3.121       56.0     -343.3     -527.3      4.0      6.3     12.1 1995  3  7 13 19 41.960 1.3   1
 30092060  37.287541 -121.669971     3.120       26.2     -310.0     -528.5      3.6      6.0     10.8 1995 12 15 18 53 39.820 1.8   1
