    17842  37.288053 -121.668783     3.070      131.6     -253.2     -578.4      8.8     17.3     18.3 1984  4 25  4 35 19.170 1.9   1
    21644  37.290255 -121.670329     3.166       -6.1       -8.8     -481.9     11.4     33.6     25.9 1984  6 27 14 50 38.140 1.6   1
    32049  37.288062 -121.669010     3.063      111.2     -252.5     -585.6      8.2     17.1     14.7 1984 11 18  0 28 55.240 1.7   1
    35109  37.290100 -121.670101     3.071       14.7      -26.4     -577.0     10.7     32.3     25.3 1984 12 22  4 43 44.710 1.6   1
    42349  37.287988 -121.668945     3.021      116.6     -260.5     -626.9     10.6     17.6     24.2 1985  2 28  1  9 58.300 0.8   1
    42555  37.287968 -121.668750     3.053      134.3     -262.6     -595.2      8.6     17.3     16.8 1985  3  2  6 53 56.010 1.7   1
    42559  37.288692 -121.669352     3.042       80.5     -182.4     -606.7      9.3     17.3     19.0 1985  3  2  8 55  3.470 1.9   1
    42560  37.289119 -121.670003     3.139       22.9     -135.1     -509.1     11.0     19.3     30.2 1985  3  2  8 58  0.480 1.2   1
    54084  37.288700 -121.669352     3.076       80.5     -181.7     -572.7      8.8     17.3     18.4 1985  8 28 20 35 10.100 1.6   1
    62514  37.288066 -121.668986     3.073      113.4     -252.2     -575.0      8.3     17.1     15.7 1985 12 31 15 50 52.230 1.7   1
    62520  37.288000 -121.668774     3.077      131.9     -259.1     -571.6      8.5     17.2     16.5 1985 12 31 18  3  3.480 1.6   1
    67820  37.290190 -121.670174     3.112        7.7      -16.5     -536.0     11.9     33.5     27.3 1986  3  8 10 32  4.410 1.6   1
    82606  37.287573 -121.674097     1.624     -339.6     -306.8    -2024.1    193.1    225.2    183.7 1986  9 15 20 17 49.920 2.7   1
    83805  37.290190 -121.670239     3.062        2.3      -16.5     -586.4     10.4     32.3     19.7 1986  9 25 12  1 52.830 1.4   1
    88698  37.291829 -121.672021     3.376     -155.9      165.7     -272.1     13.7     36.8     31.3 1986 11 25 13  0 35.660 1.0   1
   101361  37.288745 -121.669206     2.993       93.8     -176.7     -655.6      8.4     17.3     15.6 1987  6  3  6 56  7.740 1.9   1
   101362  37.288102 -121.668717     2.988      136.8     -247.9     -660.7      8.2     17.1     15.0 1987  6  3  6 58 51.320 1.7   1
   102776  37.291817 -121.672070     3.377     -160.2      164.4     -270.9     13.8     37.2     33.0 1987  7  7  1 44 26.990 1.0   1
   103138  37.288387 -121.669010     2.996      110.8     -216.1     -651.9      8.2     17.1     14.9 1987  7 14 19  2 57.020 1.7   1
   112868  37.292000 -121.672729     3.569     -218.4      184.5      -79.6     14.0     49.2     98.0 1988  2 25 10  0 17.780 0.9   1
   126189  37.288883 -121.670125     3.257       12.5     -161.1     -391.7     13.8     18.1     37.3 1988 11  2  3  9 12.610 1.9   1
   126389  37.288005 -121.668734     2.998      135.3     -258.8     -650.4      8.4     17.2     16.3 1988 11  4 13 34 34.720 1.9   1
   148939  37.288204 -121.668978     3.158      114.2     -236.5     -490.6      8.4     17.0     16.0 1989 12 13  5 33 46.080 1.6   1
   158154  37.291915 -121.672257     3.473     -177.1      175.4     -175.7     13.6     36.9     29.0 1990  5 23 11 11 37.580 1.0   1
   160503  37.288676 -121.669401     3.146       76.8     -184.1     -502.2      8.3     18.2     15.2 1990  7  5 20  4 42.800 1.7   1
   208364  37.291874 -121.672184     3.457     -170.1      170.7     -191.4     14.1     36.8     30.6 1991  3 22 11 23 27.560 1.0   1
   215747  37.288236 -121.668856     3.119      124.8     -233.0     -529.4      8.3     17.0     14.8 1991  5 29  9 45 22.620 1.8   1
   238704  37.288822 -121.669450     3.138       72.0     -168.2     -510.5      8.9     17.1     16.6 1991 12  3  5 24 24.980 2.0   1
   238790  37.288436 -121.669149     3.142       99.0     -210.8     -506.7      8.4     17.0     15.9 1991 12  4  0  8 49.550 1.9   1
   261841  37.291821 -121.671973     3.407     -151.2      164.6     -241.3     14.6     36.9     33.5 1992  4  6  9 39 49.410 0.9   1
   312743  37.290218 -121.670361     3.172       -8.4      -13.2     -476.2     11.2     33.4     24.7 1992  8 29 17  4 29.020 1.6   1
   314921  37.288033 -121.668595     3.081      148.3     -255.8     -567.6      9.4     19.6     35.1 1992  9 11  1 22 13.650 1.1   1
   331552  37.291862 -121.672209     3.447     -172.7      169.3     -200.8     13.7     36.8     29.8 1993  1  9 17 48 38.720 1.0   1
 30036393  37.291931 -121.672217     3.466     -173.4      176.8     -182.4     13.9     37.1     31.0 1993 12  1  0 25 49.530 1.0   1
   389286  37.288118 -121.668921     3.138      119.1     -246.3     -510.5      8.3     17.1     15.0 1993 12 20 22 35  7.800 1.8   1
 30062741  37.288794 -121.669385     3.168       78.0     -171.2     -480.3      8.8     18.9     21.7 1994 11 16 16 50 58.150 2.0   1
 30062748  37.289229 -121.669727     3.171       47.3     -122.8     -477.7      9.8     20.5     26.6 1994 11 16 18  3 42.360 1.3   1
 30069218  37.288257 -121.668424     3.132      162.8     -230.6     -516.4      9.2     18.2     23.0 1995  3  3  9 38 49.200 1.2   1
 30069222  37.288196 -121.668490     3.132      157.6     -237.4     -516.0      8.8     17.7     20.0 1995  3  3 12 30 15.850 1.8   1
 30069457  37.288086 -121.668587     3.136      148.8     -249.9     -511.9      9.1     18.2     21.4 1995  3  7 13 19 41.960 1.3   1
 30092060  37.288326 -121.668921     3.129      119.0     -223.2     -519.4      8.3     17.0     15.1 1995 12 15 18 53 39.820 1.8   1
