    17842  37.287280 -121.669816     3.043       39.3     -339.3     -605.1      4.0      8.7      9.6 1984  4 25  4 35 19.170 1.9   1
    21644  37.288932 -121.671167     3.020      -80.2     -155.9     -628.0      6.3     17.6     14.0 1984  6 27 14 50 38.140 1.6   1
    32049  37.287301 -121.670028     3.024       21.3     -336.9     -624.5      3.7      8.6      7.7 1984 11 18  0 28 55.240 1.7   1
    35109  37.288904 -121.671118     2.998      -76.1     -158.8     -650.3      6.5     17.5     15.7 1984 12 22  4 43 44.710 1.6   1
    42349  37.287236 -121.669971     2.994       25.9     -344.2     -654.1      5.2      8.9     13.0 1985  2 28  1  9 58.300 0.8   1
    42555  37.287215 -121.669775     3.032       43.5     -346.4     -615.8      3.9      8.7      8.9 1985  3  2  6 53 56.010 1.7   1
    42559  37.287939 -121.670394     3.001      -11.2     -265.9     -646.7      4.4      8.8     10.3 1985  3  2  8 55  3.470 1.9   1
    42560  37.288265 -121.670801     2.983      -47.3     -230.0     -665.4      4.9      9.1     14.2 1985  3  2  8 58  0.480 1.2   1
    54084  37.287939 -121.670386     3.040      -11.0     -266.0     -608.7      4.0      8.7      9.7 1985  8 28 20 35 10.100 1.6   1
    62514  37.287313 -121.670011     3.040       22.2     -335.6     -608.3      3.8      8.6      8.1 1985 12 31 15 50 52.230 1.7   1
    62520  37.287240 -121.669816     3.052       39.8     -343.7     -596.6      3.9      8.7      8.6 1985 12 31 18  3  3.480 1.6   1
    67820  37.288953 -121.671077     2.998      -72.5     -153.4     -650.0      6.1     17.6     14.1 1986  3  8 10 32  4.410 1.6   1
    83805  37.289026 -121.671094     2.966      -73.9     -145.6     -681.8      6.2     17.6     13.3 1986  9 25 12  1 52.830 1.4   1
    88698  37.289380 -121.671753     2.956     -132.0     -106.3     -692.0      7.2     18.9     15.0 1986 11 25 13  0 35.660 1.0   1
   101361  37.287996 -121.670231     2.957        3.2     -259.6     -691.6      3.9      8.9      9.0 1987  6  3  6 56  7.740 1.9   1
   101362  37.287358 -121.669743     2.960       45.9     -330.5     -688.0      3.8      8.7      8.3 1987  6  3  6 58 51.320 1.7   1
   102776  37.289364 -121.671769     2.953     -133.7     -108.1     -695.4      7.4     19.0     16.2 1987  7  7  1 44 26.990 1.0   1
   103138  37.287638 -121.670044     2.966       19.8     -299.5     -682.2      3.7      8.7      8.2 1987  7 14 19  2 57.020 1.7   1
   112868  37.289384 -121.671761     2.953     -133.0     -105.6     -695.4     10.5     19.1     33.4 1988  2 25 10  0 17.780 0.9   1
   126189  37.288387 -121.671826     3.409     -138.3     -216.2     -238.9     24.2     23.7     81.0 1988 11  2  3  9 12.610 1.9   1
   126389  37.287248 -121.669743     2.969       46.5     -342.6     -679.5      3.9      8.7      9.0 1988 11  4 13 34 34.720 1.9   1
   148939  37.287354 -121.669840     3.062       37.9     -330.9     -586.2      4.1      8.9     10.8 1989 12 13  5 33 46.080 1.6   1
   158154  37.289425 -121.671997     3.131     -153.4     -101.3     -517.2      7.2     18.9     15.6 1990  5 23 11 11 37.580 1.0   1
   160503  37.287846 -121.670329     3.079       -5.5     -276.3     -569.5      4.0     10.0     11.5 1990  7  5 20  4 42.800 1.7   1
   208364  37.289429 -121.671859     3.093     -141.7     -100.8     -555.6      7.2     18.8     15.6 1991  3 22 11 23 27.560 1.0   1
   215747  37.287496 -121.669857     3.091       36.3     -315.4     -557.4      3.7      8.6      7.5 1991  5 29  9 45 22.620 1.8   1
   238704  37.288025 -121.670426     3.079      -14.2     -256.5     -569.7      4.4      9.2     12.6 1991 12  3  5 24 24.980 2.0   1
   238790  37.287626 -121.670101     3.080       14.8     -300.6     -567.9      3.9      9.0     11.8 1991 12  4  0  8 49.550 1.9   1
   261841  37.289417 -121.671802     3.086     -136.4     -102.1     -562.6      7.3     18.8     15.8 1992  4  6  9 39 49.410 0.9   1
   312743  37.288989 -121.671200     3.114      -82.7     -149.6     -533.9      5.9     17.4     13.2 1992  8 29 17  4 29.020 1.6   1
   314921  37.287264 -121.669613     3.070       57.8     -340.9     -578.2      4.4     10.2     20.4 1992  9 11  1 22 13.650 1.1   1
   331552  37.289396 -121.671924     3.070     -146.9     -104.1     -577.8      7.0     18.8     14.7 1993  1  9 17 48 38.720 1.0   1
 30036393  37.289445 -121.672013     3.134     -155.0      -98.7     -514.2      7.2     19.0     15.9 1993 12  1  0 25 49.530 1.0   1
   389286  37.287276 -121.669832     3.058       38.0     -339.8     -590.5      3.9      8.9     10.2 1993 12 20 22 35  7.800 1.8   1
 30062741  37.287988 -121.670378     3.142      -10.3     -260.6     -505.8      4.2      9.8     13.0 1994 11 16 16 50 58.150 2.0   1
 30062748  37.288395 -121.670744     3.133      -42.7     -215.5     -514.8      5.0     11.0     16.3 1994 11 16 18  3 42.360 1.3   1
 30069218  37.287480 -121.669474     3.120       69.9     -316.9     -528.5      4.3      9.2     12.4 1995  3  3  9 38 49.200 1.2   1
 30069222  37.287402 -121.669499     3.114       68.2     -325.6     -533.8      4.1      9.0     10.9 1995  3  3 12 30 15.850 1.8   1
 30069457  37.287288 -121.669604     3.111       58.6     -338.1     -536.9      4.2      9.2     11.5 1995  3  7 13 19 41.960 1.3   1
 30092060  37.287541 -121.669897     3.086       32.5     -310.4     -562.7      3.9      8.9     10.2 1995 12 15 18 53 39.820 1.8   1
