    17842  37.287472 -121.669792     3.054       41.7     -318.1     -594.2     27.8     23.2     12.7 1984  4 25  4 35 19.170 1.9   1
    21644  37.288684 -121.671102     3.007      -74.4     -183.2     -641.2     28.2     28.3     15.5 1984  6 27 14 50 38.140 1.6   1
    32049  37.287492 -121.670011     3.039       22.4     -315.7     -609.0     27.7     23.1     11.3 1984 11 18  0 28 55.240 1.7   1
    35109  37.288660 -121.671053     2.983      -69.8     -186.0     -665.4     28.2     28.2     16.6 1984 12 22  4 43 44.710 1.6   1
    42349  37.287419 -121.669963     3.008       26.7     -323.6     -640.1     28.0     23.3     15.7 1985  2 28  1  9 58.300 0.8   1
    42555  37.287406 -121.669751     3.046       45.2     -325.1     -602.7     27.7     23.2     12.1 1985  3  2  6 53 56.010 1.7   1
    42559  37.288127 -121.670369     3.010       -9.1     -245.3     -638.4     27.8     23.3     13.2 1985  3  2  8 55  3.470 1.9   1
    42560  37.288440 -121.670776     2.987      -45.2     -210.6     -661.3     27.9     23.4     16.0 1985  3  2  8 58  0.480 1.2   1
    54084  37.288127 -121.670378     3.050       -9.9     -245.3     -598.6     27.7     23.2     12.7 1985  8 28 20 35 10.100 1.6   1
    62514  37.287500 -121.669995     3.054       23.8     -314.9     -594.6     27.7     23.1     11.6 1985 12 31 15 50 52.230 1.7   1
    62520  37.287427 -121.669792     3.064       42.0     -322.7     -584.7     27.8     23.2     11.9 1985 12 31 18  3  3.480 1.6   1
    67820  37.288708 -121.670996     2.981      -65.1     -180.8     -667.5     28.1     28.3     15.3 1986  3  8 10 32  4.410 1.6   1
    83805  37.288774 -121.671021     2.948      -66.9     -173.3     -700.4     28.2     28.3     14.7 1986  9 25 12  1 52.830 1.4   1
    88698  37.289144 -121.671655     2.933     -123.1     -132.4     -715.3     28.5     29.1     15.7 1986 11 25 13  0 35.660 1.0   1
   101361  37.288180 -121.670207     2.966        5.2     -239.2     -682.1     27.7     23.3     12.1 1987  6  3  6 56  7.740 1.9   1
   101362  37.287541 -121.669735     2.974       47.1     -310.0     -674.2     27.7     23.2     11.8 1987  6  3  6 58 51.320 1.7   1
   102776  37.289128 -121.671655     2.926     -123.5     -134.3     -721.8     28.5     29.2     17.1 1987  7  7  1 44 26.990 1.0   1
   103138  37.287821 -121.670020     2.980       21.9     -278.9     -668.6     27.7     23.2     11.7 1987  7 14 19  2 57.020 1.7   1
   112868  37.289168 -121.671606     2.919     -118.8     -129.8     -729.3     28.4     29.1     15.7 1988  2 25 10  0 17.780 0.9   1
   126189  37.286344 -121.673592     3.330     -295.0     -442.9     -318.4   1071.1    823.8    286.1 1988 11  2  3  9 12.610 1.9   1
   126389  37.287439 -121.669727     2.983       47.8     -321.5     -665.2     27.8     23.2     12.3 1988 11  4 13 34 34.720 1.9   1
   148939  37.287602 -121.669897     3.120       32.4     -303.5     -528.4     27.8     23.2     12.2 1989 12 13  5 33 46.080 1.6   1
   158154  37.289168 -121.671834     3.081     -139.2     -129.8     -567.1     28.6     29.3     18.9 1990  5 23 11 11 37.580 1.0   1
   160503  37.288094 -121.670353     3.116       -7.8     -248.9     -532.2     27.7     23.5     11.3 1990  7  5 20  4 42.800 1.7   1
   208364  37.289128 -121.671688     3.038     -126.4     -134.3     -609.7     28.5     29.2     17.9 1991  3 22 11 23 27.560 1.0   1
   215747  37.287679 -121.669832     3.104       38.2     -295.0     -544.7     27.7     23.2     11.1 1991  5 29  9 45 22.620 1.8   1
   238704  37.288245 -121.670435     3.104      -14.9     -231.9     -544.0     27.8     23.2     11.9 1991 12  3  5 24 24.980 2.0   1
   238790  37.287862 -121.670117     3.116       13.2     -274.5     -532.0     27.8     23.2     11.5 1991 12  4  0  8 49.550 1.9   1
   261841  37.289181 -121.671696     3.059     -127.0     -128.4     -588.9     28.4     29.1     15.0 1992  4  6  9 39 49.410 0.9   1
   312743  37.288676 -121.671012     3.057      -66.6     -184.1     -591.5     28.4     28.6     17.4 1992  8 29 17  4 29.020 1.6   1
   314921  37.287520 -121.669645     3.121       54.8     -312.3     -527.0     27.9     23.2     13.5 1992  9 11  1 22 13.650 1.1   1
   331552  37.289168 -121.671794     3.039     -135.5     -129.6     -609.5     28.3     29.1     13.4 1993  1  9 17 48 38.720 1.0   1
 30036393  37.289201 -121.671842     3.084     -140.2     -126.2     -564.1     28.6     29.3     19.6 1993 12  1  0 25 49.530 1.0   1
   389286  37.287528 -121.669881     3.108       33.9     -311.8     -540.4     27.7     23.1     11.6 1993 12 20 22 35  7.800 1.8   1
 30062741  37.288208 -121.670378     3.157       -9.8     -236.0     -491.3     27.9     23.5     15.2 1994 11 16 16 50 58.150 2.0   1
 30062748  37.288599 -121.670736     3.140      -42.0     -192.9     -508.1     28.0     24.1     19.0 1994 11 16 18  3 42.360 1.3   1
 30069218  37.287687 -121.669442     3.130       72.5     -294.2     -517.7     27.7     23.3     14.1 1995  3  3  9 38 49.200 1.2   1
 30069222  37.287590 -121.669458     3.123       71.3     -304.6     -525.0     27.8     23.2     11.7 1995  3  3 12 30 15.850 1.8   1
 30069457  37.287484 -121.669572     3.119       61.6     -316.6     -528.8     27.8     23.2     12.3 1995  3  7 13 19 41.960 1.3   1
 30092060  37.287756 -121.669906     3.110       31.9     -286.2     -537.8     27.8     23.2     11.3 1995 12 15 18 53 39.820 1.8   1
