    17842  37.287341 -121.669840     3.035       37.3     -332.2     -613.1      4.1      9.3     11.1 1984  4 25  4 35 19.170 1.9   1
    21644  37.288839 -121.671118     3.003      -75.9     -166.2     -645.5      5.8     18.7     13.3 1984  6 27 14 50 38.140 1.6   1
    32049  37.287358 -121.670060     3.020       18.0     -330.5     -628.1      3.6      9.2      8.9 1984 11 18  0 28 55.240 1.7   1
    35109  37.288810 -121.671045     2.972      -69.5     -169.5     -676.7      5.8     18.6     16.3 1984 12 22  4 43 44.710 1.6   1
    42349  37.287288 -121.670011     2.990       22.2     -338.3     -658.5      5.5      9.6     14.6 1985  2 28  1  9 58.300 0.8   1
    42555  37.287272 -121.669808     3.023       40.5     -340.3     -625.7      3.9      9.4     10.2 1985  3  2  6 53 56.010 1.7   1
    42559  37.288005 -121.670402     2.992      -12.1     -258.8     -656.1      4.4      9.4     11.4 1985  3  2  8 55  3.470 1.9   1
    42560  37.288318 -121.670801     2.967      -47.4     -223.9     -681.6      5.1      9.7     15.1 1985  3  2  8 58  0.480 1.2   1
    54084  37.287996 -121.670418     3.033      -13.6     -259.5     -614.9      4.1      9.3     11.0 1985  8 28 20 35 10.100 1.6   1
    62514  37.287366 -121.670044     3.036       19.2     -329.6     -612.7      3.7      9.2      9.4 1985 12 31 15 50 52.230 1.7   1
    62520  37.287297 -121.669832     3.044       37.9     -337.2     -604.2      3.8      9.3      9.9 1985 12 31 18  3  3.480 1.6   1
    67820  37.288851 -121.671037     2.977      -68.6     -164.9     -671.4      5.7     18.7     14.0 1986  3  8 10 32  4.410 1.6   1
    83805  37.288920 -121.671069     2.944      -71.4     -157.0     -704.1      5.5     18.6     12.4 1986  9 25 12  1 52.830 1.4   1
    88698  37.289266 -121.671696     2.936     -126.9     -118.7     -712.5      6.9     20.2     16.3 1986 11 25 13  0 35.660 1.0   1
   101361  37.288062 -121.670256     2.950        0.7     -252.5     -698.0      3.8      9.4      9.3 1987  6  3  6 56  7.740 1.9   1
   101362  37.287406 -121.669784     2.954       42.2     -325.2     -694.5      3.6      9.2      8.9 1987  6  3  6 58 51.320 1.7   1
   102776  37.289242 -121.671737     2.938     -130.3     -121.4     -710.5      7.0     20.3     17.2 1987  7  7  1 44 26.990 1.0   1
   103138  37.287699 -121.670068     2.961       17.3     -292.7     -687.1      3.6      9.2      8.8 1987  7 14 19  2 57.020 1.7   1
   112868  37.289290 -121.671647     2.928     -122.7     -116.1     -720.5      6.7     20.2     16.8 1988  2 25 10  0 17.780 0.9   1
   126189  37.288249 -121.671476     3.308     -107.7     -231.7     -339.8      7.7     10.0     23.1 1988 11  2  3  9 12.610 1.9   1
   126389  37.287305 -121.669784     2.965       42.3     -336.4     -683.4      3.8      9.3      9.7 1988 11  4 13 34 34.720 1.9   1
   148939  37.287410 -121.669906     3.062       31.9     -324.8     -586.5      4.3      9.5     12.2 1989 12 13  5 33 46.080 1.6   1
   158154  37.289319 -121.671924     3.104     -147.4     -112.7     -543.9      6.7     20.2     15.8 1990  5 23 11 11 37.580 1.0   1
   160503  37.287882 -121.670361     3.068       -8.6     -272.2     -579.9      3.9     10.9     12.5 1990  7  5 20  4 42.800 1.7   1
   208364  37.289311 -121.671794     3.068     -135.8     -113.6     -580.4      6.9     20.1     16.7 1991  3 22 11 23 27.560 1.0   1
   215747  37.287545 -121.669906     3.087       31.8     -310.0     -561.5      3.7      9.2      8.8 1991  5 29  9 45 22.620 1.8   1
   238704  37.288135 -121.670492     3.095      -19.9     -244.2     -553.6      4.2      9.2      9.8 1991 12  3  5 24 24.980 2.0   1
   238790  37.287687 -121.670142     3.079       10.7     -294.2     -569.0      3.9      9.6     13.0 1991 12  4  0  8 49.550 1.9   1
   261841  37.289299 -121.671753     3.064     -131.8     -115.1     -584.4      7.1     20.1     17.2 1992  4  6  9 39 49.410 0.9   1
   312743  37.288879 -121.671167     3.085      -80.2     -161.7     -563.2      5.3     18.3     12.5 1992  8 29 17  4 29.020 1.6   1
   314921  37.287301 -121.669678     3.060       52.1     -337.1     -588.6      4.5     11.2     23.1 1992  9 11  1 22 13.650 1.1   1
   331552  37.289286 -121.671851     3.047     -140.9     -116.7     -600.9      6.7     20.1     16.1 1993  1  9 17 48 38.720 1.0   1
 30036393  37.289343 -121.671940     3.108     -148.5     -110.3     -539.8      6.8     20.3     16.4 1993 12  1  0 25 49.530 1.0   1
   389286  37.287423 -121.669971     3.104       25.7     -323.2     -544.1      3.7      9.2      8.9 1993 12 20 22 35  7.800 1.8   1
 30062741  37.288021 -121.670418     3.130      -13.6     -257.0     -518.4      4.1     10.5     13.2 1994 11 16 16 50 58.150 2.0   1
 30062748  37.288424 -121.670776     3.122      -45.7     -212.1     -525.9      4.8     11.4     15.9 1994 11 16 18  3 42.360 1.3   1
 30069218  37.287520 -121.669499     3.103       67.7     -312.7     -544.9      4.3      9.4     11.3 1995  3  3  9 38 49.200 1.2   1
 30069222  37.287451 -121.669539     3.103       64.1     -320.2     -545.4      3.9      9.3      9.8 1995  3  3 12 30 15.850 1.8   1
 30069457  37.287337 -121.669645     3.099       54.8     -332.7     -549.0      4.1      9.4     10.4 1995  3  7 13 19 41.960 1.3   1
 30092060  37.287630 -121.669979     3.096       25.4     -300.4     -552.2      3.7      9.2      8.9 1995 12 15 18 53 39.820 1.8   1
