    17842  37.288786 -121.668498     3.018      156.8     -172.2     -630.7     27.8     45.2     14.6 1984  4 25  4 35 19.170 1.9   1
    21644  37.290092 -121.670955     3.060      -61.0      -26.9     -588.0     27.2     44.9     13.1 1984  6 27 14 50 38.140 1.6   1
    23190  37.314201 -121.671940     8.575     -148.9     2648.5     4926.7    963.8   1830.2   2329.0 1984  7 17 16 24 49.440 1.9   1
    28475  37.291907 -121.668473    16.442      158.6      174.2    12793.4     27.5     44.9   2428.8 1984  9 23  8 43 14.720 1.1   1
    32049  37.287931 -121.669035     3.019      109.0     -267.1     -629.1     27.0     44.9     12.8 1984 11 18  0 28 55.240 1.7   1
    35109  37.290446 -121.670085     2.969       15.7       12.1     -679.1     33.1     45.5     21.6 1984 12 22  4 43 44.710 1.6   1
    42349  37.288883 -121.663232     3.258      623.8     -161.4     -390.4     37.2     47.1     11.5 1985  2 28  1  9 58.300 0.8   1
    42555  37.288749 -121.668555     3.021      151.4     -176.1     -627.5     27.2     45.0     13.3 1985  3  2  6 53 56.010 1.7   1
    42559  37.289290 -121.669165     2.946       97.5     -115.9     -702.3     27.4     44.9     14.1 1985  3  2  8 55  3.470 1.9   1
    42560  37.288997 -121.671582     3.133     -117.1     -148.6     -514.9     27.7     45.2     10.9 1985  3  2  8 58  0.480 1.2   1
    54084  37.289465 -121.669238     3.012       91.0      -96.9     -636.5     27.2     45.0     13.5 1985  8 28 20 35 10.100 1.6   1
    57770  37.289526 -121.672127     2.908     -165.5      -90.0     -740.0     29.2     45.0     20.6 1985 10 28  3 55 38.130 1.3   1
    62514  37.288875 -121.668522     3.023      154.7     -162.1     -625.0     27.3     45.1     13.3 1985 12 31 15 50 52.230 1.7   1
    62520  37.288741 -121.668571     3.020      150.2     -177.1     -627.8     27.4     45.3     15.1 1985 12 31 18  3  3.480 1.6   1
    67820  37.290275 -121.671069     2.928      -71.2       -6.9     -720.7     27.5     44.8     16.7 1986  3  8 10 32  4.410 1.6   1
    82606  37.291097 -121.670239     3.034        1.9       84.4     -614.1     27.3     45.0     14.3 1986  9 15 20 17 49.920 2.7   1
    83805  37.290617 -121.669857     2.977       36.2       31.3     -671.5     27.4     45.0     14.3 1986  9 25 12  1 52.830 1.4   1
    88698  37.290938 -121.671541     3.723     -113.1       66.6       75.2     39.1     55.4     43.3 1986 11 25 13  0 35.660 1.0   1
   101361  37.289636 -121.668612     3.030      146.8      -77.7     -618.0     27.5     45.1     13.8 1987  6  3  6 56  7.740 1.9   1
   101362  37.289079 -121.668123     2.915      189.5     -139.4     -733.3     27.5     44.9     14.6 1987  6  3  6 58 51.320 1.7   1
   102776  37.291699 -121.670467     2.994      -17.9      151.4     -654.7     27.5     45.2     15.9 1987  7  7  1 44 26.990 1.0   1
   103138  37.289103 -121.668937     2.919      117.3     -136.7     -729.7     27.3     44.9     14.3 1987  7 14 19  2 57.020 1.7   1
   112868  37.292008 -121.671769     3.740     -133.4      185.4       91.9     28.3     46.8      9.2 1988  2 25 10  0 17.780 0.9   1
   126189  37.288021 -121.671631     3.202     -121.3     -256.8     -445.9     78.7     63.0     61.8 1988 11  2  3  9 12.610 1.9   1
   126292  37.287895 -121.666447     2.043      338.6     -271.1    -1605.4    337.6    308.0    668.9 1988 11  3  1 30  4.280 1.7   1
   126389  37.288375 -121.669027     3.003      109.4     -217.7     -644.9     27.3     44.9     13.8 1988 11  4 13 34 34.720 1.9   1
   148939  37.288855 -121.668628     3.048      145.1     -164.5     -600.0     27.7     45.1     16.0 1989 12 13  5 33 46.080 1.6   1
   158154  37.291073 -121.671631     3.166     -121.0       81.9     -482.3     27.3     45.4     12.6 1990  5 23 11 11 37.580 1.0   1
   160503  37.289543 -121.669263     3.068       88.7      -87.8     -580.6     27.4     45.2     13.2 1990  7  5 20  4 42.800 1.7   1
   208364  37.291821 -121.670337     3.032       -6.6      164.9     -616.4     28.0     45.3     16.5 1991  3 22 11 23 27.560 1.0   1
   215747  37.288542 -121.668677     3.035      140.9     -199.4     -613.2     27.4     45.1     13.6 1991  5 29  9 45 22.620 1.8   1
   238704  37.289730 -121.668335     2.994      170.7      -67.1     -653.8     27.6     45.2     14.6 1991 12  3  5 24 24.980 2.0   1
   238790  37.289197 -121.668783     3.039      131.4     -126.4     -609.5     27.4     45.1     13.9 1991 12  4  0  8 49.550 1.9   1
   261841  37.291508 -121.670133     3.036       11.4      129.9     -612.0     28.1     45.3     19.0 1992  4  6  9 39 49.410 0.9   1
   312743  37.290133 -121.670752     3.110      -43.6      -22.5     -538.1     27.0     45.1     11.3 1992  8 29 17  4 29.020 1.6   1
   314921  37.287325 -121.668180     3.129      185.0     -334.4     -519.7     27.4     45.4     11.7 1992  9 11  1 22 13.650 1.1   1
   331552  37.291626 -121.671558     3.161     -114.6      143.4     -486.8     27.7     45.3     14.4 1993  1  9 17 48 38.720 1.0   1
 30036393  37.291528 -121.670630     3.208      -32.3      132.1     -440.3     27.8     45.7     15.1 1993 12  1  0 25 49.530 1.0   1
   389286  37.288371 -121.668612     2.974      146.6     -218.0     -674.3     27.3     45.0     13.5 1993 12 20 22 35  7.800 1.8   1
   399980  37.283740 -121.666504     6.544      333.2     -731.9     2896.0    674.2    869.9    787.4 1994  4  6  4 11 34.960 1.4   1
 30062741  37.289400 -121.670223     2.942        3.3     -103.9     -705.8     27.6     44.8     16.0 1994 11 16 16 50 58.150 2.0   1
 30062748  37.290011 -121.668319     2.992      172.3      -36.3     -656.4     28.8     45.6     17.0 1994 11 16 18  3 42.360 1.3   1
 30069218  37.288440 -121.668514     3.197      155.1     -210.5     -451.4     27.7     45.7     11.7 1995  3  3  9 38 49.200 1.2   1
 30069222  37.288961 -121.668547     3.081      152.5     -152.8     -567.0     27.5     45.2     13.5 1995  3  3 12 30 15.850 1.8   1
 30069457  37.290393 -121.666756     2.688      311.3        6.2     -960.4     31.4     46.4     26.5 1995  3  7 13 19 41.960 1.3   1
 30092060  37.289046 -121.668953     2.989      116.5     -143.1     -659.6     27.3     45.0     13.6 1995 12 15 18 53 39.820 1.8   1
