    17842  37.287846 -121.668807     3.049      129.3     -276.2     -599.5      7.5     17.5     19.6 1984  4 25  4 35 19.170 1.9   1
    21644  37.290198 -121.670361     3.160       -8.8      -15.2     -488.5     11.0     33.4     28.2 1984  6 27 14 50 38.140 1.6   1
    32049  37.287850 -121.669010     3.035      110.9     -275.7     -613.6      6.7     17.3     15.5 1984 11 18  0 28 55.240 1.7   1
    35109  37.290063 -121.670142     3.075       10.8      -30.4     -573.7     10.2     32.3     27.3 1984 12 22  4 43 44.710 1.6   1
    42349  37.287797 -121.668945     3.002      116.7     -281.9     -645.8      9.8     17.9     25.6 1985  2 28  1  9 58.300 0.8   1
    42555  37.287764 -121.668758     3.031      133.2     -285.2     -617.6      7.3     17.5     17.9 1985  3  2  6 53 56.010 1.7   1
    42559  37.288485 -121.669385     3.017       77.9     -205.3     -631.0      8.2     17.6     20.0 1985  3  2  8 55  3.470 1.9   1
    42560  37.288920 -121.670036     3.131       19.9     -157.3     -517.0     10.3     19.5     32.5 1985  3  2  8 58  0.480 1.2   1
    54084  37.288493 -121.669377     3.050       78.3     -204.6     -598.4      7.5     17.5     19.3 1985  8 28 20 35 10.100 1.6   1
    62514  37.287854 -121.668986     3.046      113.2     -275.3     -602.3      6.9     17.3     16.5 1985 12 31 15 50 52.230 1.7   1
    62520  37.287801 -121.668791     3.054      130.4     -281.5     -594.4      7.1     17.4     17.7 1985 12 31 18  3  3.480 1.6   1
    67820  37.290104 -121.670150     3.083       10.1      -25.9     -565.5     10.3     32.6     24.7 1986  3  8 10 32  4.410 1.6   1
    82606  37.290967 -121.671021     1.633      -67.1       70.1    -2015.0     57.6     65.8    297.9 1986  9 15 20 17 49.920 2.7   1
    83805  37.290149 -121.670296     3.065       -2.6      -20.8     -582.8      9.8     32.3     21.7 1986  9 25 12  1 52.830 1.4   1
    88698  37.291720 -121.672933     3.433     -236.8      153.4     -215.5     13.9     51.1    107.7 1986 11 25 13  0 35.660 1.0   1
   101361  37.288546 -121.669230     2.966       91.9     -198.8     -682.1      7.0     17.6     16.4 1987  6  3  6 56  7.740 1.9   1
   101362  37.287891 -121.668717     2.957      137.1     -271.2     -690.9      6.7     17.3     15.7 1987  6  3  6 58 51.320 1.7   1
   102776  37.292098 -121.672380     3.463     -188.0      195.7     -185.3     13.7     36.8     36.1 1987  7  7  1 44 26.990 1.0   1
   103138  37.288184 -121.669027     2.968      109.9     -239.0     -680.6      6.7     17.3     15.7 1987  7 14 19  2 57.020 1.7   1
   112868  37.293339 -121.672705     3.888     -216.2      333.4      239.7     12.6     37.1     52.4 1988  2 25 10  0 17.780 0.9   1
   126189  37.288692 -121.670288     3.276       -1.9     -182.4     -372.3     13.0     18.4     39.1 1988 11  2  3  9 12.610 1.9   1
   126389  37.287801 -121.668742     2.973      134.6     -281.5     -675.4      7.1     17.4     17.4 1988 11  4 13 34 34.720 1.9   1
   148939  37.287891 -121.668831     3.051      127.0     -271.3     -597.6      7.6     17.7     20.8 1989 12 13  5 33 46.080 1.6   1
   158154  37.292179 -121.672583     3.542     -205.4      204.8     -106.2     13.7     36.5     31.5 1990  5 23 11 11 37.580 1.0   1
   160503  37.288407 -121.669360     3.081       80.1     -214.0     -567.0      7.3     19.8     22.0 1990  7  5 20  4 42.800 1.7   1
   208364  37.292155 -121.672518     3.542     -199.7      202.0     -106.5     14.1     36.3     33.5 1991  3 22 11 23 27.560 1.0   1
   215747  37.288029 -121.668856     3.089      124.8     -256.1     -559.5      6.8     17.3     15.4 1991  5 29  9 45 22.620 1.8   1
   238704  37.288574 -121.669442     3.085       72.7     -195.5     -563.5      8.0     18.2     23.9 1991 12  3  5 24 24.980 2.0   1
   238790  37.288171 -121.669084     3.074      104.4     -240.2     -573.9      7.3     17.9     23.4 1991 12  4  0  8 49.550 1.9   1
   261841  37.292082 -121.672323     3.490     -182.5      193.7     -157.9     14.6     36.4     36.9 1992  4  6  9 39 49.410 0.9   1
   312743  37.290169 -121.670402     3.171      -12.2      -18.4     -477.2     10.9     33.3     26.8 1992  8 29 17  4 29.020 1.6   1
   314921  37.287915 -121.668660     3.118      141.8     -268.7     -530.1      8.4     17.5     20.4 1992  9 11  1 22 13.650 1.1   1
   331552  37.292139 -121.672534     3.525     -201.4      200.1     -122.8     13.7     36.3     32.1 1993  1  9 17 48 38.720 1.0   1
 30036393  37.292204 -121.672542     3.540     -202.3      207.3     -108.0     13.9     36.7     33.6 1993 12  1  0 25 49.530 1.0   1
   389286  37.287801 -121.668823     3.049      127.9     -281.2     -599.0      7.2     17.7     20.2 1993 12 20 22 35  7.800 1.8   1
 30062741  37.288546 -121.669385     3.141       78.0     -198.6     -507.5      7.6     19.2     23.8 1994 11 16 16 50 58.150 2.0   1
 30062748  37.288997 -121.669727     3.148       47.4     -148.7     -500.6      8.9     20.7     28.8 1994 11 16 18  3 42.360 1.3   1
 30069218  37.288029 -121.668465     3.113      159.8     -256.0     -535.1      8.1     18.3     24.7 1995  3  3  9 38 49.200 1.2   1
 30069222  37.287968 -121.668498     3.109      156.7     -262.9     -539.2      7.6     17.9     21.6 1995  3  3 12 30 15.850 1.8   1
 30069457  37.287850 -121.668579     3.112      149.3     -276.1     -536.6      7.9     18.3     22.6 1995  3  7 13 19 41.960 1.3   1
 30092060  37.288078 -121.668888     3.077      122.3     -250.8     -571.2      7.3     17.7     20.9 1995 12 15 18 53 39.820 1.8   1
