    17842  37.290100 -121.667000     2.891      289.4      -26.2     -756.8     94.9    180.8     80.7 1984  4 25  4 35 19.170 1.9   1
    21644  37.291585 -121.669189     2.942       95.3      138.7     -706.2     93.8    178.9     78.6 1984  6 27 14 50 38.140 1.6   1
    22280  37.300688 -121.649064     2.956     1879.8     1148.9     -691.8   3178.8   7578.2   8504.4 1984  7  7  2 35  4.060 1.5   1
    23190  37.294759 -121.659619    31.714      943.6      490.7    28065.3   2282.5   5097.2  10793.4 1984  7 17 16 24 49.440 1.9   1
    25096  37.290995 -121.668685     2.644      140.2       73.3    -1004.0     97.3    180.1     88.2 1984  8  7  9  7  6.330 1.2   1
    28475  37.292293 -121.669157     2.697       98.2      217.1     -951.3     97.0    180.8    104.7 1984  9 23  8 43 14.720 1.1   1
    32049  37.289010 -121.668099     2.863      191.7     -147.1     -785.7     91.9    177.9     77.1 1984 11 18  0 28 55.240 1.7   1
    35109  37.291732 -121.668604     2.831      147.0      155.1     -817.7     92.5    177.9     80.8 1984 12 22  4 43 44.710 1.6   1
    42349  37.288790 -121.667448     3.020      249.7     -171.7     -628.0    102.7    180.3     77.2 1985  2 28  1  9 58.300 0.8   1
    42555  37.289860 -121.667586     2.895      237.3      -52.7     -753.4     92.3    178.9     76.9 1985  3  2  6 53 56.010 1.7   1
    42559  37.290446 -121.668001     2.833      200.7       12.2     -815.1     92.6    178.2     79.5 1985  3  2  8 55  3.470 1.9   1
    42643  37.289860 -121.667424     2.823      251.9      -52.9     -825.0     92.7    178.4     79.4 1985  3  2  8 55 29.590 2.1   1
    42560  37.290918 -121.668726     2.991      136.3       64.4     -657.2     93.0    178.9     78.4 1985  3  2  8 58  0.480 1.2   1
    49626  37.291964 -121.670207     2.981        5.0      180.6     -667.1     96.1    181.9     79.8 1985  6 15  1 38 57.380 0.9   1
    54084  37.290609 -121.668262     2.848      177.7       30.1     -800.0     92.5    178.3     79.9 1985  8 28 20 35 10.100 1.6   1
    57770  37.289950 -121.673633     2.941     -298.5      -43.1     -707.5     97.1    177.5     79.5 1985 10 28  3 55 38.130 1.3   1
    62514  37.289994 -121.667546     2.863      241.0      -38.0     -785.6     93.3    180.0     78.8 1985 12 31 15 50 52.230 1.7   1
    62520  37.289823 -121.667708     2.894      226.5      -57.1     -754.4     93.7    182.2     86.3 1985 12 31 18  3  3.480 1.6   1
    67820  37.291309 -121.670207     2.818        5.3      107.7     -830.7     96.3    178.9     89.4 1986  3  8 10 32  4.410 1.6   1
    73786  37.290088 -121.666821     2.563      305.3      -27.7    -1085.6     94.0    180.0     86.8 1986  6  1 10 51 31.460 1.2   1
    82606  37.292163 -121.669368     2.877       79.2      202.5     -771.2     92.9    178.0     83.0 1986  9 15 20 17 49.920 2.7   1
    83805  37.291809 -121.668677     2.857      140.8      163.6     -791.5     92.7    178.4     80.5 1986  9 25 12  1 52.830 1.4   1
    88698  37.293001 -121.670475     3.373      -18.8      296.0     -275.3    193.4    273.0    483.5 1986 11 25 13  0 35.660 1.0   1
   101361  37.290824 -121.667399     2.856      254.0       54.2     -792.1     93.8    177.9     86.3 1987  6  3  6 56  7.740 1.9   1
   101362  37.289705 -121.668164     2.806      186.0      -70.0     -842.3     92.0    178.4     76.8 1987  6  3  6 58 51.320 1.7   1
   102776  37.292778 -121.669678     2.880       51.7      270.9     -767.9     93.9    179.7     83.4 1987  7  7  1 44 26.990 1.0   1
   103138  37.290137 -121.668018     2.804      198.9      -22.1     -844.2     92.5    178.0     79.6 1987  7 14 19  2 57.020 1.7   1
   110939  37.291178 -121.669263     2.641       88.5       93.6    -1007.1     93.1    176.4     84.7 1988  1 15  1 56 42.310 1.4   1
   112868  37.294356 -121.669727     3.292       47.7      446.0     -356.2     94.3    188.1    117.8 1988  2 25 10  0 17.780 0.9   1
   126189  37.287956 -121.677686     3.409     -657.8     -264.0     -238.8     92.7    177.3     64.4 1988 11  2  3  9 12.610 1.9   1
   126292  37.290417 -121.667391     2.754      254.5        9.2     -894.4     93.6    179.6     81.3 1988 11  3  1 30  4.280 1.7   1
   126389  37.289429 -121.668172     2.872      185.6     -100.5     -776.7     93.7    177.2     84.4 1988 11  4 13 34 34.720 1.9   1
   148939  37.289970 -121.667643     2.891      232.5      -40.8     -757.1     95.4    180.7     85.7 1989 12 13  5 33 46.080 1.6   1
   158154  37.292187 -121.671029     3.067      -67.7      205.5     -581.6     93.6    181.1     79.9 1990  5 23 11 11 37.580 1.0   1
   160503  37.291105 -121.667204     2.942      271.1       85.4     -706.3     93.1    180.7     79.2 1990  7  5 20  4 42.800 1.7   1
   208364  37.293123 -121.669084     2.933      104.9      309.4     -715.5     98.6    181.3     88.5 1991  3 22 11 23 27.560 1.0   1
   215747  37.289591 -121.667961     2.888      204.1      -82.5     -759.8     92.7    180.0     77.2 1991  5 29  9 45 22.620 1.8   1
   227435  37.290885 -121.667993     2.763      201.4       60.9     -885.1     97.5    181.4     83.9 1991  8 10 17  6  5.760 1.2   1
   238704  37.290792 -121.667489     2.864      245.9       50.4     -783.9     93.9    179.0     80.9 1991 12  3  5 24 24.980 2.0   1
   238790  37.290336 -121.667822     2.924      216.3        0.0     -724.4     93.2    179.0     78.4 1991 12  4  0  8 49.550 1.9   1
   261841  37.292570 -121.669238     2.853       90.6      248.0     -795.7     95.8    179.6    100.7 1992  4  6  9 39 49.410 0.9   1
   312743  37.291305 -121.669840     2.971       37.3      107.5     -677.2     92.5    179.6     78.7 1992  8 29 17  4 29.020 1.6   1
   314921  37.288875 -121.666366     2.996      345.4     -162.3     -652.0     95.1    180.2     83.5 1992  9 11  1 22 13.650 1.1   1
   331552  37.292464 -121.671932     3.099     -147.8      236.4     -549.6     98.9    181.6     89.1 1993  1  9 17 48 38.720 1.0   1
   331635  37.292346 -121.667969     2.722      203.7      223.1     -926.3    101.9    180.2     87.1 1993  1 10 22 13  9.440 1.2   1
 30036393  37.293009 -121.668937     3.063      117.8      296.5     -585.3     96.5    181.4    101.9 1993 12  1  0 25 49.530 1.0   1
   389286  37.289229 -121.668245     2.821      178.9     -123.0     -827.6     92.0    178.9     78.3 1993 12 20 22 35  7.800 1.8   1
   399980  37.290881 -121.668913     2.734      119.6       60.6     -913.8     93.6    178.5     82.2 1994  4  6  4 11 34.960 1.4   1
 30062741  37.290479 -121.669263     2.859       88.8       15.6     -789.0     94.0    177.8     80.1 1994 11 16 16 50 58.150 2.0   1
 30062748  37.291134 -121.667326     2.873      260.3       88.4     -775.3    101.6    183.0     83.1 1994 11 16 18  3 42.360 1.3   1
 30069218  37.289494 -121.668791     3.160      130.6      -93.4     -488.4     96.4    183.8     77.4 1995  3  3  9 38 49.200 1.2   1
 30069222  37.290137 -121.667537     2.940      241.5      -22.0     -708.5     94.5    181.0     77.9 1995  3  3 12 30 15.850 1.8   1
 30069457  37.290572 -121.668392     2.847      165.8       26.0     -801.5     96.9    179.7     81.4 1995  3  7 13 19 41.960 1.3   1
 30092060  37.290141 -121.667944     2.851      205.7      -21.8     -797.2     93.1    180.0     78.0 1995 12 15 18 53 39.820 1.8   1
   478159  37.292558 -121.656307     2.404     1237.3      246.8    -1244.0   2399.1   2418.6   4929.6 1996  9  3  0  2  4.940 1.2   1
