    17842  37.287472 -121.669645     3.032       54.8     -318.1     -616.6      4.3     10.2      9.7 1984  4 25  4 35 19.170 1.9   1
    21644  37.288916 -121.671021     2.981      -67.0     -157.5     -667.1      8.1     16.3     15.6 1984  6 27 14 50 38.140 1.6   1
    32049  37.287492 -121.669865     3.012       35.4     -315.7     -636.0      5.4     10.2      8.0 1984 11 18  0 28 55.240 1.7   1
    35109  37.288896 -121.670964     2.957      -62.1     -160.0     -690.8      8.3     16.3     17.5 1984 12 22  4 43 44.710 1.6   1
    42349  37.287423 -121.669808     2.980       40.4     -323.4     -668.0      6.6     10.5     13.1 1985  2 28  1  9 58.300 0.8   1
    42555  37.287410 -121.669604     3.021       58.3     -324.9     -627.1      5.5     10.3      9.0 1985  3  2  6 53 56.010 1.7   1
    42559  37.288131 -121.670223     2.986        3.8     -244.9     -661.8      6.0     10.4     10.5 1985  3  2  8 55  3.470 1.9   1
    42560  37.288444 -121.670622     2.964      -32.0     -209.9     -684.4      6.6     10.6     14.5 1985  3  2  8 58  0.480 1.2   1
    54084  37.288127 -121.670231     3.026        3.2     -245.1     -622.2      5.7     10.3     10.0 1985  8 28 20 35 10.100 1.6   1
    62514  37.287504 -121.669849     3.029       36.9     -314.5     -619.2      5.4     10.2      8.3 1985 12 31 15 50 52.230 1.7   1
    62520  37.287431 -121.669653     3.040       54.4     -322.7     -607.7      5.4     10.3      8.8 1985 12 31 18  3  3.480 1.6   1
    67820  37.288936 -121.670923     2.959      -58.7     -155.1     -689.1      8.1     16.4     16.2 1986  3  8 10 32  4.410 1.6   1
    83805  37.289010 -121.670947     2.927      -60.7     -147.0     -721.6      8.1     16.3     16.2 1986  9 25 12  1 52.830 1.4   1
    88698  37.289364 -121.671598     2.912     -118.2     -107.8     -736.6      9.0     17.7     21.4 1986 11 25 13  0 35.660 1.0   1
   101361  37.288188 -121.670060     2.942       18.4     -238.6     -706.0      5.7     10.5      9.4 1987  6  3  6 56  7.740 1.9   1
   101362  37.287549 -121.669572     2.949       61.0     -309.5     -699.5      5.4     10.3      8.5 1987  6  3  6 58 51.320 1.7   1
   102776  37.289347 -121.671615     2.909     -120.0     -109.8     -739.2      9.1     17.8     22.5 1987  7  7  1 44 26.990 1.0   1
   103138  37.287830 -121.669865     2.954       35.0     -278.3     -694.1      5.4     10.3      8.5 1987  7 14 19  2 57.020 1.7   1
   112868  37.289388 -121.671541     2.898     -113.4     -105.2     -750.5      9.1     17.7     23.0 1988  2 25 10  0 17.780 0.9   1
   126189  37.283736 -121.678442     3.575     -725.4     -732.3      -72.8    193.1    213.5    255.9 1988 11  2  3  9 12.610 1.9   1
   126389  37.287443 -121.669564     2.957       61.8     -321.3     -691.7      5.5     10.3      9.3 1988 11  4 13 34 34.720 1.9   1
   148939  37.287537 -121.669661     3.050       53.5     -310.7     -598.3      5.8     10.3     11.0 1989 12 13  5 33 46.080 1.6   1
   158154  37.289412 -121.671826     3.083     -138.6     -102.4     -564.9      9.0     17.7     21.8 1990  5 23 11 11 37.580 1.0   1
   160503  37.288021 -121.670150     3.065       10.0     -256.9     -583.5      5.8     11.2     11.9 1990  7  5 20  4 42.800 1.7   1
   208364  37.289412 -121.671696     3.044     -126.8     -102.4     -603.9      9.1     17.7     22.2 1991  3 22 11 23 27.560 1.0   1
   215747  37.287687 -121.669678     3.081       51.7     -294.0     -567.6      5.4     10.2      7.7 1991  5 29  9 45 22.620 1.8   1
   238704  37.288196 -121.670239     3.062        2.3     -237.6     -586.7      6.1     10.6     12.9 1991 12  3  5 24 24.980 2.0   1
   238790  37.287809 -121.669922     3.067       30.2     -280.6     -581.1      5.6     10.4     11.9 1991 12  4  0  8 49.550 1.9   1
   261841  37.289400 -121.671639     3.040     -122.1     -103.7     -608.6      9.1     17.7     22.1 1992  4  6  9 39 49.410 0.9   1
   312743  37.288977 -121.671037     3.075      -68.6     -150.7     -573.0      7.8     16.1     15.3 1992  8 29 17  4 29.020 1.6   1
   314921  37.287431 -121.669442     3.051       72.7     -322.6     -597.6      5.9     11.3     20.6 1992  9 11  1 22 13.650 1.1   1
   331552  37.289388 -121.671753     3.024     -132.0     -105.3     -624.7      8.9     17.6     21.6 1993  1  9 17 48 38.720 1.0   1
 30036393  37.289437 -121.671834     3.085     -139.4      -99.8     -563.2      9.1     17.8     22.1 1993 12  1  0 25 49.530 1.0   1
   389286  37.287455 -121.669653     3.046       54.0     -319.6     -602.7      5.6     10.4     10.4 1993 12 20 22 35  7.800 1.8   1
 30062741  37.288171 -121.670199     3.130        5.8     -240.1     -518.5      6.0     11.1     13.9 1994 11 16 16 50 58.150 2.0   1
 30062748  37.288562 -121.670557     3.113      -26.1     -197.0     -534.8      6.7     12.1     17.0 1994 11 16 18  3 42.360 1.3   1
 30069218  37.287667 -121.669303     3.109       84.8     -296.4     -539.0      5.8     10.6     12.7 1995  3  3  9 38 49.200 1.2   1
 30069222  37.287590 -121.669320     3.104       83.8     -304.9     -544.0      5.6     10.5     11.2 1995  3  3 12 30 15.850 1.8   1
 30069457  37.287472 -121.669425     3.099       74.5     -317.8     -549.1      5.7     10.6     11.7 1995  3  7 13 19 41.960 1.3   1
 30092060  37.287720 -121.669727     3.074       47.5     -290.2     -574.6      5.6     10.3     10.4 1995 12 15 18 53 39.820 1.8   1
