    17842  37.288346 -121.668669     2.988      141.2     -220.8     -660.6     36.0     51.7     22.6 1984  4 25  4 35 19.170 1.9   1
    21644  37.289559 -121.671362     3.036      -97.4      -86.4     -612.5     34.8     51.2     18.1 1984  6 27 14 50 38.140 1.6   1
    23190  37.332951 -121.650749    24.317     1729.7     4729.5    20669.0   1321.9   2297.9   1418.4 1984  7 17 16 24 49.440 1.9   1
    28475  37.291125 -121.669222     2.021       92.5       87.7    -1627.3     34.4     52.5    893.3 1984  9 23  8 43 14.720 1.1   1
    32049  37.287386 -121.669515     3.004       66.5     -327.2     -644.1     34.5     51.1     18.0 1984 11 18  0 28 55.240 1.7   1
    35109  37.290177 -121.669507     3.032       67.0      -17.5     -616.7     37.0     52.0     20.8 1984 12 22  4 43 44.710 1.6   1
    42349  37.288310 -121.663639     3.249      587.2     -224.9     -399.3     49.2     54.1     17.5 1985  2 28  1  9 58.300 0.8   1
    42555  37.288204 -121.669010     3.001      111.1     -236.7     -647.4     34.8     51.3     18.6 1985  3  2  6 53 56.010 1.7   1
    42559  37.288798 -121.669360     2.937       79.8     -170.5     -710.8     35.4     51.5     19.4 1985  3  2  8 55  3.470 1.9   1
    42643  37.291638 -121.665243     4.118      445.5      144.5      470.0    717.9    647.5   2549.6 1985  3  2  8 55 29.590 2.1   1
    42560  37.288517 -121.671875     3.130     -142.9     -201.8     -517.7     39.3     52.0     31.7 1985  3  2  8 58  0.480 1.2   1
    54084  37.288936 -121.669702     2.996       49.8     -155.3     -652.7     34.7     51.3     18.7 1985  8 28 20 35 10.100 1.6   1
    57770  37.288993 -121.672559     2.879     -203.6     -149.0     -768.8     37.8     51.6     31.4 1985 10 28  3 55 38.130 1.3   1
    62514  37.288322 -121.669019     3.008      110.6     -223.4     -640.2     34.9     51.5     18.6 1985 12 31 15 50 52.230 1.7   1
    62520  37.288188 -121.669027     3.001      109.4     -238.3     -647.2     35.1     51.9     22.1 1985 12 31 18  3  3.480 1.6   1
    67820  37.289714 -121.671549     2.904     -113.9      -69.3     -744.6     35.2     51.3     23.4 1986  3  8 10 32  4.410 1.6   1
    82606  37.290531 -121.670703     3.005      -39.0       21.7     -642.8     34.7     51.4     19.3 1986  9 15 20 17 49.920 2.7   1
    83805  37.290120 -121.670174     2.953        8.0      -24.1     -695.5     34.9     51.4     19.8 1986  9 25 12  1 52.830 1.4   1
    88698  37.290283 -121.672119     3.705     -164.3       -5.7       56.6     52.0     69.1     65.3 1986 11 25 13  0 35.660 1.0   1
   101361  37.289132 -121.668945     3.012      116.6     -133.7     -636.2     35.0     51.5     18.8 1987  6  3  6 56  7.740 1.9   1
   101362  37.288472 -121.668734     2.903      135.4     -206.8     -745.1     35.2     51.3     20.3 1987  6  3  6 58 51.320 1.7   1
   102776  37.291134 -121.670939     2.970      -59.7       88.5     -678.0     35.0     51.7     22.3 1987  7  7  1 44 26.990 1.0   1
   103138  37.288554 -121.669401     2.898       76.8     -197.8     -750.1     34.8     51.2     19.8 1987  7 14 19  2 57.020 1.7   1
   110939  37.290218 -121.669450     3.728       72.2      -13.3       79.6     37.4     51.6    472.2 1988  1 15  1 56 42.310 1.4   1
   112868  37.291557 -121.671777     3.698     -134.4      135.6       50.0     35.9     53.9     13.1 1988  2 25 10  0 17.780 0.9   1
   126189  37.287415 -121.672168     3.175     -168.6     -324.1     -472.8    115.0     82.3    101.0 1988 11  2  3  9 12.610 1.9   1
   126292  37.286658 -121.667220     1.904      269.8     -408.0    -1744.6    468.2    424.3    929.1 1988 11  3  1 30  4.280 1.7   1
   126389  37.287834 -121.669474     2.983       70.1     -277.5     -665.0     34.9     51.2     19.9 1988 11  4 13 34 34.720 1.9   1
   148939  37.288298 -121.669132     3.038      100.2     -226.4     -609.8     35.5     51.6     23.0 1989 12 13  5 33 46.080 1.6   1
   158154  37.290548 -121.671956     3.155     -150.2       23.3     -493.6     34.7     52.0     17.4 1990  5 23 11 11 37.580 1.0   1
   160503  37.289046 -121.669564     3.041       62.2     -143.0     -607.3     35.3     51.7     19.3 1990  7  5 20  4 42.800 1.7   1
   208364  37.291305 -121.670638     3.002      -33.5      107.5     -646.7     35.8     52.0     23.3 1991  3 22 11 23 27.560 1.0   1
   215747  37.287980 -121.669238     3.024       91.2     -261.6     -624.2     34.9     51.5     19.5 1991  5 29  9 45 22.620 1.8   1
   238704  37.289176 -121.668823     2.978      127.9     -128.9     -669.8     35.3     51.5     20.9 1991 12  3  5 24 24.980 2.0   1
   238790  37.288672 -121.669181     3.016       96.0     -184.9     -631.8     35.1     51.4     19.9 1991 12  4  0  8 49.550 1.9   1
   261841  37.290918 -121.670703     3.022      -38.8       64.5     -625.8     35.8     51.8     27.2 1992  4  6  9 39 49.410 0.9   1
   312743  37.289547 -121.671232     3.094      -85.8      -87.5     -554.7     34.4     51.6     15.5 1992  8 29 17  4 29.020 1.6   1
   314921  37.286768 -121.668669     3.126      141.5     -396.1     -522.5     35.3     51.3     20.1 1992  9 11  1 22 13.650 1.1   1
   331552  37.291056 -121.671965     3.145     -150.6       79.9     -503.4     35.4     52.0     20.9 1993  1  9 17 48 38.720 1.0   1
 30036393  37.290951 -121.671045     3.187      -69.0       68.0     -461.5     35.4     52.6     21.7 1993 12  1  0 25 49.530 1.0   1
   389286  37.287769 -121.669263     2.962       89.0     -284.9     -686.3     34.8     51.3     19.0 1993 12 20 22 35  7.800 1.8   1
   399980  37.289750 -121.668921     6.038      118.9      -65.0     2390.2     34.1     52.4   3302.7 1994  4  6  4 11 34.960 1.4   1
 30062741  37.288867 -121.670573     2.907      -27.7     -162.8     -741.4     35.2     51.1     21.9 1994 11 16 16 50 58.150 2.0   1
 30062748  37.289473 -121.668709     2.976      137.8      -95.8     -672.3     36.8     52.3     24.4 1994 11 16 18  3 42.360 1.3   1
 30069218  37.287789 -121.669255     3.196       89.2     -282.6     -452.2     35.3     52.3     17.0 1995  3  3  9 38 49.200 1.2   1
 30069222  37.288403 -121.669027     3.064      109.8     -214.3     -584.1     35.2     51.6     19.5 1995  3  3 12 30 15.850 1.8   1
 30069457  37.289823 -121.667285     2.693      264.1      -56.9     -955.1     40.6     52.9     45.0 1995  3  7 13 19 41.960 1.3   1
 30092060  37.288497 -121.669409     2.971       75.5     -204.0     -677.1     34.8     51.4     19.0 1995 12 15 18 53 39.820 1.8   1
