    17842  37.287402 -121.669832     3.041       38.3     -325.6     -607.4      4.1      9.4     11.5 1984  4 25  4 35 19.170 1.9   1
    21644  37.288664 -121.671118     2.992      -75.5     -185.7     -656.5      5.8     18.8     13.4 1984  6 27 14 50 38.140 1.6   1
    32049  37.287419 -121.670068     3.027       17.6     -323.6     -621.3      3.6      9.3      9.4 1984 11 18  0 28 55.240 1.7   1
    35109  37.288631 -121.671029     2.959      -67.5     -189.1     -689.6      5.8     18.7     16.3 1984 12 22  4 43 44.710 1.6   1
    42349  37.287345 -121.670028     2.997       21.0     -331.9     -651.1      5.5      9.7     14.8 1985  2 28  1  9 58.300 0.8   1
    42555  37.287329 -121.669800     3.030       40.9     -333.5     -618.1      3.9      9.5     10.5 1985  3  2  6 53 56.010 1.7   1
    42559  37.288066 -121.670402     2.996      -12.2     -252.2     -652.4      4.5      9.5     11.6 1985  3  2  8 55  3.470 1.9   1
    42560  37.288375 -121.670793     2.968      -47.2     -217.5     -680.1      5.1      9.7     15.1 1985  3  2  8 58  0.480 1.2   1
    54084  37.288062 -121.670426     3.039      -14.1     -252.4     -609.2      4.1      9.4     11.2 1985  8 28 20 35 10.100 1.6   1
    62514  37.287431 -121.670044     3.041       19.2     -322.5     -607.0      3.7      9.3      9.9 1985 12 31 15 50 52.230 1.7   1
    62520  37.287358 -121.669840     3.050       37.8     -330.5     -597.9      3.8      9.4     10.3 1985 12 31 18  3  3.480 1.6   1
    67820  37.288680 -121.671021     2.966      -67.5     -184.0     -682.6      5.8     18.8     14.1 1986  3  8 10 32  4.410 1.6   1
    83805  37.288745 -121.671053     2.931      -70.0     -176.5     -717.3      5.5     18.7     12.5 1986  9 25 12  1 52.830 1.4   1
    88698  37.289111 -121.671680     2.900     -125.5     -136.1     -748.6      6.9     20.3     17.4 1986 11 25 13  0 35.660 1.0   1
   101361  37.288123 -121.670256     2.957        0.7     -245.5     -691.4      3.8      9.5      9.6 1987  6  3  6 56  7.740 1.9   1
   101362  37.287472 -121.669792     2.964       41.9     -317.8     -684.4      3.6      9.3      9.4 1987  6  3  6 58 51.320 1.7   1
   102776  37.289087 -121.671712     2.899     -128.3     -138.7     -748.9      7.0     20.4     18.4 1987  7  7  1 44 26.990 1.0   1
   103138  37.287760 -121.670076     2.970       16.5     -285.8     -677.9      3.6      9.3      9.2 1987  7 14 19  2 57.020 1.7   1
   112868  37.289140 -121.671615     2.887     -119.8     -132.8     -761.0      6.8     20.3     18.2 1988  2 25 10  0 17.780 0.9   1
   126189  37.288334 -121.671476     3.311     -107.8     -222.2     -337.7      8.0     10.1     24.0 1988 11  2  3  9 12.610 1.9   1
   126389  37.287366 -121.669792     2.973       42.0     -329.8     -675.1      3.8      9.4     10.1 1988 11  4 13 34 34.720 1.9   1
   148939  37.287565 -121.670028     3.130       21.3     -307.7     -518.2      3.9      9.3     10.1 1989 12 13  5 33 46.080 1.6   1
   158154  37.289160 -121.671908     3.068     -145.9     -130.4     -580.1      6.7     20.3     17.3 1990  5 23 11 11 37.580 1.0   1
   160503  37.288049 -121.670410     3.111      -12.9     -253.7     -537.0      3.8     10.1      9.3 1990  7  5 20  4 42.800 1.7   1
   208364  37.289160 -121.671769     3.029     -133.3     -130.5     -618.9      6.9     20.2     18.1 1991  3 22 11 23 27.560 1.0   1
   215747  37.287614 -121.669914     3.096       31.2     -302.3     -551.8      3.7      9.3      9.3 1991  5 29  9 45 22.620 1.8   1
   238704  37.288200 -121.670483     3.100      -19.2     -237.3     -548.7      4.2      9.3     10.1 1991 12  3  5 24 24.980 2.0   1
   238790  37.287805 -121.670182     3.113        7.1     -281.0     -535.4      3.8      9.3      9.7 1991 12  4  0  8 49.550 1.9   1
   261841  37.289144 -121.671720     3.027     -129.2     -132.1     -621.4      7.2     20.3     18.5 1992  4  6  9 39 49.410 0.9   1
   312743  37.288713 -121.671143     3.074      -78.0     -180.2     -573.8      5.3     18.5     12.6 1992  8 29 17  4 29.020 1.6   1
   314921  37.287472 -121.669710     3.119       48.7     -317.7     -529.7      4.6      9.5     11.8 1992  9 11  1 22 13.650 1.1   1
   331552  37.289136 -121.671834     3.010     -138.9     -133.3     -638.5      6.7     20.2     17.4 1993  1  9 17 48 38.720 1.0   1
 30036393  37.289189 -121.671908     3.071     -145.9     -127.4     -577.6      6.8     20.4     17.7 1993 12  1  0 25 49.530 1.0   1
   389286  37.287492 -121.669979     3.114       25.4     -315.6     -534.5      3.7      9.3      9.4 1993 12 20 22 35  7.800 1.8   1
 30062741  37.288106 -121.670426     3.140      -14.5     -247.5     -508.2      4.1     10.6     13.3 1994 11 16 16 50 58.150 2.0   1
 30062748  37.288493 -121.670793     3.129      -46.8     -204.7     -519.7      4.8     11.6     16.0 1994 11 16 18  3 42.360 1.3   1
 30069218  37.287581 -121.669499     3.109       68.2     -305.9     -538.8      4.3      9.5     11.6 1995  3  3  9 38 49.200 1.2   1
 30069222  37.287512 -121.669531     3.110       65.1     -313.5     -538.0      3.9      9.4     10.2 1995  3  3 12 30 15.850 1.8   1
 30069457  37.287402 -121.669637     3.106       55.3     -325.8     -542.0      4.1      9.5     10.8 1995  3  7 13 19 41.960 1.3   1
 30092060  37.287695 -121.669979     3.106       25.0     -292.9     -542.7      3.7      9.3      9.4 1995 12 15 18 53 39.820 1.8   1
