    17842  37.297754 -121.660645     2.707      853.0      823.2     -941.7    117.6    217.2     79.4 1984  4 25  4 35 19.170 1.9   1
    21644  37.299178 -121.662964     2.787      647.1      981.4     -860.9    115.4    214.9     70.4 1984  6 27 14 50 38.140 1.6   1
    23190  36.896395 -121.992399    40.248   -28638.6   -43721.0    36599.4   5731.7  11110.0   2798.3 1984  7 17 16 24 49.440 1.9   1
    25096  37.299634 -121.660319     2.096      881.6     1032.0    -1552.6    129.6    221.0    135.3 1984  8  7  9  7  6.330 1.2   1
    28475  37.300321 -121.662199     2.403      715.3     1108.4    -1245.7    128.4    220.4    157.9 1984  9 23  8 43 14.720 1.1   1
    32049  37.296619 -121.661930     2.744      739.1      697.4     -903.9    114.1    214.2     70.7 1984 11 18  0 28 55.240 1.7   1
    35109  37.299516 -121.661987     2.558      734.0     1018.6    -1090.0    118.2    216.5    101.8 1984 12 22  4 43 44.710 1.6   1
    42349  37.296427 -121.660840     2.730      836.0      676.2     -918.6    123.2    215.8     79.5 1985  2 28  1  9 58.300 0.8   1
    42555  37.297498 -121.661312     2.729      793.4      794.6     -919.5    114.8    215.2     71.2 1985  3  2  6 53 56.010 1.7   1
    42559  37.298189 -121.661483     2.610      778.8      871.5    -1038.7    118.1    216.2     98.6 1985  3  2  8 55  3.470 1.9   1
    42643  37.297652 -121.660710     2.544      846.8      812.1    -1104.5    118.8    216.4     98.8 1985  3  2  8 55 29.590 2.1   1
    42560  37.298470 -121.662443     2.810      693.8      902.6     -838.7    115.1    215.3     73.2 1985  3  2  8 58  0.480 1.2   1
    49626  37.300118 -121.662150     2.655      719.1     1085.6     -993.7    117.2    215.7     88.8 1985  6 15  1 38 57.380 0.9   1
    54084  37.298242 -121.662052     2.721      727.9      877.6     -927.1    114.8    214.7     74.3 1985  8 28 20 35 10.100 1.6   1
    57770  37.297156 -121.668351     3.093      169.7      756.7     -555.0    116.0    212.1     79.0 1985 10 28  3 55 38.130 1.3   1
    62514  37.297648 -121.661304     2.727      794.5      811.6     -921.6    115.4    216.0     73.5 1985 12 31 15 50 52.230 1.7   1
    62520  37.297453 -121.661450     2.743      781.3      789.9     -905.0    116.3    218.0     86.0 1985 12 31 18  3  3.480 1.6   1
    67820  37.298987 -121.663981     2.688      556.8      959.9     -959.9    120.4    216.3    121.3 1986  3  8 10 32  4.410 1.6   1
    73786  37.298372 -121.660197     1.614      892.7      892.1    -2034.7    110.2    216.8    192.4 1986  6  1 10 51 31.460 1.2   1
    82606  37.299833 -121.663143     2.729      631.4     1053.9     -919.4    114.6    214.6     74.2 1986  9 15 20 17 49.920 2.7   1
    83805  37.299479 -121.662402     2.676      697.4     1014.7     -972.0    115.0    214.9     75.3 1986  9 25 12  1 52.830 1.4   1
    88698  37.299565 -121.665324     3.675      437.8     1024.0       27.3    215.4    293.4    336.9 1986 11 25 13  0 35.660 1.0   1
   101361  37.298486 -121.661141     2.732      808.6      904.3     -915.8    115.5    215.6     75.0 1987  6  3  6 56  7.740 1.9   1
   101362  37.297384 -121.662077     2.743      725.8      782.2     -905.6    117.7    215.6     98.8 1987  6  3  6 58 51.320 1.7   1
   102776  37.300427 -121.663509     2.739      599.0     1120.1     -909.1    116.6    216.4     87.0 1987  7  7  1 44 26.990 1.0   1
   103138  37.297892 -121.661556     2.613      772.2      838.5    -1035.0    118.2    216.0    100.2 1987  7 14 19  2 57.020 1.7   1
   110939  37.299329 -121.661898     2.274      741.7      998.2    -1374.0    120.8    216.2    121.3 1988  1 15  1 56 42.310 1.4   1
   112868  37.301188 -121.663680     3.522      583.6     1204.4     -126.0    115.0    219.8     56.2 1988  2 25 10  0 17.780 0.9   1
   126189  37.294153 -121.672111     3.749     -163.5      423.5      100.5    107.3    211.8     52.3 1988 11  2  3  9 12.610 1.9   1
   126292  37.298397 -121.660490     2.477      866.8      894.5    -1171.2    121.8    218.4    111.2 1988 11  3  1 30  4.280 1.7   1
   126389  37.297042 -121.661938     2.740      738.2      744.3     -908.4    115.4    214.6     76.9 1988 11  4 13 34 34.720 1.9   1
   148939  37.297550 -121.661597     2.802      768.3      800.9     -846.4    119.0    216.5     92.9 1989 12 13  5 33 46.080 1.6   1
   158154  37.299935 -121.664193     2.990      538.1     1065.2     -657.8    113.7    215.8     68.7 1990  5 23 11 11 37.580 1.0   1
   160503  37.298690 -121.660897     2.772      830.2      927.2     -876.4    115.6    217.4     72.0 1990  7  5 20  4 42.800 1.7   1
   208364  37.300753 -121.662793     2.745      662.7     1156.3     -903.1    119.9    217.3     89.6 1991  3 22 11 23 27.560 1.0   1
   215747  37.297196 -121.661857     2.787      745.2      761.6     -861.4    115.7    215.9     77.0 1991  5 29  9 45 22.620 1.8   1
   227435  37.298995 -121.660832     2.359      836.3      961.2    -1288.9    124.0    220.0    116.3 1991  8 10 17  6  5.760 1.2   1
   238704  37.298458 -121.661214     2.708      802.6      901.2     -940.4    116.9    215.9     81.2 1991 12  3  5 24 24.980 2.0   1
   238790  37.297945 -121.661589     2.775      769.4      844.7     -873.5    116.0    215.5     76.5 1991 12  4  0  8 49.550 1.9   1
   261841  37.300224 -121.663192     2.767      626.7     1097.3     -881.2    119.7    216.9    108.4 1992  4  6  9 39 49.410 0.9   1
   312743  37.298792 -121.663867     2.905      567.1      938.3     -743.7    114.4    215.4     74.0 1992  8 29 17  4 29.020 1.6   1
   314921  37.296362 -121.660189     2.863      893.2      669.0     -785.6    117.6    216.2     79.9 1992  9 11  1 22 13.650 1.1   1
   331552  37.300301 -121.664624     2.995      500.4     1106.1     -653.3    116.5    215.6     81.5 1993  1  9 17 48 38.720 1.0   1
   331635  37.300541 -121.660628     2.283      854.1     1132.7    -1364.8    128.7    220.2    133.2 1993  1 10 22 13  9.440 1.2   1
 30036393  37.300509 -121.662988     3.027      644.7     1128.9     -621.4    116.5    218.0     89.1 1993 12  1  0 25 49.530 1.0   1
   389286  37.296834 -121.662240     2.779      711.4      721.1     -869.2    117.0    216.2     95.5 1993 12 20 22 35  7.800 1.8   1
   399980  37.298865 -121.662020     2.481      731.1      946.6    -1167.1    120.7    217.5    112.8 1994  4  6  4 11 34.960 1.4   1
 30062741  37.298161 -121.662842     2.644      658.0      868.5    -1004.4    116.0    214.1     78.7 1994 11 16 16 50 58.150 2.0   1
 30062748  37.298804 -121.661043     2.709      817.6      939.9     -939.0    123.1    219.3     92.5 1994 11 16 18  3 42.360 1.3   1
 30069218  37.296944 -121.662288     3.101      707.2      733.3     -547.6    115.4    218.9     66.1 1995  3  3  9 38 49.200 1.2   1
 30069222  37.297709 -121.661401     2.823      786.1      818.5     -825.4    117.0    216.7     76.2 1995  3  3 12 30 15.850 1.8   1
 30069457  37.298258 -121.662061     2.655      727.7      879.1     -992.9    121.5    217.4    104.5 1995  3  7 13 19 41.960 1.3   1
 30092060  37.297819 -121.661670     2.688      761.9      830.5     -960.1    115.2    215.7     73.9 1995 12 15 18 53 39.820 1.8   1
