    17842  37.289408 -121.668734     3.540      135.7     -102.9     -108.3     14.5     10.8     21.0 1984  4 25  4 35 19.170 1.9   1
    16751  37.291850 -121.671785     3.528     -134.9      168.0     -120.5     24.0     18.4     38.0 1984  4 27  7 48 23.500 1.0   1
    21644  37.291077 -121.670785     3.650      -46.5       82.0        2.1     15.3     11.4     23.1 1984  6 27 14 50 38.140 1.6   1
    22271  37.291370 -121.671232     3.581      -85.7      114.8      -67.3     14.0     10.4     20.3 1984  7  7  0 17  9.970 2.7   1
    22280  37.289547 -121.669548     3.538       63.5      -87.5     -109.8     18.2     13.7     23.1 1984  7  7  2 35  4.060 1.5   1
    23190  37.289815 -121.669759     3.594       44.9      -57.6      -53.8     13.8     10.0     19.5 1984  7 17 16 24 49.440 1.9   1
    25096  37.290580 -121.670361     3.446       -8.9       26.9     -202.1     16.3     11.9     24.2 1984  8  7  9  7  6.330 1.2   1
    28475  37.291764 -121.671102     3.464      -74.1      158.4     -184.7     23.4     21.7     46.5 1984  9 23  8 43 14.720 1.1   1
    32049  37.289071 -121.669303     3.570       84.9     -140.5      -78.6     13.2      9.7     17.5 1984 11 18  0 28 55.240 1.7   1
    35109  37.290979 -121.670695     3.575      -38.2       71.2      -72.9     13.4     10.2     19.9 1984 12 22  4 43 44.710 1.6   1
    42349  37.288867 -121.667480     3.697      246.5     -163.2       48.3     18.8     14.4     25.5 1985  2 28  1  9 58.300 0.8   1
    42555  37.289164 -121.669002     3.563      111.5     -130.1      -85.3     13.5      9.7     18.6 1985  3  2  6 53 56.010 1.7   1
    42559  37.289974 -121.669808     3.560       40.8      -40.1      -88.4     12.2      9.0     15.6 1985  3  2  8 55  3.470 1.9   1
    42643  37.289319 -121.669287     3.550       86.8     -112.9      -98.5     13.4      9.9     18.7 1985  3  2  8 55 29.590 2.1   1
    42560  37.290190 -121.670508     3.585      -21.5      -16.3      -63.2     14.4     10.4     19.5 1985  3  2  8 58  0.480 1.2   1
    49626  37.291825 -121.671118     3.698      -76.1      165.2       49.9     24.0     23.4     45.5 1985  6 15  1 38 57.380 0.9   1
    54084  37.289779 -121.670182     3.522        7.6      -62.1     -125.9     13.5      9.9     18.4 1985  8 28 20 35 10.100 1.6   1
    57770  37.290454 -121.671167     3.392      -80.0       13.2     -256.4     17.1     12.7     24.8 1985 10 28  3 55 38.130 1.3   1
    62514  37.289062 -121.669027     3.578      109.8     -141.2      -70.3     14.7     10.9     20.4 1985 12 31 15 50 52.230 1.7   1
    62520  37.289014 -121.669189     3.564       94.9     -146.6      -84.6     15.4     11.6     23.9 1985 12 31 18  3  3.480 1.6   1
    67820  37.291081 -121.671493     3.597     -108.7       82.8      -51.3     19.5     14.8     31.8 1986  3  8 10 32  4.410 1.6   1
    73786  37.289091 -121.669971     3.324       25.7     -138.4     -324.0     15.7     11.9     23.3 1986  6  1 10 51 31.460 1.2   1
    77218  37.289864 -121.670036     3.627       20.2      -52.3      -21.7     13.1      9.8     17.8 1986  7 25  9 22 50.290 2.3   1
    77296  37.290389 -121.670256     3.557        0.7        5.8      -91.6     18.5     13.6     27.1 1986  7 25 16  1 52.100 1.1   1
    81017  37.291797 -121.671574     3.598     -116.2      162.2      -50.1     17.6     12.8     27.8 1986  9  2  7 24 15.870 0.8   1
    82606  37.291715 -121.671476     3.561     -107.8      152.9      -86.9     16.1     12.6     25.5 1986  9 15 20 17 49.920 2.7   1
    83805  37.291016 -121.671004     3.561      -66.0       75.3      -86.9     13.8     10.1     20.5 1986  9 25 12  1 52.830 1.4   1
    88698  37.292118 -121.670508     4.100      -21.5      197.9      451.5     27.3     19.9    150.0 1986 11 25 13  0 35.660 1.0   1
   101361  37.290116 -121.669775     3.643       43.6      -24.6       -5.3     15.3     11.7     23.6 1987  6  3  6 56  7.740 1.9   1
   101362  37.289258 -121.669710     3.548       49.4     -119.8     -100.2     12.9      9.5     17.3 1987  6  3  6 58 51.320 1.7   1
   102776  37.291947 -121.671248     3.648      -87.3      179.0       -0.3     22.7     18.7     37.1 1987  7  7  1 44 26.990 1.0   1
   103138  37.289738 -121.669548     3.553       63.3      -66.3      -95.5     12.9      9.4     17.4 1987  7 14 19  2 57.020 1.7   1
   110939  37.290491 -121.671077     3.387      -72.3       17.1     -261.7     16.9     12.8     26.0 1988  1 15  1 56 42.310 1.4   1
   112868  37.292131 -121.671305     4.106      -92.5      199.1      457.6     20.8     15.1     51.4 1988  2 25 10  0 17.780 0.9   1
   120788  37.290983 -121.670760     3.573      -44.3       71.7      -74.9     14.8     10.1     20.8 1988  7 23 10 42 21.740 1.5   1
   126189  37.290011 -121.669840     3.612       37.6      -36.3      -36.2     13.8     10.4     19.2 1988 11  2  3  9 12.610 1.9   1
   126292  37.289372 -121.669328     3.523       83.3     -107.0     -124.8     13.0      9.4     17.4 1988 11  3  1 30  4.280 1.7   1
   126389  37.289168 -121.669604     3.654       58.4     -129.7        5.7     14.4     10.9     20.9 1988 11  4 13 34 34.720 1.9   1
   148939  37.289351 -121.669303     3.541       85.5     -109.3     -107.6     16.6     11.8     26.7 1989 12 13  5 33 46.080 1.6   1
   158154  37.291833 -121.671509     3.731     -110.6      166.4       82.4     18.1     14.4     32.4 1990  5 23 11 11 37.580 1.0   1
   160503  37.290422 -121.669759     3.652       44.5        9.3        3.8     13.1      9.7     18.6 1990  7  5 20  4 42.800 1.7   1
   205031  37.290556 -121.670679     3.485      -37.0       24.2     -163.5     18.3     13.1     24.4 1991  1 20  5  0 30.930 1.2   1
   208364  37.292004 -121.671289     3.631      -90.8      185.1      -17.6     20.7     15.6     36.0 1991  3 22 11 23 27.560 1.0   1
   215747  37.288969 -121.669613     3.573       57.8     -151.6      -75.6     13.8     10.1     19.5 1991  5 29  9 45 22.620 1.8   1
   227435  37.290609 -121.670451     3.532      -16.9       30.4     -116.5     16.2     11.3     22.0 1991  8 10 17  6  5.760 1.2   1
   238704  37.290011 -121.669588     3.547       60.1      -36.3     -101.7     12.7      9.2     16.2 1991 12  3  5 24 24.980 2.0   1
   238790  37.289616 -121.669686     3.616       51.1      -79.8      -31.9     13.5      9.6     17.2 1991 12  4  0  8 49.550 1.9   1
   261841  37.291545 -121.671387     3.575      -99.3      134.0      -72.9     19.8     15.8     35.9 1992  4  6  9 39 49.410 0.9   1
   312743  37.291069 -121.671037     3.651      -68.6       81.2        2.6     17.7     13.0     26.2 1992  8 29 17  4 29.020 1.6   1
   314921  37.288411 -121.668880     3.731      122.5     -213.5       83.0     17.6     14.4     30.9 1992  9 11  1 22 13.650 1.1   1
   331552  37.291911 -121.671720     3.624     -128.9      174.7      -23.8     19.7     15.5     40.2 1993  1  9 17 48 38.720 1.0   1
   331635  37.291325 -121.671102     3.555      -74.1      109.6      -93.5     17.8     14.1     23.6 1993  1 10 22 13  9.440 1.2   1
   352620  37.289453 -121.668245     3.665      178.9      -98.1       16.7     22.5     16.2     29.6 1993  6  8  9 15  1.380 0.8   1
 30036393  37.292147 -121.671403     3.705     -100.9      200.9       57.0     27.6     21.3     64.6 1993 12  1  0 25 49.530 1.0   1
   389286  37.289294 -121.669255     3.500       89.6     -115.5     -148.2     14.4     10.4     20.2 1993 12 20 22 35  7.800 1.8   1
   399980  37.290466 -121.670508     3.469      -21.8       14.3     -179.2     14.5      9.8     19.5 1994  4  6  4 11 34.960 1.4   1
 30062741  37.290247 -121.670239     3.442        2.4      -10.0     -206.5     12.8      9.3     17.8 1994 11 16 16 50 58.150 2.0   1
 30062748  37.290316 -121.669743     3.621       46.5       -2.3      -26.8     15.3     10.9     20.4 1994 11 16 18  3 42.360 1.3   1
 30069218  37.289103 -121.668905     3.746      120.6     -136.7       98.2     15.7     10.5     25.9 1995  3  3  9 38 49.200 1.2   1
 30069222  37.289250 -121.669466     3.670       71.0     -120.5       21.6     14.3     10.2     20.3 1995  3  3 12 30 15.850 1.8   1
 30069457  37.289335 -121.669287     3.449       86.4     -111.2     -199.4     18.0     12.5     25.1 1995  3  7 13 19 41.960 1.3   1
 30073191  37.291935 -121.671436     3.663     -103.9      177.4       14.3     25.5     17.8     41.7 1995  5 14 11 18 47.000 1.0   1
 30076454  37.291659 -121.672762     5.518     -221.9      146.7     1869.6    327.7    237.0    244.4 1995  7  4 11 20 49.790 2.7   1
 30092060  37.289380 -121.669466     3.544       70.6     -106.0     -104.0     13.1      9.5     18.2 1995 12 15 18 53 39.820 1.8   1
   478138  37.289791 -121.669995     3.567       24.0      -60.5      -81.3     16.5     13.0     27.4 1996  9  2 20 27  0.360 2.0   1
   478141  37.290633 -121.670638     3.421      -33.4       32.9     -226.8     31.8     26.4     88.1 1996  9  2 20 36  3.960 1.4   1
   478159  37.289722 -121.670028     5.726       21.1      -68.0     2077.7    331.9    242.8    245.0 1996  9  3  0  2  4.940 1.2   1
   529274  37.288949 -121.669531     3.563       65.1     -154.2      -85.1     13.6     10.1     18.7 1997 10 28 12  1 44.750 1.6   1
