    17842  37.289421 -121.668717     3.546      136.9     -101.8     -102.1     14.3     10.6     24.9 1984  4 25  4 35 19.170 1.9   1
    16751  37.291882 -121.671834     3.537     -139.6      171.6     -111.2     23.6     18.1     39.5 1984  4 27  7 48 23.500 1.0   1
    21644  37.291077 -121.670801     3.657      -47.6       82.2        8.5     15.0     11.1     26.3 1984  6 27 14 50 38.140 1.6   1
    22271  37.291378 -121.671224     3.588      -85.4      115.5      -60.3     13.7     10.2     23.9 1984  7  7  0 17  9.970 2.7   1
    22280  37.289555 -121.669556     3.544       62.7      -86.9     -103.8     17.7     13.4     26.5 1984  7  7  2 35  4.060 1.5   1
    23190  37.289827 -121.669775     3.599       43.1      -56.7      -49.5     13.5      9.8     23.6 1984  7 17 16 24 49.440 1.9   1
    25096  37.290621 -121.670386     3.444      -10.6       31.6     -203.8     15.9     11.6     27.8 1984  8  7  9  7  6.330 1.2   1
    28475  37.291768 -121.671061     3.475      -70.6      158.8     -173.7     23.0     21.1     47.5 1984  9 23  8 43 14.720 1.1   1
    32049  37.289079 -121.669303     3.575       85.0     -139.5      -73.5     12.9      9.4     22.1 1984 11 18  0 28 55.240 1.7   1
    35109  37.290979 -121.670695     3.580      -38.3       71.4      -68.2     13.1      9.9     23.9 1984 12 22  4 43 44.710 1.6   1
    42349  37.288810 -121.667350     3.716      258.4     -169.5       68.2     18.7     14.1     27.8 1985  2 28  1  9 58.300 0.8   1
    42555  37.289164 -121.669002     3.565      111.9     -130.0      -83.0     13.2      9.5     22.9 1985  3  2  6 53 56.010 1.7   1
    42559  37.289974 -121.669816     3.564       40.0      -40.2      -84.3     12.0      8.8     20.6 1985  3  2  8 55  3.470 1.9   1
    42643  37.289327 -121.669295     3.553       86.1     -112.2      -94.7     13.1      9.7     23.0 1985  3  2  8 55 29.590 2.1   1
    42560  37.290206 -121.670524     3.592      -22.8      -14.4      -55.9     14.1     10.2     23.6 1985  3  2  8 58  0.480 1.2   1
    49626  37.291825 -121.671151     3.707      -78.7      165.4       59.0     23.5     22.9     46.4 1985  6 15  1 38 57.380 0.9   1
    54084  37.289783 -121.670182     3.529        7.5      -61.4     -119.7     13.2      9.7     22.8 1985  8 28 20 35 10.100 1.6   1
    57770  37.290466 -121.671175     3.400      -81.1       14.3     -248.6     16.7     12.4     28.2 1985 10 28  3 55 38.130 1.3   1
    62514  37.289083 -121.669092     3.575      103.9     -139.1      -73.4     14.4     10.6     24.4 1985 12 31 15 50 52.230 1.7   1
    62520  37.289034 -121.669198     3.572       94.6     -144.5      -76.7     15.0     11.4     27.1 1985 12 31 18  3  3.480 1.6   1
    67820  37.291085 -121.671484     3.606     -108.4       83.0      -42.3     19.1     14.4     33.8 1986  3  8 10 32  4.410 1.6   1
    73786  37.289103 -121.670011     3.328       22.5     -137.0     -319.9     15.4     11.6     27.1 1986  6  1 10 51 31.460 1.2   1
    77218  37.289868 -121.670028     3.631       21.2      -52.1      -16.9     12.8      9.6     22.1 1986  7 25  9 22 50.290 2.3   1
    77296  37.290393 -121.670280     3.566       -1.7        6.4      -82.5     18.0     13.3     29.7 1986  7 25 16  1 52.100 1.1   1
    81017  37.291805 -121.671574     3.606     -116.1      162.8      -42.0     17.2     12.5     30.4 1986  9  2  7 24 15.870 0.8   1
    82606  37.291715 -121.671476     3.567     -107.2      153.1      -81.7     15.8     12.4     27.9 1986  9 15 20 17 49.920 2.7   1
    83805  37.291020 -121.671012     3.567      -66.5       76.0      -81.4     13.5      9.9     24.4 1986  9 25 12  1 52.830 1.4   1
    88698  37.292114 -121.670516     4.128      -22.4      197.5      480.0     26.8     19.4    147.3 1986 11 25 13  0 35.660 1.0   1
   101361  37.290112 -121.669767     3.664       43.8      -25.0       15.9     14.9     11.4     25.8 1987  6  3  6 56  7.740 1.9   1
   101362  37.289262 -121.669694     3.552       50.6     -119.2      -96.6     12.6      9.3     21.9 1987  6  3  6 58 51.320 1.7   1
   102776  37.291943 -121.671273     3.654      -89.2      178.5        6.0     22.1     18.3     38.5 1987  7  7  1 44 26.990 1.0   1
   103138  37.289750 -121.669548     3.558       63.3      -64.9      -90.7     12.7      9.2     22.0 1987  7 14 19  2 57.020 1.7   1
   110939  37.290507 -121.671077     3.396      -72.1       18.9     -252.6     16.5     12.5     29.2 1988  1 15  1 56 42.310 1.4   1
   112868  37.292118 -121.671265     4.133      -88.6      198.0      484.5     20.4     14.7     52.2 1988  2 25 10  0 17.780 0.9   1
   120788  37.290983 -121.670752     3.579      -43.2       72.0      -69.5     14.4      9.9     24.6 1988  7 23 10 42 21.740 1.5   1
   126189  37.290007 -121.669824     3.618       38.7      -36.4      -30.6     13.5     10.2     23.2 1988 11  2  3  9 12.610 1.9   1
   126292  37.289376 -121.669328     3.526       83.0     -106.7     -122.2     12.7      9.2     22.0 1988 11  3  1 30  4.280 1.7   1
   126389  37.289172 -121.669596     3.661       59.5     -129.0       12.3     14.0     10.6     24.4 1988 11  4 13 34 34.720 1.9   1
   148939  37.289355 -121.669303     3.544       84.9     -108.7     -104.0     16.2     11.5     29.7 1989 12 13  5 33 46.080 1.6   1
   158154  37.291842 -121.671533     3.736     -112.4      167.2       87.8     18.0     14.0     34.0 1990  5 23 11 11 37.580 1.0   1
   160503  37.290401 -121.669775     3.654       43.4        7.4        5.8     12.8      9.5     22.8 1990  7  5 20  4 42.800 1.7   1
   205031  37.290556 -121.670695     3.490      -37.9       24.2     -158.5     17.9     12.8     27.9 1991  1 20  5  0 30.930 1.2   1
   208364  37.292008 -121.671297     3.637      -91.7      185.4      -11.5     20.2     15.2     37.7 1991  3 22 11 23 27.560 1.0   1
   215747  37.288973 -121.669596     3.575       59.1     -151.1      -72.7     13.5      9.9     23.6 1991  5 29  9 45 22.620 1.8   1
   227435  37.290617 -121.670500     3.534      -21.1       31.1     -113.9     15.9     11.0     25.8 1991  8 10 17  6  5.760 1.2   1
   238704  37.290011 -121.669596     3.552       59.0      -36.3      -96.4     12.5      9.0     21.1 1991 12  3  5 24 24.980 2.0   1
   238790  37.289620 -121.669694     3.619       50.8      -79.7      -28.9     13.2      9.4     21.8 1991 12  4  0  8 49.550 1.9   1
   261841  37.291545 -121.671395     3.584     -100.0      134.1      -64.6     19.3     15.4     37.7 1992  4  6  9 39 49.410 0.9   1
   312743  37.291081 -121.671037     3.654      -68.4       82.8        6.1     17.3     12.7     29.2 1992  8 29 17  4 29.020 1.6   1
   314921  37.288420 -121.668896     3.743      120.9     -212.6       94.3     16.9     14.7     33.4 1992  9 11  1 22 13.650 1.1   1
   331552  37.291915 -121.671720     3.633     -129.3      175.1      -15.7     19.2     15.1     41.4 1993  1  9 17 48 38.720 1.0   1
   331635  37.291333 -121.671143     3.564      -78.0      110.8      -84.3     17.4     13.7     27.0 1993  1 10 22 13  9.440 1.2   1
   352620  37.289465 -121.668262     3.667      177.2      -96.5       18.3     21.9     15.8     32.0 1993  6  8  9 15  1.380 0.8   1
 30036393  37.292151 -121.671387     3.714      -99.6      201.5       66.0     26.8     20.8     63.6 1993 12  1  0 25 49.530 1.0   1
   389286  37.289307 -121.669238     3.505       90.6     -114.3     -143.3     14.1     10.2     24.3 1993 12 20 22 35  7.800 1.8   1
   399980  37.290474 -121.670524     3.475      -23.0       15.2     -173.6     14.2      9.6     23.8 1994  4  6  4 11 34.960 1.4   1
 30062741  37.290251 -121.670231     3.447        2.8       -9.5     -201.7     12.6      9.1     22.5 1994 11 16 16 50 58.150 2.0   1
 30062748  37.290320 -121.669743     3.625       46.1       -1.7      -22.7     15.0     10.7     24.3 1994 11 16 18  3 42.360 1.3   1
 30069218  37.289111 -121.668913     3.736      119.8     -135.9       88.1     15.4     10.3     27.1 1995  3  3  9 38 49.200 1.2   1
 30069222  37.289258 -121.669466     3.663       70.7     -119.7       14.5     13.9      9.9     23.7 1995  3  3 12 30 15.850 1.8   1
 30069457  37.289331 -121.669222     3.453       92.4     -111.4     -195.5     17.6     12.2     28.5 1995  3  7 13 19 41.960 1.3   1
 30073191  37.291935 -121.671395     3.681     -100.2      177.7       33.1     25.0     17.3     42.8 1995  5 14 11 18 47.000 1.0   1
 30076454  37.291455 -121.672632     5.304     -210.1      124.3     1655.4    324.0    235.0    523.0 1995  7  4 11 20 49.790 2.7   1
 30092060  37.289384 -121.669482     3.548       69.4     -105.5     -100.3     12.8      9.3     22.6 1995 12 15 18 53 39.820 1.8   1
   478138  37.289791 -121.669979     3.578       25.5      -60.6      -70.7     16.2     12.7     29.4 1996  9  2 20 27  0.360 2.0   1
   478141  37.290629 -121.670646     3.432      -34.1       32.3     -215.9     30.9     25.7     86.4 1996  9  2 20 36  3.960 1.4   1
   478159  37.289628 -121.670028     5.515       20.8      -78.5     1866.6    325.4    237.2    510.2 1996  9  3  0  2  4.940 1.2   1
   529274  37.288928 -121.669515     3.561       66.1     -156.2      -87.6     13.4      9.9     23.0 1997 10 28 12  1 44.750 1.6   1
