    17842  37.289571 -121.668229     3.443      180.7      -84.9     -205.3     46.3     34.9     70.4 1984  4 25  4 35 19.170 1.9   1
    16751  37.292025 -121.671842     3.446     -140.1      187.6     -202.6     75.0     57.3    132.6 1984  4 27  7 48 23.500 1.0   1
    21644  37.291825 -121.670597     3.666      -29.6      165.5       18.1     50.6     37.2     83.0 1984  6 27 14 50 38.140 1.6   1
    22271  37.291085 -121.671240     3.812      -86.6       83.0      164.1     46.0     34.2     71.8 1984  7  7  0 17  9.970 2.7   1
    22280  37.289705 -121.669604     3.465       58.7      -69.9     -183.6     59.5     44.6     86.9 1984  7  7  2 35  4.060 1.5   1
    23190  37.289811 -121.669499     3.499       67.5      -58.1     -148.8     44.6     32.6     69.0 1984  7 17 16 24 49.440 1.9   1
    25096  37.290507 -121.670345     3.409       -7.1       18.9     -239.3     53.6     38.6     89.5 1984  8  7  9  7  6.330 1.2   1
    28475  37.292627 -121.671379     3.504      -99.0      254.1     -144.6     74.5     67.0    152.1 1984  9 23  8 43 14.720 1.1   1
    32049  37.289278 -121.669539     3.478       64.5     -117.2     -169.7     43.2     31.8     67.6 1984 11 18  0 28 55.240 1.7   1
    35109  37.290963 -121.670728     3.563      -41.1       69.7      -84.8     44.2     33.6     69.9 1984 12 22  4 43 44.710 1.6   1
    42349  37.289071 -121.668221     3.606      180.9     -140.6      -42.0     58.6     47.0     92.0 1985  2 28  1  9 58.300 0.8   1
    42555  37.289014 -121.668717     3.579      136.8     -146.6      -69.6     44.4     31.9     63.1 1985  3  2  6 53 56.010 1.7   1
    42559  37.290137 -121.669922     3.486       30.1      -22.0     -161.9     40.3     29.6     59.3 1985  3  2  8 55  3.470 1.9   1
    42643  37.289254 -121.669116     3.503      102.1     -120.1     -145.7     44.2     32.5     69.4 1985  3  2  8 55 29.590 2.1   1
    42560  37.290161 -121.670426     3.492      -14.4      -19.6     -156.7     47.2     34.1     74.3 1985  3  2  8 58  0.480 1.2   1
    49626  37.292472 -121.671257     3.706      -88.0      237.0       57.5     74.0     69.7    147.0 1985  6 15  1 38 57.380 0.9   1
    54084  37.289864 -121.670052     3.420       18.5      -52.5     -228.2     44.4     32.3     70.1 1985  8 28 20 35 10.100 1.6   1
    57770  37.290535 -121.671606     3.315     -119.0       22.1     -333.4     55.7     41.6     92.6 1985 10 28  3 55 38.130 1.3   1
    62514  37.289030 -121.668669     3.584      141.7     -144.8      -64.5     47.2     35.1     72.8 1985 12 31 15 50 52.230 1.7   1
    62520  37.289197 -121.669271     3.406       87.7     -126.4     -241.7     49.9     37.8     87.8 1985 12 31 18  3  3.480 1.6   1
    67820  37.291284 -121.671688     3.480     -126.2      105.3     -167.8     63.4     48.3    110.9 1986  3  8 10 32  4.410 1.6   1
    73786  37.289156 -121.669710     3.259       48.7     -130.8     -389.6     51.0     39.2     86.3 1986  6  1 10 51 31.460 1.2   1
    77218  37.290023 -121.670296     3.631       -2.6      -34.6      -16.8     42.9     32.1     57.0 1986  7 25  9 22 50.290 2.3   1
    77296  37.291264 -121.670825     3.589      -49.6      102.9      -59.3     59.8     44.1     97.3 1986  7 25 16  1 52.100 1.1   1
    81017  37.291862 -121.671818     3.539     -138.0      169.5     -109.7     57.8     42.5    100.9 1986  9  2  7 24 15.870 0.8   1
    82606  37.291032 -121.671167     3.998      -80.1       77.1      350.0     53.4     41.0     87.1 1986  9 15 20 17 49.920 2.7   1
    83805  37.291060 -121.671037     3.502      -68.9       80.2     -146.7     45.7     33.5     75.4 1986  9 25 12  1 52.830 1.4   1
    88698  37.292114 -121.670964     3.985      -61.7      197.2      336.8     89.0     64.7    253.9 1986 11 25 13  0 35.660 1.0   1
   101361  37.289738 -121.669645     4.030       54.9      -66.4      381.4     50.8     38.4     80.4 1987  6  3  6 56  7.740 1.9   1
   101362  37.289079 -121.669621     3.575       56.8     -139.4      -72.8     42.3     31.3     56.6 1987  6  3  6 58 51.320 1.7   1
   102776  37.292224 -121.671509     3.590     -110.1      209.5      -58.3     73.0     60.7    131.4 1987  7  7  1 44 26.990 1.0   1
   103138  37.289591 -121.669360     3.489       79.9      -82.5     -158.8     42.6     30.9     62.7 1987  7 14 19  2 57.020 1.7   1
   110939  37.290723 -121.671297     3.307      -91.6       42.8     -341.0     55.0     41.4     96.3 1988  1 15  1 56 42.310 1.4   1
   112868  37.291895 -121.671354     4.316      -96.5      173.2      668.0     67.3     50.5    122.8 1988  2 25 10  0 17.780 0.9   1
   120788  37.290857 -121.670996     3.599      -65.1       57.8      -49.3     48.3     33.3     72.4 1988  7 23 10 42 21.740 1.5   1
   126189  37.289697 -121.670353     3.656       -8.2      -70.8        7.7     45.3     34.0     64.4 1988 11  2  3  9 12.610 1.9   1
   126292  37.289270 -121.669312     3.539       84.3     -118.5     -109.5     42.7     31.2     61.3 1988 11  3  1 30  4.280 1.7   1
   126389  37.288900 -121.669596     3.842       59.5     -159.4      194.1     47.5     35.8     72.5 1988 11  4 13 34 34.720 1.9   1
   148939  37.288802 -121.668018     3.577      198.8     -170.5      -71.3     52.8     38.1     83.5 1989 12 13  5 33 46.080 1.6   1
   158154  37.291927 -121.671615     3.675     -119.5      176.4       26.7     58.3     47.8    110.2 1990  5 23 11 11 37.580 1.0   1
   160503  37.290267 -121.669604     3.664       58.3       -7.6       16.2     43.0     31.6     66.1 1990  7  5 20  4 42.800 1.7   1
   205031  37.290702 -121.670646     3.400      -33.6       40.7     -248.4     60.0     43.2     91.0 1991  1 20  5  0 30.930 1.2   1
   208364  37.292139 -121.671045     3.611      -69.6      200.3      -37.2     67.8     51.8    120.2 1991  3 22 11 23 27.560 1.0   1
   215747  37.289152 -121.670190     3.565        6.2     -131.4      -82.8     45.2     33.3     63.6 1991  5 29  9 45 22.620 1.8   1
   227435  37.290637 -121.669873     3.497       34.6       33.3     -151.7     51.9     37.1     81.0 1991  8 10 17  6  5.760 1.2   1
   238704  37.290238 -121.669189     3.520       95.4      -11.0     -128.3     41.6     30.3     57.6 1991 12  3  5 24 24.980 2.0   1
   238790  37.289384 -121.669157     3.687       98.4     -105.6       38.4     44.2     31.8     60.7 1991 12  4  0  8 49.550 1.9   1
   261841  37.291854 -121.671623     3.440     -120.8      168.7     -208.1     65.1     50.9    126.4 1992  4  6  9 39 49.410 0.9   1
   312743  37.290535 -121.669417     3.417       74.9       22.0     -231.3     56.8     42.6     95.6 1992  8 29 17  4 29.020 1.6   1
   314921  37.288517 -121.668766     3.732      132.6     -201.9       83.3     57.1     46.8    103.4 1992  9 11  1 22 13.650 1.1   1
   331552  37.292057 -121.671834     3.548     -139.4      191.0     -100.2     64.9     50.9    137.7 1993  1  9 17 48 38.720 1.0   1
   331635  37.291447 -121.670809     3.469      -48.0      123.4     -178.9     58.0     46.6     89.4 1993  1 10 22 13  9.440 1.2   1
   352620  37.289282 -121.667822     3.605      216.8     -116.8      -43.4     74.4     53.3    102.7 1993  6  8  9 15  1.380 0.8   1
 30036393  37.292155 -121.671322     3.872      -93.6      202.0      224.0     90.1     68.5    245.5 1993 12  1  0 25 49.530 1.0   1
   389286  37.289294 -121.669303     3.467       85.2     -115.5     -181.6     46.9     34.2     73.8 1993 12 20 22 35  7.800 1.8   1
   399980  37.290535 -121.670451     3.399      -16.8       22.2     -248.9     48.0     32.6     75.3 1994  4  6  4 11 34.960 1.4   1
 30062741  37.290137 -121.670076     3.426       16.3      -22.1     -222.1     41.9     30.5     64.9 1994 11 16 16 50 58.150 2.0   1
 30062748  37.290356 -121.669596     3.548       59.0        2.3     -100.5     50.7     36.0     77.2 1994 11 16 18  3 42.360 1.3   1
 30069218  37.288635 -121.667896     3.791      210.2     -188.6      142.3     51.1     34.5     88.0 1995  3  3  9 38 49.200 1.2   1
 30069222  37.289242 -121.669613     3.700       57.6     -121.7       51.9     46.9     33.4     67.9 1995  3  3 12 30 15.850 1.8   1
 30069457  37.289376 -121.669678     3.411       51.9     -106.4     -237.4     57.4     40.7     90.7 1995  3  7 13 19 41.960 1.3   1
 30073191  37.292114 -121.671908     3.559     -145.6      197.2      -88.8     82.0     58.2    145.8 1995  5 14 11 18 47.000 1.0   1
 30076454  37.290401 -121.674194     5.904     -348.6        7.4     2256.1   1096.3    795.3   1338.3 1995  7  4 11 20 49.790 2.7   1
 30092060  37.289396 -121.669979     3.580       25.2     -104.1      -67.8     42.7     31.3     60.3 1995 12 15 18 53 39.820 1.8   1
   478138  37.290584 -121.669694     3.530       50.3       27.4     -118.1     53.2     41.1     82.7 1996  9  2 20 27  0.360 2.0   1
   478141  37.291414 -121.670337     3.438       -6.7      119.7     -210.7    102.7     85.6    278.7 1996  9  2 20 36  3.960 1.4   1
   478159  37.287292 -121.671647     6.091     -122.5     -337.8     2442.7   1099.5    800.1   1319.7 1996  9  3  0  2  4.940 1.2   1
   529274  37.288904 -121.669368     3.648       79.1     -159.1       -0.4     44.5     32.8     63.5 1997 10 28 12  1 44.750 1.6   1
