    17842  37.288265 -121.671354     3.697      -96.8     -230.0       48.9      2.7      1.9      7.2 1984  4 25  4 35 19.170 1.9   1
    16751  37.290706 -121.673462     3.708     -283.3       40.9       60.1      5.9      3.8     14.1 1984  4 27  7 48 23.500 1.0   1
    21644  37.290112 -121.672900     3.708     -233.9      -24.8       59.5      3.5      2.3      8.1 1984  6 27 14 50 38.140 1.6   1
    22271  37.290397 -121.673210     3.700     -261.3        6.7       52.2      4.0      2.9     13.4 1984  7  7  0 17  9.970 2.7   1
    22280  37.287919 -121.671289     3.635      -91.3     -268.0      -13.3      5.2      2.9     10.6 1984  7  7  2 35  4.060 1.5   1
    23190  37.288957 -121.672103     3.679     -163.3     -153.0       31.1      2.6      1.8      6.1 1984  7 17 16 24 49.440 1.9   1
    25096  37.289437 -121.672909     3.580     -234.6      -99.7      -67.8      4.8      2.9     11.1 1984  8  7  9  7  6.330 1.2   1
    28475  37.290910 -121.673584     3.730     -294.8       63.8       82.2      6.6      5.3     12.5 1984  9 23  8 43 14.720 1.1   1
    32049  37.288261 -121.671541     3.654     -113.1     -230.3        6.1      2.7      1.7      5.6 1984 11 18  0 28 55.240 1.7   1
    35109  37.290096 -121.672884     3.706     -232.4      -26.5       57.4      3.3      2.3      8.0 1984 12 22  4 43 44.710 1.6   1
    42349  37.288338 -121.671411     3.708     -101.5     -221.6       60.1      7.1      6.2     15.0 1985  2 28  1  9 58.300 0.8   1
    42555  37.288220 -121.671330     3.693      -94.3     -234.8       44.8      2.7      2.0      7.2 1985  3  2  6 53 56.010 1.7   1
    42559  37.288961 -121.672078     3.705     -161.1     -152.7       56.5      2.5      1.7      6.6 1985  3  2  8 55  3.470 1.9   1
    42643  37.288517 -121.671777     3.650     -134.4     -201.7        2.1      2.4      1.7      5.7 1985  3  2  8 55 29.590 2.1   1
    42560  37.289323 -121.672412     3.653     -190.8     -112.5        4.8      3.8      2.8      9.1 1985  3  2  8 58  0.480 1.2   1
    49626  37.290910 -121.673560     3.733     -292.0       63.7       84.6      7.2      6.1     20.7 1985  6 15  1 38 57.380 0.9   1
    54084  37.289014 -121.672135     3.683     -165.9     -146.9       34.4      2.7      2.0      6.6 1985  8 28 20 35 10.100 1.6   1
    57770  37.289530 -121.673022     3.586     -244.7      -89.5      -62.5      5.5      3.4     12.6 1985 10 28  3 55 38.130 1.3   1
    62514  37.288285 -121.671623     3.655     -120.6     -227.6        6.4      2.4      1.9      5.3 1985 12 31 15 50 52.230 1.7   1
    62520  37.288306 -121.671427     3.689     -103.4     -225.4       40.9      2.7      2.1      6.8 1985 12 31 18  3  3.480 1.6   1
    67820  37.290247 -121.672965     3.706     -239.5       -9.9       57.7      4.4      2.8      9.1 1986  3  8 10 32  4.410 1.6   1
    73786  37.288623 -121.672339     3.502     -184.2     -190.0     -145.9     20.4      6.0     46.1 1986  6  1 10 51 31.460 1.2   1
    77218  37.288949 -121.672225     3.671     -173.7     -154.1       22.8      2.5      1.8      5.8 1986  7 25  9 22 50.290 2.3   1
    77296  37.289307 -121.672518     3.660     -199.6     -114.2       11.6      5.0      3.0     11.0 1986  7 25 16  1 52.100 1.1   1
    81017  37.291024 -121.673608     3.704     -296.8       76.3       56.1      5.6      4.2     11.7 1986  9  2  7 24 15.870 0.8   1
    82606  37.290426 -121.673364     3.718     -275.0        9.7       69.8      3.5      2.9     13.1 1986  9 15 20 17 49.920 2.7   1
    83805  37.290247 -121.673063     3.704     -248.3       -9.8       56.0      3.4      2.3      8.4 1986  9 25 12  1 52.830 1.4   1
    88698  37.291007 -121.673625     3.707     -297.8       74.5       58.4      5.0      3.6     10.5 1986 11 25 13  0 35.660 1.0   1
   101361  37.288985 -121.672184     3.672     -170.2     -150.0       23.4      2.3      1.6      5.7 1987  6  3  6 56  7.740 1.9   1
   101362  37.288257 -121.671655     3.653     -123.5     -231.0        4.9      2.4      1.6      5.3 1987  6  3  6 58 51.320 1.7   1
   102776  37.290979 -121.673617     3.708     -297.7       71.2       59.8      5.6      4.8     11.9 1987  7  7  1 44 26.990 1.0   1
   103138  37.288582 -121.671948     3.660     -149.6     -194.5       11.9      2.6      1.9      6.0 1987  7 14 19  2 57.020 1.7   1
   110939  37.289457 -121.672933     3.568     -236.7      -97.5      -80.4      4.8      3.3     11.7 1988  1 15  1 56 42.310 1.4   1
   112868  37.291024 -121.673657     3.706     -300.6       76.3       57.8      4.6      3.1     10.1 1988  2 25 10  0 17.780 0.9   1
   120788  37.290120 -121.673006     3.701     -243.2      -23.9       52.6      3.1      2.1      7.8 1988  7 23 10 42 21.740 1.5   1
   126189  37.288932 -121.672225     3.673     -173.7     -155.7       24.7      2.3      1.6      5.9 1988 11  2  3  9 12.610 1.9   1
   126292  37.288216 -121.671663     3.652     -124.3     -235.1        4.2      2.5      1.7      5.4 1988 11  3  1 30  4.280 1.7   1
   126389  37.288249 -121.671517     3.699     -111.5     -231.8       50.3      2.6      1.8      6.7 1988 11  4 13 34 34.720 1.9   1
   148939  37.288346 -121.671517     3.650     -110.8     -221.0        1.8      2.3      1.6      5.2 1989 12 13  5 33 46.080 1.6   1
   158154  37.290991 -121.673486     3.742     -285.4       72.8       94.2      5.5      3.8     11.2 1990  5 23 11 11 37.580 1.0   1
   160503  37.289022 -121.671997     3.704     -153.6     -146.0       56.0      2.6      2.0      8.6 1990  7  5 20  4 42.800 1.7   1
   205031  37.289510 -121.672917     3.596     -235.1      -91.7      -52.0      6.4      3.9     12.7 1991  1 20  5  0 30.930 1.2   1
   208364  37.290975 -121.673527     3.739     -289.1       71.1       91.1      5.7      4.7     11.4 1991  3 22 11 23 27.560 1.0   1
   215747  37.288342 -121.671493     3.649     -109.3     -221.5        0.9      2.5      1.7      5.3 1991  5 29  9 45 22.620 1.8   1
   227435  37.289482 -121.672892     3.595     -232.7      -95.0      -53.2      5.5      3.4     13.0 1991  8 10 17  6  5.760 1.2   1
   238704  37.289018 -121.672095     3.679     -162.6     -146.1       30.5      2.3      1.6      6.4 1991 12  3  5 24 24.980 2.0   1
   238790  37.288570 -121.671761     3.659     -133.1     -196.0       10.4      2.3      1.6      5.4 1991 12  4  0  8 49.550 1.9   1
   261841  37.290914 -121.673511     3.741     -287.8       64.3       92.4      6.3      4.1     13.3 1992  4  6  9 39 49.410 0.9   1
   312743  37.290173 -121.672917     3.733     -235.6      -18.2       84.4      3.5      2.6     10.8 1992  8 29 17  4 29.020 1.6   1
   314921  37.288285 -121.671362     3.713      -97.3     -227.4       65.1      5.6      4.7     13.3 1992  9 11  1 22 13.650 1.1   1
   331552  37.290938 -121.673551     3.742     -291.5       67.0       93.6      5.8      4.5     11.8 1993  1  9 17 48 38.720 1.0   1
   331635  37.290682 -121.673519     3.712     -288.8       38.6       64.2      5.6      4.9     16.4 1993  1 10 22 13  9.440 1.2   1
   352620  37.288627 -121.671639     3.686     -122.0     -189.5       37.8      7.8      5.0     21.6 1993  6  8  9 15  1.380 0.8   1
 30036393  37.290959 -121.673560     3.751     -292.2       69.3      102.6      6.3      4.3     12.3 1993 12  1  0 25 49.530 1.0   1
   389286  37.288204 -121.671533     3.664     -112.8     -236.8       16.2      2.7      2.0      6.1 1993 12 20 22 35  7.800 1.8   1
   399980  37.289478 -121.672811     3.605     -225.7      -95.4      -42.9      5.3      3.2     12.4 1994  4  6  4 11 34.960 1.4   1
 30062741  37.289014 -121.672046     3.702     -157.8     -146.6       53.7      2.7      2.1      9.7 1994 11 16 16 50 58.150 2.0   1
 30062748  37.289307 -121.672314     3.686     -181.8     -114.4       37.8      4.3      2.7     13.7 1994 11 16 18  3 42.360 1.3   1
 30069218  37.288310 -121.671208     3.716      -83.5     -224.9       68.0      4.2      2.7     11.7 1995  3  3  9 38 49.200 1.2   1
 30069222  37.288253 -121.671281     3.699      -90.4     -231.3       50.4      2.9      1.9      7.5 1995  3  3 12 30 15.850 1.8   1
 30069457  37.288078 -121.671281     3.671      -90.1     -250.8       22.5      3.7      2.5      8.7 1995  3  7 13 19 41.960 1.3   1
 30073191  37.290995 -121.673519     3.739     -289.0       73.2       91.0      6.7      4.2     12.5 1995  5 14 11 18 47.000 1.0   1
 30076454  37.290340 -121.673210     3.725     -261.0        0.4       77.0      3.8      2.9     13.7 1995  7  4 11 20 49.790 2.7   1
 30092060  37.288387 -121.671606     3.655     -119.0     -216.4        6.6      2.8      1.8      5.9 1995 12 15 18 53 39.820 1.8   1
   478138  37.288900 -121.672111     3.674     -163.9     -159.6       25.5      2.8      2.0      7.7 1996  9  2 20 27  0.360 2.0   1
   478141  37.289246 -121.672420     3.680     -191.0     -120.9       31.3      4.8      3.3     14.9 1996  9  2 20 36  3.960 1.4   1
   529274  37.288342 -121.671663     3.660     -123.8     -221.2       11.6      2.8      2.0      6.4 1997 10 28 12  1 44.750 1.6   1
