    17842  37.288281 -121.671362     3.698      -97.7     -228.1       49.3      2.7      1.9      6.9 1984  4 25  4 35 19.170 1.9   1
    16751  37.290666 -121.673470     3.703     -284.7       36.5       54.8      6.0      4.2     14.0 1984  4 27  7 48 23.500 1.0   1
    21644  37.290092 -121.672909     3.705     -234.8      -27.1       57.2      3.8      2.6      8.7 1984  6 27 14 50 38.140 1.6   1
    22271  37.290356 -121.673218     3.703     -262.2        2.4       54.7      5.0      3.7     15.4 1984  7  7  0 17  9.970 2.7   1
    22280  37.287935 -121.671305     3.631      -92.6     -266.5      -16.8      5.2      2.9     10.1 1984  7  7  2 35  4.060 1.5   1
    23190  37.288961 -121.672111     3.683     -163.9     -152.6       34.6      2.6      1.8      6.4 1984  7 17 16 24 49.440 1.9   1
    25096  37.289437 -121.672917     3.582     -234.9      -99.6      -65.9      5.0      3.2     12.0 1984  8  7  9  7  6.330 1.2   1
    28475  37.290889 -121.673592     3.727     -294.8       61.2       79.2      6.3      5.0     12.0 1984  9 23  8 43 14.720 1.1   1
    32049  37.288273 -121.671549     3.655     -113.9     -229.1        6.7      2.7      1.8      5.5 1984 11 18  0 28 55.240 1.7   1
    35109  37.290080 -121.672892     3.704     -233.2      -28.4       55.6      3.6      2.5      8.6 1984 12 22  4 43 44.710 1.6   1
    42349  37.288350 -121.671411     3.709     -101.6     -220.3       60.9      6.6      5.7     13.9 1985  2 28  1  9 58.300 0.8   1
    42555  37.288232 -121.671330     3.694      -94.4     -233.5       45.7      2.7      2.0      6.9 1985  3  2  6 53 56.010 1.7   1
    42559  37.288965 -121.672087     3.705     -161.7     -152.1       56.5      2.5      1.7      6.3 1985  3  2  8 55  3.470 1.9   1
    42643  37.288529 -121.671785     3.651     -134.8     -200.6        3.1      2.4      1.7      5.5 1985  3  2  8 55 29.590 2.1   1
    42560  37.289323 -121.672428     3.656     -191.9     -112.2        8.1      3.7      2.8      8.8 1985  3  2  8 58  0.480 1.2   1
    49626  37.290894 -121.673560     3.731     -292.3       61.9       82.6      6.8      5.7     19.1 1985  6 15  1 38 57.380 0.9   1
    54084  37.289014 -121.672135     3.683     -166.1     -146.7       35.0      2.7      1.9      6.4 1985  8 28 20 35 10.100 1.6   1
    57770  37.289522 -121.673014     3.586     -243.9      -90.4      -62.0      5.8      3.7     13.4 1985 10 28  3 55 38.130 1.3   1
    62514  37.288293 -121.671631     3.654     -121.3     -226.9        5.6      2.5      1.9      5.3 1985 12 31 15 50 52.230 1.7   1
    62520  37.288314 -121.671436     3.691     -103.8     -224.4       42.3      2.7      2.1      6.5 1985 12 31 18  3  3.480 1.6   1
    67820  37.290214 -121.672974     3.704     -240.1      -13.4       55.7      4.6      3.1      9.6 1986  3  8 10 32  4.410 1.6   1
    73786  37.288619 -121.672282     3.517     -179.0     -190.4     -131.6     21.3      7.5     51.0 1986  6  1 10 51 31.460 1.2   1
    77218  37.288953 -121.672225     3.672     -173.6     -153.7       23.3      2.5      1.8      5.6 1986  7 25  9 22 50.290 2.3   1
    77296  37.289307 -121.672526     3.661     -200.6     -114.1       13.2      4.8      2.9     10.6 1986  7 25 16  1 52.100 1.1   1
    81017  37.290995 -121.673608     3.702     -296.3       73.2       53.5      5.6      4.2     11.5 1986  9  2  7 24 15.870 0.8   1
    82606  37.290397 -121.673348     3.716     -273.4        6.7       67.3      4.8      3.6     15.9 1986  9 15 20 17 49.920 2.7   1
    83805  37.290226 -121.673047     3.701     -247.0      -12.2       52.8      3.8      2.6      9.0 1986  9 25 12  1 52.830 1.4   1
    88698  37.290975 -121.673608     3.705     -296.6       70.9       56.3      5.2      3.8     10.7 1986 11 25 13  0 35.660 1.0   1
   101361  37.288985 -121.672184     3.672     -170.4     -150.1       24.1      2.3      1.6      5.5 1987  6  3  6 56  7.740 1.9   1
   101362  37.288261 -121.671655     3.652     -123.3     -230.1        3.8      2.5      1.7      5.3 1987  6  3  6 58 51.320 1.7   1
   102776  37.290951 -121.673608     3.705     -296.7       68.2       56.7      5.6      4.7     11.8 1987  7  7  1 44 26.990 1.0   1
   103138  37.288586 -121.671948     3.659     -149.4     -194.1       11.1      2.6      1.9      5.8 1987  7 14 19  2 57.020 1.7   1
   110939  37.289461 -121.672925     3.571     -236.1      -97.1      -77.4      5.3      3.6     12.8 1988  1 15  1 56 42.310 1.4   1
   112868  37.290995 -121.673633     3.703     -298.7       73.1       54.5      4.9      3.5     10.4 1988  2 25 10  0 17.780 0.9   1
   120788  37.290104 -121.673006     3.699     -243.4      -25.6       51.0      3.5      2.3      8.5 1988  7 23 10 42 21.740 1.5   1
   126189  37.288936 -121.672225     3.674     -174.2     -155.3       25.4      2.3      1.6      5.7 1988 11  2  3  9 12.610 1.9   1
   126292  37.288228 -121.671663     3.652     -124.2     -234.1        3.5      2.5      1.8      5.4 1988 11  3  1 30  4.280 1.7   1
   126389  37.288261 -121.671525     3.700     -112.0     -230.5       51.7      2.6      1.8      6.5 1988 11  4 13 34 34.720 1.9   1
   148939  37.288363 -121.671517     3.652     -110.9     -219.2        3.5      2.4      1.7      5.2 1989 12 13  5 33 46.080 1.6   1
   158154  37.290971 -121.673486     3.740     -285.8       70.4       92.2      5.7      3.9     11.3 1990  5 23 11 11 37.580 1.0   1
   160503  37.289038 -121.671989     3.707     -153.2     -144.2       58.5      2.6      2.0      8.3 1990  7  5 20  4 42.800 1.7   1
   205031  37.289535 -121.672884     3.600     -232.4      -89.2      -48.5      6.5      4.0     13.5 1991  1 20  5  0 30.930 1.2   1
   208364  37.290955 -121.673519     3.737     -288.3       68.5       89.2      5.7      4.5     11.2 1991  3 22 11 23 27.560 1.0   1
   215747  37.288363 -121.671501     3.650     -109.4     -219.2        1.5      2.5      1.7      5.2 1991  5 29  9 45 22.620 1.8   1
   227435  37.289518 -121.672892     3.598     -232.9      -90.9      -49.9      5.8      3.6     13.6 1991  8 10 17  6  5.760 1.2   1
   238704  37.289038 -121.672103     3.680     -163.2     -144.3       31.4      2.3      1.6      6.2 1991 12  3  5 24 24.980 2.0   1
   238790  37.288590 -121.671769     3.659     -133.3     -193.9       10.7      2.3      1.6      5.3 1991 12  4  0  8 49.550 1.9   1
   261841  37.290894 -121.673503     3.738     -286.9       61.7       89.5      6.0      4.0     12.7 1992  4  6  9 39 49.410 0.9   1
   312743  37.290165 -121.672925     3.733     -235.8      -18.8       84.5      3.8      2.9     10.8 1992  8 29 17  4 29.020 1.6   1
   314921  37.288310 -121.671370     3.714      -98.5     -225.1       66.1      5.2      4.3     12.2 1992  9 11  1 22 13.650 1.1   1
   331552  37.290918 -121.673543     3.738     -291.2       64.8       90.1      5.7      4.3     11.5 1993  1  9 17 48 38.720 1.0   1
   331635  37.290666 -121.673519     3.709     -288.6       36.6       60.7      5.8      4.9     16.3 1993  1 10 22 13  9.440 1.2   1
   352620  37.288643 -121.671647     3.687     -122.7     -187.8       38.7      7.1      4.6     19.7 1993  6  8  9 15  1.380 0.8   1
 30036393  37.290938 -121.673551     3.747     -291.5       66.7       99.0      6.2      4.3     11.9 1993 12  1  0 25 49.530 1.0   1
   389286  37.288228 -121.671541     3.665     -113.1     -233.9       16.3      2.7      2.0      5.8 1993 12 20 22 35  7.800 1.8   1
   399980  37.289514 -121.672827     3.607     -227.0      -91.2      -41.1      5.4      3.4     13.1 1994  4  6  4 11 34.960 1.4   1
 30062741  37.289022 -121.672030     3.703     -156.6     -145.9       54.4      2.7      2.0      9.2 1994 11 16 16 50 58.150 2.0   1
 30062748  37.289327 -121.672306     3.688     -181.1     -111.9       40.0      4.1      2.6     13.0 1994 11 16 18  3 42.360 1.3   1
 30069218  37.288334 -121.671216     3.718      -84.7     -222.0       69.3      4.1      2.6     10.9 1995  3  3  9 38 49.200 1.2   1
 30069222  37.288277 -121.671281     3.701      -90.4     -228.6       53.1      2.9      1.9      7.2 1995  3  3 12 30 15.850 1.8   1
 30069457  37.288098 -121.671289     3.671      -91.1     -248.3       22.9      3.7      2.5      8.4 1995  3  7 13 19 41.960 1.3   1
 30073191  37.290971 -121.673511     3.736     -288.0       70.2       87.6      6.8      4.2     12.2 1995  5 14 11 18 47.000 1.0   1
 30076454  37.290320 -121.673210     3.721     -261.0       -1.8       72.8      4.9      3.6     16.1 1995  7  4 11 20 49.790 2.7   1
 30092060  37.288403 -121.671623     3.658     -120.5     -214.4        9.6      2.7      1.8      5.6 1995 12 15 18 53 39.820 1.8   1
   478138  37.288908 -121.672103     3.674     -163.2     -158.4       26.0      2.8      2.0      7.2 1996  9  2 20 27  0.360 2.0   1
   478141  37.289266 -121.672420     3.683     -191.1     -118.8       34.4      4.6      3.1     14.0 1996  9  2 20 36  3.960 1.4   1
   529274  37.288359 -121.671663     3.660     -123.8     -219.6       12.2      2.7      2.0      6.1 1997 10 28 12  1 44.750 1.6   1
