    17842  37.289400 -121.668742     3.532      135.1     -103.8     -116.5     15.3     11.4     22.2 1984  4 25  4 35 19.170 1.9   1
    16751  37.291833 -121.671745     3.522     -131.4      166.2     -126.1     25.1     19.2     40.5 1984  4 27  7 48 23.500 1.0   1
    21644  37.291081 -121.670785     3.652      -46.0       82.8        3.9     16.2     12.1     24.6 1984  6 27 14 50 38.140 1.6   1
    22271  37.291357 -121.671232     3.596      -85.7      113.3      -51.9     14.8     11.1     20.8 1984  7  7  0 17  9.970 2.7   1
    22280  37.289551 -121.669531     3.535       64.8      -87.3     -113.7     19.2     14.5     24.5 1984  7  7  2 35  4.060 1.5   1
    23190  37.289811 -121.669743     3.593       46.4      -58.2      -55.5     14.5     10.6     20.7 1984  7 17 16 24 49.440 1.9   1
    25096  37.290519 -121.670345     3.456       -7.0       20.3     -192.0     17.3     12.5     25.6 1984  8  7  9  7  6.330 1.2   1
    28475  37.291768 -121.671159     3.456      -79.1      158.8     -192.0     24.5     23.0     49.5 1984  9 23  8 43 14.720 1.1   1
    32049  37.289062 -121.669312     3.565       84.2     -141.3      -83.0     13.9     10.2     18.6 1984 11 18  0 28 55.240 1.7   1
    35109  37.290979 -121.670687     3.576      -37.8       71.4      -71.8     14.2     10.8     21.0 1984 12 22  4 43 44.710 1.6   1
    42349  37.288924 -121.667692     3.674      227.7     -156.7       25.4     19.6     15.2     27.0 1985  2 28  1  9 58.300 0.8   1
    42555  37.289168 -121.669027     3.562      109.8     -129.5      -85.8     14.3     10.3     19.6 1985  3  2  6 53 56.010 1.7   1
    42559  37.289978 -121.669808     3.558       40.7      -39.6      -90.7     12.9      9.5     16.5 1985  3  2  8 55  3.470 1.9   1
    42643  37.289319 -121.669287     3.545       86.9     -113.0     -102.9     14.2     10.4     19.8 1985  3  2  8 55 29.590 2.1   1
    42560  37.290165 -121.670500     3.578      -20.6      -18.9      -70.5     15.2     11.0     20.7 1985  3  2  8 58  0.480 1.2   1
    49626  37.291890 -121.671118     3.702      -75.5      172.4       53.4     25.0     24.4     47.9 1985  6 15  1 38 57.380 0.9   1
    54084  37.289771 -121.670174     3.516        7.9      -62.6     -132.4     14.3     10.4     19.6 1985  8 28 20 35 10.100 1.6   1
    57770  37.290450 -121.671159     3.386      -79.3       12.6     -262.5     18.1     13.4     26.5 1985 10 28  3 55 38.130 1.3   1
    62514  37.289054 -121.668962     3.583      115.4     -142.4      -64.9     15.4     11.5     21.4 1985 12 31 15 50 52.230 1.7   1
    62520  37.289006 -121.669189     3.555       95.2     -147.8      -92.8     16.2     12.3     25.3 1985 12 31 18  3  3.480 1.6   1
    67820  37.291081 -121.671509     3.591     -110.5       82.8      -57.5     20.6     15.6     33.8 1986  3  8 10 32  4.410 1.6   1
    73786  37.289083 -121.669938     3.322       29.2     -139.1     -325.9     16.6     12.6     24.7 1986  6  1 10 51 31.460 1.2   1
    77218  37.289860 -121.670052     3.632       18.7      -52.7      -16.3     13.8     10.4     18.4 1986  7 25  9 22 50.290 2.3   1
    77296  37.290397 -121.670223     3.552        3.9        6.7      -96.7     19.5     14.4     29.0 1986  7 25 16  1 52.100 1.1   1
    81017  37.291797 -121.671590     3.595     -117.5      162.2      -53.1     18.6     13.6     29.8 1986  9  2  7 24 15.870 0.8   1
    82606  37.291687 -121.671484     3.607     -107.9      150.0      -41.6     17.1     13.4     28.1 1986  9 15 20 17 49.920 2.7   1
    83805  37.291016 -121.671012     3.559      -66.3       75.3      -89.3     14.6     10.7     21.8 1986  9 25 12  1 52.830 1.4   1
    88698  37.292118 -121.670516     4.134      -22.3      197.6      485.3     28.6     21.1    167.3 1986 11 25 13  0 35.660 1.0   1
   101361  37.290137 -121.669727     3.659       47.9      -22.3       10.5     16.4     12.5     27.4 1987  6  3  6 56  7.740 1.9   1
   101362  37.289254 -121.669735     3.551       47.1     -120.3      -97.3     13.7     10.1     18.0 1987  6  3  6 58 51.320 1.7   1
   102776  37.291964 -121.671240     3.648      -86.4      180.8        0.1     23.9     19.7     39.6 1987  7  7  1 44 26.990 1.0   1
   103138  37.289726 -121.669556     3.548       62.7      -67.8     -100.7     13.7     10.0     18.4 1987  7 14 19  2 57.020 1.7   1
   110939  37.290474 -121.671086     3.381      -72.9       15.6     -267.0     17.8     13.5     27.8 1988  1 15  1 56 42.310 1.4   1
   112868  37.292118 -121.671362     4.110      -97.8      198.0      461.7     21.9     16.0     54.9 1988  2 25 10  0 17.780 0.9   1
   120788  37.290979 -121.670785     3.573      -46.5       71.5      -75.7     15.6     10.7     22.0 1988  7 23 10 42 21.740 1.5   1
   126189  37.290007 -121.669865     3.618       35.5      -36.5      -30.3     14.6     11.0     19.9 1988 11  2  3  9 12.610 1.9   1
   126292  37.289368 -121.669328     3.523       83.1     -107.3     -125.1     13.7     10.0     18.3 1988 11  3  1 30  4.280 1.7   1
   126389  37.289156 -121.669637     3.657       55.9     -131.0        8.5     15.3     11.5     22.9 1988 11  4 13 34 34.720 1.9   1
   148939  37.289339 -121.669271     3.539       88.2     -110.5     -109.5     17.5     12.5     28.1 1989 12 13  5 33 46.080 1.6   1
   158154  37.291833 -121.671517     3.738     -110.9      166.0       89.3     18.8     15.4     32.9 1990  5 23 11 11 37.580 1.0   1
   160503  37.290450 -121.669784     3.648       42.9       12.7       -0.7     13.8     10.2     19.7 1990  7  5 20  4 42.800 1.7   1
   205031  37.290564 -121.670662     3.483      -35.6       25.2     -165.6     19.3     13.9     26.0 1991  1 20  5  0 30.930 1.2   1
   208364  37.292000 -121.671273     3.628      -89.5      184.9      -20.1     21.9     16.6     38.2 1991  3 22 11 23 27.560 1.0   1
   215747  37.288977 -121.669637     3.575       55.5     -151.0      -73.7     14.6     10.8     20.4 1991  5 29  9 45 22.620 1.8   1
   227435  37.290605 -121.670378     3.533      -10.2       29.9     -115.2     17.1     12.0     23.3 1991  8 10 17  6  5.760 1.2   1
   238704  37.290015 -121.669572     3.544       61.7      -35.7     -104.6     13.5      9.8     17.1 1991 12  3  5 24 24.980 2.0   1
   238790  37.289624 -121.669678     3.618       51.9      -79.2      -29.8     14.3     10.2     18.1 1991 12  4  0  8 49.550 1.9   1
   261841  37.291549 -121.671370     3.571      -98.3      134.7      -77.4     20.9     16.6     38.1 1992  4  6  9 39 49.410 0.9   1
   312743  37.291056 -121.671037     3.645      -68.8       79.8       -3.5     18.7     13.8     27.7 1992  8 29 17  4 29.020 1.6   1
   314921  37.288444 -121.668872     3.738      123.4     -209.9       89.5     18.3     15.9     33.3 1992  9 11  1 22 13.650 1.1   1
   331552  37.291911 -121.671720     3.621     -129.3      174.8      -27.4     20.8     16.4     42.8 1993  1  9 17 48 38.720 1.0   1
   331635  37.291321 -121.671029     3.549      -68.1      109.2      -99.1     18.8     14.9     25.3 1993  1 10 22 13  9.440 1.2   1
   352620  37.289429 -121.668229     3.644      180.6     -100.6       -4.0     23.8     17.1     31.0 1993  6  8  9 15  1.380 0.8   1
 30036393  37.292163 -121.671379     3.721      -98.7      202.7       72.6     29.1     22.0     80.6 1993 12  1  0 25 49.530 1.0   1
   389286  37.289286 -121.669279     3.494       87.2     -116.6     -154.0     15.2     11.0     21.4 1993 12 20 22 35  7.800 1.8   1
   399980  37.290458 -121.670508     3.465      -21.5       13.7     -183.3     15.4     10.4     20.8 1994  4  6  4 11 34.960 1.4   1
 30062741  37.290238 -121.670247     3.438        1.3      -10.7     -209.8     13.6      9.9     18.9 1994 11 16 16 50 58.150 2.0   1
 30062748  37.290308 -121.669735     3.618       47.1       -3.0      -29.9     16.2     11.6     21.7 1994 11 16 18  3 42.360 1.3   1
 30069218  37.289095 -121.668888     3.744      121.7     -137.5       96.0     16.6     11.2     27.4 1995  3  3  9 38 49.200 1.2   1
 30069222  37.289254 -121.669491     3.672       68.8     -120.2       24.0     15.1     10.8     21.4 1995  3  3 12 30 15.850 1.8   1
 30069457  37.289327 -121.669368     3.446       79.3     -112.0     -202.5     18.9     13.2     26.6 1995  3  7 13 19 41.960 1.3   1
 30073191  37.291943 -121.671493     3.652     -109.2      178.4        3.8     27.0     18.8     44.7 1995  5 14 11 18 47.000 1.0   1
 30076454  37.291667 -121.672681     5.521     -214.0      147.7     1872.7    348.0    251.7    257.4 1995  7  4 11 20 49.790 2.7   1
 30092060  37.289380 -121.669466     3.543       71.1     -106.0     -104.9     13.8     10.1     19.2 1995 12 15 18 53 39.820 1.8   1
   478138  37.289819 -121.670028     3.575       21.0      -57.4      -73.4     17.5     13.8     28.2 1996  9  2 20 27  0.360 2.0   1
   478141  37.290658 -121.670622     3.427      -32.0       35.7     -221.3     33.6     27.9     92.6 1996  9  2 20 36  3.960 1.4   1
   478159  37.289685 -121.669914     5.718       31.1      -72.2     2069.7    352.5    258.2    262.4 1996  9  3  0  2  4.940 1.2   1
   529274  37.288977 -121.669564     3.571       62.2     -150.9      -76.8     14.4     10.7     19.6 1997 10 28 12  1 44.750 1.6   1
