    17842  37.288269 -121.671330     3.695      -94.6     -229.6       46.8    216.3    329.5     34.7 1984  4 25  4 35 19.170 1.9   1
    16751  37.290710 -121.673462     3.709     -283.7       41.4       60.3    217.2    329.2     55.5 1984  4 27  7 48 23.500 1.0   1
    21644  37.290096 -121.672884     3.705     -232.2      -26.4       57.0    216.9    329.3     38.8 1984  6 27 14 50 38.140 1.6   1
    22271  37.290401 -121.673210     3.724     -261.5        7.2       75.5    217.0    329.5     51.0 1984  7  7  0 17  9.970 2.7   1
    22280  37.287915 -121.671297     3.636      -91.5     -268.5      -12.6    215.9    329.6     43.3 1984  7  7  2 35  4.060 1.5   1
    23190  37.288949 -121.672087     3.667     -161.8     -153.9       18.5    216.3    329.3     32.7 1984  7 17 16 24 49.440 1.9   1
    25096  37.289429 -121.672917     3.588     -235.5     -100.9      -60.7    216.0    329.3     45.7 1984  8  7  9  7  6.330 1.2   1
    28475  37.290906 -121.673584     3.727     -294.5       63.3       79.1    219.4    331.8     50.9 1984  9 23  8 43 14.720 1.1   1
    32049  37.288261 -121.671493     3.649     -109.2     -230.1        0.5    215.8    329.5     30.0 1984 11 18  0 28 55.240 1.7   1
    35109  37.290092 -121.672860     3.703     -230.1      -27.1       54.8    216.8    329.3     38.7 1984 12 22  4 43 44.710 1.6   1
    42349  37.288326 -121.671403     3.707     -101.1     -223.2       58.4    217.7    330.3     59.2 1985  2 28  1  9 58.300 0.8   1
    42555  37.288220 -121.671289     3.690      -91.2     -234.8       41.7    216.3    329.5     34.7 1985  3  2  6 53 56.010 1.7   1
    42559  37.288957 -121.672046     3.705     -158.2     -153.1       56.4    216.3    329.5     33.5 1985  3  2  8 55  3.470 1.9   1
    42643  37.288517 -121.671753     3.646     -132.2     -201.6       -2.3    215.9    329.3     30.7 1985  3  2  8 55 29.590 2.1   1
    42560  37.289323 -121.672388     3.642     -188.7     -112.4       -6.3    215.8    329.3     39.5 1985  3  2  8 58  0.480 1.2   1
    49626  37.290894 -121.673551     3.728     -291.7       61.8       79.4    219.9    331.9     77.9 1985  6 15  1 38 57.380 0.9   1
    54084  37.289018 -121.672135     3.680     -165.7     -146.5       31.6    216.6    329.5     33.7 1985  8 28 20 35 10.100 1.6   1
    57770  37.289510 -121.673063     3.603     -248.2      -91.8      -45.0    216.2    329.4     49.4 1985 10 28  3 55 38.130 1.3   1
    62514  37.288285 -121.671615     3.654     -120.1     -227.5        5.6    215.7    329.3     29.3 1985 12 31 15 50 52.230 1.7   1
    62520  37.288314 -121.671411     3.684     -102.0     -224.5       36.0    216.3    329.5     33.7 1985 12 31 18  3  3.480 1.6   1
    67820  37.290259 -121.672990     3.707     -241.6       -8.4       58.6    217.2    329.3     41.7 1986  3  8 10 32  4.410 1.6   1
    73786  37.288599 -121.672453     3.537     -193.9     -192.9     -111.6    225.7    330.0    153.7 1986  6  1 10 51 31.460 1.2   1
    77218  37.288944 -121.672225     3.666     -174.2     -154.3       17.6    216.3    329.5     33.7 1986  7 25  9 22 50.290 2.3   1
    77296  37.289311 -121.672550     3.664     -202.5     -113.7       16.0    217.3    329.7     46.6 1986  7 25 16  1 52.100 1.1   1
    81017  37.291028 -121.673608     3.702     -296.3       77.0       54.2    219.1    330.7     51.5 1986  9  2  7 24 15.870 0.8   1
    82606  37.290409 -121.673381     3.732     -276.4        7.9       83.7    216.7    329.7     49.6 1986  9 15 20 17 49.920 2.7   1
    83805  37.290255 -121.673071     3.703     -249.2       -8.8       54.5    216.7    329.3     39.0 1986  9 25 12  1 52.830 1.4   1
    88698  37.291012 -121.673641     3.704     -299.7       75.0       55.7    216.6    328.9     45.4 1986 11 25 13  0 35.660 1.0   1
   101361  37.288993 -121.672192     3.673     -171.0     -149.0       25.2    216.3    329.4     32.4 1987  6  3  6 56  7.740 1.9   1
   101362  37.288265 -121.671647     3.654     -122.7     -229.7        5.6    215.7    329.3     29.2 1987  6  3  6 58 51.320 1.7   1
   102776  37.290975 -121.673641     3.703     -299.3       70.9       54.3    217.1    329.3     48.0 1987  7  7  1 44 26.990 1.0   1
   103138  37.288595 -121.671948     3.662     -149.4     -193.3       13.3    215.7    329.3     31.3 1987  7 14 19  2 57.020 1.7   1
   110939  37.289441 -121.672957     3.582     -239.1      -99.4      -65.9    216.0    329.3     46.9 1988  1 15  1 56 42.310 1.4   1
   112868  37.291003 -121.673665     3.705     -301.4       73.8       57.0    215.2    328.5     41.6 1988  2 25 10  0 17.780 0.9   1
   120788  37.290120 -121.673022     3.698     -244.4      -23.8       49.4    216.6    329.3     37.5 1988  7 23 10 42 21.740 1.5   1
   126189  37.288928 -121.672225     3.670     -173.9     -156.2       22.2    216.2    329.5     32.5 1988 11  2  3  9 12.610 1.9   1
   126292  37.288216 -121.671663     3.650     -124.4     -235.3        1.3    215.7    329.3     29.4 1988 11  3  1 30  4.280 1.7   1
   126389  37.288232 -121.671509     3.694     -110.3     -233.3       45.7    216.2    329.5     33.0 1988 11  4 13 34 34.720 1.9   1
   148939  37.288334 -121.671509     3.649     -110.3     -222.0        0.9    215.8    329.3     29.2 1989 12 13  5 33 46.080 1.6   1
   158154  37.290987 -121.673486     3.738     -285.8       72.2       90.0    218.1    329.6     46.7 1990  5 23 11 11 37.580 1.0   1
   160503  37.289001 -121.671981     3.711     -152.2     -148.1       62.3    216.5    329.5     38.3 1990  7  5 20  4 42.800 1.7   1
   205031  37.289486 -121.672900     3.602     -234.0      -94.6      -46.3    216.7    329.6     50.5 1991  1 20  5  0 30.930 1.2   1
   208364  37.290975 -121.673527     3.734     -289.2       70.8       85.9    217.9    329.6     47.1 1991  3 22 11 23 27.560 1.0   1
   215747  37.288326 -121.671476     3.648     -107.3     -223.1        0.0    215.8    329.4     29.6 1991  5 29  9 45 22.620 1.8   1
   227435  37.289429 -121.672876     3.602     -231.8     -100.6      -46.7    216.4    329.4     51.7 1991  8 10 17  6  5.760 1.2   1
   238704  37.288997 -121.672103     3.680     -163.4     -148.4       31.9    216.3    329.4     33.1 1991 12  3  5 24 24.980 2.0   1
   238790  37.288550 -121.671761     3.658     -133.1     -198.1       10.2    215.8    329.3     30.0 1991 12  4  0  8 49.550 1.9   1
   261841  37.290906 -121.673503     3.736     -287.3       63.4       87.9    219.4    330.3     53.8 1992  4  6  9 39 49.410 0.9   1
   312743  37.290153 -121.672925     3.730     -235.9      -20.5       81.3    216.7    329.4     43.6 1992  8 29 17  4 29.020 1.6   1
   314921  37.288265 -121.671330     3.706      -94.2     -229.7       58.3    216.9    330.1     53.4 1992  9 11  1 22 13.650 1.1   1
   331552  37.290934 -121.673543     3.740     -290.6       66.4       91.8    219.1    331.0     48.1 1993  1  9 17 48 38.720 1.0   1
   331635  37.290678 -121.673519     3.712     -288.9       38.1       63.5    217.4    329.0     62.5 1993  1 10 22 13  9.440 1.2   1
   352620  37.288619 -121.671615     3.685     -120.1     -190.4       37.3    218.1    329.9     81.5 1993  6  8  9 15  1.380 0.8   1
 30036393  37.290946 -121.673543     3.747     -291.1       67.9       98.9    219.4    330.1     49.3 1993 12  1  0 25 49.530 1.0   1
   389286  37.288188 -121.671525     3.662     -111.6     -238.3       14.1    215.8    329.5     31.1 1993 12 20 22 35  7.800 1.8   1
   399980  37.289408 -121.672795     3.610     -224.6     -103.0      -38.1    216.2    329.4     49.2 1994  4  6  4 11 34.960 1.4   1
 30062741  37.289010 -121.672339     3.724     -184.2     -147.0       75.6    216.4    329.5     41.2 1994 11 16 16 50 58.150 2.0   1
 30062748  37.289270 -121.672323     3.684     -182.6     -118.4       36.2    216.9    329.5     53.3 1994 11 16 18  3 42.360 1.3   1
 30069218  37.288277 -121.671191     3.711      -82.6     -228.5       62.6    216.8    329.7     47.7 1995  3  3  9 38 49.200 1.2   1
 30069222  37.288232 -121.671281     3.695      -90.3     -233.6       46.5    216.4    329.5     35.3 1995  3  3 12 30 15.850 1.8   1
 30069457  37.288045 -121.671273     3.652      -89.7     -254.2        3.5    216.4    329.5     41.6 1995  3  7 13 19 41.960 1.3   1
 30073191  37.290991 -121.673511     3.737     -288.0       72.6       88.7    220.1    329.8     49.6 1995  5 14 11 18 47.000 1.0   1
 30076454  37.290287 -121.673218     3.810     -262.3       -5.6      161.3    218.9    330.0     37.2 1995  7  4 11 20 49.790 2.7   1
 30092060  37.288391 -121.671370     3.633      -97.9     -215.9      -15.6    215.8    329.4     31.1 1995 12 15 18 53 39.820 1.8   1
   478138  37.288888 -121.672152     3.666     -167.1     -161.0       18.2    216.3    329.2     36.8 1996  9  2 20 27  0.360 2.0   1
   478141  37.289225 -121.672428     3.677     -191.8     -123.3       28.8    217.1    329.5     57.5 1996  9  2 20 36  3.960 1.4   1
   478159  37.354565 -121.522559     1.434    13091.9     7128.4    -2214.0  14490.4  22070.5   1636.9 1996  9  3  0  2  4.940 1.2   1
   529274  37.288334 -121.671663     3.659     -124.5     -222.1       10.7    215.6    329.4     32.0 1997 10 28 12  1 44.750 1.6   1
