    17842  37.288277 -121.671338     3.697      -95.2     -228.6       48.4      2.9      5.5     28.3 1984  4 25  4 35 19.170 1.9   1
    16751  37.290719 -121.673462     3.708     -283.8       42.4       59.9     20.7     15.9     53.6 1984  4 27  7 48 23.500 1.0   1
    21644  37.290104 -121.672876     3.703     -232.0      -25.6       54.6     12.4     11.5     33.0 1984  6 27 14 50 38.140 1.6   1
    22271  37.290413 -121.673201     3.695     -260.6        8.5       46.9     13.8     13.1     50.0 1984  7  7  0 17  9.970 2.7   1
    22280  37.287927 -121.671297     3.637      -91.9     -267.4      -10.9     17.5     12.9     38.4 1984  7  7  2 35  4.060 1.5   1
    23190  37.288961 -121.672078     3.668     -161.2     -152.7       19.6      8.9     10.4     23.3 1984  7 17 16 24 49.440 1.9   1
    25096  37.289437 -121.672917     3.588     -235.4      -99.9      -60.4     16.6     13.1     40.4 1984  8  7  9  7  6.330 1.2   1
    28475  37.290914 -121.673592     3.731     -295.1       64.2       82.7     22.9     21.3     49.8 1984  9 23  8 43 14.720 1.1   1
    32049  37.288269 -121.671493     3.650     -109.2     -229.6        1.7      9.1     10.1     23.0 1984 11 18  0 28 55.240 1.7   1
    35109  37.290100 -121.672852     3.701     -229.8      -26.0       52.8     11.6     11.4     32.6 1984 12 22  4 43 44.710 1.6   1
    42349  37.288330 -121.671411     3.708     -101.6     -222.4       59.7     24.5     23.4     55.4 1985  2 28  1  9 58.300 0.8   1
    42555  37.288228 -121.671297     3.691      -91.5     -233.9       43.1      9.4     10.3     28.7 1985  3  2  6 53 56.010 1.7   1
    42559  37.288969 -121.672046     3.706     -158.2     -151.9       57.5      8.6      9.9     26.4 1985  3  2  8 55  3.470 1.9   1
    42643  37.288525 -121.671753     3.647     -132.3     -200.8       -1.1      8.1     10.0     23.1 1985  3  2  8 55 29.590 2.1   1
    42560  37.289335 -121.672388     3.642     -188.3     -111.2       -6.3     13.0     13.0     33.6 1985  3  2  8 58  0.480 1.2   1
    49626  37.290898 -121.673560     3.730     -291.9       62.5       82.1     25.3     23.9     77.4 1985  6 15  1 38 57.380 0.9   1
    54084  37.289026 -121.672135     3.681     -166.0     -145.4       33.0      9.4     10.4     26.8 1985  8 28 20 35 10.100 1.6   1
    57770  37.289518 -121.673063     3.603     -248.4      -90.8      -45.1     19.0     14.3     44.6 1985 10 28  3 55 38.130 1.3   1
    62514  37.288293 -121.671623     3.655     -120.2     -226.5        6.9      8.3     10.5     21.8 1985 12 31 15 50 52.230 1.7   1
    62520  37.288318 -121.671411     3.686     -102.0     -223.8       37.5      9.3     10.6     27.4 1985 12 31 18  3  3.480 1.6   1
    67820  37.290267 -121.672982     3.705     -240.8       -7.5       56.7     15.3     12.9     36.1 1986  3  8 10 32  4.410 1.6   1
    73786  37.288611 -121.672428     3.531     -191.7     -191.5     -116.7     68.2     22.6    154.9 1986  6  1 10 51 31.460 1.2   1
    77218  37.288957 -121.672233     3.675     -174.4     -153.1       26.8      8.8     10.3     23.1 1986  7 25  9 22 50.290 2.3   1
    77296  37.289327 -121.672534     3.659     -201.3     -111.9       10.4     17.3     13.1     40.7 1986  7 25 16  1 52.100 1.1   1
    81017  37.291032 -121.673625     3.703     -298.0       77.0       54.8     19.8     17.3     46.4 1986  9  2  7 24 15.870 0.8   1
    82606  37.290430 -121.673372     3.712     -275.6       10.2       64.0     12.1     13.1     48.1 1986  9 15 20 17 49.920 2.7   1
    83805  37.290263 -121.673071     3.701     -249.0       -8.0       53.0     12.0     11.5     33.7 1986  9 25 12  1 52.830 1.4   1
    88698  37.291024 -121.673641     3.707     -299.4       76.1       58.3     17.5     15.1     42.6 1986 11 25 13  0 35.660 1.0   1
   101361  37.289001 -121.672184     3.673     -170.6     -148.2       24.4      7.9      9.8     23.7 1987  6  3  6 56  7.740 1.9   1
   101362  37.288277 -121.671647     3.655     -122.3     -228.6        6.8      8.3      9.9     21.7 1987  6  3  6 58 51.320 1.7   1
   102776  37.290983 -121.673641     3.706     -299.4       71.7       57.6     19.4     18.9     47.2 1987  7  7  1 44 26.990 1.0   1
   103138  37.288603 -121.671948     3.663     -149.5     -192.3       14.4      9.1     10.5     23.9 1987  7 14 19  2 57.020 1.7   1
   110939  37.289449 -121.672957     3.582     -238.6      -98.4      -65.8     16.5     14.0     41.9 1988  1 15  1 56 42.310 1.4   1
   112868  37.291044 -121.673674     3.709     -302.6       78.4       60.5     15.8     13.9     40.6 1988  2 25 10  0 17.780 0.9   1
   120788  37.290133 -121.673022     3.696     -244.4      -22.5       47.5     10.7     10.9     31.8 1988  7 23 10 42 21.740 1.5   1
   126189  37.288936 -121.672225     3.671     -173.9     -155.4       22.9      8.0      9.8     24.1 1988 11  2  3  9 12.610 1.9   1
   126292  37.288224 -121.671663     3.651     -124.4     -234.5        2.5      8.6     10.1     22.2 1988 11  3  1 30  4.280 1.7   1
   126389  37.288245 -121.671509     3.695     -110.7     -232.1       47.1      8.6      9.9     26.7 1988 11  4 13 34 34.720 1.9   1
   148939  37.288346 -121.671509     3.650     -110.5     -220.9        2.1      7.8      9.9     21.8 1989 12 13  5 33 46.080 1.6   1
   158154  37.290995 -121.673486     3.742     -286.0       73.0       93.4     19.2     16.2     45.5 1990  5 23 11 11 37.580 1.0   1
   160503  37.289014 -121.671981     3.711     -152.0     -146.9       62.7      8.9     10.4     32.7 1990  7  5 20  4 42.800 1.7   1
   205031  37.289490 -121.672900     3.602     -233.9      -93.7      -45.8     22.0     15.8     45.7 1991  1 20  5  0 30.930 1.2   1
   208364  37.290979 -121.673535     3.738     -289.9       71.3       89.3     20.0     19.3     45.8 1991  3 22 11 23 27.560 1.0   1
   215747  37.288334 -121.671476     3.650     -107.7     -222.3        1.3      8.6     10.0     22.0 1991  5 29  9 45 22.620 1.8   1
   227435  37.289437 -121.672876     3.602     -232.0      -99.8      -46.5     19.2     14.3     47.1 1991  8 10 17  6  5.760 1.2   1
   238704  37.289006 -121.672111     3.681     -163.5     -147.5       33.0      8.0      9.7     26.1 1991 12  3  5 24 24.980 2.0   1
   238790  37.288558 -121.671769     3.660     -133.3     -197.2       11.3      7.7      9.9     22.2 1991 12  4  0  8 49.550 1.9   1
   261841  37.290918 -121.673503     3.740     -287.1       64.5       91.3     22.0     17.2     52.4 1992  4  6  9 39 49.410 0.9   1
   312743  37.290157 -121.672933     3.724     -236.5      -19.7       75.7     12.0     12.4     41.5 1992  8 29 17  4 29.020 1.6   1
   314921  37.288273 -121.671338     3.708      -94.9     -229.0       59.8     19.4     18.5     49.5 1992  9 11  1 22 13.650 1.1   1
   331552  37.290942 -121.673535     3.743     -290.4       67.2       95.2     20.1     18.6     47.0 1993  1  9 17 48 38.720 1.0   1
   331635  37.290682 -121.673519     3.712     -288.6       38.4       63.8     19.6     19.2     60.8 1993  1 10 22 13  9.440 1.2   1
   352620  37.288627 -121.671623     3.687     -120.2     -189.5       38.9     27.2     19.5     78.9 1993  6  8  9 15  1.380 0.8   1
 30036393  37.290959 -121.673551     3.751     -291.5       68.9      102.6     22.1     17.3     48.8 1993 12  1  0 25 49.530 1.0   1
   389286  37.288196 -121.671525     3.664     -112.1     -237.6       15.5      9.4     10.6     24.5 1993 12 20 22 35  7.800 1.8   1
   399980  37.289417 -121.672803     3.610     -224.8     -101.9      -37.9     18.2     13.6     44.7 1994  4  6  4 11 34.960 1.4   1
 30062741  37.289018 -121.672347     3.727     -184.7     -146.1       78.7      9.3     10.6     37.4 1994 11 16 16 50 58.150 2.0   1
 30062748  37.289274 -121.672323     3.685     -182.5     -117.7       36.4     15.0     12.2     49.6 1994 11 16 18  3 42.360 1.3   1
 30069218  37.288285 -121.671200     3.713      -82.6     -227.5       64.3     14.6     11.9     43.4 1995  3  3  9 38 49.200 1.2   1
 30069222  37.288241 -121.671281     3.696      -90.3     -232.7       48.1     10.0     10.1     29.4 1995  3  3 12 30 15.850 1.8   1
 30069457  37.288057 -121.671248     3.666      -87.6     -252.8       17.6     12.7     11.9     32.1 1995  3  7 13 19 41.960 1.3   1
 30073191  37.290999 -121.673511     3.740     -288.1       73.7       91.6     23.4     17.1     49.0 1995  5 14 11 18 47.000 1.0   1
 30076454  37.290344 -121.673234     3.715     -263.6        1.1       66.8     13.1     12.9     48.3 1995  7  4 11 20 49.790 2.7   1
 30092060  37.288399 -121.671370     3.634      -97.9     -215.1      -14.3      9.5     10.2     23.5 1995 12 15 18 53 39.820 1.8   1
   478138  37.288896 -121.672144     3.677     -166.5     -159.9       28.3      9.8     10.7     29.5 1996  9  2 20 27  0.360 2.0   1
   478141  37.289229 -121.672428     3.678     -192.1     -122.6       29.5     17.0     13.8     54.0 1996  9  2 20 36  3.960 1.4   1
   529274  37.288342 -121.671663     3.660     -124.1     -221.1       12.0      9.5     10.7     25.2 1997 10 28 12  1 44.750 1.6   1
