    17842  37.289380 -121.668669     3.508      141.2     -106.0     -140.5     17.8     13.3     27.6 1984  4 25  4 35 19.170 1.9   1
    16751  37.291838 -121.671737     3.505     -130.4      166.7     -143.5     28.4     21.9     50.6 1984  4 27  7 48 23.500 1.0   1
    21644  37.291113 -121.670801     3.629      -47.8       86.1      -19.5     19.0     14.2     31.8 1984  6 27 14 50 38.140 1.6   1
    22271  37.291300 -121.671175     3.644      -80.9      106.9       -3.9     17.4     13.0     28.2 1984  7  7  0 17  9.970 2.7   1
    22280  37.289547 -121.669507     3.523       66.8      -87.6     -125.4     22.2     16.8     33.1 1984  7  7  2 35  4.060 1.5   1
    23190  37.289795 -121.669718     3.581       48.6      -60.1      -67.0     16.9     12.4     27.2 1984  7 17 16 24 49.440 1.9   1
    25096  37.290426 -121.670296     3.466       -3.2        9.9     -182.7     20.1     14.5     34.2 1984  8  7  9  7  6.330 1.2   1
    28475  37.291797 -121.671240     3.437      -86.9      162.0     -211.3     28.3     27.2     60.4 1984  9 23  8 43 14.720 1.1   1
    32049  37.289046 -121.669328     3.554       82.6     -143.0      -94.5     16.3     12.0     26.4 1984 11 18  0 28 55.240 1.7   1
    35109  37.290963 -121.670687     3.576      -37.6       69.6      -72.7     16.6     12.7     26.9 1984 12 22  4 43 44.710 1.6   1
    42349  37.288997 -121.668034     3.662      198.0     -148.8       14.0     22.3     17.6     35.0 1985  2 28  1  9 58.300 0.8   1
    42555  37.289164 -121.669043     3.564      107.9     -130.2      -84.2     16.7     12.0     24.6 1985  3  2  6 53 56.010 1.7   1
    42559  37.289982 -121.669808     3.548       40.5      -39.1     -100.4     15.2     11.2     23.3 1985  3  2  8 55  3.470 1.9   1
    42643  37.289303 -121.669279     3.539       87.3     -114.9     -109.3     16.6     12.2     26.8 1985  3  2  8 55 29.590 2.1   1
    42560  37.290116 -121.670483     3.560      -19.3      -24.4      -87.9     17.7     12.8     28.6 1985  3  2  8 58  0.480 1.2   1
    49626  37.292102 -121.671143     3.708      -77.6      195.9       59.9     28.2     27.0     56.6 1985  6 15  1 38 57.380 0.9   1
    54084  37.289754 -121.670166     3.503        8.8      -64.4     -145.1     16.7     12.2     27.1 1985  8 28 20 35 10.100 1.6   1
    57770  37.290442 -121.671200     3.366      -83.0       11.9     -281.9     21.0     15.6     35.5 1985 10 28  3 55 38.130 1.3   1
    62514  37.289022 -121.668880     3.594      122.7     -145.8      -54.6     17.8     13.4     28.4 1985 12 31 15 50 52.230 1.7   1
    62520  37.288989 -121.669206     3.534       93.8     -149.3     -114.7     18.8     14.3     34.1 1985 12 31 18  3  3.480 1.6   1
    67820  37.291085 -121.671558     3.563     -115.1       83.2      -85.5     23.7     18.2     42.4 1986  3  8 10 32  4.410 1.6   1
    73786  37.289075 -121.669873     3.315       34.8     -140.1     -333.0     19.2     14.7     33.2 1986  6  1 10 51 31.460 1.2   1
    77218  37.289856 -121.670109     3.646       13.6      -53.4       -2.7     16.2     12.2     22.5 1986  7 25  9 22 50.290 2.3   1
    77296  37.290450 -121.670166     3.537        8.4       12.6     -110.9     22.7     16.9     37.9 1986  7 25 16  1 52.100 1.1   1
    81017  37.291793 -121.671655     3.578     -123.3      161.9      -70.4     21.6     15.9     38.3 1986  9  2  7 24 15.870 0.8   1
    82606  37.291650 -121.671403     3.687     -100.7      145.7       38.3     20.2     15.7     34.8 1986  9 15 20 17 49.920 2.7   1
    83805  37.291007 -121.671021     3.546      -67.1       74.5     -102.5     17.1     12.6     28.9 1986  9 25 12  1 52.830 1.4   1
    88698  37.292163 -121.670573     4.023      -27.1      202.7      374.3     33.6     24.6    104.5 1986 11 25 13  0 35.660 1.0   1
   101361  37.290088 -121.669946     3.802       28.1      -27.4      153.9     19.2     14.6     32.2 1987  6  3  6 56  7.740 1.9   1
   101362  37.289221 -121.669784     3.565       42.8     -123.9      -83.6     16.0     11.9     22.2 1987  6  3  6 58 51.320 1.7   1
   102776  37.291996 -121.671265     3.637      -89.0      184.3      -11.6     27.4     22.8     49.7 1987  7  7  1 44 26.990 1.0   1
   103138  37.289685 -121.669556     3.536       62.7      -72.4     -111.8     16.0     11.7     24.9 1987  7 14 19  2 57.020 1.7   1
   110939  37.290462 -121.671118     3.363      -75.6       14.2     -285.2     20.7     15.6     37.0 1988  1 15  1 56 42.310 1.4   1
   112868  37.292106 -121.671362     4.176      -97.6      196.5      527.3     25.4     18.6     62.3 1988  2 25 10  0 17.780 0.9   1
   120788  37.290951 -121.670874     3.568      -54.4       68.3      -80.3     18.2     12.6     28.1 1988  7 23 10 42 21.740 1.5   1
   126189  37.289978 -121.669914     3.641       30.7      -39.8       -7.2     17.1     12.9     24.0 1988 11  2  3  9 12.610 1.9   1
   126292  37.289347 -121.669336     3.524       82.3     -109.6     -123.8     16.1     11.8     23.8 1988 11  3  1 30  4.280 1.7   1
   126389  37.289111 -121.669645     3.714       54.6     -135.9       65.4     17.9     13.5     28.3 1988 11  4 13 34 34.720 1.9   1
   148939  37.289274 -121.669100     3.540      103.2     -117.9     -107.9     20.3     14.6     33.2 1989 12 13  5 33 46.080 1.6   1
   158154  37.291833 -121.671517     3.726     -111.5      166.1       77.5     21.8     18.0     41.7 1990  5 23 11 11 37.580 1.0   1
   160503  37.290479 -121.669824     3.618       38.9       15.9      -30.6     16.2     12.0     25.3 1990  7  5 20  4 42.800 1.7   1
   205031  37.290576 -121.670662     3.473      -35.2       26.5     -175.0     22.4     16.1     34.8 1991  1 20  5  0 30.930 1.2   1
   208364  37.292000 -121.671232     3.611      -85.9      184.6      -37.7     25.4     19.3     46.0 1991  3 22 11 23 27.560 1.0   1
   215747  37.288985 -121.669718     3.582       48.4     -150.1      -66.7     17.1     12.6     25.1 1991  5 29  9 45 22.620 1.8   1
   227435  37.290588 -121.670231     3.535        3.0       28.0     -113.1     19.7     14.0     31.3 1991  8 10 17  6  5.760 1.2   1
   238704  37.290023 -121.669507     3.535       66.9      -34.9     -113.2     15.7     11.5     22.7 1991 12  3  5 24 24.980 2.0   1
   238790  37.289596 -121.669653     3.627       54.2      -82.1      -21.5     16.7     12.0     23.5 1991 12  4  0  8 49.550 1.9   1
   261841  37.291585 -121.671403     3.557     -100.7      138.5      -91.0     24.3     19.2     48.5 1992  4  6  9 39 49.410 0.9   1
   312743  37.290999 -121.670996     3.640      -64.6       73.6       -8.6     22.0     16.3     37.5 1992  8 29 17  4 29.020 1.6   1
   314921  37.288501 -121.668905     3.730      120.6     -203.5       81.8     21.2     18.4     39.6 1992  9 11  1 22 13.650 1.1   1
   331552  37.291907 -121.671753     3.597     -132.3      174.2      -51.7     24.2     19.1     52.6 1993  1  9 17 48 38.720 1.0   1
   331635  37.291300 -121.670915     3.529      -57.7      107.2     -118.9     21.7     17.4     34.1 1993  1 10 22 13  9.440 1.2   1
   352620  37.289396 -121.668188     3.662      184.2     -104.3       14.1     27.5     19.8     39.1 1993  6  8  9 15  1.380 0.8   1
 30036393  37.292179 -121.671427     3.753     -102.9      204.8      105.2     33.7     25.6     93.9 1993 12  1  0 25 49.530 1.0   1
   389286  37.289250 -121.669328     3.487       83.0     -120.4     -161.6     17.7     12.9     28.6 1993 12 20 22 35  7.800 1.8   1
   399980  37.290450 -121.670500     3.453      -21.2       12.6     -195.7     17.9     12.3     28.9 1994  4  6  4 11 34.960 1.4   1
 30062741  37.290218 -121.670272     3.429       -1.0      -13.3     -219.4     15.8     11.6     25.5 1994 11 16 16 50 58.150 2.0   1
 30062748  37.290291 -121.669727     3.612       48.0       -5.1      -36.6     18.9     13.5     29.5 1994 11 16 18  3 42.360 1.3   1
 30069218  37.289018 -121.668815     3.748      128.7     -146.2       99.9     19.6     13.1     33.4 1995  3  3  9 38 49.200 1.2   1
 30069222  37.289242 -121.669531     3.684       64.8     -121.4       35.9     17.7     12.6     26.2 1995  3  3 12 30 15.850 1.8   1
 30069457  37.289303 -121.669499     3.444       67.9     -114.9     -203.9     21.7     15.4     34.7 1995  3  7 13 19 41.960 1.3   1
 30073191  37.291976 -121.671655     3.625     -123.1      181.8      -23.4     31.0     21.8     55.4 1995  5 14 11 18 47.000 1.0   1
 30076454  37.292192 -121.672388     5.609     -188.1      205.7     1961.1    413.7    302.5    534.0 1995  7  4 11 20 49.790 2.7   1
 30092060  37.289368 -121.669482     3.542       69.3     -107.3     -106.4     16.2     11.9     23.9 1995 12 15 18 53 39.820 1.8   1
   478138  37.289978 -121.670142     3.575       11.0      -39.9      -73.2     20.4     16.1     33.7 1996  9  2 20 27  0.360 2.0   1
   478141  37.290771 -121.670605     3.420      -30.0       48.5     -227.8     38.7     32.5    107.7 1996  9  2 20 36  3.960 1.4   1
   478159  37.289327 -121.669352     5.728       81.0     -112.1     2079.4    414.1    304.4    534.7 1996  9  3  0  2  4.940 1.2   1
   529274  37.288989 -121.669613     3.591       57.7     -149.3      -57.4     16.8     12.5     24.3 1997 10 28 12  1 44.750 1.6   1
