    17842  37.288302 -121.671379     3.695      -98.8     -225.7       47.2      0.9      1.6      7.6 1984  4 25  4 35 19.170 1.9   1
    16751  37.290662 -121.673470     3.698     -284.1       36.3       49.7      5.9      5.0     15.4 1984  4 27  7 48 23.500 1.0   1
    21644  37.290096 -121.672909     3.701     -234.7      -26.6       53.1      3.7      3.6     10.2 1984  6 27 14 50 38.140 1.6   1
    22271  37.290361 -121.673226     3.697     -262.4        2.8       48.3      4.9      4.4     16.8 1984  7  7  0 17  9.970 2.7   1
    22280  37.287956 -121.671322     3.628      -93.7     -264.2      -20.5      5.1      3.7     10.6 1984  7  7  2 35  4.060 1.5   1
    23190  37.288977 -121.672119     3.680     -164.5     -150.8       31.7      2.5      2.9      7.4 1984  7 17 16 24 49.440 1.9   1
    25096  37.289453 -121.672917     3.580     -235.2      -97.8      -67.8      5.0      4.1     12.6 1984  8  7  9  7  6.330 1.2   1
    28475  37.290894 -121.673568     3.722     -293.3       62.0       74.0      6.2      5.9     14.0 1984  9 23  8 43 14.720 1.1   1
    32049  37.288293 -121.671549     3.653     -114.0     -226.8        4.4      2.6      2.9      6.3 1984 11 18  0 28 55.240 1.7   1
    35109  37.290088 -121.672892     3.700     -233.3      -27.4       51.6      3.6      3.6     10.1 1984 12 22  4 43 44.710 1.6   1
    42349  37.288371 -121.671411     3.706     -101.8     -218.1       58.1      6.5      6.2     14.4 1985  2 28  1  9 58.300 0.8   1
    42555  37.288253 -121.671338     3.691      -95.0     -231.3       43.2      2.6      2.9      7.7 1985  3  2  6 53 56.010 1.7   1
    42559  37.288981 -121.672095     3.702     -162.2     -150.2       53.6      2.4      2.8      7.2 1985  3  2  8 55  3.470 1.9   1
    42643  37.288550 -121.671785     3.649     -135.1     -198.4        0.8      2.3      2.8      6.3 1985  3  2  8 55 29.590 2.1   1
    42560  37.289339 -121.672428     3.654     -192.2     -110.5        5.9      3.6      3.7      9.4 1985  3  2  8 58  0.480 1.2   1
    49626  37.290898 -121.673543     3.726     -291.1       62.2       77.3      6.7      6.5     20.4 1985  6 15  1 38 57.380 0.9   1
    54084  37.289030 -121.672135     3.680     -166.3     -144.8       32.2      2.6      2.9      7.3 1985  8 28 20 35 10.100 1.6   1
    57770  37.289530 -121.673006     3.584     -243.4      -89.4      -64.0      5.6      4.5     13.9 1985 10 28  3 55 38.130 1.3   1
    62514  37.288306 -121.671631     3.651     -121.3     -225.2        3.0      2.4      3.0      6.1 1985 12 31 15 50 52.230 1.7   1
    62520  37.288330 -121.671444     3.688     -104.5     -222.5       39.8      2.6      3.0      7.4 1985 12 31 18  3  3.480 1.6   1
    67820  37.290222 -121.672974     3.700     -240.1      -12.7       51.5      4.5      4.1     11.0 1986  3  8 10 32  4.410 1.6   1
    73786  37.288635 -121.672282     3.506     -178.7     -188.7     -142.4     20.4      7.4     49.5 1986  6  1 10 51 31.460 1.2   1
    77218  37.288969 -121.672225     3.669     -174.2     -151.9       20.6      2.4      2.9      6.4 1986  7 25  9 22 50.290 2.3   1
    77296  37.289319 -121.672526     3.659     -200.8     -112.7       10.5      4.8      3.7     11.2 1986  7 25 16  1 52.100 1.1   1
    81017  37.290999 -121.673600     3.697     -295.6       73.8       48.7      5.4      5.0     13.3 1986  9  2  7 24 15.870 0.8   1
    82606  37.290401 -121.673348     3.708     -273.7        7.2       59.7      4.6      4.4     16.8 1986  9 15 20 17 49.920 2.7   1
    83805  37.290230 -121.673047     3.697     -246.7      -11.8       48.6      3.7      3.7     10.5 1986  9 25 12  1 52.830 1.4   1
    88698  37.290975 -121.673608     3.700     -296.5       71.0       51.8      5.0      4.7     12.7 1986 11 25 13  0 35.660 1.0   1
   101361  37.289001 -121.672184     3.670     -170.6     -148.3       21.4      2.2      2.8      6.5 1987  6  3  6 56  7.740 1.9   1
   101362  37.288281 -121.671655     3.649     -123.5     -228.2        1.0      2.4      2.8      6.1 1987  6  3  6 58 51.320 1.7   1
   102776  37.290951 -121.673608     3.700     -296.2       68.2       51.7      5.4      5.4     13.7 1987  7  7  1 44 26.990 1.0   1
   103138  37.288603 -121.671956     3.657     -150.0     -192.3        8.5      2.5      3.0      6.6 1987  7 14 19  2 57.020 1.7   1
   110939  37.289478 -121.672925     3.569     -236.2      -95.5      -79.6      5.1      4.4     13.4 1988  1 15  1 56 42.310 1.4   1
   112868  37.290995 -121.673625     3.698     -298.1       73.4       49.5      4.7      4.4     12.4 1988  2 25 10  0 17.780 0.9   1
   120788  37.290112 -121.673006     3.695     -243.2      -24.8       46.8      3.4      3.5     10.1 1988  7 23 10 42 21.740 1.5   1
   126189  37.288953 -121.672233     3.671     -174.5     -153.4       22.8      2.3      2.8      6.6 1988 11  2  3  9 12.610 1.9   1
   126292  37.288245 -121.671672     3.649     -124.6     -232.3        0.8      2.4      2.9      6.2 1988 11  3  1 30  4.280 1.7   1
   126389  37.288277 -121.671533     3.697     -112.3     -228.7       49.3      2.5      2.8      7.3 1988 11  4 13 34 34.720 1.9   1
   148939  37.288383 -121.671517     3.650     -111.1     -216.8        1.4      2.3      2.8      6.1 1989 12 13  5 33 46.080 1.6   1
   158154  37.290971 -121.673486     3.735     -285.9       70.5       86.9      5.5      4.9     13.3 1990  5 23 11 11 37.580 1.0   1
   160503  37.289058 -121.671997     3.705     -153.5     -141.9       56.4      2.6      3.0      9.2 1990  7  5 20  4 42.800 1.7   1
   205031  37.289555 -121.672884     3.597     -232.0      -86.5      -51.7      6.4      4.8     14.0 1991  1 20  5  0 30.930 1.2   1
   208364  37.290955 -121.673511     3.732     -287.9       68.8       84.0      5.6      5.4     13.3 1991  3 22 11 23 27.560 1.0   1
   215747  37.288383 -121.671493     3.647     -109.3     -216.9       -0.8      2.5      2.9      6.0 1991  5 29  9 45 22.620 1.8   1
   227435  37.289543 -121.672892     3.596     -232.9      -87.9      -52.4      5.7      4.4     14.2 1991  8 10 17  6  5.760 1.2   1
   238704  37.289054 -121.672103     3.677     -163.2     -142.1       28.8      2.2      2.8      7.2 1991 12  3  5 24 24.980 2.0   1
   238790  37.288611 -121.671769     3.657     -133.6     -191.6        8.3      2.2      2.8      6.1 1991 12  4  0  8 49.550 1.9   1
   261841  37.290894 -121.673494     3.732     -286.2       62.0       84.2      5.9      5.0     14.6 1992  4  6  9 39 49.410 0.9   1
   312743  37.290181 -121.672925     3.728     -235.8      -17.3       80.1      3.7      4.0     12.1 1992  8 29 17  4 29.020 1.6   1
   314921  37.288326 -121.671379     3.712      -98.7     -222.9       63.3      5.1      4.9     12.8 1992  9 11  1 22 13.650 1.1   1
   331552  37.290926 -121.673543     3.733     -290.6       65.4       84.9      5.5      5.3     13.4 1993  1  9 17 48 38.720 1.0   1
   331635  37.290670 -121.673511     3.704     -288.2       36.8       55.9      5.6      5.6     17.5 1993  1 10 22 13  9.440 1.2   1
   352620  37.288664 -121.671639     3.683     -122.3     -185.8       35.2      7.0      5.1     20.0 1993  6  8  9 15  1.380 0.8   1
 30036393  37.290938 -121.673535     3.742     -290.4       66.7       93.7      6.1      5.2     13.8 1993 12  1  0 25 49.530 1.0   1
   389286  37.288249 -121.671541     3.662     -113.1     -231.5       13.8      2.6      3.0      6.6 1993 12 20 22 35  7.800 1.8   1
   399980  37.289539 -121.672827     3.605     -227.0      -88.5      -43.7      5.3      4.2     13.6 1994  4  6  4 11 34.960 1.4   1
 30062741  37.289038 -121.672030     3.700     -156.3     -143.9       51.8      2.6      3.0      9.9 1994 11 16 16 50 58.150 2.0   1
 30062748  37.289347 -121.672306     3.685     -181.2     -109.6       37.0      4.1      3.5     13.6 1994 11 16 18  3 42.360 1.3   1
 30069218  37.288359 -121.671224     3.715      -84.9     -219.4       66.7      4.0      3.4     11.5 1995  3  3  9 38 49.200 1.2   1
 30069222  37.288298 -121.671289     3.699      -90.6     -226.4       50.9      2.8      2.9      8.0 1995  3  3 12 30 15.850 1.8   1
 30069457  37.288118 -121.671289     3.669      -91.1     -246.0       20.5      3.6      3.4      8.8 1995  3  7 13 19 41.960 1.3   1
 30073191  37.290971 -121.673503     3.731     -287.5       70.3       82.4      6.7      5.1     14.0 1995  5 14 11 18 47.000 1.0   1
 30076454  37.290324 -121.673210     3.713     -261.2       -1.2       64.9      4.7      4.3     16.9 1995  7  4 11 20 49.790 2.7   1
 30092060  37.288424 -121.671623     3.656     -120.5     -212.2        7.5      2.6      2.9      6.4 1995 12 15 18 53 39.820 1.8   1
   478138  37.288928 -121.672103     3.672     -163.3     -156.1       23.4      2.7      3.0      7.9 1996  9  2 20 27  0.360 2.0   1
   478141  37.289286 -121.672420     3.680     -191.1     -116.3       32.0      4.5      3.9     14.5 1996  9  2 20 36  3.960 1.4   1
   529274  37.288379 -121.671672     3.658     -124.5     -217.2        9.9      2.6      3.0      6.8 1997 10 28 12  1 44.750 1.6   1
