    17842  37.289526 -121.668302     3.448      174.3      -89.8     -200.3     46.3     35.0     68.4 1984  4 25  4 35 19.170 1.9   1
    16751  37.292013 -121.671875     3.469     -143.1      186.2     -178.8     75.0     57.2    135.2 1984  4 27  7 48 23.500 1.0   1
    21644  37.291817 -121.670630     3.693      -32.4      164.2       44.8     50.6     37.3     82.5 1984  6 27 14 50 38.140 1.6   1
    22271  37.291069 -121.671297     3.839      -91.4       81.2      190.3     46.0     34.2     71.6 1984  7  7  0 17  9.970 2.7   1
    22280  37.289693 -121.669645     3.491       55.1      -71.6     -157.7     59.5     44.6     87.7 1984  7  7  2 35  4.060 1.5   1
    23190  37.289791 -121.669548     3.532       63.8      -60.6     -116.6     44.7     32.6     68.3 1984  7 17 16 24 49.440 1.9   1
    25096  37.290491 -121.670386     3.435      -10.7       17.2     -213.0     53.6     38.6     90.6 1984  8  7  9  7  6.330 1.2   1
    28475  37.292615 -121.671411     3.527     -101.8      252.9     -121.3     74.5     66.9    152.6 1984  9 23  8 43 14.720 1.1   1
    32049  37.289262 -121.669572     3.505       61.5     -119.2     -143.1     43.2     31.8     67.7 1984 11 18  0 28 55.240 1.7   1
    35109  37.290942 -121.670776     3.590      -45.5       67.4      -57.9     44.2     33.6     69.4 1984 12 22  4 43 44.710 1.6   1
    42349  37.289054 -121.668262     3.634      177.7     -142.3      -13.8     58.6     47.0     91.6 1985  2 28  1  9 58.300 0.8   1
    42555  37.288989 -121.668766     3.617      132.8     -149.4      -30.7     44.4     31.9     61.1 1985  3  2  6 53 56.010 1.7   1
    42559  37.290120 -121.669963     3.516       26.5      -24.0     -132.6     40.3     29.6     58.7 1985  3  2  8 55  3.470 1.9   1
    42643  37.289237 -121.669149     3.532       98.8     -122.1     -116.3     44.3     32.5     68.8 1985  3  2  8 55 29.590 2.1   1
    42560  37.290145 -121.670459     3.518      -17.6      -21.2     -129.8     47.2     34.1     74.7 1985  3  2  8 58  0.480 1.2   1
    49626  37.292460 -121.671281     3.727      -90.3      235.8       78.5     74.0     69.7    147.3 1985  6 15  1 38 57.380 0.9   1
    54084  37.289840 -121.670093     3.450       15.3      -55.0     -197.8     44.4     32.3     69.6 1985  8 28 20 35 10.100 1.6   1
    57770  37.290523 -121.671639     3.341     -121.8       20.8     -306.9     55.7     41.6     93.9 1985 10 28  3 55 38.130 1.3   1
    62514  37.289014 -121.668701     3.611      138.2     -146.6      -37.5     47.2     35.2     72.7 1985 12 31 15 50 52.230 1.7   1
    62520  37.289181 -121.669303     3.433       85.0     -128.0     -215.2     50.0     37.8     88.5 1985 12 31 18  3  3.480 1.6   1
    67820  37.291272 -121.671729     3.507     -129.8      103.9     -141.3     63.4     48.3    111.2 1986  3  8 10 32  4.410 1.6   1
    73786  37.289140 -121.669751     3.286       45.8     -132.6     -361.8     51.1     39.2     87.0 1986  6  1 10 51 31.460 1.2   1
    77218  37.289998 -121.670345     3.649       -7.1      -37.3        1.1     43.1     32.2     60.8 1986  7 25  9 22 50.290 2.3   1
    77296  37.291252 -121.670858     3.613      -52.4      101.7      -35.3     59.8     44.1     98.5 1986  7 25 16  1 52.100 1.1   1
    81017  37.291850 -121.671867     3.564     -141.9      168.0      -84.0     57.8     42.4    101.5 1986  9  2  7 24 15.870 0.8   1
    82606  37.291020 -121.671224     4.002      -85.2       76.0      353.9     53.4     41.0     86.6 1986  9 15 20 17 49.920 2.7   1
    83805  37.291044 -121.671086     3.530      -73.2       78.7     -118.4     45.7     33.5     75.1 1986  9 25 12  1 52.830 1.4   1
    88698  37.292143 -121.670898     3.093      -56.3      200.5     -555.7     87.9     64.8    439.8 1986 11 25 13  0 35.660 1.0   1
   101361  37.289718 -121.669694     4.050       50.5      -68.6      401.4     50.8     38.4     79.9 1987  6  3  6 56  7.740 1.9   1
   101362  37.289034 -121.669645     3.645       54.6     -144.7       -2.9     42.4     31.4     58.6 1987  6  3  6 58 51.320 1.7   1
   102776  37.292212 -121.671541     3.613     -113.0      208.2      -35.3     73.0     60.6    133.6 1987  7  7  1 44 26.990 1.0   1
   103138  37.289571 -121.669409     3.520       75.8      -85.1     -127.9     42.7     30.9     61.8 1987  7 14 19  2 57.020 1.7   1
   110939  37.290710 -121.671338     3.334      -95.1       41.4     -314.7     55.0     41.4     98.0 1988  1 15  1 56 42.310 1.4   1
   112868  37.291882 -121.671419     4.302     -102.4      171.4      654.0     67.3     50.5    121.2 1988  2 25 10  0 17.780 0.9   1
   120788  37.290837 -121.671037     3.627      -68.2       55.6      -21.7     48.3     33.4     71.7 1988  7 23 10 42 21.740 1.5   1
   126189  37.289689 -121.670378     3.714       -9.9      -71.8       65.8     45.6     34.0     67.2 1988 11  2  3  9 12.610 1.9   1
   126292  37.289250 -121.669352     3.576       80.6     -120.7      -72.6     42.7     31.2     59.8 1988 11  3  1 30  4.280 1.7   1
   126389  37.288883 -121.669678     3.890       52.2     -161.1      241.7     47.9     35.9     77.2 1988 11  4 13 34 34.720 1.9   1
   148939  37.288774 -121.668066     3.623      194.9     -173.5      -25.7     52.8     38.1     81.6 1989 12 13  5 33 46.080 1.6   1
   158154  37.291915 -121.671647     3.698     -123.0      175.2       50.2     58.1     47.7    110.6 1990  5 23 11 11 37.580 1.0   1
   160503  37.290259 -121.669637     3.697       55.2       -8.8       49.1     43.0     31.6     65.4 1990  7  5 20  4 42.800 1.7   1
   205031  37.290690 -121.670679     3.426      -36.7       39.2     -221.8     60.0     43.1     92.1 1991  1 20  5  0 30.930 1.2   1
   208364  37.292131 -121.671086     3.638      -72.7      198.9      -10.4     67.8     51.7    120.6 1991  3 22 11 23 27.560 1.0   1
   215747  37.289107 -121.670239     3.639        2.4     -136.4       -8.9     45.4     33.4     66.7 1991  5 29  9 45 22.620 1.8   1
   227435  37.290621 -121.669914     3.523       31.0       31.4     -124.8     51.9     37.1     81.4 1991  8 10 17  6  5.760 1.2   1
   238704  37.290214 -121.669230     3.554       92.0      -13.6      -94.2     41.6     30.3     56.3 1991 12  3  5 24 24.980 2.0   1
   238790  37.289372 -121.669181     3.714       96.2     -107.0       66.2     44.6     31.8     61.9 1991 12  4  0  8 49.550 1.9   1
   261841  37.291842 -121.671663     3.465     -124.0      166.9     -183.3     65.0     50.8    129.8 1992  4  6  9 39 49.410 0.9   1
   312743  37.290519 -121.669458     3.444       71.3       20.4     -203.9     56.9     42.6     95.6 1992  8 29 17  4 29.020 1.6   1
   314921  37.288460 -121.668888     3.768      122.3     -208.4      119.7     57.0     46.8    102.8 1992  9 11  1 22 13.650 1.1   1
   331552  37.292045 -121.671875     3.573     -143.1      189.6      -75.2     64.9     50.8    138.8 1993  1  9 17 48 38.720 1.0   1
   331635  37.291439 -121.670841     3.495      -51.2      122.3     -153.2     58.0     46.5     90.7 1993  1 10 22 13  9.440 1.2   1
   352620  37.289266 -121.667830     3.632      215.6     -118.7      -16.5     74.5     53.3    102.4 1993  6  8  9 15  1.380 0.8   1
 30036393  37.292155 -121.671346     3.859      -96.3      202.0      210.9     90.1     68.4    247.5 1993 12  1  0 25 49.530 1.0   1
   389286  37.289278 -121.669344     3.495       81.8     -117.4     -153.7     46.9     34.2     73.7 1993 12 20 22 35  7.800 1.8   1
   399980  37.290519 -121.670492     3.427      -20.3       20.3     -220.9     48.1     32.6     75.5 1994  4  6  4 11 34.960 1.4   1
 30062741  37.290116 -121.670117     3.456       12.8      -24.4     -192.2     41.9     30.5     64.2 1994 11 16 16 50 58.150 2.0   1
 30062748  37.290340 -121.669645     3.575       55.1        0.5      -73.5     50.7     36.0     77.4 1994 11 16 18  3 42.360 1.3   1
 30069218  37.288607 -121.667993     3.821      201.4     -192.0      173.0     51.0     34.5     87.2 1995  3  3  9 38 49.200 1.2   1
 30069222  37.289221 -121.669653     3.742       54.1     -123.7       93.4     47.2     33.5     71.1 1995  3  3 12 30 15.850 1.8   1
 30069457  37.289360 -121.669710     3.438       48.8     -108.3     -210.3     57.4     40.7     91.2 1995  3  7 13 19 41.960 1.3   1
 30073191  37.292102 -121.671948     3.583     -149.1      195.9      -65.0     82.1     58.1    148.0 1995  5 14 11 18 47.000 1.0   1
 30076454  37.290963 -121.672860     5.426     -230.4       69.7     1777.8   1098.4    796.4   1334.5 1995  7  4 11 20 49.790 2.7   1
 30092060  37.289355 -121.670011     3.644       22.6     -108.6       -4.2     42.8     31.3     62.2 1995 12 15 18 53 39.820 1.8   1
   478138  37.290564 -121.669735     3.545       46.5       25.3     -102.8     53.2     41.1     81.4 1996  9  2 20 27  0.360 2.0   1
   478141  37.291398 -121.670386     3.450      -11.1      117.9     -198.1    102.6     85.6    293.7 1996  9  2 20 36  3.960 1.4   1
   478159  37.287882 -121.670321     5.625       -4.9     -272.4     1977.1   1099.7    800.1   1343.1 1996  9  3  0  2  4.940 1.2   1
   529274  37.288892 -121.669409     3.679       75.6     -160.5       31.1     44.5     32.8     63.1 1997 10 28 12  1 44.750 1.6   1
