    17842  37.288269 -121.671354     3.696      -96.5     -229.5       47.8      2.8      2.0      7.5 1984  4 25  4 35 19.170 1.9   1
    16751  37.290710 -121.673462     3.710     -283.6       41.5       61.4      6.2      4.0     14.8 1984  4 27  7 48 23.500 1.0   1
    21644  37.290112 -121.672900     3.707     -233.8      -24.7       58.3      3.7      2.4      8.5 1984  6 27 14 50 38.140 1.6   1
    22271  37.290401 -121.673210     3.698     -261.1        7.2       49.3      4.2      3.1     14.2 1984  7  7  0 17  9.970 2.7   1
    22280  37.287923 -121.671297     3.635      -91.5     -267.8      -13.0      5.4      3.1     11.0 1984  7  7  2 35  4.060 1.5   1
    23190  37.288957 -121.672103     3.672     -162.8     -152.9       23.3      2.7      1.9      6.1 1984  7 17 16 24 49.440 1.9   1
    25096  37.289437 -121.672917     3.583     -235.0      -99.9      -64.9      5.0      3.0     11.5 1984  8  7  9  7  6.330 1.2   1
    28475  37.290910 -121.673592     3.733     -295.0       63.9       84.4      6.9      5.5     13.1 1984  9 23  8 43 14.720 1.1   1
    32049  37.288261 -121.671525     3.652     -112.1     -230.1        4.0      2.8      1.8      5.8 1984 11 18  0 28 55.240 1.7   1
    35109  37.290100 -121.672876     3.704     -231.8      -26.1       56.1      3.5      2.4      8.4 1984 12 22  4 43 44.710 1.6   1
    42349  37.288338 -121.671403     3.708     -101.3     -221.7       59.9      7.4      6.5     15.7 1985  2 28  1  9 58.300 0.8   1
    42555  37.288224 -121.671313     3.692      -93.4     -234.4       43.6      2.9      2.0      7.6 1985  3  2  6 53 56.010 1.7   1
    42559  37.288961 -121.672070     3.703     -160.4     -152.5       55.2      2.6      1.8      6.9 1985  3  2  8 55  3.470 1.9   1
    42643  37.288521 -121.671769     3.648     -133.8     -201.3        0.0      2.5      1.7      5.9 1985  3  2  8 55 29.590 2.1   1
    42560  37.289323 -121.672404     3.650     -189.8     -112.3        1.6      3.9      3.0      9.5 1985  3  2  8 58  0.480 1.2   1
    49626  37.290910 -121.673560     3.735     -292.0       63.6       86.3      7.6      6.4     21.7 1985  6 15  1 38 57.380 0.9   1
    54084  37.289018 -121.672135     3.681     -165.8     -146.2       32.5      2.8      2.0      6.9 1985  8 28 20 35 10.100 1.6   1
    57770  37.289526 -121.673031     3.592     -245.7      -89.9      -55.9      5.8      3.5     13.1 1985 10 28  3 55 38.130 1.3   1
    62514  37.288293 -121.671623     3.654     -120.4     -226.9        6.0      2.5      2.0      5.6 1985 12 31 15 50 52.230 1.7   1
    62520  37.288314 -121.671427     3.687     -103.2     -224.6       39.1      2.8      2.2      7.1 1985 12 31 18  3  3.480 1.6   1
    67820  37.290255 -121.672974     3.706     -240.0       -9.0       57.4      4.6      2.9      9.6 1986  3  8 10 32  4.410 1.6   1
    73786  37.288619 -121.672388     3.517     -188.1     -190.5     -131.7     21.3      6.2     47.7 1986  6  1 10 51 31.460 1.2   1
    77218  37.288953 -121.672217     3.666     -173.4     -153.6       18.0      2.7      1.9      6.5 1986  7 25  9 22 50.290 2.3   1
    77296  37.289307 -121.672526     3.667     -200.4     -114.1       19.1      5.1      3.3     10.8 1986  7 25 16  1 52.100 1.1   1
    81017  37.291028 -121.673608     3.706     -296.8       76.7       57.4      5.9      4.4     12.2 1986  9  2  7 24 15.870 0.8   1
    82606  37.290422 -121.673364     3.716     -274.9        9.7       67.5      3.6      3.0     13.7 1986  9 15 20 17 49.920 2.7   1
    83805  37.290255 -121.673063     3.703     -248.3       -9.0       55.1      3.6      2.4      8.8 1986  9 25 12  1 52.830 1.4   1
    88698  37.291012 -121.673625     3.708     -298.2       75.1       59.7      5.3      3.7     11.0 1986 11 25 13  0 35.660 1.0   1
   101361  37.288989 -121.672184     3.670     -170.4     -149.4       22.0      2.4      1.7      5.9 1987  6  3  6 56  7.740 1.9   1
   101362  37.288265 -121.671647     3.653     -122.9     -230.1        5.1      2.5      1.7      5.5 1987  6  3  6 58 51.320 1.7   1
   102776  37.290979 -121.673633     3.709     -298.4       71.5       60.9      5.8      5.0     12.5 1987  7  7  1 44 26.990 1.0   1
   103138  37.288590 -121.671948     3.660     -149.7     -193.7       12.1      2.8      2.0      6.3 1987  7 14 19  2 57.020 1.7   1
   110939  37.289457 -121.672941     3.573     -237.2      -97.7      -75.3      5.0      3.4     12.1 1988  1 15  1 56 42.310 1.4   1
   112868  37.291028 -121.673657     3.708     -301.1       76.9       59.6      4.8      3.3     10.5 1988  2 25 10  0 17.780 0.9   1
   120788  37.290125 -121.673006     3.699     -243.2      -23.4       51.1      3.3      2.1      8.2 1988  7 23 10 42 21.740 1.5   1
   126189  37.288932 -121.672225     3.671     -173.8     -155.6       22.3      2.4      1.7      6.1 1988 11  2  3  9 12.610 1.9   1
   126292  37.288220 -121.671672     3.651     -124.8     -234.8        3.3      2.6      1.8      5.6 1988 11  3  1 30  4.280 1.7   1
   126389  37.288245 -121.671517     3.697     -111.3     -231.9       48.4      2.7      1.9      7.0 1988 11  4 13 34 34.720 1.9   1
   148939  37.288342 -121.671517     3.649     -110.9     -221.2        0.9      2.4      1.7      5.5 1989 12 13  5 33 46.080 1.6   1
   158154  37.290991 -121.673486     3.744     -285.8       72.7       96.0      5.8      4.0     11.8 1990  5 23 11 11 37.580 1.0   1
   160503  37.289014 -121.671989     3.704     -153.0     -146.7       55.9      2.7      2.1      8.9 1990  7  5 20  4 42.800 1.7   1
   205031  37.289502 -121.672909     3.599     -234.7      -92.6      -49.5      6.7      4.0     13.2 1991  1 20  5  0 30.930 1.2   1
   208364  37.290975 -121.673527     3.741     -289.3       71.1       92.8      6.0      5.0     11.9 1991  3 22 11 23 27.560 1.0   1
   215747  37.288338 -121.671493     3.648     -109.0     -221.8        0.2      2.6      1.7      5.5 1991  5 29  9 45 22.620 1.8   1
   227435  37.289465 -121.672892     3.598     -232.8      -96.9      -50.4      5.8      3.5     13.6 1991  8 10 17  6  5.760 1.2   1
   238704  37.289014 -121.672103     3.678     -162.8     -146.6       29.7      2.4      1.7      6.7 1991 12  3  5 24 24.980 2.0   1
   238790  37.288566 -121.671769     3.658     -133.2     -196.3        9.7      2.4      1.7      5.6 1991 12  4  0  8 49.550 1.9   1
   261841  37.290914 -121.673511     3.743     -287.8       64.3       94.4      6.6      4.3     13.9 1992  4  6  9 39 49.410 0.9   1
   312743  37.290165 -121.672925     3.730     -235.7      -18.8       82.0      3.6      2.7     11.4 1992  8 29 17  4 29.020 1.6   1
   314921  37.288281 -121.671346     3.712      -96.0     -228.0       63.8      5.8      4.9     14.0 1992  9 11  1 22 13.650 1.1   1
   331552  37.290938 -121.673551     3.744     -291.6       66.8       96.1      6.0      4.7     12.4 1993  1  9 17 48 38.720 1.0   1
   331635  37.290682 -121.673511     3.714     -288.2       38.4       65.6      5.9      5.1     17.2 1993  1 10 22 13  9.440 1.2   1
   352620  37.288627 -121.671631     3.687     -121.3     -189.5       38.3      8.1      5.3     22.7 1993  6  8  9 15  1.380 0.8   1
 30036393  37.290959 -121.673551     3.753     -291.8       69.1      104.9      6.6      4.5     12.9 1993 12  1  0 25 49.530 1.0   1
   389286  37.288200 -121.671541     3.664     -113.0     -237.1       15.4      2.8      2.0      6.3 1993 12 20 22 35  7.800 1.8   1
   399980  37.289457 -121.672803     3.608     -224.9      -97.7      -40.2      5.5      3.3     12.9 1994  4  6  4 11 34.960 1.4   1
 30062741  37.289022 -121.672095     3.704     -162.1     -145.9       55.5      3.0      2.2     11.0 1994 11 16 16 50 58.150 2.0   1
 30062748  37.289294 -121.672314     3.686     -181.9     -115.6       37.7      4.5      2.8     14.2 1994 11 16 18  3 42.360 1.3   1
 30069218  37.288302 -121.671200     3.715      -82.9     -225.8       66.7      4.4      2.8     12.3 1995  3  3  9 38 49.200 1.2   1
 30069222  37.288249 -121.671289     3.697      -90.7     -231.8       48.8      3.0      1.9      7.8 1995  3  3 12 30 15.850 1.8   1
 30069457  37.288070 -121.671273     3.669      -89.5     -251.5       20.5      3.8      2.6      9.1 1995  3  7 13 19 41.960 1.3   1
 30073191  37.290999 -121.673519     3.741     -288.8       73.5       93.2      7.0      4.3     13.1 1995  5 14 11 18 47.000 1.0   1
 30076454  37.290340 -121.673218     3.720     -261.9        0.5       71.7      4.0      3.0     14.1 1995  7  4 11 20 49.790 2.7   1
 30092060  37.288387 -121.671566     3.649     -115.3     -216.4        0.5      3.0      1.9      6.3 1995 12 15 18 53 39.820 1.8   1
   478138  37.288896 -121.672111     3.673     -164.2     -159.8       24.3      3.0      2.1      9.5 1996  9  2 20 27  0.360 2.0   1
   478141  37.289246 -121.672420     3.679     -191.3     -121.2       30.5      5.1      3.4     15.5 1996  9  2 20 36  3.960 1.4   1
   529274  37.288342 -121.671663     3.659     -123.9     -221.1       10.8      2.9      2.1      6.7 1997 10 28 12  1 44.750 1.6   1
