    17842  37.289408 -121.668734     3.533      135.7     -103.0     -115.5     14.3     10.6     20.7 1984  4 25  4 35 19.170 1.9   1
    16751  37.291866 -121.671810     3.532     -137.5      169.6     -116.3     23.7     18.2     37.5 1984  4 27  7 48 23.500 1.0   1
    21644  37.291064 -121.670801     3.645      -47.8       81.0       -2.9     15.0     11.2     22.6 1984  6 27 14 50 38.140 1.6   1
    22271  37.291366 -121.671232     3.576      -85.8      114.4      -72.3     13.7     10.2     20.2 1984  7  7  0 17  9.970 2.7   1
    22280  37.289543 -121.669556     3.535       62.8      -87.9     -113.7     17.8     13.5     22.6 1984  7  7  2 35  4.060 1.5   1
    23190  37.289819 -121.669775     3.584       43.3      -57.5      -64.3     13.5      9.8     19.1 1984  7 17 16 24 49.440 1.9   1
    25096  37.290597 -121.670378     3.437      -10.3       29.1     -210.9     16.0     11.7     23.9 1984  8  7  9  7  6.330 1.2   1
    28475  37.291764 -121.671077     3.467      -72.0      158.3     -180.9     23.1     21.3     45.6 1984  9 23  8 43 14.720 1.1   1
    32049  37.289067 -121.669312     3.563       84.4     -140.8      -85.4     12.9      9.5     17.1 1984 11 18  0 28 55.240 1.7   1
    35109  37.290971 -121.670703     3.565      -38.7       70.5      -83.0     13.1     10.0     19.4 1984 12 22  4 43 44.710 1.6   1
    42349  37.288818 -121.667391     3.700      254.4     -168.5       51.3     18.7     14.2     24.9 1985  2 28  1  9 58.300 0.8   1
    42555  37.289156 -121.669010     3.551      111.0     -130.9      -97.2     13.2      9.5     18.3 1985  3  2  6 53 56.010 1.7   1
    42559  37.289970 -121.669808     3.550       40.2      -40.8      -98.3     12.0      8.8     15.2 1985  3  2  8 55  3.470 1.9   1
    42643  37.289315 -121.669295     3.540       85.9     -113.2     -107.8     13.2      9.7     18.3 1985  3  2  8 55 29.590 2.1   1
    42560  37.290194 -121.670524     3.581      -22.8      -15.9      -67.5     14.1     10.2     19.1 1985  3  2  8 58  0.480 1.2   1
    49626  37.291817 -121.671143     3.702      -78.0      164.6       53.7     23.6     23.0     44.8 1985  6 15  1 38 57.380 0.9   1
    54084  37.289775 -121.670182     3.515        7.2      -62.5     -133.2     13.3      9.7     18.0 1985  8 28 20 35 10.100 1.6   1
    57770  37.290454 -121.671175     3.390      -80.8       13.0     -258.5     16.7     12.4     24.4 1985 10 28  3 55 38.130 1.3   1
    62514  37.289067 -121.669067     3.565      105.7     -140.7      -83.4     14.4     10.6     20.0 1985 12 31 15 50 52.230 1.7   1
    62520  37.289018 -121.669206     3.560       94.0     -146.1      -87.8     15.1     11.4     23.4 1985 12 31 18  3  3.480 1.6   1
    67820  37.291077 -121.671493     3.594     -108.8       82.1      -54.0     19.2     14.5     31.2 1986  3  8 10 32  4.410 1.6   1
    73786  37.289087 -121.670003     3.317       23.0     -138.6     -330.9     15.4     11.7     22.8 1986  6  1 10 51 31.460 1.2   1
    77218  37.289860 -121.670036     3.618       20.4      -52.9      -30.7     12.8      9.6     17.6 1986  7 25  9 22 50.290 2.3   1
    77296  37.290381 -121.670280     3.558       -1.3        5.2      -89.9     18.1     13.4     26.7 1986  7 25 16  1 52.100 1.1   1
    81017  37.291793 -121.671582     3.597     -116.7      161.8      -51.6     17.3     12.6     27.4 1986  9  2  7 24 15.870 0.8   1
    82606  37.291707 -121.671484     3.558     -108.1      152.0      -90.1     15.8     12.4     25.5 1986  9 15 20 17 49.920 2.7   1
    83805  37.291012 -121.671021     3.552      -67.1       74.9      -95.9     13.5      9.9     20.0 1986  9 25 12  1 52.830 1.4   1
    88698  37.292106 -121.670508     4.138      -21.9      196.6      489.5     26.8     19.5    148.2 1986 11 25 13  0 35.660 1.0   1
   101361  37.290100 -121.669767     3.653       43.7      -26.1        4.3     15.0     11.5     23.0 1987  6  3  6 56  7.740 1.9   1
   101362  37.289254 -121.669702     3.539       49.9     -120.3     -109.1     12.6      9.3     17.1 1987  6  3  6 58 51.320 1.7   1
   102776  37.291939 -121.671265     3.650      -88.7      178.0        1.7     22.2     18.4     36.6 1987  7  7  1 44 26.990 1.0   1
   103138  37.289742 -121.669556     3.544       62.7      -66.0     -104.4     12.7      9.2     17.0 1987  7 14 19  2 57.020 1.7   1
   110939  37.290491 -121.671077     3.387      -72.3       17.2     -261.4     16.5     12.5     25.7 1988  1 15  1 56 42.310 1.4   1
   112868  37.292114 -121.671273     4.120      -89.6      197.4      471.9     20.5     14.8     50.6 1988  2 25 10  0 17.780 0.9   1
   120788  37.290975 -121.670768     3.564      -44.4       71.0      -84.3     14.5      9.9     20.4 1988  7 23 10 42 21.740 1.5   1
   126189  37.290002 -121.669840     3.604       37.7      -37.2      -44.7     13.5     10.2     19.0 1988 11  2  3  9 12.610 1.9   1
   126292  37.289368 -121.669328     3.513       82.9     -107.6     -134.8     12.7      9.2     17.1 1988 11  3  1 30  4.280 1.7   1
   126389  37.289160 -121.669604     3.649       58.6     -130.3        1.2     14.1     10.7     20.8 1988 11  4 13 34 34.720 1.9   1
   148939  37.289347 -121.669312     3.532       84.6     -109.7     -116.5     16.3     11.5     26.4 1989 12 13  5 33 46.080 1.6   1
   158154  37.291842 -121.671525     3.736     -111.9      167.0       87.8     17.4     14.3     30.4 1990  5 23 11 11 37.580 1.0   1
   160503  37.290405 -121.669800     3.617       41.1        7.8      -31.0     12.9      9.5     18.5 1990  7  5 20  4 42.800 1.7   1
   205031  37.290548 -121.670695     3.480      -38.1       23.3     -168.0     17.9     12.9     24.0 1991  1 20  5  0 30.930 1.2   1
   208364  37.291996 -121.671305     3.621      -92.1      184.4      -27.0     20.3     15.3     35.2 1991  3 22 11 23 27.560 1.0   1
   215747  37.288965 -121.669613     3.563       58.0     -152.0      -85.1     13.5      9.9     19.3 1991  5 29  9 45 22.620 1.8   1
   227435  37.290605 -121.670492     3.524      -20.3       29.9     -124.7     15.9     11.1     21.6 1991  8 10 17  6  5.760 1.2   1
   238704  37.290002 -121.669604     3.537       58.7      -37.2     -111.4     12.5      9.0     15.8 1991 12  3  5 24 24.980 2.0   1
   238790  37.289612 -121.669702     3.606       50.1      -80.4      -42.5     13.2      9.4     17.0 1991 12  4  0  8 49.550 1.9   1
   261841  37.291536 -121.671387     3.575      -99.6      133.1      -73.1     19.4     15.5     35.2 1992  4  6  9 39 49.410 0.9   1
   312743  37.291064 -121.671037     3.638      -68.7       81.0      -10.0     17.4     12.7     25.6 1992  8 29 17  4 29.020 1.6   1
   314921  37.288407 -121.668905     3.731      120.6     -213.9       82.5     17.0     14.8     30.9 1992  9 11  1 22 13.650 1.1   1
   331552  37.291907 -121.671720     3.623     -129.1      174.2      -24.9     19.3     15.2     39.5 1993  1  9 17 48 38.720 1.0   1
   331635  37.291321 -121.671126     3.555      -76.6      109.3      -93.3     17.5     13.8     23.2 1993  1 10 22 13  9.440 1.2   1
   352620  37.289445 -121.668278     3.638      176.4      -98.9      -10.4     22.1     15.8     28.7 1993  6  8  9 15  1.380 0.8   1
 30036393  37.292143 -121.671387     3.712      -99.6      200.5       64.1     27.0     20.9     63.4 1993 12  1  0 25 49.530 1.0   1
   389286  37.289299 -121.669246     3.492       90.1     -115.4     -156.4     14.2     10.2     19.8 1993 12 20 22 35  7.800 1.8   1
   399980  37.290458 -121.670524     3.463      -23.2       13.7     -185.5     14.2      9.6     19.1 1994  4  6  4 11 34.960 1.4   1
 30062741  37.290243 -121.670239     3.432        2.3      -10.5     -216.2     12.6      9.1     17.4 1994 11 16 16 50 58.150 2.0   1
 30062748  37.290312 -121.669751     3.613       45.8       -2.8      -34.8     15.0     10.7     20.0 1994 11 16 18  3 42.360 1.3   1
 30069218  37.289103 -121.668888     3.736      121.8     -136.9       87.7     15.4     10.3     25.3 1995  3  3  9 38 49.200 1.2   1
 30069222  37.289246 -121.669474     3.653       70.2     -120.9        4.6     14.0      9.9     19.9 1995  3  3 12 30 15.850 1.8   1
 30069457  37.289323 -121.669255     3.440       89.6     -112.3     -207.9     17.7     12.3     24.6 1995  3  7 13 19 41.960 1.3   1
 30073191  37.291931 -121.671387     3.675      -99.9      176.9       27.2     25.2     17.4     41.1 1995  5 14 11 18 47.000 1.0   1
 30076454  37.291748 -121.672518     5.674     -200.1      156.5     2025.7    320.9    232.1    241.0 1995  7  4 11 20 49.790 2.7   1
 30092060  37.289376 -121.669482     3.534       69.2     -106.5     -114.6     12.8      9.3     17.9 1995 12 15 18 53 39.820 1.8   1
   478138  37.289779 -121.669987     3.568       24.8      -61.7      -79.9     16.2     12.8     27.1 1996  9  2 20 27  0.360 2.0   1
   478141  37.290621 -121.670638     3.432      -33.5       31.8     -216.7     31.2     25.9     86.5 1996  9  2 20 36  3.960 1.4   1
   478159  37.289958 -121.669938     5.883       29.1      -42.0     2234.9    325.1    237.8    240.9 1996  9  3  0  2  4.940 1.2   1
   529274  37.288928 -121.669523     3.549       65.5     -156.4      -99.7     13.4      9.9     18.4 1997 10 28 12  1 44.750 1.6   1
