    17842  37.289583 -121.668221     3.460      181.4      -83.6     -188.0     46.3     34.9     64.7 1984  4 25  4 35 19.170 1.9   1
    16751  37.292037 -121.671842     3.475     -139.8      188.8     -173.0     75.1     57.3    124.0 1984  4 27  7 48 23.500 1.0   1
    21644  37.291838 -121.670581     3.689      -28.5      166.7       40.5     50.7     37.2     75.0 1984  6 27 14 50 38.140 1.6   1
    22271  37.291093 -121.671240     3.830      -86.6       84.1      181.4     46.1     34.1     67.9 1984  7  7  0 17  9.970 2.7   1
    22280  37.289714 -121.669596     3.492       59.3      -69.1     -156.1     59.6     44.6     76.1 1984  7  7  2 35  4.060 1.5   1
    23190  37.289819 -121.669499     3.520       68.2      -57.2     -128.3     44.7     32.6     60.6 1984  7 17 16 24 49.440 1.9   1
    25096  37.290515 -121.670337     3.437       -6.4       19.9     -211.3     53.7     38.6     78.4 1984  8  7  9  7  6.330 1.2   1
    28475  37.292639 -121.671379     3.534      -98.8      255.6     -114.4     74.6     66.9    144.5 1984  9 23  8 43 14.720 1.1   1
    32049  37.289290 -121.669523     3.504       65.4     -116.1     -144.4     43.2     31.8     55.8 1984 11 18  0 28 55.240 1.7   1
    35109  37.290971 -121.670728     3.583      -40.8       70.7      -65.0     44.3     33.6     62.6 1984 12 22  4 43 44.710 1.6   1
    42349  37.289083 -121.668213     3.630      181.7     -139.3      -18.7     58.7     47.1     84.7 1985  2 28  1  9 58.300 0.8   1
    42555  37.289026 -121.668717     3.597      137.2     -145.4      -51.6     44.4     31.9     56.7 1985  3  2  6 53 56.010 1.7   1
    42559  37.290149 -121.669914     3.508       30.8      -20.9     -140.3     40.3     29.6     48.8 1985  3  2  8 55  3.470 1.9   1
    42643  37.289262 -121.669108     3.526      102.5     -119.2     -121.9     44.3     32.5     60.2 1985  3  2  8 55 29.590 2.1   1
    42560  37.290173 -121.670418     3.518      -14.0      -18.3     -130.5     47.2     34.1     62.9 1985  3  2  8 58  0.480 1.2   1
    49626  37.292489 -121.671240     3.733      -86.5      238.8       84.3     73.9     69.6    140.6 1985  6 15  1 38 57.380 0.9   1
    54084  37.289868 -121.670044     3.444       19.2      -51.7     -204.4     44.4     32.3     60.0 1985  8 28 20 35 10.100 1.6   1
    57770  37.290548 -121.671590     3.344     -117.9       23.3     -304.7     55.7     41.6     81.3 1985 10 28  3 55 38.130 1.3   1
    62514  37.289042 -121.668669     3.610      141.7     -143.6      -38.7     47.2     35.2     62.5 1985 12 31 15 50 52.230 1.7   1
    62520  37.289205 -121.669263     3.434       88.5     -125.4     -214.3     50.0     37.8     77.3 1985 12 31 18  3  3.480 1.6   1
    67820  37.291296 -121.671688     3.505     -125.9      106.4     -143.7     63.4     48.3    104.0 1986  3  8 10 32  4.410 1.6   1
    73786  37.289164 -121.669702     3.287       49.7     -129.9     -361.4     51.1     39.2     75.2 1986  6  1 10 51 31.460 1.2   1
    77218  37.290035 -121.670288     3.647       -2.1      -33.3       -1.3     43.0     32.1     52.0 1986  7 25  9 22 50.290 2.3   1
    77296  37.291276 -121.670809     3.617      -48.5      104.2      -31.7     59.9     44.1     87.0 1986  7 25 16  1 52.100 1.1   1
    81017  37.291874 -121.671818     3.564     -137.5      170.7      -83.9     57.8     42.4     92.2 1986  9  2  7 24 15.870 0.8   1
    82606  37.291048 -121.671159     4.012      -79.5       79.0      363.5     53.4     41.0     85.8 1986  9 15 20 17 49.920 2.7   1
    83805  37.291073 -121.671045     3.524      -69.0       81.6     -124.1     45.7     33.5     66.5 1986  9 25 12  1 52.830 1.4   1
    88698  37.292147 -121.670719     3.869      -40.7      201.2      221.0     87.6     64.4    222.8 1986 11 25 13  0 35.660 1.0   1
   101361  37.289750 -121.669637     4.045       55.5      -65.0      396.8     50.9     38.4     78.3 1987  6  3  6 56  7.740 1.9   1
   101362  37.289087 -121.669613     3.592       57.4     -138.5      -56.7     42.3     31.3     50.4 1987  6  3  6 58 51.320 1.7   1
   102776  37.292232 -121.671509     3.619     -110.1      210.6      -29.3     73.0     60.6    123.1 1987  7  7  1 44 26.990 1.0   1
   103138  37.289600 -121.669360     3.511       80.3      -81.7     -137.5     42.7     30.9     53.9 1987  7 14 19  2 57.020 1.7   1
   110939  37.290731 -121.671289     3.337      -90.9       43.8     -311.7     55.0     41.4     84.8 1988  1 15  1 56 42.310 1.4   1
   112868  37.291907 -121.671330     4.360      -94.4      174.4      711.5     67.3     49.3    139.3 1988  2 25 10  0 17.780 0.9   1
   120788  37.290865 -121.670980     3.620      -63.8       58.8      -28.6     48.3     33.3     64.7 1988  7 23 10 42 21.740 1.5   1
   126189  37.289714 -121.670353     3.672       -7.6      -69.1       24.2     45.3     33.9     59.4 1988 11  2  3  9 12.610 1.9   1
   126292  37.289282 -121.669303     3.557       84.9     -117.2      -90.9     42.7     31.2     53.6 1988 11  3  1 30  4.280 1.7   1
   126389  37.288916 -121.669596     3.861       59.4     -157.6      212.4     48.0     35.8     68.9 1988 11  4 13 34 34.720 1.9   1
   148939  37.288810 -121.668009     3.593      199.7     -169.4      -54.8     52.8     38.1     78.9 1989 12 13  5 33 46.080 1.6   1
   158154  37.291939 -121.671598     3.701     -118.6      178.0       53.1     58.3     47.8    101.9 1990  5 23 11 11 37.580 1.0   1
   160503  37.290283 -121.669604     3.683       58.6       -6.0       34.3     43.0     31.5     59.3 1990  7  5 20  4 42.800 1.7   1
   205031  37.290715 -121.670630     3.428      -32.7       41.9     -220.1     60.1     43.2     80.1 1991  1 20  5  0 30.930 1.2   1
   208364  37.292151 -121.671037     3.633      -68.6      201.4      -15.3     67.8     51.8    114.8 1991  3 22 11 23 27.560 1.0   1
   215747  37.289164 -121.670190     3.582        6.7     -130.1      -66.6     45.3     33.3     58.0 1991  5 29  9 45 22.620 1.8   1
   227435  37.290641 -121.669873     3.523       34.8       34.0     -125.3     52.0     37.1     70.5 1991  8 10 17  6  5.760 1.2   1
   238704  37.290247 -121.669173     3.539       96.5       -9.9     -109.2     41.7     30.3     49.0 1991 12  3  5 24 24.980 2.0   1
   238790  37.289400 -121.669149     3.703       99.1     -103.8       55.1     44.3     31.7     54.4 1991 12  4  0  8 49.550 1.9   1
   261841  37.291862 -121.671615     3.470     -119.9      169.5     -178.4     65.1     50.9    117.6 1992  4  6  9 39 49.410 0.9   1
   312743  37.290548 -121.669417     3.445       75.2       23.4     -203.3     56.9     42.6     87.5 1992  8 29 17  4 29.020 1.6   1
   314921  37.288513 -121.668791     3.747      130.8     -202.3       98.5     57.1     46.8     99.9 1992  9 11  1 22 13.650 1.1   1
   331552  37.292065 -121.671834     3.574     -139.2      192.1      -74.7     64.9     50.8    131.5 1993  1  9 17 48 38.720 1.0   1
   331635  37.291459 -121.670801     3.497      -47.5      124.6     -151.1     58.0     46.6     78.2 1993  1 10 22 13  9.440 1.2   1
   352620  37.289311 -121.667782     3.649      220.3     -114.0        0.8     74.2     53.2     98.0 1993  6  8  9 15  1.380 0.8   1
 30036393  37.292175 -121.671330     3.884      -94.3      203.9      236.2     90.2     68.5    245.5 1993 12  1  0 25 49.530 1.0   1
   389286  37.289303 -121.669287     3.492       86.2     -114.6     -156.2     46.9     34.2     64.1 1993 12 20 22 35  7.800 1.8   1
   399980  37.290548 -121.670451     3.425      -16.5       23.4     -223.0     48.1     32.6     63.9 1994  4  6  4 11 34.960 1.4   1
 30062741  37.290145 -121.670068     3.448       17.0      -21.1     -199.8     41.9     30.5     54.8 1994 11 16 16 50 58.150 2.0   1
 30062748  37.290369 -121.669596     3.574       59.5        3.5      -74.1     50.7     36.0     67.0 1994 11 16 18  3 42.360 1.3   1
 30069218  37.288639 -121.667920     3.810      208.1     -188.1      161.8     51.0     34.5     82.9 1995  3  3  9 38 49.200 1.2   1
 30069222  37.289262 -121.669580     3.716       60.4     -119.3       67.5     47.2     33.5     66.5 1995  3  3 12 30 15.850 1.8   1
 30069457  37.289388 -121.669670     3.439       52.5     -105.2     -209.0     57.4     40.7     81.3 1995  3  7 13 19 41.960 1.3   1
 30073191  37.292122 -121.671899     3.587     -144.7      198.3      -60.8     82.1     58.2    138.8 1995  5 14 11 18 47.000 1.0   1
 30076454  37.290059 -121.674487     5.224     -374.8      -30.9     1575.3   1096.9    792.6    786.6 1995  7  4 11 20 49.790 2.7   1
 30092060  37.289408 -121.669971     3.597       26.0     -102.8      -51.1     42.8     31.3     53.6 1995 12 15 18 53 39.820 1.8   1
   478138  37.290601 -121.669686     3.544       51.1       29.2     -104.7     53.2     41.1     81.2 1996  9  2 20 27  0.360 2.0   1
   478141  37.291427 -121.670337     3.457       -6.2      120.9     -191.4    102.7     85.6    277.2 1996  9  2 20 36  3.960 1.4   1
   478159  37.286877 -121.672030     5.394     -156.9     -383.9     1746.2   1102.8    802.5    621.6 1996  9  3  0  2  4.940 1.2   1
   529274  37.288916 -121.669368     3.659       79.6     -157.8       10.9     44.5     32.7     57.4 1997 10 28 12  1 44.750 1.6   1
