    17842  37.289176 -121.669149     3.681       98.7     -128.9       32.9     43.2     32.6     28.3 1984  4 25  4 35 19.170 1.9   1
    16751  37.291569 -121.671289     3.686      -91.0      136.7       37.3     47.0     34.4     45.7 1984  4 27  7 48 23.500 1.0   1
    21644  37.291007 -121.670687     3.697      -37.6       74.6       48.3     44.2     32.9     33.1 1984  6 27 14 50 38.140 1.6   1
    22271  37.291317 -121.671012     3.679      -66.7      108.9       31.0     44.9     33.7     57.2 1984  7  7  0 17  9.970 2.7   1
    22280  37.288831 -121.669116     3.630      101.9     -167.3      -18.4     45.7     33.4     40.9 1984  7  7  2 35  4.060 1.5   1
    23190  37.289864 -121.669906     3.660       31.7      -52.5       11.6     43.1     32.5     26.1 1984  7 17 16 24 49.440 1.9   1
    25096  37.290332 -121.670752     3.577      -43.6       -0.3      -71.5     45.3     33.3     44.3 1984  8  7  9  7  6.330 1.2   1
    28475  37.291679 -121.671387     3.740      -99.3      148.9       92.2     47.2     36.5     46.5 1984  9 23  8 43 14.720 1.1   1
    32049  37.289172 -121.669312     3.641       84.3     -129.0       -6.8     43.2     32.5     25.7 1984 11 18  0 28 55.240 1.7   1
    35109  37.290991 -121.670662     3.676      -35.6       72.8       27.8     43.8     32.8     30.1 1984 12 22  4 43 44.710 1.6   1
    42349  37.289242 -121.669222     3.698       92.6     -121.4       49.8     49.0     39.0     56.3 1985  2 28  1  9 58.300 0.8   1
    42555  37.289132 -121.669108     3.675      102.5     -133.7       26.3     43.2     32.6     28.7 1985  3  2  6 53 56.010 1.7   1
    42559  37.289864 -121.669865     3.682       35.6      -52.5       34.2     43.1     32.5     26.4 1985  3  2  8 55  3.470 1.9   1
    42643  37.289429 -121.669572     3.639       61.4     -100.6       -9.1     43.0     32.4     26.0 1985  3  2  8 55 29.590 2.1   1
    42560  37.290230 -121.670215     3.640        4.1      -11.8       -7.8     44.1     33.3     35.5 1985  3  2  8 58  0.480 1.2   1
    49626  37.291825 -121.671313     3.776      -93.1      165.3      127.9     47.9     40.5     72.8 1985  6 15  1 38 57.380 0.9   1
    54084  37.289925 -121.669946     3.676       28.2      -45.7       28.0     43.2     32.6     26.6 1985  8 28 20 35 10.100 1.6   1
    57770  37.290417 -121.670907     3.597      -57.1        9.1      -51.1     46.3     33.8     48.2 1985 10 28  3 55 38.130 1.3   1
    62514  37.289201 -121.669434     3.648       73.4     -126.1       -0.5     43.0     32.6     24.9 1985 12 31 15 50 52.230 1.7   1
    62520  37.289221 -121.669238     3.680       91.0     -123.7       31.9     43.2     32.7     26.9 1985 12 31 18  3  3.480 1.6   1
    67820  37.291142 -121.670809     3.698      -48.6       89.6       49.5     45.0     33.4     34.6 1986  3  8 10 32  4.410 1.6   1
    73786  37.289510 -121.670264     3.521       -0.1      -91.9     -127.3     80.1     37.9    158.6 1986  6  1 10 51 31.460 1.2   1
    77218  37.289860 -121.670044     3.668       19.5      -53.0       20.1     43.1     32.5     26.0 1986  7 25  9 22 50.290 2.3   1
    77296  37.290222 -121.670353     3.672       -8.3      -12.8       24.2     45.5     33.6     40.1 1986  7 25 16  1 52.100 1.1   1
    81017  37.291858 -121.671403     3.736     -100.9      168.9       88.0     46.6     34.9     41.5 1986  9  2  7 24 15.870 0.8   1
    82606  37.291337 -121.671183     3.701      -81.7      111.2       52.5     44.2     33.7     52.6 1986  9 15 20 17 49.920 2.7   1
    83805  37.291134 -121.670890     3.698      -55.8       88.7       50.1     43.8     32.9     31.0 1986  9 25 12  1 52.830 1.4   1
    88698  37.291968 -121.671785     3.657     -135.3      181.1        8.9     46.8     34.4     58.6 1986 11 25 13  0 35.660 1.0   1
   101361  37.289905 -121.670003     3.666       22.7      -47.8       17.3     43.0     32.4     27.2 1987  6  3  6 56  7.740 1.9   1
   101362  37.289181 -121.669458     3.648       71.2     -128.3        0.1     43.0     32.4     24.8 1987  6  3  6 58 51.320 1.7   1
   102776  37.291846 -121.671436     3.735     -103.7      167.7       87.2     46.7     35.9     42.5 1987  7  7  1 44 26.990 1.0   1
   103138  37.289510 -121.669767     3.656       43.9      -91.8        7.5     43.2     32.6     27.0 1987  7 14 19  2 57.020 1.7   1
   110939  37.290352 -121.670793     3.575      -47.1        1.8      -73.1     45.3     33.7     45.1 1988  1 15  1 56 42.310 1.4   1
   112868  37.291968 -121.671761     3.631     -132.5      181.3      -17.6     46.0     33.8     62.1 1988  2 25 10  0 17.780 0.9   1
   120788  37.291024 -121.670841     3.694      -51.1       76.2       46.1     43.6     32.7     29.1 1988  7 23 10 42 21.740 1.5   1
   126189  37.289840 -121.670052     3.669       18.9      -54.9       21.3     43.0     32.4     25.1 1988 11  2  3  9 12.610 1.9   1
   126292  37.289128 -121.669482     3.644       69.2     -134.1       -3.7     43.1     32.4     25.3 1988 11  3  1 30  4.280 1.7   1
   126389  37.289148 -121.669320     3.691       83.6     -132.0       43.1     43.1     32.5     27.1 1988 11  4 13 34 34.720 1.9   1
   148939  37.289250 -121.669328     3.644       83.0     -120.5       -4.5     42.9     32.4     24.8 1989 12 13  5 33 46.080 1.6   1
   158154  37.291878 -121.671305     3.757      -92.3      171.1      108.8     46.8     34.7     39.7 1990  5 23 11 11 37.580 1.0   1
   160503  37.289909 -121.669792     3.688       41.8      -47.5       39.6     43.2     32.6     29.7 1990  7  5 20  4 42.800 1.7   1
   205031  37.290393 -121.670728     3.592      -41.3        6.4      -55.8     47.6     34.5     48.5 1991  1 20  5  0 30.930 1.2   1
   208364  37.291744 -121.671379     3.731      -98.8      156.2       83.0     46.8     35.7     38.0 1991  3 22 11 23 27.560 1.0   1
   215747  37.289237 -121.669295     3.642       86.1     -121.7       -6.4     43.0     32.4     24.9 1991  5 29  9 45 22.620 1.8   1
   227435  37.290336 -121.670719     3.591      -40.4        0.2      -57.3     46.4     33.8     49.5 1991  8 10 17  6  5.760 1.2   1
   238704  37.289909 -121.669922     3.668       30.1      -47.4       19.4     43.0     32.4     25.9 1991 12  3  5 24 24.980 2.0   1
   238790  37.289465 -121.669580     3.652       60.5      -96.8        3.4     42.9     32.4     25.0 1991 12  4  0  8 49.550 1.9   1
   261841  37.291720 -121.671354     3.737      -96.8      153.5       88.6     47.3     34.7     43.9 1992  4  6  9 39 49.410 0.9   1
   312743  37.291048 -121.670801     3.713      -47.6       78.9       64.4     43.9     33.2     35.8 1992  8 29 17  4 29.020 1.6   1
   314921  37.289181 -121.669149     3.699       99.1     -128.2       50.3     46.4     36.1     49.8 1992  9 11  1 22 13.650 1.1   1
   331552  37.291720 -121.671419     3.741     -102.6      153.7       93.1     46.6     35.3     40.0 1993  1  9 17 48 38.720 1.0   1
   331635  37.291479 -121.671419     3.691     -102.2      127.0       42.9     46.0     35.4     47.4 1993  1 10 22 13  9.440 1.2   1
   352620  37.289535 -121.669434     3.675       73.9      -88.9       27.1     50.3     36.3     75.6 1993  6  8  9 15  1.380 0.8   1
 30036393  37.291850 -121.671330     3.772      -94.5      168.0      123.4     48.1     35.0     43.2 1993 12  1  0 25 49.530 1.0   1
   389286  37.289099 -121.669344     3.657       81.6     -137.3        8.9     43.2     32.6     27.5 1993 12 20 22 35  7.800 1.8   1
   399980  37.290320 -121.670630     3.601      -32.7       -1.9      -47.2     45.9     33.5     47.5 1994  4  6  4 11 34.960 1.4   1
 30062741  37.289901 -121.670190     3.712        6.5      -48.2       63.4     43.2     32.6     31.6 1994 11 16 16 50 58.150 2.0   1
 30062748  37.290173 -121.670158     3.684        9.2      -18.0       36.1     44.6     33.2     42.2 1994 11 16 18  3 42.360 1.3   1
 30069218  37.289197 -121.668994     3.703      112.2     -126.6       54.5     44.8     33.2     44.1 1995  3  3  9 38 49.200 1.2   1
 30069222  37.289144 -121.669092     3.684      104.0     -132.3       35.3     43.5     32.5     30.5 1995  3  3 12 30 15.850 1.8   1
 30069457  37.288965 -121.669076     3.662      105.6     -152.3       13.4     44.0     33.0     35.5 1995  3  7 13 19 41.960 1.3   1
 30073191  37.291878 -121.671265     3.764      -88.5      171.0      115.9     49.3     34.9     46.5 1995  5 14 11 18 47.000 1.0   1
 30076454  37.291215 -121.671134     4.090      -76.9       97.7      441.9    264.6    127.8    549.6 1995  7  4 11 20 49.790 2.7   1
 30092060  37.289307 -121.669181     3.626       95.8     -114.3      -22.1     43.2     32.5     26.5 1995 12 15 18 53 39.820 1.8   1
   478138  37.289799 -121.669954     3.664       27.1      -59.6       15.8     43.3     32.6     29.9 1996  9  2 20 27  0.360 2.0   1
   478141  37.290133 -121.670247     3.673        1.4      -22.4       24.7     45.2     33.8     46.1 1996  9  2 20 36  3.960 1.4   1
   478159  37.294299 -121.668026     1.573      198.2      439.7    -2075.7   2818.9   2135.5   1245.1 1996  9  3  0  2  4.940 1.2   1
   529274  37.289250 -121.669482     3.653       69.0     -120.6        4.6     43.2     32.6     28.0 1997 10 28 12  1 44.750 1.6   1
