    17842  37.288261 -121.671354     3.697      -96.9     -230.2       48.5      2.6      1.9      7.0 1984  4 25  4 35 19.170 1.9   1
    16751  37.290698 -121.673454     3.709     -283.2       40.4       60.4      5.7      3.8     13.7 1984  4 27  7 48 23.500 1.0   1
    21644  37.290108 -121.672900     3.708     -234.1      -25.1       60.0      3.4      2.3      7.9 1984  6 27 14 50 38.140 1.6   1
    22271  37.290393 -121.673210     3.702     -261.2        6.5       54.0      3.9      2.8     13.0 1984  7  7  0 17  9.970 2.7   1
    22280  37.287919 -121.671297     3.633      -91.5     -268.3      -14.8      5.1      2.9     10.3 1984  7  7  2 35  4.060 1.5   1
    23190  37.288953 -121.672111     3.681     -163.8     -153.6       33.2      2.5      1.8      6.5 1984  7 17 16 24 49.440 1.9   1
    25096  37.289437 -121.672909     3.578     -234.5      -99.7      -69.8      4.6      2.8     10.8 1984  8  7  9  7  6.330 1.2   1
    28475  37.290910 -121.673592     3.731     -295.3       63.5       82.6      6.4      5.2     12.2 1984  9 23  8 43 14.720 1.1   1
    32049  37.288257 -121.671541     3.655     -113.3     -230.8        6.6      2.6      1.7      5.4 1984 11 18  0 28 55.240 1.7   1
    35109  37.290096 -121.672884     3.706     -232.4      -26.8       58.0      3.3      2.2      7.8 1984 12 22  4 43 44.710 1.6   1
    42349  37.288342 -121.671403     3.708     -101.0     -221.4       60.1      6.9      6.0     14.5 1985  2 28  1  9 58.300 0.8   1
    42555  37.288220 -121.671330     3.693      -94.3     -235.0       44.8      2.7      1.9      7.0 1985  3  2  6 53 56.010 1.7   1
    42559  37.288957 -121.672078     3.704     -161.0     -153.0       56.2      2.4      1.7      6.4 1985  3  2  8 55  3.470 1.9   1
    42643  37.288513 -121.671777     3.651     -134.4     -202.3        2.6      2.3      1.6      5.5 1985  3  2  8 55 29.590 2.1   1
    42560  37.289319 -121.672428     3.656     -191.8     -112.8        7.8      3.6      2.8      8.8 1985  3  2  8 58  0.480 1.2   1
    49626  37.290910 -121.673560     3.734     -292.5       63.9       85.7      7.0      6.0     20.1 1985  6 15  1 38 57.380 0.9   1
    54084  37.289006 -121.672135     3.683     -165.8     -147.7       34.4      2.6      1.9      6.4 1985  8 28 20 35 10.100 1.6   1
    57770  37.289530 -121.673006     3.581     -243.3      -89.6      -67.0      5.3      3.3     12.3 1985 10 28  3 55 38.130 1.3   1
    62514  37.288281 -121.671623     3.654     -120.7     -228.0        5.4      2.3      1.8      5.2 1985 12 31 15 50 52.230 1.7   1
    62520  37.288302 -121.671427     3.689     -103.1     -225.7       41.1      2.6      2.0      6.6 1985 12 31 18  3  3.480 1.6   1
    67820  37.290238 -121.672965     3.706     -239.7      -11.0       58.0      4.2      2.7      8.8 1986  3  8 10 32  4.410 1.6   1
    73786  37.288623 -121.672331     3.496     -183.1     -190.0     -151.9     19.5      5.8     44.9 1986  6  1 10 51 31.460 1.2   1
    77218  37.288944 -121.672225     3.667     -173.6     -154.5       19.2      2.5      1.8      6.0 1986  7 25  9 22 50.290 2.3   1
    77296  37.289294 -121.672518     3.666     -200.0     -115.5       18.2      4.7      3.0     10.0 1986  7 25 16  1 52.100 1.1   1
    81017  37.291020 -121.673608     3.706     -296.7       75.7       57.5      5.5      4.1     11.3 1986  9  2  7 24 15.870 0.8   1
    82606  37.290422 -121.673372     3.720     -275.3        9.5       71.8      3.4      2.8     12.8 1986  9 15 20 17 49.920 2.7   1
    83805  37.290238 -121.673055     3.705     -247.8      -10.7       56.8      3.3      2.2      8.1 1986  9 25 12  1 52.830 1.4   1
    88698  37.290999 -121.673625     3.708     -297.7       73.7       59.5      4.9      3.5     10.2 1986 11 25 13  0 35.660 1.0   1
   101361  37.288981 -121.672184     3.671     -170.2     -150.6       23.2      2.3      1.6      5.5 1987  6  3  6 56  7.740 1.9   1
   101362  37.288249 -121.671655     3.652     -123.2     -231.5        3.9      2.4      1.6      5.1 1987  6  3  6 58 51.320 1.7   1
   102776  37.290971 -121.673625     3.709     -297.9       70.5       61.1      5.4      4.6     11.5 1987  7  7  1 44 26.990 1.0   1
   103138  37.288574 -121.671948     3.659     -149.1     -195.3       10.9      2.6      1.8      5.9 1987  7 14 19  2 57.020 1.7   1
   110939  37.289461 -121.672925     3.564     -236.2      -97.1      -83.8      4.6      3.2     11.4 1988  1 15  1 56 42.310 1.4   1
   112868  37.291016 -121.673649     3.707     -300.0       75.5       58.9      4.4      3.1      9.8 1988  2 25 10  0 17.780 0.9   1
   120788  37.290116 -121.673006     3.702     -243.1      -24.5       53.6      3.0      2.0      7.6 1988  7 23 10 42 21.740 1.5   1
   126189  37.288928 -121.672217     3.673     -173.3     -156.2       24.9      2.3      1.6      5.7 1988 11  2  3  9 12.610 1.9   1
   126292  37.288216 -121.671663     3.652     -123.8     -235.2        3.6      2.4      1.7      5.3 1988 11  3  1 30  4.280 1.7   1
   126389  37.288245 -121.671517     3.699     -111.2     -231.9       50.5      2.5      1.8      6.5 1988 11  4 13 34 34.720 1.9   1
   148939  37.288346 -121.671517     3.650     -110.9     -220.8        1.6      2.2      1.6      5.1 1989 12 13  5 33 46.080 1.6   1
   158154  37.290991 -121.673486     3.743     -285.4       72.9       94.5      5.4      3.7     10.9 1990  5 23 11 11 37.580 1.0   1
   160503  37.289030 -121.671997     3.704     -153.5     -145.2       55.7      2.5      1.9      8.4 1990  7  5 20  4 42.800 1.7   1
   205031  37.289522 -121.672909     3.594     -234.7      -90.1      -54.0      6.2      3.8     12.3 1991  1 20  5  0 30.930 1.2   1
   208364  37.290975 -121.673527     3.740     -289.1       70.9       91.5      5.6      4.6     11.1 1991  3 22 11 23 27.560 1.0   1
   215747  37.288346 -121.671493     3.649     -109.2     -220.9        0.7      2.4      1.6      5.2 1991  5 29  9 45 22.620 1.8   1
   227435  37.289502 -121.672900     3.593     -233.7      -92.4      -55.2      5.4      3.4     12.7 1991  8 10 17  6  5.760 1.2   1
   238704  37.289022 -121.672095     3.678     -162.7     -145.8       30.0      2.3      1.6      6.2 1991 12  3  5 24 24.980 2.0   1
   238790  37.288570 -121.671761     3.658     -133.0     -195.8       10.1      2.2      1.6      5.2 1991 12  4  0  8 49.550 1.9   1
   261841  37.290914 -121.673519     3.741     -288.3       64.2       93.0      6.1      4.0     12.9 1992  4  6  9 39 49.410 0.9   1
   312743  37.290177 -121.672925     3.734     -235.9      -17.7       85.7      3.4      2.5     10.5 1992  8 29 17  4 29.020 1.6   1
   314921  37.288293 -121.671362     3.713      -97.8     -226.8       64.9      5.4      4.6     12.8 1992  9 11  1 22 13.650 1.1   1
   331552  37.290942 -121.673551     3.742     -291.6       67.2       93.5      5.6      4.3     11.5 1993  1  9 17 48 38.720 1.0   1
   331635  37.290686 -121.673519     3.713     -288.8       38.9       64.4      5.4      4.8     15.9 1993  1 10 22 13  9.440 1.2   1
   352620  37.288627 -121.671639     3.686     -122.2     -189.5       37.6      7.5      4.9     21.0 1993  6  8  9 15  1.380 0.8   1
 30036393  37.290963 -121.673560     3.751     -292.3       69.4      102.8      6.2      4.2     11.9 1993 12  1  0 25 49.530 1.0   1
   389286  37.288204 -121.671541     3.664     -113.1     -236.4       15.8      2.6      1.9      5.9 1993 12 20 22 35  7.800 1.8   1
   399980  37.289498 -121.672819     3.603     -226.6      -92.9      -45.3      5.1      3.1     12.0 1994  4  6  4 11 34.960 1.4   1
 30062741  37.289014 -121.672030     3.700     -156.9     -146.9       52.3      2.6      2.0      9.4 1994 11 16 16 50 58.150 2.0   1
 30062748  37.289315 -121.672314     3.688     -181.8     -113.2       39.4      4.2      2.6     13.2 1994 11 16 18  3 42.360 1.3   1
 30069218  37.288322 -121.671208     3.716      -84.0     -223.7       67.9      4.1      2.6     11.4 1995  3  3  9 38 49.200 1.2   1
 30069222  37.288257 -121.671289     3.699      -90.6     -230.7       50.6      2.8      1.8      7.3 1995  3  3 12 30 15.850 1.8   1
 30069457  37.288082 -121.671281     3.672      -90.3     -250.0       23.3      3.5      2.4      8.4 1995  3  7 13 19 41.960 1.3   1
 30073191  37.290995 -121.673527     3.739     -289.1       73.2       91.2      6.5      4.1     12.1 1995  5 14 11 18 47.000 1.0   1
 30076454  37.290340 -121.673201     3.729     -260.3        0.4       80.9      3.7      2.8     13.4 1995  7  4 11 20 49.790 2.7   1
 30092060  37.288391 -121.671615     3.657     -120.0     -215.9        8.5      2.7      1.7      5.7 1995 12 15 18 53 39.820 1.8   1
   478138  37.288900 -121.672111     3.673     -163.5     -159.6       25.0      2.8      2.0      7.4 1996  9  2 20 27  0.360 2.0   1
   478141  37.289254 -121.672412     3.681     -190.8     -120.2       33.0      4.7      3.2     14.4 1996  9  2 20 36  3.960 1.4   1
   529274  37.288342 -121.671663     3.660     -123.8     -221.2       11.5      2.7      1.9      6.2 1997 10 28 12  1 44.750 1.6   1
