    17842  37.288277 -121.671338     3.696      -95.0     -228.7       47.4      9.1      9.6     25.0 1984  4 25  4 35 19.170 1.9   1
    16751  37.290715 -121.673462     3.710     -283.9       41.9       61.5     20.7     15.4     50.4 1984  4 27  7 48 23.500 1.0   1
    21644  37.290100 -121.672876     3.703     -231.8      -26.3       54.8     12.4     11.3     29.3 1984  6 27 14 50 38.140 1.6   1
    22271  37.290405 -121.673210     3.695     -260.9        7.7       46.3     13.8     12.9     47.2 1984  7  7  0 17  9.970 2.7   1
    22280  37.287919 -121.671297     3.637      -91.7     -268.2      -11.5     17.5     12.8     36.5 1984  7  7  2 35  4.060 1.5   1
    23190  37.288957 -121.672087     3.666     -161.3     -153.1       18.1      9.0     10.2     20.4 1984  7 17 16 24 49.440 1.9   1
    25096  37.289429 -121.672917     3.588     -235.4     -100.5      -60.1     16.6     12.6     38.0 1984  8  7  9  7  6.330 1.2   1
    28475  37.290906 -121.673592     3.733     -295.2       63.3       84.9     23.0     20.4     45.4 1984  9 23  8 43 14.720 1.1   1
    32049  37.288265 -121.671493     3.649     -108.9     -230.0        0.8      9.1     10.0     19.9 1984 11 18  0 28 55.240 1.7   1
    35109  37.290092 -121.672852     3.701     -229.6      -26.9       53.0     11.6     11.2     28.9 1984 12 22  4 43 44.710 1.6   1
    42349  37.288330 -121.671403     3.708     -101.2     -222.8       59.3     24.5     23.3     53.5 1985  2 28  1  9 58.300 0.8   1
    42555  37.288224 -121.671289     3.690      -91.0     -234.5       42.1      9.5     10.4     25.7 1985  3  2  6 53 56.010 1.7   1
    42559  37.288961 -121.672054     3.704     -158.6     -152.6       55.9      8.6      9.9     23.2 1985  3  2  8 55  3.470 1.9   1
    42643  37.288521 -121.671761     3.646     -132.7     -201.4       -2.3      8.2      9.9     20.1 1985  3  2  8 55 29.590 2.1   1
    42560  37.289323 -121.672396     3.643     -188.8     -112.2       -5.1     13.0     12.7     31.4 1985  3  2  8 58  0.480 1.2   1
    49626  37.290894 -121.673560     3.733     -292.5       61.8       84.4     25.4     23.1     74.3 1985  6 15  1 38 57.380 0.9   1
    54084  37.289018 -121.672135     3.680     -166.0     -146.2       31.6      9.4     10.4     23.5 1985  8 28 20 35 10.100 1.6   1
    57770  37.289510 -121.673055     3.604     -247.8      -91.5      -44.7     19.0     13.9     42.3 1985 10 28  3 55 38.130 1.3   1
    62514  37.288289 -121.671615     3.654     -119.8     -227.1        6.0      8.3     10.4     18.7 1985 12 31 15 50 52.230 1.7   1
    62520  37.288318 -121.671419     3.685     -102.1     -224.1       36.5      9.4     10.7     24.1 1985 12 31 18  3  3.480 1.6   1
    67820  37.290263 -121.672982     3.705     -240.9       -8.1       56.9     15.3     12.5     32.8 1986  3  8 10 32  4.410 1.6   1
    73786  37.288599 -121.672445     3.536     -193.2     -192.6     -112.7     68.5     22.3    151.7 1986  6  1 10 51 31.460 1.2   1
    77218  37.288949 -121.672217     3.665     -173.4     -153.9       16.6      8.8     10.1     22.1 1986  7 25  9 22 50.290 2.3   1
    77296  37.289311 -121.672534     3.673     -201.6     -113.6       25.0     17.0     13.5     35.9 1986  7 25 16  1 52.100 1.1   1
    81017  37.291028 -121.673625     3.705     -298.2       76.6       57.0     19.8     16.7     42.1 1986  9  2  7 24 15.870 0.8   1
    82606  37.290422 -121.673372     3.712     -275.5        9.5       63.4     12.1     12.8     45.3 1986  9 15 20 17 49.920 2.7   1
    83805  37.290255 -121.673071     3.702     -249.1       -8.8       53.5     11.9     11.1     30.1 1986  9 25 12  1 52.830 1.4   1
    88698  37.291016 -121.673641     3.708     -299.4       75.5       60.2     17.6     14.4     38.1 1986 11 25 13  0 35.660 1.0   1
   101361  37.288997 -121.672192     3.671     -170.9     -148.7       22.9      8.0      9.7     20.4 1987  6  3  6 56  7.740 1.9   1
   101362  37.288269 -121.671647     3.654     -122.4     -229.2        5.9      8.3      9.8     18.6 1987  6  3  6 58 51.320 1.7   1
   102776  37.290979 -121.673641     3.708     -299.5       71.2       59.7     19.4     18.3     42.8 1987  7  7  1 44 26.990 1.0   1
   103138  37.288599 -121.671948     3.662     -149.4     -192.7       13.4      9.1     10.4     21.2 1987  7 14 19  2 57.020 1.7   1
   110939  37.289445 -121.672965     3.583     -239.2      -98.8      -65.5     16.5     13.5     39.5 1988  1 15  1 56 42.310 1.4   1
   112868  37.291036 -121.673674     3.711     -302.5       77.9       62.4     15.9     13.2     35.9 1988  2 25 10  0 17.780 0.9   1
   120788  37.290125 -121.673022     3.696     -244.6      -23.3       47.8     10.7     10.6     27.9 1988  7 23 10 42 21.740 1.5   1
   126189  37.288932 -121.672225     3.669     -173.8     -155.8       21.1      8.0      9.7     20.8 1988 11  2  3  9 12.610 1.9   1
   126292  37.288220 -121.671663     3.650     -124.0     -234.9        1.6      8.6      9.9     19.0 1988 11  3  1 30  4.280 1.7   1
   126389  37.288236 -121.671501     3.694     -110.0     -232.9       46.1      8.7     10.0     23.5 1988 11  4 13 34 34.720 1.9   1
   148939  37.288338 -121.671509     3.649     -110.3     -221.5        1.2      7.9      9.8     18.6 1989 12 13  5 33 46.080 1.6   1
   158154  37.290991 -121.673486     3.744     -286.1       72.6       95.4     19.3     15.5     40.6 1990  5 23 11 11 37.580 1.0   1
   160503  37.289006 -121.671981     3.710     -152.0     -147.6       61.6      9.0     10.4     29.7 1990  7  5 20  4 42.800 1.7   1
   205031  37.289486 -121.672900     3.603     -233.7      -94.3      -45.5     22.0     15.4     43.4 1991  1 20  5  0 30.930 1.2   1
   208364  37.290975 -121.673527     3.740     -289.6       70.7       91.4     20.1     18.6     41.0 1991  3 22 11 23 27.560 1.0   1
   215747  37.288326 -121.671476     3.649     -107.5     -223.0        0.5      8.7      9.9     18.9 1991  5 29  9 45 22.620 1.8   1
   227435  37.289429 -121.672876     3.602     -231.7     -100.5      -46.0     19.2     13.8     44.8 1991  8 10 17  6  5.760 1.2   1
   238704  37.289006 -121.672103     3.680     -163.1     -147.8       31.5      8.0      9.7     22.6 1991 12  3  5 24 24.980 2.0   1
   238790  37.288558 -121.671761     3.658     -132.9     -197.5       10.2      7.8      9.8     19.1 1991 12  4  0  8 49.550 1.9   1
   261841  37.290910 -121.673511     3.742     -287.6       63.9       93.6     22.1     16.3     47.9 1992  4  6  9 39 49.410 0.9   1
   312743  37.290153 -121.672933     3.724     -236.8      -20.4       75.9     12.0     12.0     38.4 1992  8 29 17  4 29.020 1.6   1
   314921  37.288273 -121.671330     3.708      -94.8     -229.2       59.3     19.4     18.5     47.3 1992  9 11  1 22 13.650 1.1   1
   331552  37.290934 -121.673543     3.746     -290.7       66.4       97.3     20.3     17.8     42.5 1993  1  9 17 48 38.720 1.0   1
   331635  37.290678 -121.673519     3.714     -288.4       37.7       65.5     19.6     18.8     57.4 1993  1 10 22 13  9.440 1.2   1
   352620  37.288623 -121.671631     3.687     -120.9     -190.2       38.9     27.2     19.4     77.1 1993  6  8  9 15  1.380 0.8   1
 30036393  37.290951 -121.673551     3.753     -291.8       68.3      104.7     22.3     16.5     44.2 1993 12  1  0 25 49.530 1.0   1
   389286  37.288192 -121.671525     3.663     -112.1     -238.1       14.7      9.4     10.5     21.7 1993 12 20 22 35  7.800 1.8   1
   399980  37.289408 -121.672795     3.611     -224.7     -102.8      -37.5     18.2     13.2     42.4 1994  4  6  4 11 34.960 1.4   1
 30062741  37.289014 -121.672339     3.726     -184.2     -146.8       77.5      9.3     10.5     34.8 1994 11 16 16 50 58.150 2.0   1
 30062748  37.289274 -121.672323     3.687     -182.5     -118.1       38.3     14.9     12.0     47.3 1994 11 16 18  3 42.360 1.3   1
 30069218  37.288285 -121.671191     3.712      -82.5     -227.8       63.8     14.6     12.0     41.1 1995  3  3  9 38 49.200 1.2   1
 30069222  37.288232 -121.671289     3.695      -90.7     -233.4       47.2     10.1     10.2     26.3 1995  3  3 12 30 15.850 1.8   1
 30069457  37.288053 -121.671257     3.665      -87.9     -253.4       17.2     12.7     11.7     30.3 1995  3  7 13 19 41.960 1.3   1
 30073191  37.290991 -121.673519     3.742     -288.5       72.9       93.6     23.5     16.3     44.7 1995  5 14 11 18 47.000 1.0   1
 30076454  37.290344 -121.673242     3.714     -263.8        0.8       66.3     13.1     12.6     45.6 1995  7  4 11 20 49.790 2.7   1
 30092060  37.288395 -121.671362     3.633      -97.5     -215.6      -15.1      9.5     10.1     20.7 1995 12 15 18 53 39.820 1.8   1
   478138  37.288892 -121.672135     3.675     -166.2     -160.4       27.0      9.8     10.6     27.1 1996  9  2 20 27  0.360 2.0   1
   478141  37.289229 -121.672420     3.679     -191.4     -123.0       30.7     16.9     13.7     51.8 1996  9  2 20 36  3.960 1.4   1
   529274  37.288334 -121.671663     3.659     -123.9     -222.0       11.0      9.6     10.5     22.7 1997 10 28 12  1 44.750 1.6   1
