    17842  37.288293 -121.671379     3.696      -98.5     -226.6       48.2      2.6      2.8      6.8 1984  4 25  4 35 19.170 1.9   1
    16751  37.290662 -121.673478     3.702     -284.8       36.0       53.7      5.9      4.8     14.2 1984  4 27  7 48 23.500 1.0   1
    21644  37.290092 -121.672909     3.704     -234.8      -27.1       56.2      3.8      3.5      8.8 1984  6 27 14 50 38.140 1.6   1
    22271  37.290356 -121.673226     3.701     -262.6        2.3       52.5      4.9      4.3     15.3 1984  7  7  0 17  9.970 2.7   1
    22280  37.287948 -121.671313     3.629      -93.3     -265.1      -18.9      5.1      3.8     10.1 1984  7  7  2 35  4.060 1.5   1
    23190  37.288969 -121.672111     3.681     -164.1     -151.6       32.9      2.5      3.0      6.6 1984  7 17 16 24 49.440 1.9   1
    25096  37.289445 -121.672909     3.582     -234.8      -98.7      -65.9      5.0      3.9     11.8 1984  8  7  9  7  6.330 1.2   1
    28475  37.290885 -121.673584     3.727     -294.1       61.0       78.3      6.3      5.6     12.4 1984  9 23  8 43 14.720 1.1   1
    32049  37.288281 -121.671549     3.654     -113.8     -227.9        5.5      2.6      3.0      5.6 1984 11 18  0 28 55.240 1.7   1
    35109  37.290084 -121.672892     3.703     -233.2      -27.9       54.7      3.6      3.4      8.8 1984 12 22  4 43 44.710 1.6   1
    42349  37.288363 -121.671411     3.708     -101.6     -218.9       59.7      6.5      6.2     13.9 1985  2 28  1  9 58.300 0.8   1
    42555  37.288245 -121.671330     3.693      -94.5     -232.2       44.4      2.7      3.0      7.0 1985  3  2  6 53 56.010 1.7   1
    42559  37.288973 -121.672087     3.703     -161.8     -151.1       54.7      2.4      2.9      6.4 1985  3  2  8 55  3.470 1.9   1
    42643  37.288538 -121.671777     3.650     -134.5     -199.4        1.9      2.4      2.9      5.6 1985  3  2  8 55 29.590 2.1   1
    42560  37.289331 -121.672428     3.656     -192.0     -111.4        8.1      3.6      3.7      8.8 1985  3  2  8 58  0.480 1.2   1
    49626  37.290894 -121.673551     3.730     -291.7       61.7       81.9      6.8      6.2     19.3 1985  6 15  1 38 57.380 0.9   1
    54084  37.289022 -121.672144     3.682     -166.4     -145.7       33.4      2.6      3.0      6.5 1985  8 28 20 35 10.100 1.6   1
    57770  37.289526 -121.673014     3.586     -243.6      -90.0      -62.0      5.7      4.3     13.2 1985 10 28  3 55 38.130 1.3   1
    62514  37.288302 -121.671631     3.652     -121.2     -226.0        4.2      2.4      3.0      5.4 1985 12 31 15 50 52.230 1.7   1
    62520  37.288322 -121.671436     3.689     -104.0     -223.4       41.1      2.7      3.1      6.6 1985 12 31 18  3  3.480 1.6   1
    67820  37.290218 -121.672965     3.703     -239.8      -13.1       54.6      4.5      3.9      9.8 1986  3  8 10 32  4.410 1.6   1
    73786  37.288631 -121.672290     3.513     -180.0     -189.4     -134.8     20.3      7.2     48.1 1986  6  1 10 51 31.460 1.2   1
    77218  37.288961 -121.672217     3.667     -173.4     -152.7       18.8      2.5      2.9      6.1 1986  7 25  9 22 50.290 2.3   1
    77296  37.289315 -121.672526     3.667     -200.9     -113.6       18.3      4.7      3.8      9.9 1986  7 25 16  1 52.100 1.1   1
    81017  37.290995 -121.673600     3.701     -295.6       73.4       52.9      5.5      4.7     11.8 1986  9  2  7 24 15.870 0.8   1
    82606  37.290393 -121.673348     3.712     -273.5        6.5       64.0      4.6      4.3     15.6 1986  9 15 20 17 49.920 2.7   1
    83805  37.290226 -121.673047     3.700     -246.8      -12.2       51.8      3.7      3.5      9.1 1986  9 25 12  1 52.830 1.4   1
    88698  37.290971 -121.673608     3.704     -296.6       70.6       55.8      5.1      4.4     11.0 1986 11 25 13  0 35.660 1.0   1
   101361  37.288993 -121.672192     3.671     -170.7     -149.1       22.5      2.3      2.8      5.6 1987  6  3  6 56  7.740 1.9   1
   101362  37.288273 -121.671655     3.650     -123.3     -229.0        2.2      2.4      2.9      5.4 1987  6  3  6 58 51.320 1.7   1
   102776  37.290951 -121.673608     3.704     -296.5       68.1       55.9      5.5      5.2     12.1 1987  7  7  1 44 26.990 1.0   1
   103138  37.288595 -121.671948     3.658     -149.6     -193.2        9.7      2.6      3.0      5.9 1987  7 14 19  2 57.020 1.7   1
   110939  37.289469 -121.672925     3.571     -236.2      -96.3      -77.5      5.1      4.3     12.6 1988  1 15  1 56 42.310 1.4   1
   112868  37.290991 -121.673633     3.702     -298.4       72.8       53.6      4.8      4.2     10.7 1988  2 25 10  0 17.780 0.9   1
   120788  37.290108 -121.673014     3.698     -243.6      -25.3       49.9      3.4      3.3      8.7 1988  7 23 10 42 21.740 1.5   1
   126189  37.288944 -121.672233     3.672     -174.5     -154.3       23.8      2.3      2.9      5.8 1988 11  2  3  9 12.610 1.9   1
   126292  37.288236 -121.671672     3.650     -124.6     -233.1        2.0      2.5      3.0      5.5 1988 11  3  1 30  4.280 1.7   1
   126389  37.288265 -121.671533     3.699     -112.2     -229.7       50.4      2.6      3.0      6.6 1988 11  4 13 34 34.720 1.9   1
   148939  37.288371 -121.671517     3.651     -110.9     -217.9        2.5      2.3      2.9      5.3 1989 12 13  5 33 46.080 1.6   1
   158154  37.290967 -121.673486     3.740     -286.0       70.0       91.4      5.6      4.6     11.6 1990  5 23 11 11 37.580 1.0   1
   160503  37.289046 -121.671997     3.706     -153.6     -143.0       57.7      2.6      3.0      8.4 1990  7  5 20  4 42.800 1.7   1
   205031  37.289547 -121.672876     3.599     -232.0      -87.8      -49.2      6.4      4.7     13.3 1991  1 20  5  0 30.930 1.2   1
   208364  37.290951 -121.673511     3.737     -288.0       68.2       88.4      5.7      5.1     11.6 1991  3 22 11 23 27.560 1.0   1
   215747  37.288375 -121.671493     3.649     -108.9     -217.9        0.4      2.5      2.9      5.4 1991  5 29  9 45 22.620 1.8   1
   227435  37.289530 -121.672892     3.598     -232.9      -89.3      -50.1      5.7      4.3     13.5 1991  8 10 17  6  5.760 1.2   1
   238704  37.289046 -121.672103     3.678     -163.2     -143.1       30.0      2.3      2.8      6.3 1991 12  3  5 24 24.980 2.0   1
   238790  37.288599 -121.671761     3.658     -133.1     -192.7        9.6      2.3      2.9      5.4 1991 12  4  0  8 49.550 1.9   1
   261841  37.290889 -121.673494     3.737     -286.5       61.4       88.7      6.0      4.7     13.0 1992  4  6  9 39 49.410 0.9   1
   312743  37.290173 -121.672917     3.732     -235.5      -18.0       83.4      3.7      3.8     11.0 1992  8 29 17  4 29.020 1.6   1
   314921  37.288322 -121.671379     3.713      -98.8     -223.8       64.8      5.1      4.9     12.2 1992  9 11  1 22 13.650 1.1   1
   331552  37.290922 -121.673543     3.738     -291.1       65.0       89.3      5.6      4.9     11.8 1993  1  9 17 48 38.720 1.0   1
   331635  37.290666 -121.673519     3.708     -288.4       36.5       60.0      5.7      5.5     16.3 1993  1 10 22 13  9.440 1.2   1
   352620  37.288656 -121.671647     3.685     -122.5     -186.5       37.2      7.0      5.1     19.6 1993  6  8  9 15  1.380 0.8   1
 30036393  37.290934 -121.673551     3.746     -291.2       66.3       98.1      6.2      4.9     12.2 1993 12  1  0 25 49.530 1.0   1
   389286  37.288241 -121.671541     3.663     -113.0     -232.5       14.9      2.7      3.1      5.9 1993 12 20 22 35  7.800 1.8   1
   399980  37.289530 -121.672827     3.607     -227.0      -89.6      -41.5      5.4      4.1     12.9 1994  4  6  4 11 34.960 1.4   1
 30062741  37.289034 -121.672030     3.701     -156.4     -144.7       53.0      2.6      3.1      9.3 1994 11 16 16 50 58.150 2.0   1
 30062748  37.289339 -121.672306     3.688     -181.1     -110.6       39.7      4.1      3.5     12.9 1994 11 16 18  3 42.360 1.3   1
 30069218  37.288350 -121.671224     3.716      -85.0     -220.3       68.1      4.0      3.5     11.0 1995  3  3  9 38 49.200 1.2   1
 30069222  37.288289 -121.671289     3.700      -90.7     -227.3       52.0      2.9      3.0      7.3 1995  3  3 12 30 15.850 1.8   1
 30069457  37.288110 -121.671297     3.670      -91.4     -246.9       21.7      3.6      3.4      8.4 1995  3  7 13 19 41.960 1.3   1
 30073191  37.290963 -121.673511     3.735     -288.0       69.7       86.7      6.8      4.8     12.4 1995  5 14 11 18 47.000 1.0   1
 30076454  37.290324 -121.673210     3.718     -261.1       -1.6       69.5      4.8      4.2     15.9 1995  7  4 11 20 49.790 2.7   1
 30092060  37.288420 -121.671623     3.657     -120.4     -212.9        8.5      2.7      3.0      5.7 1995 12 15 18 53 39.820 1.8   1
   478138  37.288924 -121.672111     3.673     -163.5     -156.9       24.5      2.7      3.1      7.3 1996  9  2 20 27  0.360 2.0   1
   478141  37.289278 -121.672412     3.683     -190.7     -117.4       34.4      4.5      3.9     14.0 1996  9  2 20 36  3.960 1.4   1
   529274  37.288367 -121.671655     3.659     -123.8     -218.4       11.0      2.7      3.1      6.2 1997 10 28 12  1 44.750 1.6   1
