    17842  37.288265 -121.671330     3.697      -94.4     -229.8       48.7      9.3      6.5     25.1 1984  4 25  4 35 19.170 1.9   1
    16751  37.290706 -121.673462     3.710     -283.8       41.2       62.0     20.8     13.2     49.7 1984  4 27  7 48 23.500 1.0   1
    21644  37.290100 -121.672876     3.704     -231.5      -26.4       55.5     12.4      8.0     28.7 1984  6 27 14 50 38.140 1.6   1
    22271  37.290405 -121.673201     3.694     -260.6        7.5       45.9     13.8     10.1     47.5 1984  7  7  0 17  9.970 2.7   1
    22280  37.287919 -121.671297     3.638      -91.5     -268.5      -10.5     17.5      9.9     36.2 1984  7  7  2 35  4.060 1.5   1
    23190  37.288949 -121.672087     3.668     -161.5     -153.8       19.7      9.0      6.3     19.9 1984  7 17 16 24 49.440 1.9   1
    25096  37.289421 -121.672917     3.589     -235.4     -101.4      -59.5     16.6      9.8     37.8 1984  8  7  9  7  6.330 1.2   1
    28475  37.290906 -121.673600     3.733     -295.7       63.0       85.2     22.9     18.6     44.4 1984  9 23  8 43 14.720 1.1   1
    32049  37.288261 -121.671501     3.650     -109.4     -230.4        2.0      9.1      5.9     19.3 1984 11 18  0 28 55.240 1.7   1
    35109  37.290092 -121.672852     3.702     -229.4      -27.3       53.7     11.6      7.8     28.3 1984 12 22  4 43 44.710 1.6   1
    42349  37.288322 -121.671411     3.709     -101.4     -223.4       60.6     24.5     21.9     53.1 1985  2 28  1  9 58.300 0.8   1
    42555  37.288220 -121.671297     3.692      -91.4     -234.9       43.5      9.5      6.7     25.2 1985  3  2  6 53 56.010 1.7   1
    42559  37.288957 -121.672046     3.706     -158.3     -153.1       57.7      8.6      5.9     22.6 1985  3  2  8 55  3.470 1.9   1
    42643  37.288517 -121.671753     3.647     -132.4     -201.8       -0.8      8.2      5.7     19.5 1985  3  2  8 55 29.590 2.1   1
    42560  37.289323 -121.672388     3.642     -188.7     -112.5       -5.7     13.0      9.7     31.1 1985  3  2  8 58  0.480 1.2   1
    49626  37.290889 -121.673560     3.733     -292.5       61.4       84.8     25.3     21.6     73.6 1985  6 15  1 38 57.380 0.9   1
    54084  37.289014 -121.672127     3.681     -165.5     -146.8       33.3      9.4      6.7     22.9 1985  8 28 20 35 10.100 1.6   1
    57770  37.289502 -121.673063     3.604     -248.1      -92.4      -44.1     19.0     11.3     42.1 1985 10 28  3 55 38.130 1.3   1
    62514  37.288285 -121.671623     3.655     -120.3     -227.6        7.2      8.3      6.5     18.2 1985 12 31 15 50 52.230 1.7   1
    62520  37.288310 -121.671419     3.686     -102.4     -224.8       37.9      9.4      7.2     23.6 1985 12 31 18  3  3.480 1.6   1
    67820  37.290259 -121.672982     3.706     -240.9       -8.5       57.7     15.3      9.7     32.2 1986  3  8 10 32  4.410 1.6   1
    73786  37.288599 -121.672445     3.537     -193.4     -193.0     -111.5     68.3     20.5    150.6 1986  6  1 10 51 31.460 1.2   1
    77218  37.288949 -121.672233     3.675     -174.3     -154.2       26.9      8.8      6.1     19.8 1986  7 25  9 22 50.290 2.3   1
    77296  37.289315 -121.672526     3.659     -200.6     -113.1       11.0     17.3     10.1     38.2 1986  7 25 16  1 52.100 1.1   1
    81017  37.291024 -121.673617     3.705     -297.6       76.4       57.1     19.9     14.7     41.2 1986  9  2  7 24 15.870 0.8   1
    82606  37.290417 -121.673372     3.714     -275.5        8.9       65.3     12.1     10.0     45.0 1986  9 15 20 17 49.920 2.7   1
    83805  37.290255 -121.673071     3.702     -249.2       -9.1       54.0     11.9      7.8     29.5 1986  9 25 12  1 52.830 1.4   1
    88698  37.291012 -121.673649     3.709     -299.9       75.0       60.5     17.7     12.1     37.1 1986 11 25 13  0 35.660 1.0   1
   101361  37.288993 -121.672184     3.673     -170.6     -149.1       24.6      8.0      5.4     19.7 1987  6  3  6 56  7.740 1.9   1
   101362  37.288265 -121.671647     3.655     -122.5     -229.8        7.1      8.3      5.6     18.0 1987  6  3  6 58 51.320 1.7   1
   102776  37.290975 -121.673641     3.708     -299.4       70.9       59.9     19.5     16.5     41.9 1987  7  7  1 44 26.990 1.0   1
   103138  37.288590 -121.671948     3.663     -149.4     -193.5       14.7      9.1      6.5     20.7 1987  7 14 19  2 57.020 1.7   1
   110939  37.289437 -121.672957     3.583     -239.2      -99.6      -64.8     16.5     10.8     39.2 1988  1 15  1 56 42.310 1.4   1
   112868  37.291028 -121.673674     3.711     -302.3       77.0       62.6     15.9     10.6     35.0 1988  2 25 10  0 17.780 0.9   1
   120788  37.290125 -121.673014     3.697     -244.1      -23.6       48.4     10.7      6.9     27.3 1988  7 23 10 42 21.740 1.5   1
   126189  37.288924 -121.672225     3.671     -173.8     -156.5       23.0      8.0      5.5     20.2 1988 11  2  3  9 12.610 1.9   1
   126292  37.288212 -121.671672     3.651     -124.5     -235.6        2.9      8.6      5.8     18.5 1988 11  3  1 30  4.280 1.7   1
   126389  37.288236 -121.671509     3.696     -110.1     -233.2       47.5      8.7      6.1     22.9 1988 11  4 13 34 34.720 1.9   1
   148939  37.288334 -121.671509     3.651     -110.3     -222.1        2.4      7.9      5.5     18.0 1989 12 13  5 33 46.080 1.6   1
   158154  37.290983 -121.673486     3.744     -286.0       71.9       95.7     19.3     13.4     39.7 1990  5 23 11 11 37.580 1.0   1
   160503  37.289001 -121.671981     3.711     -152.0     -148.1       63.1      9.0      6.7     29.2 1990  7  5 20  4 42.800 1.7   1
   205031  37.289478 -121.672909     3.603     -234.2      -95.1      -44.8     22.0     13.0     43.1 1991  1 20  5  0 30.930 1.2   1
   208364  37.290971 -121.673535     3.740     -289.8       70.3       91.7     20.1     16.8     39.9 1991  3 22 11 23 27.560 1.0   1
   215747  37.288322 -121.671476     3.650     -107.3     -223.6        1.7      8.7      5.7     18.4 1991  5 29  9 45 22.620 1.8   1
   227435  37.289425 -121.672884     3.603     -232.1     -101.1      -45.4     19.2     11.3     44.5 1991  8 10 17  6  5.760 1.2   1
   238704  37.288997 -121.672111     3.681     -163.6     -148.4       33.2      8.0      5.5     22.0 1991 12  3  5 24 24.980 2.0   1
   238790  37.288550 -121.671769     3.660     -133.3     -198.1       11.6      7.8      5.5     18.5 1991 12  4  0  8 49.550 1.9   1
   261841  37.290906 -121.673511     3.742     -287.9       63.4       93.8     22.1     14.2     47.1 1992  4  6  9 39 49.410 0.9   1
   312743  37.290149 -121.672925     3.725     -236.3      -20.9       76.8     12.0      8.9     37.8 1992  8 29 17  4 29.020 1.6   1
   314921  37.288265 -121.671322     3.709      -94.1     -229.7       60.6     19.4     16.6     46.8 1992  9 11  1 22 13.650 1.1   1
   331552  37.290930 -121.673543     3.746     -290.7       66.0       97.5     20.2     15.7     41.6 1993  1  9 17 48 38.720 1.0   1
   331635  37.290678 -121.673527     3.714     -289.0       37.7       65.8     19.6     17.0     56.9 1993  1 10 22 13  9.440 1.2   1
   352620  37.288623 -121.671623     3.688     -120.8     -190.3       40.2     27.2     17.7     76.8 1993  6  8  9 15  1.380 0.8   1
 30036393  37.290946 -121.673551     3.753     -291.9       67.9      105.0     22.3     14.4     43.4 1993 12  1  0 25 49.530 1.0   1
   389286  37.288188 -121.671517     3.664     -111.4     -238.5       15.9      9.4      6.6     21.2 1993 12 20 22 35  7.800 1.8   1
   399980  37.289408 -121.672795     3.611     -224.7     -103.2      -36.9     18.2     10.4     42.1 1994  4  6  4 11 34.960 1.4   1
 30062741  37.289014 -121.672347     3.727     -184.5     -147.0       79.1      9.3      6.9     34.3 1994 11 16 16 50 58.150 2.0   1
 30062748  37.289266 -121.672323     3.685     -182.6     -118.7       37.1     14.9      8.9     47.1 1994 11 16 18  3 42.360 1.3   1
 30069218  37.288277 -121.671191     3.713      -82.5     -228.4       65.0     14.6      9.0     40.7 1995  3  3  9 38 49.200 1.2   1
 30069222  37.288228 -121.671281     3.697      -90.4     -234.0       48.5     10.1      6.3     25.9 1995  3  3 12 30 15.850 1.8   1
 30069457  37.288049 -121.671248     3.666      -87.7     -253.8       18.0     12.7      8.3     30.1 1995  3  7 13 19 41.960 1.3   1
 30073191  37.290987 -121.673519     3.742     -288.7       72.3       93.8     23.4     14.2     44.0 1995  5 14 11 18 47.000 1.0   1
 30076454  37.290336 -121.673234     3.715     -263.3        0.2       67.1     13.3      9.7     46.1 1995  7  4 11 20 49.790 2.7   1
 30092060  37.288391 -121.671362     3.634      -97.3     -216.0      -13.9      9.5      6.0     20.3 1995 12 15 18 53 39.820 1.8   1
   478138  37.288883 -121.672135     3.671     -166.0     -161.3       22.4      9.8      6.9     24.5 1996  9  2 20 27  0.360 2.0   1
   478141  37.289221 -121.672428     3.678     -191.6     -123.6       30.0     16.9     11.1     51.5 1996  9  2 20 36  3.960 1.4   1
   529274  37.288334 -121.671672     3.660     -124.5     -222.4       12.2      9.6      6.7     22.3 1997 10 28 12  1 44.750 1.6   1
