    17842  37.288302 -121.671362     3.694      -97.7     -225.9       46.1      2.6      1.9      6.8 1984  4 25  4 35 19.170 1.9   1
    16751  37.290666 -121.673478     3.699     -284.7       36.5       50.7      5.9      4.1     13.8 1984  4 27  7 48 23.500 1.0   1
    21644  37.290096 -121.672909     3.702     -234.9      -26.6       53.4      3.7      2.6      8.5 1984  6 27 14 50 38.140 1.6   1
    22271  37.290361 -121.673218     3.696     -262.3        2.7       48.1      4.8      3.6     15.4 1984  7  7  0 17  9.970 2.7   1
    22280  37.287956 -121.671313     3.627      -93.3     -264.2      -21.4      5.1      2.9     10.0 1984  7  7  2 35  4.060 1.5   1
    23190  37.288977 -121.672111     3.679     -164.0     -150.9       30.7      2.5      1.8      6.4 1984  7 17 16 24 49.440 1.9   1
    25096  37.289453 -121.672917     3.580     -235.0      -97.8      -67.8      4.9      3.1     11.7 1984  8  7  9  7  6.330 1.2   1
    28475  37.290894 -121.673584     3.723     -294.5       62.0       75.2      6.2      4.9     11.9 1984  9 23  8 43 14.720 1.1   1
    32049  37.288289 -121.671549     3.652     -113.8     -226.9        3.6      2.6      1.8      5.4 1984 11 18  0 28 55.240 1.7   1
    35109  37.290092 -121.672900     3.700     -233.5      -27.3       51.9      3.6      2.5      8.4 1984 12 22  4 43 44.710 1.6   1
    42349  37.288371 -121.671411     3.706     -101.7     -218.2       57.7      6.5      5.7     13.7 1985  2 28  1  9 58.300 0.8   1
    42555  37.288253 -121.671330     3.691      -94.4     -231.4       42.5      2.7      1.9      6.9 1985  3  2  6 53 56.010 1.7   1
    42559  37.288981 -121.672087     3.701     -161.6     -150.3       52.7      2.4      1.7      6.2 1985  3  2  8 55  3.470 1.9   1
    42643  37.288546 -121.671785     3.648     -134.8     -198.6        0.1      2.3      1.7      5.4 1985  3  2  8 55 29.590 2.1   1
    42560  37.289339 -121.672428     3.654     -192.2     -110.7        6.2      3.6      2.7      8.7 1985  3  2  8 58  0.480 1.2   1
    49626  37.290898 -121.673560     3.727     -291.9       62.2       78.6      6.8      5.7     18.9 1985  6 15  1 38 57.380 0.9   1
    54084  37.289030 -121.672144     3.679     -166.6     -144.8       31.2      2.6      1.9      6.3 1985  8 28 20 35 10.100 1.6   1
    57770  37.289530 -121.673014     3.584     -243.6      -89.4      -64.2      5.6      3.6     13.0 1985 10 28  3 55 38.130 1.3   1
    62514  37.288310 -121.671631     3.650     -121.1     -224.9        2.1      2.4      1.9      5.2 1985 12 31 15 50 52.230 1.7   1
    62520  37.288330 -121.671436     3.687     -103.9     -222.5       39.1      2.7      2.1      6.5 1985 12 31 18  3  3.480 1.6   1
    67820  37.290222 -121.672974     3.700     -239.9      -12.8       51.9      4.5      3.1      9.5 1986  3  8 10 32  4.410 1.6   1
    73786  37.288635 -121.672282     3.509     -179.1     -188.9     -139.2     20.7      7.0     49.1 1986  6  1 10 51 31.460 1.2   1
    77218  37.288965 -121.672225     3.665     -174.0     -152.0       16.8      2.5      1.7      5.9 1986  7 25  9 22 50.290 2.3   1
    77296  37.289319 -121.672526     3.664     -200.9     -112.8       16.0      4.7      3.0      9.8 1986  7 25 16  1 52.100 1.1   1
    81017  37.290999 -121.673600     3.698     -296.1       73.8       49.8      5.5      4.1     11.4 1986  9  2  7 24 15.870 0.8   1
    82606  37.290401 -121.673356     3.708     -274.0        7.1       59.5      4.6      3.5     15.5 1986  9 15 20 17 49.920 2.7   1
    83805  37.290230 -121.673047     3.697     -246.8      -11.9       49.1      3.7      2.5      8.8 1986  9 25 12  1 52.830 1.4   1
    88698  37.290975 -121.673608     3.701     -296.9       71.0       52.9      5.1      3.7     10.6 1986 11 25 13  0 35.660 1.0   1
   101361  37.288997 -121.672192     3.669     -170.7     -148.4       20.5      2.3      1.6      5.4 1987  6  3  6 56  7.740 1.9   1
   101362  37.288277 -121.671655     3.648     -123.4     -228.5        0.2      2.4      1.7      5.2 1987  6  3  6 58 51.320 1.7   1
   102776  37.290951 -121.673608     3.701     -296.6       68.4       52.8      5.5      4.6     11.6 1987  7  7  1 44 26.990 1.0   1
   103138  37.288603 -121.671948     3.656     -149.5     -192.4        7.8      2.6      1.9      5.8 1987  7 14 19  2 57.020 1.7   1
   110939  37.289473 -121.672925     3.569     -236.2      -95.6      -79.7      5.1      3.5     12.4 1988  1 15  1 56 42.310 1.4   1
   112868  37.290999 -121.673633     3.699     -298.9       73.4       50.6      4.8      3.4     10.3 1988  2 25 10  0 17.780 0.9   1
   120788  37.290112 -121.673014     3.695     -243.5      -24.9       47.0      3.4      2.3      8.4 1988  7 23 10 42 21.740 1.5   1
   126189  37.288953 -121.672225     3.670     -174.0     -153.5       21.8      2.3      1.6      5.6 1988 11  2  3  9 12.610 1.9   1
   126292  37.288241 -121.671663     3.648     -124.2     -232.4        0.1      2.5      1.8      5.3 1988 11  3  1 30  4.280 1.7   1
   126389  37.288273 -121.671525     3.697     -111.8     -229.0       48.5      2.6      1.8      6.4 1988 11  4 13 34 34.720 1.9   1
   148939  37.288383 -121.671517     3.649     -110.9     -216.9        0.7      2.3      1.7      5.2 1989 12 13  5 33 46.080 1.6   1
   158154  37.290971 -121.673494     3.736     -286.5       70.5       88.0      5.6      3.9     11.1 1990  5 23 11 11 37.580 1.0   1
   160503  37.289054 -121.671989     3.704     -153.2     -142.0       55.7      2.6      1.9      8.2 1990  7  5 20  4 42.800 1.7   1
   205031  37.289559 -121.672876     3.597     -231.4      -86.1      -51.5      6.4      4.0     13.2 1991  1 20  5  0 30.930 1.2   1
   208364  37.290955 -121.673519     3.733     -288.6       68.9       85.1      5.7      4.5     11.1 1991  3 22 11 23 27.560 1.0   1
   215747  37.288383 -121.671493     3.647     -109.2     -216.9       -1.5      2.5      1.7      5.2 1991  5 29  9 45 22.620 1.8   1
   227435  37.289547 -121.672892     3.596     -232.9      -87.6      -52.2      5.7      3.6     13.4 1991  8 10 17  6  5.760 1.2   1
   238704  37.289058 -121.672103     3.676     -163.0     -142.0       27.9      2.3      1.6      6.1 1991 12  3  5 24 24.980 2.0   1
   238790  37.288611 -121.671761     3.656     -133.1     -191.6        7.7      2.3      1.6      5.2 1991 12  4  0  8 49.550 1.9   1
   261841  37.290898 -121.673494     3.734     -286.7       62.2       85.4      6.0      3.9     12.6 1992  4  6  9 39 49.410 0.9   1
   312743  37.290177 -121.672925     3.729     -235.6      -17.4       80.5      3.7      2.9     10.7 1992  8 29 17  4 29.020 1.6   1
   314921  37.288330 -121.671370     3.711      -98.3     -222.6       62.7      5.1      4.3     12.1 1992  9 11  1 22 13.650 1.1   1
   331552  37.290926 -121.673543     3.734     -290.7       65.4       86.0      5.6      4.2     11.3 1993  1  9 17 48 38.720 1.0   1
   331635  37.290666 -121.673527     3.705     -289.2       36.7       56.6      5.7      4.9     16.0 1993  1 10 22 13  9.440 1.2   1
   352620  37.288660 -121.671647     3.683     -122.6     -185.9       34.8      7.0      4.5     19.5 1993  6  8  9 15  1.380 0.8   1
 30036393  37.290938 -121.673551     3.743     -291.6       66.8       94.7      6.1      4.2     11.8 1993 12  1  0 25 49.530 1.0   1
   389286  37.288253 -121.671533     3.661     -112.7     -231.3       13.1      2.7      1.9      5.8 1993 12 20 22 35  7.800 1.8   1
   399980  37.289543 -121.672827     3.605     -227.0      -88.2      -43.7      5.3      3.3     12.8 1994  4  6  4 11 34.960 1.4   1
 30062741  37.289042 -121.672021     3.699     -155.9     -143.7       50.9      2.6      2.0      9.1 1994 11 16 16 50 58.150 2.0   1
 30062748  37.289351 -121.672306     3.686     -181.2     -109.4       37.4      4.1      2.6     12.8 1994 11 16 18  3 42.360 1.3   1
 30069218  37.288359 -121.671216     3.714      -84.5     -219.3       66.0      4.0      2.6     10.8 1995  3  3  9 38 49.200 1.2   1
 30069222  37.288298 -121.671281     3.698      -90.2     -226.4       50.1      2.9      1.9      7.1 1995  3  3 12 30 15.850 1.8   1
 30069457  37.288123 -121.671289     3.668      -91.2     -245.9       20.0      3.6      2.4      8.3 1995  3  7 13 19 41.960 1.3   1
 30073191  37.290967 -121.673519     3.732     -288.4       70.2       83.3      6.7      4.1     12.1 1995  5 14 11 18 47.000 1.0   1
 30076454  37.290328 -121.673210     3.713     -261.4       -1.0       64.5      4.7      3.4     15.5 1995  7  4 11 20 49.790 2.7   1
 30092060  37.288428 -121.671623     3.655     -120.2     -211.9        6.8      2.7      1.8      5.6 1995 12 15 18 53 39.820 1.8   1
   478138  37.288932 -121.672103     3.671     -163.4     -155.9       22.6      2.7      1.9      7.2 1996  9  2 20 27  0.360 2.0   1
   478141  37.289290 -121.672412     3.681     -190.6     -116.0       32.5      4.5      3.1     13.8 1996  9  2 20 36  3.960 1.4   1
   529274  37.288379 -121.671655     3.658     -123.7     -217.3        9.4      2.7      1.9      6.1 1997 10 28 12  1 44.750 1.6   1
