    17842  37.289445 -121.668400     3.488      165.4      -99.1     -160.6     46.4     35.0     64.2 1984  4 25  4 35 19.170 1.9   1
    16751  37.292000 -121.671940     3.411     -148.6      184.7     -237.0     74.6     57.1    138.9 1984  4 27  7 48 23.500 1.0   1
    21644  37.291777 -121.670679     3.714      -36.5      160.0       66.1     50.5     37.1     76.0 1984  6 27 14 50 38.140 1.6   1
    22271  37.291032 -121.671370     3.872      -97.8       77.2      224.1     46.1     34.1     69.5 1984  7  7  0 17  9.970 2.7   1
    22280  37.289665 -121.669702     3.454       49.6      -74.6     -194.5     59.5     44.5     79.8 1984  7  7  2 35  4.060 1.5   1
    23190  37.289754 -121.669629     3.538       56.6      -64.8     -110.1     44.6     32.6     60.4 1984  7 17 16 24 49.440 1.9   1
    25096  37.290462 -121.670443     3.391      -16.2       13.9     -256.9     53.6     38.5     80.7 1984  8  7  9  7  6.330 1.2   1
    28475  37.292306 -121.671549     3.512     -113.8      218.8     -136.4     74.5     63.8    168.1 1984  9 23  8 43 14.720 1.1   1
    32049  37.289225 -121.669629     3.487       56.4     -123.5     -161.1     43.1     31.7     57.4 1984 11 18  0 28 55.240 1.7   1
    35109  37.290894 -121.670866     3.587      -53.7       61.7      -61.7     44.3     33.6     64.8 1984 12 22  4 43 44.710 1.6   1
    42349  37.289006 -121.668319     3.630      172.6     -147.5      -18.2     58.2     46.7     86.4 1985  2 28  1  9 58.300 0.8   1
    42555  37.288936 -121.668856     3.649      125.1     -155.2        0.4     44.3     31.8     57.4 1985  3  2  6 53 56.010 1.7   1
    42559  37.290080 -121.670028     3.519       20.7      -28.6     -129.1     40.2     29.5     48.8 1985  3  2  8 55  3.470 1.9   1
    42643  37.289193 -121.669214     3.532       93.3     -126.9     -115.8     44.2     32.5     61.2 1985  3  2  8 55 29.590 2.1   1
    42560  37.290112 -121.670516     3.493      -22.5      -25.0     -155.4     47.1     34.0     64.8 1985  3  2  8 58  0.480 1.2   1
    49626  37.292468 -121.671370     3.723      -98.4      236.7       74.8     73.6     68.4    151.3 1985  6 15  1 38 57.380 0.9   1
    54084  37.289799 -121.670158     3.448        9.6      -59.7     -200.0     44.3     32.4     58.8 1985  8 28 20 35 10.100 1.6   1
    57770  37.290495 -121.671720     3.294     -129.0       17.5     -354.7     55.6     41.6     82.6 1985 10 28  3 55 38.130 1.3   1
    62514  37.288969 -121.668758     3.598      133.5     -151.6      -50.5     47.1     35.0     65.9 1985 12 31 15 50 52.230 1.7   1
    62520  37.289140 -121.669385     3.397       78.2     -132.6     -251.3     49.9     37.8     79.7 1985 12 31 18  3  3.480 1.6   1
    67820  37.291248 -121.671785     3.495     -134.8      101.1     -153.2     63.3     48.4    103.2 1986  3  8 10 32  4.410 1.6   1
    73786  37.289107 -121.669816     3.252       39.9     -136.3     -396.7     51.0     39.2     76.8 1986  6  1 10 51 31.460 1.2   1
    77218  37.289974 -121.670361     3.710       -8.9      -40.0       61.5     43.7     32.2     58.8 1986  7 25  9 22 50.290 2.3   1
    77296  37.291211 -121.670907     3.574      -56.9       97.3      -73.9     59.6     43.9     94.4 1986  7 25 16  1 52.100 1.1   1
    81017  37.291817 -121.671916     3.542     -146.7      164.2     -105.8     57.8     42.4     93.8 1986  9  2  7 24 15.870 0.8   1
    82606  37.290983 -121.671273     4.054      -89.2       71.8      406.0     53.4     41.2     84.7 1986  9 15 20 17 49.920 2.7   1
    83805  37.291003 -121.671143     3.528      -78.3       74.3     -119.8     45.6     33.5     66.0 1986  9 25 12  1 52.830 1.4   1
    88698  37.292147 -121.671134     4.125      -77.1      201.1      476.3     88.1     68.1    212.4 1986 11 25 13  0 35.660 1.0   1
   101361  37.289677 -121.669743     4.086       45.8      -73.3      437.9     50.7     38.4     81.1 1987  6  3  6 56  7.740 1.9   1
   101362  37.289006 -121.669678     3.681       52.2     -147.7       33.1     42.7     31.3     57.0 1987  6  3  6 58 51.320 1.7   1
   102776  37.292183 -121.671590     3.556     -117.3      205.2      -92.4     72.6     60.2    135.8 1987  7  7  1 44 26.990 1.0   1
   103138  37.289526 -121.669474     3.531       69.9      -90.0     -117.4     42.6     30.9     53.5 1987  7 14 19  2 57.020 1.7   1
   110939  37.290686 -121.671411     3.282     -102.0       38.7     -365.9     54.7     41.3     88.9 1988  1 15  1 56 42.310 1.4   1
   112868  37.291846 -121.671403     4.427     -101.3      167.5      779.1     67.4     49.2    154.6 1988  2 25 10  0 17.780 0.9   1
   120788  37.290792 -121.671102     3.651      -74.2       50.5        3.1     48.3     33.2     66.0 1988  7 23 10 42 21.740 1.5   1
   126189  37.289644 -121.670459     3.758      -17.0      -76.8      109.4     45.9     34.0     62.8 1988 11  2  3  9 12.610 1.9   1
   126292  37.289201 -121.669434     3.594       73.7     -125.9      -54.2     42.6     31.2     53.2 1988 11  3  1 30  4.280 1.7   1
   126389  37.288806 -121.669759     3.984       44.5     -169.9      335.3     47.9     35.8     71.6 1988 11  4 13 34 34.720 1.9   1
   148939  37.288737 -121.668001     3.586      200.5     -177.5      -61.9     53.5     38.3     92.3 1989 12 13  5 33 46.080 1.6   1
   158154  37.291862 -121.671729     3.646     -129.7      169.4       -2.0     57.9     47.3    106.3 1990  5 23 11 11 37.580 1.0   1
   160503  37.290218 -121.669718     3.714       48.6      -13.1       66.0     42.9     31.5     59.8 1990  7  5 20  4 42.800 1.7   1
   205031  37.290662 -121.670728     3.381      -41.3       36.0     -267.3     60.0     43.1     81.7 1991  1 20  5  0 30.930 1.2   1
   208364  37.292041 -121.671224     3.604      -84.8      189.3      -44.3     68.2     52.3    118.6 1991  3 22 11 23 27.560 1.0   1
   215747  37.289079 -121.670264     3.694       -0.1     -139.6       45.8     45.6     33.4     65.7 1991  5 29  9 45 22.620 1.8   1
   227435  37.290580 -121.669971     3.499       25.9       27.1     -149.3     51.8     37.1     72.8 1991  8 10 17  6  5.760 1.2   1
   238704  37.290173 -121.669303     3.571       85.4      -18.3      -77.4     41.5     30.2     48.4 1991 12  3  5 24 24.980 2.0   1
   238790  37.289335 -121.669255     3.740       89.5     -111.3       92.1     44.5     31.7     57.1 1991 12  4  0  8 49.550 1.9   1
   261841  37.291618 -121.671737     3.342     -130.7      142.1     -306.0     64.5     49.4    123.8 1992  4  6  9 39 49.410 0.9   1
   312743  37.290474 -121.669499     3.437       67.9       15.4     -211.7     56.7     42.5     88.8 1992  8 29 17  4 29.020 1.6   1
   314921  37.288363 -121.669019     3.785      110.3     -218.8      136.7     56.9     46.8    102.0 1992  9 11  1 22 13.650 1.1   1
   331552  37.292000 -121.671932     3.546     -148.1      184.9     -102.0     64.7     51.0    133.4 1993  1  9 17 48 38.720 1.0   1
   331635  37.291402 -121.670931     3.449      -59.0      118.5     -199.5     57.9     46.5     80.3 1993  1 10 22 13  9.440 1.2   1
   352620  37.289225 -121.667871     3.652      212.0     -123.5        3.6     74.0     53.1    102.4 1993  6  8  9 15  1.380 0.8   1
 30036393  37.292078 -121.671533     3.830     -112.8      193.4      182.2     88.5     68.6    508.7 1993 12  1  0 25 49.530 1.0   1
   389286  37.289233 -121.669393     3.486       77.1     -122.3     -162.4     46.8     34.2     65.1 1993 12 20 22 35  7.800 1.8   1
   399980  37.290487 -121.670557     3.408      -25.9       16.5     -240.7     48.0     32.6     63.8 1994  4  6  4 11 34.960 1.4   1
 30062741  37.290076 -121.670182     3.463        7.1      -29.0     -184.9     41.8     30.6     53.9 1994 11 16 16 50 58.150 2.0   1
 30062748  37.290304 -121.669694     3.556       50.3       -3.7      -92.0     50.5     36.0     69.4 1994 11 16 18  3 42.360 1.3   1
 30069218  37.288562 -121.667952     3.858      205.0     -196.8      209.9     50.5     34.3     77.3 1995  3  3  9 38 49.200 1.2   1
 30069222  37.289168 -121.669759     3.775       45.0     -129.4      126.3     47.1     33.5     66.8 1995  3  3 12 30 15.850 1.8   1
 30069457  37.289323 -121.669767     3.411       44.1     -112.7     -236.8     57.2     40.6     84.8 1995  3  7 13 19 41.960 1.3   1
 30073191  37.292065 -121.672046     3.537     -157.7      191.9     -111.5     82.0     58.1    143.5 1995  5 14 11 18 47.000 1.0   1
 30076454  37.292493 -121.671069     5.170      -71.7      239.5     1521.3   1099.4    797.3    631.6 1995  7  4 11 20 49.790 2.7   1
 30092060  37.289319 -121.670076     3.670       16.3     -113.0       21.7     42.7     31.2     56.8 1995 12 15 18 53 39.820 1.8   1
   478138  37.290527 -121.669759     3.605       44.9       21.1      -43.3     54.0     41.4     92.1 1996  9  2 20 27  0.360 2.0   1
   478141  37.291154 -121.669930     3.186       29.4       90.7     -462.5    107.0     89.0    461.0 1996  9  2 20 36  3.960 1.4   1
   478159  37.289669 -121.668205     5.210      182.5      -74.0     1562.2   1089.6    794.9    859.4 1996  9  3  0  2  4.940 1.2   1
   529274  37.288847 -121.669474     3.702       69.7     -165.1       54.1     44.3     32.7     58.6 1997 10 28 12  1 44.750 1.6   1
