    17842  37.289526 -121.668237     3.435      179.7      -89.7     -213.6     46.8     34.9     64.5 1984  4 25  4 35 19.170 1.9   1
    16751  37.291984 -121.671859     3.433     -141.4      182.9     -214.9     75.3     57.2    123.3 1984  4 27  7 48 23.500 1.0   1
    21644  37.291785 -121.670605     3.656      -30.4      160.6        8.1     51.0     37.2     74.1 1984  6 27 14 50 38.140 1.6   1
    22271  37.291040 -121.671248     3.792      -87.0       78.2      144.2     46.5     34.2     67.1 1984  7  7  0 17  9.970 2.7   1
    22280  37.289665 -121.669613     3.454       57.7      -74.6     -194.0     59.9     44.6     74.7 1984  7  7  2 35  4.060 1.5   1
    23190  37.289771 -121.669523     3.490       65.8      -62.9     -157.9     45.1     32.6     59.7 1984  7 17 16 24 49.440 1.9   1
    25096  37.290462 -121.670353     3.398       -8.0       13.9     -250.2     54.0     38.6     76.9 1984  8  7  9  7  6.330 1.2   1
    28475  37.292578 -121.671395     3.491     -100.1      248.9     -156.9     74.8     66.9    143.9 1984  9 23  8 43 14.720 1.1   1
    32049  37.289237 -121.669539     3.468       64.1     -121.8     -180.1     43.7     31.7     54.0 1984 11 18  0 28 55.240 1.7   1
    35109  37.290918 -121.670744     3.553      -42.4       64.8      -95.1     44.7     33.6     61.7 1984 12 22  4 43 44.710 1.6   1
    42349  37.289026 -121.668237     3.597      179.8     -145.4      -51.2     59.0     47.0     84.1 1985  2 28  1  9 58.300 0.8   1
    42555  37.288973 -121.668742     3.571      135.3     -151.3      -76.9     44.9     31.9     56.6 1985  3  2  6 53 56.010 1.7   1
    42559  37.290096 -121.669938     3.477       29.2      -26.5     -170.9     40.8     29.5     47.3 1985  3  2  8 55  3.470 1.9   1
    42643  37.289209 -121.669116     3.495      101.4     -124.9     -153.6     44.7     32.5     59.0 1985  3  2  8 55 29.590 2.1   1
    42560  37.290116 -121.670435     3.482      -15.0      -24.3     -166.7     47.7     34.0     61.2 1985  3  2  8 58  0.480 1.2   1
    49626  37.292424 -121.671273     3.694      -89.5      231.8       45.9     74.2     69.6    140.1 1985  6 15  1 38 57.380 0.9   1
    54084  37.289815 -121.670068     3.411       17.5      -57.6     -237.7     44.9     32.3     58.7 1985  8 28 20 35 10.100 1.6   1
    57770  37.290495 -121.671615     3.303     -119.7       17.6     -344.8     56.0     41.6     79.9 1985 10 28  3 55 38.130 1.3   1
    62514  37.288989 -121.668677     3.575      140.9     -149.6      -72.8     47.6     35.1     61.0 1985 12 31 15 50 52.230 1.7   1
    62520  37.289152 -121.669287     3.396       86.7     -131.3     -252.2     50.4     37.8     75.9 1985 12 31 18  3  3.480 1.6   1
    67820  37.291243 -121.671704     3.469     -127.5      100.8     -178.8     63.7     48.3    103.4 1986  3  8 10 32  4.410 1.6   1
    73786  37.289115 -121.669727     3.248       47.5     -135.7     -399.8     51.5     39.2     73.7 1986  6  1 10 51 31.460 1.2   1
    77218  37.289982 -121.670304     3.620       -3.6      -39.3      -27.8     43.4     32.1     51.5 1986  7 25  9 22 50.290 2.3   1
    77296  37.291219 -121.670833     3.578      -50.4       98.0      -70.4     60.2     44.1     85.7 1986  7 25 16  1 52.100 1.1   1
    81017  37.291821 -121.671842     3.527     -139.7      164.9     -120.9     58.2     42.4     91.3 1986  9  2  7 24 15.870 0.8   1
    82606  37.291012 -121.671191     3.922      -82.2       74.9      273.4     53.8     41.1     98.5 1986  9 15 20 17 49.920 2.7   1
    83805  37.291016 -121.671061     3.492      -70.5       75.3     -156.7     46.2     33.5     65.4 1986  9 25 12  1 52.830 1.4   1
    88698  37.292069 -121.670923     3.912      -58.4      192.5      264.0     88.4     65.0    276.1 1986 11 25 13  0 35.660 1.0   1
   101361  37.289697 -121.669661     4.007       53.5      -70.9      358.6     51.3     38.4     76.8 1987  6  3  6 56  7.740 1.9   1
   101362  37.289038 -121.669637     3.566       55.7     -144.2      -82.4     42.8     31.3     50.6 1987  6  3  6 58 51.320 1.7   1
   102776  37.292175 -121.671517     3.578     -110.9      204.2      -70.5     73.3     60.6    122.3 1987  7  7  1 44 26.990 1.0   1
   103138  37.289551 -121.669377     3.481       78.6      -87.3     -166.8     43.1     30.9     52.8 1987  7 14 19  2 57.020 1.7   1
   110939  37.290678 -121.671305     3.296      -92.6       38.0     -352.5     55.4     41.4     83.3 1988  1 15  1 56 42.310 1.4   1
   112868  37.291866 -121.671370     4.286      -98.0      169.7      637.5     67.6     50.5    123.3 1988  2 25 10  0 17.780 0.9   1
   120788  37.290812 -121.671012     3.589      -66.1       52.8      -59.4     48.7     33.3     63.7 1988  7 23 10 42 21.740 1.5   1
   126189  37.289657 -121.670378     3.646      -10.0      -75.2       -2.4     45.7     33.9     56.3 1988 11  2  3  9 12.610 1.9   1
   126292  37.289225 -121.669328     3.530       83.3     -123.3     -117.8     43.2     31.2     53.1 1988 11  3  1 30  4.280 1.7   1
   126389  37.288859 -121.669596     3.823       59.0     -164.1      175.2     47.9     35.7     68.7 1988 11  4 13 34 34.720 1.9   1
   148939  37.288753 -121.668034     3.568      197.6     -175.5      -79.8     53.2     38.1     79.3 1989 12 13  5 33 46.080 1.6   1
   158154  37.291878 -121.671623     3.664     -120.3      171.1       15.6     58.7     47.8    101.0 1990  5 23 11 11 37.580 1.0   1
   160503  37.290222 -121.669621     3.656       56.8      -12.6        7.4     43.5     31.6     58.5 1990  7  5 20  4 42.800 1.7   1
   205031  37.290662 -121.670646     3.389      -34.1       36.1     -259.2     60.4     43.1     78.6 1991  1 20  5  0 30.930 1.2   1
   208364  37.292102 -121.671061     3.600      -71.0      195.8      -47.8     68.1     51.7    114.6 1991  3 22 11 23 27.560 1.0   1
   215747  37.289111 -121.670215     3.556        4.7     -136.1      -91.9     45.7     33.3     58.5 1991  5 29  9 45 22.620 1.8   1
   227435  37.290588 -121.669889     3.487       33.3       28.1     -161.5     52.3     37.1     69.1 1991  8 10 17  6  5.760 1.2   1
   238704  37.290194 -121.669198     3.511       94.6      -16.0     -137.3     42.1     30.3     48.1 1991 12  3  5 24 24.980 2.0   1
   238790  37.289339 -121.669165     3.678       97.1     -110.7       29.4     44.7     31.7     53.9 1991 12  4  0  8 49.550 1.9   1
   261841  37.291813 -121.671639     3.428     -122.0      163.8     -220.2     65.4     50.8    116.7 1992  4  6  9 39 49.410 0.9   1
   312743  37.290491 -121.669434     3.408       73.7       17.2     -239.8     57.2     42.5     86.6 1992  8 29 17  4 29.020 1.6   1
   314921  37.288468 -121.668791     3.726      130.3     -207.5       78.1     56.7     49.1    101.4 1992  9 11  1 22 13.650 1.1   1
   331552  37.292013 -121.671851     3.537     -140.8      186.0     -111.5     65.2     50.8    131.1 1993  1  9 17 48 38.720 1.0   1
   331635  37.291406 -121.670817     3.458      -48.9      118.7     -190.1     58.4     46.6     76.6 1993  1 10 22 13  9.440 1.2   1
   352620  37.289254 -121.667790     3.617      219.4     -120.2      -31.6     74.4     53.2     97.5 1993  6  8  9 15  1.380 0.8   1
 30036393  37.292114 -121.671297     3.834      -91.7      197.1      186.1     90.3     68.5    245.8 1993 12  1  0 25 49.530 1.0   1
   389286  37.289254 -121.669312     3.458       84.5     -120.3     -189.8     47.3     34.2     62.8 1993 12 20 22 35  7.800 1.8   1
   399980  37.290495 -121.670467     3.389      -18.2       17.6     -259.1     48.5     32.6     62.3 1994  4  6  4 11 34.960 1.4   1
 30062741  37.290092 -121.670093     3.417       15.4      -27.0     -231.2     42.4     30.5     53.5 1994 11 16 16 50 58.150 2.0   1
 30062748  37.290316 -121.669613     3.539       57.5       -2.4     -109.3     51.1     36.0     65.5 1994 11 16 18  3 42.360 1.3   1
 30069218  37.288595 -121.667896     3.784      210.3     -193.3      135.7     51.4     34.5     82.7 1995  3  3  9 38 49.200 1.2   1
 30069222  37.289193 -121.669629     3.691       56.5     -126.9       42.6     47.3     33.4     62.5 1995  3  3 12 30 15.850 1.8   1
 30069457  37.289335 -121.669686     3.402       51.2     -111.0     -245.9     57.8     40.6     80.1 1995  3  7 13 19 41.960 1.3   1
 30073191  37.292065 -121.671924     3.547     -147.1      192.0     -100.9     82.3     58.1    138.4 1995  5 14 11 18 47.000 1.0   1
 30076454  37.291829 -121.674284     6.414     -356.7      165.6     2765.5   1116.9    788.8    562.4 1995  7  4 11 20 49.790 2.7   1
 30092060  37.289355 -121.669995     3.572       24.1     -108.9      -76.1     43.2     31.3     53.7 1995 12 15 18 53 39.820 1.8   1
   478138  37.290548 -121.669718     3.508       48.2       23.3     -140.5     53.6     41.1     79.8 1996  9  2 20 27  0.360 2.0   1
   478141  37.291386 -121.670361     3.419       -9.0      116.3     -229.4    102.9     85.6    277.6 1996  9  2 20 36  3.960 1.4   1
   478159  37.288668 -121.670825     6.433      -49.7     -185.0     2784.5   1122.9    806.6    484.7 1996  9  3  0  2  4.940 1.2   1
   529274  37.288859 -121.669377     3.644       78.4     -163.8       -3.9     44.7     32.8     54.7 1997 10 28 12  1 44.750 1.6   1
