    17842  37.288261 -121.671354     3.697      -96.8     -230.2       48.5      2.3      1.9      7.4 1984  4 25  4 35 19.170 1.9   1
    16751  37.290702 -121.673454     3.709     -283.1       40.5       60.4      5.8      3.8     14.0 1984  4 27  7 48 23.500 1.0   1
    21644  37.290112 -121.672900     3.708     -234.0      -24.9       59.9      3.5      2.3      8.3 1984  6 27 14 50 38.140 1.6   1
    22271  37.290393 -121.673210     3.701     -261.4        6.4       53.2      3.9      2.9     13.4 1984  7  7  0 17  9.970 2.7   1
    22280  37.287919 -121.671297     3.634      -91.6     -268.1      -14.1      5.1      2.9     10.6 1984  7  7  2 35  4.060 1.5   1
    23190  37.288957 -121.672111     3.681     -163.7     -153.1       32.9      2.5      1.8      6.9 1984  7 17 16 24 49.440 1.9   1
    25096  37.289441 -121.672909     3.579     -234.8      -99.5      -69.2      4.7      2.9     11.1 1984  8  7  9  7  6.330 1.2   1
    28475  37.290910 -121.673600     3.731     -295.6       63.6       82.6      6.4      5.2     12.6 1984  9 23  8 43 14.720 1.1   1
    32049  37.288257 -121.671533     3.655     -112.9     -230.6        6.5      2.6      1.7      5.7 1984 11 18  0 28 55.240 1.7   1
    35109  37.290096 -121.672884     3.706     -232.4      -26.7       57.9      3.3      2.3      8.2 1984 12 22  4 43 44.710 1.6   1
    42349  37.288342 -121.671403     3.708     -101.0     -221.4       60.1      6.9      6.1     14.8 1985  2 28  1  9 58.300 0.8   1
    42555  37.288220 -121.671322     3.693      -94.1     -234.9       44.8      2.7      1.9      7.4 1985  3  2  6 53 56.010 1.7   1
    42559  37.288957 -121.672078     3.704     -161.2     -153.0       56.2      2.4      1.7      6.8 1985  3  2  8 55  3.470 1.9   1
    42643  37.288517 -121.671777     3.651     -134.4     -201.9        2.3      2.3      1.7      5.8 1985  3  2  8 55 29.590 2.1   1
    42560  37.289319 -121.672420     3.655     -191.5     -112.8        6.9      3.7      2.8      9.1 1985  3  2  8 58  0.480 1.2   1
    49626  37.290910 -121.673560     3.734     -292.4       63.7       85.4      7.1      6.0     20.5 1985  6 15  1 38 57.380 0.9   1
    54084  37.289010 -121.672135     3.683     -165.8     -147.4       34.3      2.6      1.9      6.7 1985  8 28 20 35 10.100 1.6   1
    57770  37.289530 -121.673014     3.583     -243.9      -89.5      -65.4      5.4      3.4     12.6 1985 10 28  3 55 38.130 1.3   1
    62514  37.288281 -121.671623     3.654     -120.6     -227.9        5.7      2.3      1.9      5.5 1985 12 31 15 50 52.230 1.7   1
    62520  37.288302 -121.671427     3.689     -103.5     -225.6       40.9      2.6      2.1      6.9 1985 12 31 18  3  3.480 1.6   1
    67820  37.290243 -121.672965     3.706     -239.7      -10.5       57.9      4.3      2.8      9.2 1986  3  8 10 32  4.410 1.6   1
    73786  37.288627 -121.672339     3.498     -183.7     -189.7     -149.8     19.7      5.9     45.3 1986  6  1 10 51 31.460 1.2   1
    77218  37.288944 -121.672217     3.667     -173.3     -154.3       19.1      2.5      1.8      6.4 1986  7 25  9 22 50.290 2.3   1
    77296  37.289299 -121.672518     3.667     -199.6     -115.1       18.3      4.8      3.1     10.3 1986  7 25 16  1 52.100 1.1   1
    81017  37.291024 -121.673608     3.705     -296.8       76.1       57.0      5.5      4.1     11.7 1986  9  2  7 24 15.870 0.8   1
    82606  37.290422 -121.673364     3.719     -275.1        9.3       71.2      3.4      2.9     13.2 1986  9 15 20 17 49.920 2.7   1
    83805  37.290243 -121.673063     3.705     -248.1      -10.2       56.6      3.4      2.3      8.5 1986  9 25 12  1 52.830 1.4   1
    88698  37.291003 -121.673617     3.707     -297.5       74.1       59.1      5.0      3.5     10.6 1986 11 25 13  0 35.660 1.0   1
   101361  37.288981 -121.672184     3.671     -170.0     -150.5       23.2      2.3      1.6      5.9 1987  6  3  6 56  7.740 1.9   1
   101362  37.288253 -121.671655     3.653     -123.4     -231.4        4.3      2.4      1.6      5.5 1987  6  3  6 58 51.320 1.7   1
   102776  37.290975 -121.673625     3.709     -298.3       70.9       60.7      5.5      4.7     11.9 1987  7  7  1 44 26.990 1.0   1
   103138  37.288582 -121.671948     3.659     -149.5     -194.8       11.2      2.6      1.9      6.1 1987  7 14 19  2 57.020 1.7   1
   110939  37.289461 -121.672933     3.566     -236.5      -97.2      -82.6      4.7      3.2     11.7 1988  1 15  1 56 42.310 1.4   1
   112868  37.291020 -121.673649     3.707     -299.8       75.9       58.5      4.5      3.1     10.2 1988  2 25 10  0 17.780 0.9   1
   120788  37.290116 -121.673006     3.702     -243.0      -24.3       53.4      3.1      2.0      8.0 1988  7 23 10 42 21.740 1.5   1
   126189  37.288932 -121.672217     3.673     -173.4     -155.9       24.7      2.3      1.6      6.0 1988 11  2  3  9 12.610 1.9   1
   126292  37.288216 -121.671663     3.652     -124.2     -235.1        3.7      2.5      1.7      5.6 1988 11  3  1 30  4.280 1.7   1
   126389  37.288245 -121.671517     3.699     -111.4     -232.0       50.4      2.5      1.8      6.8 1988 11  4 13 34 34.720 1.9   1
   148939  37.288342 -121.671509     3.650     -110.6     -221.1        1.5      2.2      1.6      5.4 1989 12 13  5 33 46.080 1.6   1
   158154  37.290995 -121.673478     3.743     -285.2       72.9       94.5      5.4      3.8     11.3 1990  5 23 11 11 37.580 1.0   1
   160503  37.289022 -121.671997     3.704     -153.5     -145.7       55.6      2.6      1.9      8.7 1990  7  5 20  4 42.800 1.7   1
   205031  37.289518 -121.672909     3.595     -234.9      -91.0      -53.2      6.3      3.8     12.6 1991  1 20  5  0 30.930 1.2   1
   208364  37.290975 -121.673527     3.740     -289.2       71.0       91.5      5.6      4.7     11.5 1991  3 22 11 23 27.560 1.0   1
   215747  37.288342 -121.671501     3.649     -109.4     -221.3        0.7      2.4      1.6      5.4 1991  5 29  9 45 22.620 1.8   1
   227435  37.289490 -121.672892     3.594     -232.9      -93.7      -54.5      5.4      3.4     13.0 1991  8 10 17  6  5.760 1.2   1
   238704  37.289022 -121.672103     3.678     -162.8     -145.8       30.0      2.3      1.6      6.6 1991 12  3  5 24 24.980 2.0   1
   238790  37.288570 -121.671769     3.658     -133.5     -195.9        9.9      2.2      1.6      5.5 1991 12  4  0  8 49.550 1.9   1
   261841  37.290914 -121.673511     3.741     -288.0       64.3       93.0      6.1      4.1     13.3 1992  4  6  9 39 49.410 0.9   1
   312743  37.290173 -121.672925     3.733     -236.1      -18.1       85.2      3.4      2.6     10.9 1992  8 29 17  4 29.020 1.6   1
   314921  37.288293 -121.671362     3.713      -97.5     -226.8       65.0      5.5      4.6     13.2 1992  9 11  1 22 13.650 1.1   1
   331552  37.290942 -121.673551     3.742     -291.7       67.1       93.7      5.6      4.4     11.9 1993  1  9 17 48 38.720 1.0   1
   331635  37.290686 -121.673519     3.713     -288.9       38.9       64.3      5.5      4.8     16.4 1993  1 10 22 13  9.440 1.2   1
   352620  37.288631 -121.671639     3.686     -122.1     -189.4       37.7      7.6      4.9     21.3 1993  6  8  9 15  1.380 0.8   1
 30036393  37.290963 -121.673560     3.751     -292.2       69.5      103.0      6.2      4.3     12.3 1993 12  1  0 25 49.530 1.0   1
   389286  37.288204 -121.671541     3.664     -113.1     -236.7       15.9      2.7      1.9      6.2 1993 12 20 22 35  7.800 1.8   1
   399980  37.289490 -121.672819     3.604     -226.2      -94.0      -44.4      5.2      3.2     12.3 1994  4  6  4 11 34.960 1.4   1
 30062741  37.289014 -121.672030     3.701     -156.8     -146.8       52.4      2.6      2.0      9.7 1994 11 16 16 50 58.150 2.0   1
 30062748  37.289311 -121.672314     3.687     -181.5     -113.9       39.1      4.2      2.6     13.5 1994 11 16 18  3 42.360 1.3   1
 30069218  37.288318 -121.671208     3.716      -83.6     -224.2       67.9      4.1      2.6     11.7 1995  3  3  9 38 49.200 1.2   1
 30069222  37.288257 -121.671281     3.699      -90.5     -230.9       50.4      2.8      1.8      7.6 1995  3  3 12 30 15.850 1.8   1
 30069457  37.288078 -121.671281     3.671      -90.3     -250.5       23.0      3.6      2.4      8.7 1995  3  7 13 19 41.960 1.3   1
 30073191  37.290995 -121.673527     3.739     -289.4       73.2       91.2      6.6      4.1     12.6 1995  5 14 11 18 47.000 1.0   1
 30076454  37.290340 -121.673201     3.728     -260.5        0.3       79.3      3.8      2.9     13.7 1995  7  4 11 20 49.790 2.7   1
 30092060  37.288387 -121.671615     3.656     -119.7     -216.2        7.9      2.7      1.8      6.0 1995 12 15 18 53 39.820 1.8   1
   478138  37.288896 -121.672103     3.673     -163.3     -159.7       25.1      2.8      2.0      7.7 1996  9  2 20 27  0.360 2.0   1
   478141  37.289254 -121.672412     3.680     -190.6     -120.3       32.2      4.7      3.3     14.7 1996  9  2 20 36  3.960 1.4   1
   529274  37.288342 -121.671655     3.660     -123.6     -221.2       11.4      2.7      1.9      6.5 1997 10 28 12  1 44.750 1.6   1
