 % This stores fret (the f-value) and iter (number of iterations to converge)
  -3361.11527617340        148.000000000000     
  -3361.11527617363        254.000000000000     
  -3361.11527617446        139.000000000000     
  -3361.11527617163        216.000000000000     
  -3361.11527617077        264.000000000000     
  -3361.11527616868        323.000000000000     
  -3361.11527617056        154.000000000000     
  -3361.11527616205        287.000000000000     
  -3361.11527617066        331.000000000000     
  -3361.11527615074        337.000000000000     
  -3361.11527617234        221.000000000000     
  -3361.11527616574        292.000000000000     
  -3361.11527616903        271.000000000000     
  -3361.11527615623        287.000000000000     
  -3361.11527616159        391.000000000000     
  -3361.11527617162        219.000000000000     
  -3361.11527616412        305.000000000000     
  -3361.11527616901        220.000000000000     
  -3361.11527617117        237.000000000000     
  -3361.11527616714        289.000000000000     
  -3361.11527617153        369.000000000000     
  -3361.11527617213        505.000000000000     
  -3361.11527616987        316.000000000000     
  -3361.11527617310        281.000000000000     
  -3361.11527614775        173.000000000000     
  -3361.11527617281        316.000000000000     
  -3361.11527617096        257.000000000000     
  -3361.11527617435        225.000000000000     
  -3361.11527615503        195.000000000000     
  -3361.11527617094        183.000000000000     
