   8.1456390e+01   8.4991973e+01   7.9960523e+01   6.6176791e+01   2.6988009e+01   1.0367285e+01   6.3883515e+01   9.7260017e+01   3.7759084e+01   4.8996068e+01   6.9960593e+01   9.8783692e+01   1.4995835e+01   2.7127253e+01   1.1681529e+01   6.5762712e+01   5.4332625e+01   8.0697255e+01   2.2854057e+01   7.6553519e+01   4.2695766e+01   5.1765728e+01   6.8301112e+01   5.5418342e+01   2.3561789e+01   8.0619783e+01   8.7677249e+01   7.9693297e+01   6.0564614e+01   6.6959053e+01
  -3.6266506e+01   8.7184193e+01  -4.8390109e+00  -2.0952304e+01   5.9084487e+01   4.5825932e+01  -9.9361436e+01  -9.9605232e+01  -7.2228102e+00  -3.0718557e+01  -5.8765521e+01  -4.0677271e+01   7.3274678e+01  -9.6364764e+01   8.9474506e+00   6.2200450e+01   4.4774192e+01   4.5641626e+01  -4.3594810e+01   5.2084181e+01  -4.4365173e+01   9.8822422e+01  -4.5063766e+01  -2.3590717e+01  -3.7847979e+01   8.5736827e+01   1.8727279e+01  -5.8229814e+01   8.4623154e+00  -1.2490810e+01
   6.5246207e+01   6.1075454e+00   8.6785995e+01   9.9993867e+01   4.2569317e+01   5.7584520e+01   5.8351232e+01   4.5331852e+01   4.5208523e+01   4.9187735e+01   5.8642404e+01   7.1720519e+01   3.5272725e+01   6.1610061e+01   9.0428810e+01   3.1268098e+01   7.1798545e+01   4.6497018e+01   1.9056861e+00   8.6605138e+01   1.5626383e+01   1.5744034e+01   3.4307894e+01   6.6907554e+01   2.4525929e+01   6.5239338e+01   7.8346985e+01   9.2686353e+01   3.9334949e+01   9.9137610e+01
  -6.2757656e+01   7.8414893e+01   1.4415456e+01  -4.0724295e+01  -4.7371573e+00  -7.1157418e+01   7.1889419e+01  -1.3046079e+01   4.7095048e+01  -4.3082245e+01   4.2088185e+01  -8.3904725e+01   6.4067851e+01  -4.6828725e+01  -4.6064568e+01   7.4312235e+01   5.9748784e+01  -9.8308348e+01   4.3495490e+01  -7.1733948e+01   2.4545871e+01  -5.1467778e+01  -2.1633889e+01  -6.4769449e+01   5.0785090e+01   2.3671610e+01   5.4831601e+01   2.0165016e+01  -6.2730741e+01  -5.1344649e+01
   6.3535484e+01   6.2757084e+01  -6.7276764e+00  -3.3079291e+01   8.0510928e+01  -1.9651612e+01  -3.9501961e+01   5.5794927e-01  -1.0763380e+01   6.1894411e+00   1.9425253e+01   8.8989455e+00   3.3608221e+01   4.6919451e+01  -2.8875288e+01  -4.5351072e+01   6.3519676e+01   5.9326349e+01  -8.3047775e+01  -7.1076019e+00  -6.2008906e+01  -4.5173928e+00  -8.0668959e+01  -4.0165474e+01   6.5961892e+01   9.0032160e+01  -7.8295413e+01   6.2085915e+01   4.7403544e+01  -1.7780223e+01
   5.1475943e+01   4.9477818e+01   6.8940186e+01   7.5033867e+01   2.6487814e+01   8.0385077e+01   8.4635533e+01   8.3714540e+01   3.8791721e+01   4.9359829e+01   2.1399257e+00   8.4215285e+01   2.6227150e+01   5.6655225e+01   3.3395081e+01   8.1942097e+01   8.9441445e+01   9.0648974e+01   9.4134976e+01   7.5520276e+01   9.1094722e+00   3.6916791e+01   3.7903477e+01   6.0074706e+01   6.8179769e+01   6.9118644e+01   9.4969911e+01   7.6748410e+01   6.0639527e+01   5.5612704e+01
   3.4252906e+01   6.0259454e+00  -6.1858379e+01   2.9166171e+01  -3.2127451e+01  -2.5175863e+01  -3.5376316e+01   9.8834541e+00  -9.6059917e+01   2.9193383e+01  -9.9412366e+01   3.8828086e+01   1.8852195e+01   9.7921877e+01   9.8361438e+01   7.1647699e+01   1.0983412e+01  -6.7739350e-01   9.1472503e+01  -3.0652824e+00  -5.3292084e+01   6.3542750e+01  -2.1990588e+01   7.8354168e+01   7.5935629e+01  -8.2816784e+01   5.4047669e+01  -7.2368817e+01   2.0297434e+01  -5.7182824e+01
  -1.5955053e+01   8.7332013e+01   9.2761214e+00   2.0828132e+01   9.2939770e+01   7.9119180e+00  -2.1660334e+01  -8.6388334e+01  -3.8139938e+01  -5.5950057e+01  -4.5878830e+01   7.7245731e+01  -1.5772691e+01  -2.2804477e+01  -3.0016507e+01   7.0049528e+01   6.7883445e+01  -8.6507612e+00  -2.5205443e+01   8.0171527e+01   1.4365834e+01  -3.6853513e+01  -6.7403078e+01   8.6265874e+01  -5.5385880e+01  -1.5378852e+01  -8.0618131e+01   7.1798209e+01   6.0361967e+01   3.1278239e+01
   2.5113031e+01   5.0233876e+01  -7.1890863e+01   8.8783622e+01  -5.5892548e+01   9.2686615e+01  -9.8774406e+01  -5.0969611e+01  -4.4783397e+01  -7.9470249e+01  -4.7388645e+01  -3.6423770e+01   1.7686323e+01  -6.3582335e+01   3.9429733e+01  -4.3865252e+01   5.9871322e+01  -9.8781710e+01   7.1121111e+01   7.4282913e+01  -1.8627179e+01   7.2121488e+01   7.0533418e+01  -6.9592904e+01  -3.3412517e+01  -2.4718806e+01  -2.7716501e+01   1.2611027e+01   5.2771541e+01   6.1537821e+01
   6.5052980e+01   3.9077744e+01   1.7181418e+00   4.0048913e+01   6.3382752e-01   3.6613811e+01  -1.0832351e+00  -8.2776191e+01  -8.9815355e+01   4.7031880e+01   8.4425716e+01   2.3088096e+01   2.2849688e+01  -4.9472126e+01   9.9585500e+00  -8.2208355e+01   6.7370754e+01  -2.8793296e+01   3.2497537e+01  -1.2855881e+01   2.7124041e+01  -7.8997333e+01  -6.8673612e+01   9.4144982e+01   6.3288716e+01   3.4151724e+01   4.8961514e+01  -5.1470307e+01   7.1334620e-01   6.8406752e+01
   9.7842184e+01   8.5265621e+01  -7.8732976e+01   7.0669649e+01  -7.7456797e+01   8.4649564e+00  -8.9334292e-03   3.3826795e+01   6.5500232e+00   8.8616389e+01   6.9334353e+00   5.8222291e+01   9.6618151e+01   2.5295579e+01   9.5759297e+01  -5.5847254e+01   9.1438785e+01   4.5623131e+00  -3.1346795e+01   4.5237289e+01  -2.9260251e-01   3.4029670e+01  -8.7556863e+01  -8.7573475e+01  -8.9842786e+00  -9.4528866e+01  -5.6193726e+01   7.5215188e+01  -5.5418896e+01   9.8377099e+01
   7.5696051e+01   1.1535949e+01   5.3233281e+01  -4.2884277e+01  -8.5666953e+01  -6.0165269e+01   3.4939500e+01  -2.4529181e-01  -7.4771944e+01   6.4111981e+01  -1.0977946e+01   9.6112718e+01  -4.5740203e+01   2.7614410e+01   5.5573192e+01  -8.2071082e+01  -8.0916433e+00   8.3720220e+01   6.6790853e+01  -4.5013053e+01  -6.2006950e+01   7.1909643e+01  -6.4609222e+01   8.8538180e+01   8.3368004e+01   5.3663021e+01  -3.4393830e+01   2.1440787e+01   3.4161572e+01  -6.0799314e+01
   2.3606408e+01  -1.8626724e+01  -9.4414294e+01  -8.6266694e+01   5.5863345e+01  -3.1654550e+01   1.5934572e+01  -4.8425020e+01  -4.2935574e+01  -5.1643620e+01   6.8285261e+01  -2.9335243e+01  -1.3736162e+00   3.7751181e+01  -6.3284909e+01  -5.2117187e+01  -2.2122019e+00  -2.7594371e+01  -7.8481325e+01  -7.4951587e+01   1.4775658e+01   8.5201418e+01  -5.3043918e+01  -9.7820016e+01   3.4859150e+01  -5.7095405e+01   4.5000202e+01   9.4735122e+01  -8.2679312e+01  -3.7163629e+01
  -9.9416019e+01  -1.4671211e+00  -3.7662955e+01   7.5687541e+01   2.2708903e+01   3.1048823e+01   4.3098873e+01  -4.1115958e+01   3.3808217e+01  -2.8691377e+01  -5.2771598e+01  -5.1115336e+01   8.9810873e+01   6.8629763e+01   3.6812797e-02   2.1712453e+01   2.5243630e+01   3.0206541e+00  -6.6352994e+01  -8.1731648e+01   2.6245793e+01  -3.6605547e+01   2.0627771e+01  -7.3872874e+01  -7.9150574e+01   2.2455605e+01   7.8503529e+01   2.2545944e+01  -4.8408382e+01  -4.0553538e+01
  -4.5981400e+01  -6.6255253e+01  -7.9285160e+01   4.3636417e+00   1.0937880e+01   2.3381036e+01   5.2264028e+01   2.9613292e+01  -4.6851220e+01   5.6050996e+01  -9.2617988e+00   2.9420320e+01   3.5970042e+01   9.2977966e+01  -2.6553846e+00   7.8473394e+01  -4.0108411e+01   6.0606762e+01  -1.4238183e+01   8.3356620e+01  -4.6575142e+01   7.3354986e+00   5.8701454e+01   2.6066725e+01  -8.7590279e+01  -7.4703771e+01   3.5226528e+01  -6.0010389e+01  -6.0403043e+01   2.8323790e+01
   9.7694887e+01  -4.7645062e+01   7.0631485e+01  -8.9202455e+01   8.3056120e+01  -3.8223150e+01  -5.8721732e+01   1.0587861e+01  -6.0115258e+01   9.8686813e+01   1.3552968e+01   2.0267340e+01   4.0527380e+01   9.2013075e+01   1.8851408e+01   2.8311126e+01   1.4591759e+01  -5.4811897e+01  -1.3817629e+01  -5.8002044e+01  -8.2038701e+00  -1.5279836e+01   5.6878454e+00   6.3144321e+01   1.1876540e+01   5.6032090e+00   1.3451121e+00  -8.1066665e+01   5.8385135e+01  -4.6672704e+01
  -3.4069738e-01  -1.7768142e+01   3.8156484e+01  -4.9506403e+01   7.1772438e+00   7.8876046e+01  -5.4353248e+01   7.3306187e+01  -6.4807150e+01  -8.1883960e+01   3.7816355e+01   5.7397585e+01   9.8328020e+01  -3.1485963e+01   6.2494230e+01   2.3256721e+01   9.0169083e+01  -6.9307891e+01   9.5120450e+01  -4.2159030e+01  -4.5766862e+01  -1.8074250e+01  -3.8890180e+01   2.3822424e+01   5.4827894e+01   4.8106110e+01  -4.4387650e+00   1.8761950e+01  -4.9370508e+01  -2.0071866e+01
  -1.4358125e+01   4.3045118e+01   2.6217231e+01  -7.7509831e+01  -2.3219535e+01   8.6272165e+01  -3.2687152e+01   5.4934910e+01   7.5008662e+01  -9.2258661e+01   2.2246492e+01   4.1787207e+01  -2.5807934e+01   8.9091606e+01   4.4844970e+01  -2.5704024e+01   5.1295864e+01  -4.7310614e+01  -5.9368631e+01  -4.3342234e+01   7.8876156e+00  -1.5555469e+00  -4.4584216e+01  -5.5439795e+01   8.5581167e+01   7.4675542e+01  -6.0284562e+01   7.3067140e+01  -1.3360950e+00  -2.2177549e+01
  -9.7216783e+01  -8.6116607e+01  -7.7901992e+01   7.4949273e+01   3.1633447e+01   5.5307604e+01   1.8465669e+01   8.6944418e+01   6.5739505e+01  -3.1133977e+01  -1.3569264e+01   1.0860047e+01   1.1997228e+01  -6.6680941e+01   4.0833488e+01   1.7663087e+01  -6.5973417e+01   9.4338020e+01  -2.4974506e+01  -1.9441425e+01  -8.6430545e+00   9.5474553e+01   4.4386502e+01   4.8002822e+01   5.2115905e+01   4.4052979e+01  -4.5777495e+01   2.2150617e+01  -8.9454829e+01   1.2914448e+01
  -5.7429775e+00   9.3998961e+01   6.7941902e+01   5.9406039e+01   9.0256539e+01   5.1787097e+01  -6.5041620e+01  -2.4662763e+01   5.7991244e+01  -6.6650089e+01   7.6009576e+01   7.8275536e+01  -1.3980653e+01   9.6326263e+00   7.8689825e+01   2.4205444e+00  -1.5617715e+01   2.1908346e+01   6.2369646e+01   2.3270907e+01   5.5895351e+01   3.8442718e+01  -7.5856590e+01   3.8446259e+01   7.3941403e+01   5.7558909e+01  -6.9385619e+01  -1.0311524e+01  -1.9652489e+01   9.4034232e+01
   9.6961255e+01   1.6356823e+00   7.4626955e+00  -2.9393949e+01   1.1551653e+01  -8.8596086e+01  -3.0610315e+01   7.7795757e+01  -1.3580567e+00   2.9078005e+01   8.3477793e+01   6.7133541e+01  -5.6932912e+01   3.9976618e+01  -1.3586071e+00   1.4878452e+01   6.6477170e+01  -7.3705411e+01   3.8437856e+01   3.9989113e+01   1.8155176e+01  -4.2943048e+01   3.4523094e+01   5.3914993e+01   5.2854013e+01  -8.0033665e+01   8.1797020e+01   9.9063588e+01   9.5702707e+01  -3.2709343e+01
   2.7408352e+01  -7.5642593e+01   8.5546872e+01   5.5827937e+01  -8.5931724e+01  -7.1963164e+01  -8.8011410e+01  -4.8396441e+01   1.6546844e+01   1.0828822e+01  -4.2723421e+01   7.4407499e+01   2.0765799e+01  -6.6429917e+01   7.8422109e+01  -9.7304805e+01  -1.8856324e+01  -2.4901069e+01   1.9661187e+00  -3.7292231e+01  -2.9957210e+01   7.4088122e+01  -3.0728466e+01  -9.4496865e+00   1.5051567e+01  -9.4367572e+00  -7.3387921e+01  -4.3564520e+01  -1.0047695e+01   9.4514352e+01
   9.2991999e+01  -6.7179870e+00  -7.2295663e+01   4.0723948e+01   9.2910254e+00  -2.2881068e+01  -8.3129952e+01   7.6778027e+01  -2.9383125e+01   5.8969240e+01  -8.1199196e+01  -2.1665385e+00   6.1694249e+01   2.5826525e+01   5.5183892e+00  -8.7278282e+01  -4.4670740e+01  -9.9897721e+01  -5.5609315e+01   6.7553769e+01  -9.5866308e+01   7.9596826e+00   6.8911060e+01  -9.0247102e+01  -3.2791666e+01   2.0306879e+01   7.4947907e+01  -5.3990718e+01  -8.1283251e+01   2.2630984e+01
  -1.9022675e+01   9.1506858e+01   7.1095934e+01  -1.6294843e+01   7.9435428e+01   7.0607146e+01   3.2607429e+01   3.8115918e+01   4.3516581e+01  -2.1960690e+01  -7.3482702e+01  -5.6402894e+01  -6.4696613e+01  -4.6110964e+01   3.1558170e+01  -4.1429384e+01  -7.2121840e+01   5.2280349e+01  -2.9098484e+01   9.3729766e+01   3.8640205e+01   2.6583143e+01  -1.6068702e+01  -2.3977491e+01   4.0150455e+01  -4.9103753e+01   6.3693175e+01  -9.3938268e+01  -2.5969291e+01  -7.6668870e+01
   1.8391962e+01   3.3721690e+01   4.4198733e+01   2.9083924e+01   4.0425210e+01   5.0685524e+01   9.5018389e+01  -7.8799507e+01   6.8834532e+01   1.8135780e+00  -9.8126822e+01  -2.4635665e+01   5.5301449e+01   9.9697623e+01  -6.2052522e+01   1.0713052e+01  -5.4220641e+01  -8.4818173e+01   6.0033425e+01   9.1662015e+00  -4.0020320e+01   4.7605676e+01   4.6989852e+01   3.8793253e+01   8.6413410e+00  -2.4955765e+01  -7.7086776e+01   8.7115551e+01  -7.2851551e+01  -1.3160958e+01
   9.7685377e+01   3.7408314e+01   2.0974906e+01  -4.0034540e+01   2.4663350e+01   5.0120282e+01   5.0200784e+01  -2.1492515e+00   3.0098969e+01  -7.0289780e+01  -1.5875770e+01  -6.9280867e+01  -6.6621702e+01   4.6970264e+01   1.6479637e+01   2.5688308e+01  -9.7025148e+01   8.0735337e+01   5.5358975e+01   6.2557410e+01  -9.6451391e+01   4.1165439e+01   9.0000264e+01  -9.0823528e+01  -2.4438649e+01  -1.7235471e+01  -3.9725151e+01   7.4447968e+01  -3.3176721e+01   2.2532215e+00
  -5.5276534e-01  -8.2683142e+01  -9.4672080e+01  -8.7351058e+01  -1.1000013e+01  -4.5688349e+01  -6.0172169e+01   4.1185611e+01  -7.3948189e+01   4.8454624e+01   8.8998264e+01  -7.6737107e-01   5.1332924e+01  -8.0970055e+01  -1.2954014e+01  -7.7391541e-01   9.0984327e+01  -3.9416240e+00  -5.6174288e+00  -7.6817524e+01  -7.9642797e+01  -6.2518959e+01   7.0808138e+01  -6.4862587e+01  -7.8704772e+01   7.5515631e+01  -4.9436698e+01   8.6671755e+01   1.3969854e+01  -4.7652727e+01
  -2.2445897e+01   6.4387346e+01   5.9050772e+01   2.7272426e+01   8.2003755e+01  -9.2379462e+01   8.6435643e+01   5.9999317e+01   9.5447837e+01  -8.4110116e+01  -3.5378857e+01   9.7927537e+00  -9.6922027e+01  -8.9085340e+01  -3.7485944e+00   4.6492015e+01   2.2984754e+01   8.0373002e+01  -3.8650870e+01  -4.7448804e+01   6.0193620e+01  -9.9213665e+01   3.3560246e+01   7.3767660e+01  -7.7912837e+01  -4.6535708e+01   6.2679392e+01  -6.7397934e+01   9.0158556e+01  -4.3072551e+00
  -1.1241922e+01   7.7064760e+01   3.9155208e+01  -1.1712365e+01   8.2117700e+01   8.1450429e+01   6.0964296e+01  -9.7466041e+01   7.3223014e+01  -5.4890740e+01   8.2268654e+01   7.7327650e+00   1.7953099e+00  -4.4924617e+00   5.1473941e+01  -8.5578821e+01  -1.0415683e+01   1.1320192e+01   7.5403398e+01  -3.8652897e+01  -3.9681619e+01  -7.5760476e+01  -3.8126627e+01  -9.3128269e+01   4.7611111e+01  -2.9304183e+01   8.1928562e+01   4.0967261e+01   4.3625033e+01  -5.4586152e+01
  -4.7666512e+01  -8.1863598e+00   9.3984809e+01  -8.2988950e+01  -1.9230298e+01  -7.5371005e+01   7.2295056e+01   4.8388710e+01   3.3214497e+01   9.7553410e+01  -2.9069789e+01  -4.7762868e+01  -3.2040256e+01  -8.0585381e+01   3.6499971e+01  -5.0703454e+01   8.1075640e+01   4.1370065e+01  -2.5730501e+01  -2.7000571e+01  -3.1353849e+01  -7.5020927e+01   2.1605546e+01   9.3941707e+01   6.1793149e+01  -4.2553731e+01   1.0247465e+01   1.5216522e+01  -6.1375329e+00  -5.3559534e+01
  -1.4983845e+01  -6.0154366e+01  -3.4377172e+01   5.2232834e+01  -7.9495856e+01  -4.7968530e+00   1.0880074e+01  -7.2463476e+01  -5.6647631e+01  -3.3783132e+01  -2.5774120e+01  -1.7259608e+01  -6.7148929e+01  -6.0486221e+01   2.5383998e+00  -8.3310899e+01   5.5050586e+01   9.5122582e+01   5.4703760e+01  -1.3390075e+01  -3.9616997e+01   3.6764891e+01   6.1772974e+01   1.3582441e+01   6.0052108e+01   7.8513759e+01  -3.2769828e+01   7.5538527e+01  -4.1053460e+01  -2.6715013e+01
  -5.0953453e+01  -7.2492388e+01  -8.9837116e+01   1.2225944e+01   3.1352869e+01   1.4369708e+01  -2.5166269e+01  -4.0799246e+01  -8.0614094e+01   5.0425442e+01  -6.9866874e+01   9.8802186e+01  -7.1972383e+01   2.9487612e+01  -6.0326027e+01   3.0508432e+01  -3.8025604e+01  -5.0080427e+01   3.5029638e+01  -8.0441379e+00  -3.2249259e+01  -9.1120004e+01  -4.6068506e+01  -3.2501548e+01  -7.2727519e-01  -5.6537956e+01   4.1331151e+01   9.4434160e+01  -6.9791775e+01  -8.6481032e+01
  -5.8964117e+01   3.0262049e+01   9.6306529e+01   7.9456325e+01  -5.4750868e+01  -3.3357847e+01   9.3991881e+01   3.6974952e+01   1.0689045e+01  -4.3834307e+01   6.2105418e+01   7.6129785e+01  -2.9065798e+01  -3.6794241e+01   2.0557994e+01  -9.3737374e+01   1.1103094e+00  -8.3896189e+01   2.5711231e+01  -8.7759376e+00  -5.1052556e+00  -9.7103188e+01  -4.1258229e+01  -6.3780072e+01   5.4510488e+01  -8.4628771e+01   7.6082931e+01   6.1334825e+01   6.8351918e+01  -3.9563403e+01
   4.0942510e+01  -9.6588950e+00   8.8179223e+01  -7.1911739e+01   2.8993669e+01  -3.9613388e+01  -2.3842511e+01   1.0759272e+01   3.8215588e+01   1.8837188e+01   6.6253853e+01   5.0454288e+01   8.0511837e+01   9.1249034e+01   3.3680750e+01  -2.1933870e+00  -8.4025942e+01  -9.3866555e+01  -1.5879693e+01  -6.3266538e+01  -3.0987228e+01   2.6305067e+01   9.9428781e+01  -8.8868499e+01  -9.9070671e+01   9.7724633e+01   9.4274771e+01  -6.7126398e+00   5.8733709e+01  -9.1848493e+01
  -6.1556785e+01   3.9326488e+01  -7.5301509e+01  -3.3251646e+01  -8.8797740e+01  -2.4595647e+01  -1.2634883e+01   9.9392808e+01   1.5354426e+01   6.2588219e+01  -6.2046686e+01  -6.6312311e+01   4.4587920e+01   7.7387720e+00  -8.0146383e+01   7.3733577e+01   6.3936681e+01   1.5158803e+00   4.1395523e+01  -4.4506509e+01   9.0691684e+01   9.3011298e+01   7.6700466e+01   3.8938104e+01  -5.2480832e+01   4.3687119e+01  -9.7926656e+01   4.3413976e+01  -4.6522362e+01   6.7661267e+01
  -3.9942734e+00  -5.0870737e+01   9.9277060e+01  -7.1580989e+01   7.9632612e+01   1.3647318e+01   4.2283472e+01  -4.2111003e+01   1.8683050e+01  -8.0011693e+01   9.8350036e+01   6.8665583e+01  -3.7633726e+01  -4.2304302e+01   5.1253917e+01  -3.6788701e+01  -2.6946493e+01   3.4057652e+01  -8.7378168e+01   7.2913891e+01  -2.6667462e+01   4.3831487e+01  -7.6095744e+01   6.1258054e+01  -2.1773968e+01   9.8430642e+01   2.6277963e+00  -6.3287385e+01  -6.4040877e+00  -8.1129378e+01
   6.7552621e+01  -8.2395340e+01   4.0677187e+01  -5.2250205e+01   7.9489194e+00   2.3961370e+01  -5.2032511e+00  -5.7972539e+01   8.5882427e+01   6.3585115e+01   3.4526342e+00   3.6328724e+01  -3.5016841e+01   4.1823067e+01  -8.0956321e+01  -7.2281507e+01   6.2273197e+01   6.4452397e+01   4.2862066e+01  -9.1341316e+01  -5.3343275e+01  -4.8350068e+01  -9.5932910e+01   6.9658549e+01  -3.5367962e-01  -3.3187895e+01  -9.8160730e+01  -5.4035827e+01   5.3340830e+01   6.5570086e+01
  -2.2339655e+00  -2.9635882e+01  -1.9602903e+01   7.4401142e+01   5.4154944e+01   4.8572058e+01  -8.8251296e+00  -5.3327354e+00   3.7045004e+01   1.2479880e+01  -9.6550360e+01   1.1222310e+01  -6.8567865e+01   9.6453375e+01   7.9533426e+01  -2.5710514e+01   8.5377512e+01   5.7184033e+01  -9.2607512e+01  -1.9534461e+01   1.7742448e+01  -3.4179511e+01   6.8744082e+01   5.7565455e+00   2.2486531e+01  -9.7749660e+01   8.9690638e+01  -5.4187823e+01  -1.6069695e+01  -2.7775958e+01
  -8.5770693e+01  -1.1154748e+01   2.1409963e+01   9.7836297e+01  -7.3389214e+01  -4.8724964e+01  -1.7878252e+01   7.1879568e+00   2.4448544e+01   1.8206139e+01   5.3531331e+01   7.7457855e+01   6.5770794e+01   7.2377180e+01  -3.9469600e+01   8.4674033e+01   5.2433684e+01   1.5416182e+01   5.3381257e+01  -1.1076216e+01  -5.2886989e+01  -9.9782204e+01   5.6380427e+00   7.9669439e+01  -1.0158426e+01  -3.4168881e+01   9.8486302e+01   1.3977619e+01  -9.3247868e+00   2.1437851e+01
   2.4710051e+01  -8.4970472e+01   5.6291055e+01   2.6734479e+01   6.8747981e+01   1.3952825e+01  -2.7641856e+01   4.1728439e+01  -5.0073645e+01  -5.2044096e+01   3.3472799e+01  -1.4862562e+01  -8.0605914e+01  -6.6580334e+01  -3.4136770e+01   5.5110604e+01  -3.2096378e+00   7.5079584e+01  -4.6740026e+01   7.7045348e+01  -1.4359002e+01   3.4365545e+01  -3.4791782e+01  -2.5536114e+01  -6.6010513e+01   7.0300969e+01   5.6655918e+00   6.3810287e+01  -3.6362739e+01   2.6317830e+01
   1.5263055e-01  -5.8213538e+01  -1.7227657e+01  -4.8979811e+01   2.8033735e+01  -6.4247526e+01  -9.8819128e+01  -8.0553798e+01   5.3027017e+01   7.0477923e+01  -9.2342023e+01  -4.6178042e+01   4.3846092e+00   9.7827564e+01   8.3249906e+00   3.0202967e+01  -9.6907896e+01   2.8564868e+01  -6.6214509e+01   1.8142638e+01  -6.0942735e+01   4.3275369e+01  -7.4423406e+01  -2.9423359e+01  -9.0800437e+01  -3.2505937e+01   5.8983293e+01  -6.4851464e+01   2.4070591e+01   7.5444797e+01
   4.9631872e+01   6.1192324e+01   2.2996992e+00   2.7586924e+01  -7.9771012e+01   7.2754835e+00  -6.6072784e+00  -3.5602177e+01   1.4021428e+01  -1.6620595e+01  -6.8859810e+01  -9.1760276e+01   4.8402961e+01   4.0227778e+01  -8.2788360e+01  -1.3856745e+01  -1.0590925e+01   8.1471132e+01   4.0079308e+01  -5.5809792e+01  -7.8056687e+01  -6.3976579e+01   8.6054186e+01  -5.2855758e+01   8.9315595e+01   6.8738565e+01  -6.3458245e+00   9.9848858e+01   5.4687706e+01   7.9139223e+01
  -7.3512209e+01  -8.0139553e+01  -6.1459184e+01   6.8043013e+01  -6.2498477e+01   2.5945886e+01  -3.9785274e+00   1.1401348e+01  -2.4497265e+01   5.8122054e+01   1.0444778e+01   4.4757417e+01   5.8020688e+01   8.4777854e+01  -1.2785386e+01  -4.1700393e+01   6.0537010e+01   8.8435717e+00  -5.0579234e+01  -7.0327604e+01  -5.6486668e+01   7.8993414e+01   7.1124245e+01  -6.3262364e+01  -2.9389190e+01  -7.0213771e+01   5.9420339e+01  -8.7290707e+01   7.1387710e+01  -3.9510868e+01
  -4.7527693e+00   8.1871914e+01   8.2984128e+01  -2.3419331e+01  -8.8508394e+01   9.6163867e+01   4.8858657e+01  -5.9364185e+00  -8.4790192e+01  -4.1071030e+01  -5.0843963e+01   6.1984321e+00   6.7448357e+01   8.8582275e+01   2.6876349e+01  -6.6717570e+01   2.1202981e+01  -6.5355255e+00   5.6829509e-02  -1.1000167e+01   8.5973101e+01  -9.9087753e+01  -9.6410525e+01  -5.9532496e+01   1.4074682e+01  -7.8944597e+01   7.0595484e+01   9.8855603e+00   3.7394050e+00   1.3196244e+01
  -3.1676926e+01  -4.4909697e+01  -5.0204624e+01  -3.5085022e+01   1.8556167e+00  -8.3657732e+01   1.6360175e+01   7.3054325e+01   1.7428009e+01   7.4424927e+01  -9.8944070e+01  -9.6788416e+01  -3.6598389e+01   6.0044507e+01   9.8020268e+01  -3.1302458e+01  -5.3856066e+01  -6.8408352e+01   3.3877102e+01   1.0816985e+01  -2.8738194e+01  -8.7873596e+01   3.9844542e+01  -2.8316845e+01  -9.6234568e+00   5.7929720e+01   5.1731262e+01   5.4742681e+00   2.4572954e+01  -9.6784812e+01
  -4.4162387e+01  -3.1151861e+01  -1.6100961e+01  -4.8247821e+01   7.5102397e+01   8.2947121e+01  -3.0744164e+01   8.1071797e+01   3.4159663e+01   3.4963289e+01  -5.8151952e+01  -3.9155655e+01   9.9162685e+01  -7.5949235e+01  -7.0233786e+01   9.1606698e+01  -9.6248109e+01  -8.7088182e+00  -3.1876271e+00   1.5445081e+01  -6.0667335e+01  -1.3473844e+01   1.9364304e+00   7.1246567e+01   7.5325872e+00  -2.9619480e+01  -7.6863957e+01   8.0612292e+01   3.5726346e+01   9.7967139e+01
   8.2158413e+01   3.5734448e+01  -3.4011338e+01   6.4777172e+01  -8.6936025e+01   3.8302421e+01  -7.1798088e+01  -7.0952790e+01   3.2242413e+01   6.9434548e+01   4.2299808e+01   8.7131060e+01  -8.8991535e+01   9.1481070e+01  -8.0946708e+01  -3.0239486e+01  -1.8551206e+01   9.0613787e+01   6.8163429e+01   6.4801655e+00  -5.3114616e+01   5.2285554e+01  -1.8307699e+01   9.2984178e+01  -3.2288013e+01   7.3895250e+01  -7.6113069e+01   6.6070299e+01   2.5817480e+01  -3.6250018e+01
  -8.9237170e+01  -1.3473066e+01  -5.9235362e+01   9.6030106e+01  -7.6328585e+01   4.2631673e+01   1.3498233e+00  -1.3170016e+01  -5.6180658e+01   8.8672331e+01  -9.2963028e+01  -7.3182526e+01   9.8830902e+01  -9.7746023e+01   8.9113568e+01   9.3611013e+01   5.9835874e+01   4.1700138e+01   4.2400978e+01   1.6513054e+01  -7.9539566e+00  -8.1656882e+01  -8.4052239e+01  -5.2415605e+01   7.6301344e+01  -2.8825317e+01  -5.2808293e+01   1.7158711e+01  -6.9243759e+01   7.2232966e+01
  -1.1770903e+01   6.0747287e+01   9.7792476e+01  -4.4416663e+01   9.4764814e+01   1.5960001e+01  -3.8677574e+01  -5.5119148e+01  -9.4641838e+01  -8.3482175e+01  -5.1506886e+01  -7.3075152e+01   5.4229003e+01  -1.7020769e+01   1.2978494e+01  -3.1942915e+01   9.7516146e+01  -4.9087501e+01  -4.9264619e+01  -7.9432612e+01   2.9081880e+01  -7.1064215e+01   2.4750741e+01   2.1025150e+01   8.4045450e+01  -8.3692660e+01  -8.0943042e+01  -6.8894147e+01   7.3328870e+01   1.2538278e+00
   5.5974433e+01  -2.9683521e+01   8.9716564e+01   3.2814656e+01   9.9892957e+00   2.4845386e+01   4.8483934e+01   7.5602478e+01   8.4015292e+01   6.2532076e+01   1.4492943e+01  -5.7391769e+01  -1.5555205e+01  -3.9783096e+01   2.1265971e+00  -2.3271467e+01   2.7309463e+01   6.7869133e+01   3.1893479e+01  -8.1584855e+01  -9.3633879e+01   9.5420026e+01   5.0250493e+01  -8.0430094e+01  -2.7572288e+01  -4.7845033e+01   5.7504238e+01  -1.3259678e+01  -2.8518333e+01  -9.9381850e+01
  -9.0201461e+01  -4.6211061e+00  -5.8282940e+01   1.9132311e+01   9.4496233e+01  -5.3763340e+01   7.7981494e+01   7.8522755e+01  -2.8766659e+01   2.1191291e+01   8.4302731e+01  -3.0690381e+01   4.3016044e+00   7.3080985e+00  -6.2115202e+01   5.5987610e+01   7.6616267e+00  -6.5884134e+01  -9.2322159e+01  -8.5850625e+01  -1.2698751e+01   6.2708204e+01  -2.4405754e+01   8.0444773e+01  -4.1308598e+01   9.7262685e+01  -6.9964619e+01   4.2597375e+01  -8.5603126e+01   5.6601428e+01
  -4.4478998e+00  -4.1322487e+01  -6.6889921e+01   9.9765841e+01   4.4570451e+01  -5.0391693e+01  -4.8857645e+01   8.1838564e+01   8.0052288e+01  -1.1293713e+01  -5.7449138e+01   3.5995828e+01  -1.8945097e+01   4.7561817e+01  -8.5182561e+01   5.0060338e+01   5.6420713e+00   5.3205216e+01   2.5691320e+01  -2.8294058e+01   8.6343298e+01   8.0213348e+01  -2.0087389e+01   7.6500444e+01  -1.9700510e+01   2.4091096e+01  -7.5514092e+01   4.2342186e+01  -7.0586235e+01   3.0731977e+01
   2.1549638e+01   5.1158698e+01   5.5983571e+01   8.9349657e+01   7.4412459e+01   9.5675151e+01  -7.7181130e+01   7.7890538e+01  -9.0469361e+00  -2.4660441e+01  -9.9359382e+00   1.7057735e+01   7.8441946e+01  -8.6542310e+01   5.8193689e+01   5.8188293e+01  -6.0128070e+01   8.0235608e+01  -6.8762560e+01  -6.8144943e+01   6.4003018e+01   9.5311987e+01  -2.6217951e+01  -2.2911615e+01  -4.9506973e+01   9.7329820e+01  -7.4882387e+01  -8.7888047e+01   8.1663562e+01  -5.0324381e+01
   6.1916130e+01   7.1347088e+01   9.4135562e+01   6.3882818e+01   3.7194856e+01  -7.3583908e+01   5.6359839e+01   1.3188774e+01   5.3484517e+01  -6.2671118e+01  -1.5621025e+01  -5.2706990e+01   2.3908776e+01  -1.5262599e+01   3.3639194e+01   3.5922277e+01  -4.6951193e+00  -4.8227694e+00  -8.3988663e+01  -6.6905934e+01  -7.2467384e+01   7.5892312e+01   6.9209049e+01   1.4421730e+01   6.9629333e+01   6.6378923e+01   5.3881336e+01  -9.1936448e+01   8.4977755e+01   2.2582947e+00
  -3.0959888e+01   4.6969489e+01  -8.9544715e+01   4.2355707e+01   1.3444768e+01  -9.5227537e+00   9.4925680e+01  -4.0712783e+01  -4.4708372e+01  -3.3811033e+00  -3.1381257e+01   1.9775739e+01   6.3123792e+00  -8.4613913e+01   3.0350937e+01   5.2290492e+01   4.8431186e+01  -8.4843376e+01   4.8606797e+01   1.5767050e+01  -2.4746568e+01   3.2501836e+01   6.7901277e+01  -7.1438138e+01   3.4618524e+01  -6.8740396e+01   6.5768639e+00   8.9089455e+01  -5.1771908e+01  -8.3995293e+01
   1.5271500e+01   9.5666397e+01  -7.4652794e+01   5.9823921e+01  -8.1975053e+01   4.1834710e+01  -8.9647435e+00   6.3416987e+01   6.4137340e+01   5.8723562e+01  -8.2145647e+01   3.9818367e+01   1.3413460e+00  -6.3469447e+01  -9.1830873e+01  -1.7098767e+01  -4.5769281e+01  -6.1281662e+01   7.0325885e+01  -4.3404918e+01   5.6824814e+01  -5.8336982e+01   4.3386320e+01   3.5184225e+01  -2.9016305e+01  -9.0835492e+01   4.7775672e+01   8.8423797e+00  -3.6152766e+01  -8.9656104e+01
   2.2017214e+01  -6.0221349e+01  -7.8057953e+01   7.9078331e+00  -9.1876294e+01   8.2955622e+00  -2.5381394e+01   2.6067677e+01  -3.1111394e+01   5.5036297e+01  -8.3720013e+01  -9.6452279e+01   2.2154870e+01   6.7251175e+01   1.1329323e+01   9.0595032e+01   2.0763542e+01   1.1661648e+01  -3.5794723e+01  -8.6001829e+01   5.5328654e+01  -4.9808502e+01  -8.8224868e+01  -9.1592115e+01   9.8944094e+01   9.1058406e+01   3.5599329e+01  -7.5765606e+01   2.2793621e+01   6.3027895e+01
  -2.6282358e+00  -9.5751913e+01  -9.3871105e+01  -9.7825162e+01  -7.6055586e+01   1.2754144e+00  -9.5618963e+01  -4.9003460e+01   2.4694146e+01   9.1803286e+01   4.4257694e+01   8.7285653e+01  -3.7468269e+01  -7.1097264e+01  -8.5344806e+01   5.3967628e+01  -9.0974874e+01   6.3301746e+01   8.1065252e+01  -2.7979619e+01   8.1965464e+01   9.8532179e+01  -6.6206671e+01  -7.8090066e+01  -1.0199136e+01   2.8127873e+01  -6.8212146e+01  -4.5514847e+01  -9.8073867e+01   9.0978882e+01
   6.1292423e+01  -2.6180141e+01  -7.2306320e+01   6.5031020e+01   1.6356737e+01  -2.6776920e+01   6.5357907e+01   5.9204602e+01  -1.7945110e+01   2.2331509e+01   6.5679892e+01   1.5370639e+01   5.8306749e+01  -6.2992487e+01  -8.7845350e+00  -6.9836656e+01  -6.8047879e-01  -1.0295925e+01   4.4161067e+01   7.4140930e+01  -5.0321205e+01   8.9372029e-01  -6.5875254e+01   5.5578146e+01  -3.1369207e+01  -7.2063866e+01  -3.3271114e+01   6.7313912e+01  -9.0082839e+01  -2.2964828e+01
  -7.0502659e+01  -9.3472866e+01   7.2597697e+01   2.9521595e+01  -6.0488912e+01  -6.4874485e+01   8.9592851e+01  -1.3738757e+00   7.3737906e+01   9.6870821e+01   2.7688750e+01  -9.5296462e+01  -9.4760356e+01   3.3408699e+01  -3.9104121e+01   4.6881788e+01  -4.8256359e+00   4.5768381e+01   3.6525109e+01  -4.3724116e+01  -6.3511269e+01  -3.0028225e+01   1.3880110e+01   3.7032070e+01  -1.5299220e+01   7.6735005e+01  -6.5569248e+01   8.9713015e+01  -3.9413200e+01   1.5969422e+01
   6.0426431e+01  -8.6883025e+01  -9.3987793e+01   7.5471596e+01  -5.8568489e+01   1.4217097e+01  -3.8611528e+01   9.7393844e+01  -5.4113851e+01   5.4983880e+01   1.9842058e+01  -3.1026073e+01   8.5637657e+01   8.6185947e+01  -7.5002386e+01  -8.0238176e+01   4.1704116e+01   5.2502657e+01   5.5556584e+00  -3.8587729e+01   5.2685011e+01  -3.6652895e+01   7.5966474e+01  -1.1628234e+01  -5.4827240e+01  -1.5960986e+01  -7.9586169e+01  -5.7042614e+01   7.7046375e+01   5.2141835e+01
  -9.8835006e+01  -5.3901405e+01   1.8374785e+01   9.0172330e+01  -8.6626232e+01  -6.3736417e+01  -3.3005074e+01   6.4888741e+01   4.2268726e+01  -6.5329293e+01  -8.5567066e+01  -2.2552548e+01   9.7386106e+01  -1.4452849e+00  -1.8425514e+01   1.2103398e+01   9.7759921e+01   7.6802541e+00   1.3207450e+01   7.8205540e+01  -1.2321667e+01  -8.6882719e+01   4.5943414e+01  -2.2085630e-01   5.1492583e+01   1.7707250e+01   3.9033559e+01   4.0198476e+01   4.8657781e+01   7.1429146e+01
  -9.9619052e+01   1.5630148e+01  -6.4920860e+01   6.2730100e+01  -6.7445373e+01   5.1235362e+01   3.2477388e+00   6.0159804e+01  -1.7587982e+01  -8.5512185e+01  -6.0739804e+00  -2.7786696e+01  -9.9136940e+01   6.0004439e+01   7.9207777e+01   9.8875601e+01   5.7641313e+01  -2.7865283e+01  -4.5775396e-02   9.2150746e+01   7.4883885e+01  -4.2506092e+01   3.6452910e+01   2.6778669e+01  -9.4868681e+01  -8.6840366e+01   9.4984634e+00   2.3791639e+01   4.6601152e+00  -7.4874302e+01
   9.3232273e+01   5.5095996e+01  -5.1491622e+01   3.2117958e+01  -6.7002092e+01  -1.1836494e+01   2.5960177e+01   4.5422447e+01   7.3640191e+01   2.7906637e+01  -5.0049353e+01   3.7035736e+01  -8.0852529e+01  -9.7147644e+01   3.8991475e+01  -5.9863058e+00  -1.3900322e+00  -9.7052907e+00   2.1894211e+01  -9.3944585e+01   9.4084948e+01   8.8828645e+01  -7.4430396e+01   1.0578530e+01  -4.1226849e+01  -9.5047479e+01   7.5672895e+01  -2.9293291e+01   3.7313679e+01  -5.5480311e+01
   5.7703756e+01   8.3621450e+01  -1.2936159e+01   7.4297066e+01  -1.2843356e+01  -9.1965214e+01   2.7986002e+01   1.4754084e+01  -5.9206532e+01  -3.6912086e+01   8.6957165e+00  -2.4017025e+01   8.0090980e+01  -5.9112355e+00   5.6932552e+01  -8.4829293e+01  -1.7061169e+01  -6.3862812e+01  -9.9169870e+01   9.2867909e+01   4.3658833e+01  -9.7036875e+01   9.3508761e+01   5.1630118e+01  -8.1635920e+01   4.2409914e+01   7.2519705e+00  -5.2298298e+01   3.9506678e+00   1.5069824e+01
  -1.1577171e+01  -7.1272021e+01   2.5461920e+01  -4.9011392e+01  -9.3689995e+01  -4.0298936e+01   7.2902957e+01   3.1275258e+01  -2.7472981e+01   4.8527054e+01  -8.1285474e+01   7.2473995e+01  -6.5434021e+01   9.4773743e+01  -3.1478011e+00  -4.1750531e+00  -2.0274253e+01   8.1209023e+00   6.1691856e+00   4.8101824e+01   7.8247339e+01   3.5718270e+01   5.4333986e+00  -5.0026176e+01   7.0316225e+01  -5.9678843e+01  -3.5752975e+01  -9.1346942e+01  -1.0839393e+00  -2.5767407e+01
  -4.0447505e+01   8.7468804e+01  -7.8476371e+00   6.9031053e+01   6.2288624e+01   2.7325446e+01  -2.9573150e+01  -6.7111150e+01   5.4834182e+01   8.8053952e+01  -4.0180672e+01   7.7713250e+01  -9.0419785e+01  -4.4544270e+01  -1.9821483e+01  -6.8510204e+01   9.7970078e+01  -9.3484837e+01   8.3315067e+01   3.4489225e+01  -3.6156511e+01   6.3198676e+01  -9.0359510e+00  -1.1713201e+01   5.3747040e+01  -6.8075042e+01  -6.8753177e+01   8.1669736e+01  -8.8726890e+01   9.2419256e+01
   9.8758758e+01   8.0755274e+01   1.6142024e-01   9.3859751e+01  -8.5810070e+01   2.0723270e+01  -7.7659092e+01   6.4384002e+01  -6.3803013e+01   1.6050587e+01   4.4758150e+01  -1.2822298e+01   3.1242337e+01   4.0733889e+01   9.7445616e+01  -8.9528013e+01   7.9161817e+01  -1.6388964e+01  -6.2211047e+01  -3.8732691e+01   2.6218081e+01   7.6730875e+01   9.6346977e+01  -7.5803519e+01   3.0333231e+01   2.5063906e+01   4.5716573e+01  -3.0253225e+01   1.5855226e+01   3.4829912e+01
  -7.9236786e+00  -7.8704369e+00   4.5708052e+01   5.4708660e+00   2.7219688e+01   5.3150300e+01   5.2784824e+01  -6.3883089e+01   6.2765424e+01   9.2378424e+01   4.3463419e+01  -8.7582201e+01  -1.2110028e+01   6.8543263e+01   3.8289894e+01   2.8643935e+00  -2.1473800e+01  -7.0119027e+01   6.0399256e+01   1.7040103e+01  -5.0548279e+00  -7.6171180e+01   3.3489314e+01  -6.3286923e+01  -5.0396229e+01  -8.9524357e+01   8.4243131e+01  -5.6077437e+01  -6.5545378e+01  -1.9296390e+01
  -5.5619207e+01   4.8064865e-01   5.8927470e+01  -4.5184870e+01   3.3105340e+01   9.7454822e+01  -2.4878043e+01  -6.9834121e+01   1.8573185e+01   8.3855024e+01  -2.6303912e+01   9.7161144e+01   7.6274874e+01  -1.3488339e+00  -2.8454250e+01  -3.1682194e+01   4.3751882e+01  -7.6903212e+01  -1.0317981e+01  -2.7593679e+01   5.3809480e+01   2.0237636e+01  -1.4828129e+01  -9.9791399e+01  -4.3297266e+01  -6.4947273e+01  -8.7606548e+01  -6.3903403e+01  -7.5108354e+01   4.2537885e+01
   3.1829458e+01   2.3655998e+00   8.6758966e+00  -7.0032329e+01  -5.1900644e+01  -7.3719841e+01   3.2950306e+01   7.4309829e+01  -7.1387138e+01   8.7313400e+01   9.3453778e+01  -5.7283883e+01   3.3672848e+01   8.8607287e+01   9.6483735e+01   7.0398658e+01   4.1533823e+01   6.7075112e+01  -6.3545734e+01  -4.3179770e+00  -6.0505640e+01  -9.0732495e+01   1.3844731e+01  -6.6104144e+01  -2.6127072e+01  -2.5873594e+01  -1.4399289e+01   7.8343522e+01  -4.6336777e+01   1.7696122e+01
  -9.4019576e+01  -7.8491850e+01   1.8322379e+00  -4.6144632e+01   9.8433408e+01   2.4487698e+01   3.7965447e+00   1.1711242e+01  -8.1095251e+01  -1.2885628e+00   2.1150220e+01   5.4126704e+01  -7.5662968e+01  -6.3642794e+01  -3.6878459e+00  -8.2194034e+01   6.9262548e+01   7.9219853e+01   5.2400188e+01  -5.4327322e+01   9.5676239e+01   5.4723992e+01  -5.5939620e+01   7.9354244e+01  -5.0217340e+01   3.8362907e+01   7.4442962e+01  -9.1907200e+01  -4.4653282e+01   3.8845123e+01
   3.0001385e+01  -1.5199869e+01  -9.1251027e+01  -8.9489713e+01  -1.8096422e+01  -3.3050004e+01   2.5551752e+01  -6.5588330e+01   4.3674175e+01   9.8369649e+01  -4.1548624e+01  -2.2875672e+01  -4.0538613e+00   8.1641196e+01  -4.2018000e+01  -6.3572050e+01  -5.2835604e+01   8.5627820e+01   7.9832467e+01  -8.8377950e+01  -6.6680564e+01   7.3031697e+01  -3.9176436e-01   3.8295203e+01  -2.7754166e+01  -1.6999478e+01   7.3652970e+01   7.1827464e+01   7.3302239e+01  -2.8349846e+01
   4.5929304e+01   2.9013000e+01   2.8763506e+01   7.3010172e+01  -5.6811024e+01   3.2817991e+01   7.7998820e+01  -7.5376592e+01  -3.5928193e+01  -5.2665942e+01   5.1624220e+01  -7.8556713e+01   2.1461495e+01  -7.8752312e+00  -4.5025404e+01  -9.3039032e+01  -7.7447246e+01   8.8023011e+01   8.4721772e+00   6.4084212e+01   5.5931724e+01   1.1089112e+01   7.2604711e+01  -1.2104982e+01   6.4368561e+01   7.0265757e+01   3.4985443e+01  -6.3418008e+01  -9.9846093e+00   8.1302394e+01
   3.8855911e+01   1.5981008e+01   9.1051521e+01  -5.6563464e+01   5.0769176e+01  -9.4073405e+01   2.7963930e+01   9.7542283e+00   6.6871301e+01   9.2380211e+01  -9.0154026e+01   9.7232576e+01   5.0077304e+01  -2.4763037e+01  -9.7721942e+01  -2.5428018e+01   1.4702707e+01  -2.4605465e+01  -7.8924262e+01  -9.8417062e+01  -2.7331588e+01   7.4000374e+00  -1.5030614e+01   5.4164663e+01   6.5261628e+01   7.0893641e+01  -8.5764096e+01   1.5133203e+01  -1.7582570e+01   8.5134308e+01
   4.6157731e+01  -3.7777266e+01  -3.4041958e+01   1.7604721e+01   4.4174360e+01  -5.5962133e+01  -8.9413202e+01   6.0173574e+01  -3.1602904e+01   9.8931751e+01   4.8686574e+01   8.2931433e+01   4.0054407e+01   6.3139662e+01   2.1213308e+01   7.7319895e+01   9.9354401e+01   2.6474758e+01  -9.9888315e+00  -1.5946215e+01   1.7700354e+01  -8.8848842e+01   8.4738745e+01   1.2868161e+01  -9.7422494e+01  -6.1437731e+01  -5.4639181e+01   4.6460335e+00  -2.8328749e+01   2.1389589e+00
   9.0959981e+01   1.4461439e+01  -9.3932163e+00  -9.8873207e+01  -8.4835602e+01  -7.2838588e+01  -4.8349943e+01  -8.9110707e+00   7.0887641e+01  -3.8854695e+01   2.4543747e+01   9.3121947e+01   2.2731531e+01  -9.9824680e+01  -4.7156301e+00   5.7108609e+01   5.9679049e+01   5.6520280e+00  -4.4780443e+01  -3.3344943e+01   5.9893967e+01  -1.0757561e+01   1.7913834e+01   2.2888038e+01   7.9498032e+01   3.6054463e+01   2.7572505e+01   1.4699734e+01   4.3334082e+01  -7.0087486e+00
  -3.1014610e+01  -5.5216461e+01   3.9712301e+01  -9.9841546e+01  -5.2994720e+01  -8.9014096e+01   8.6447527e+01   6.7643780e+01   5.0471226e+01  -5.2566232e+01   6.7722774e+01   6.6456352e+01   1.6879083e+01   8.4556931e+01  -7.4753973e+01   6.4794084e+01   6.1792469e+01  -8.6548208e+01  -1.9763945e+01  -2.5346928e+01  -5.9218363e+00  -5.6561012e+01  -5.4365683e+01  -5.0613648e+01   3.2569262e+01   6.1548719e+01   5.2590453e+01  -1.5077035e+01   6.9534697e+01  -1.4536144e+01
  -4.7316969e+00  -6.7290856e+01  -4.4793478e+01   3.8743731e+00  -7.4810342e+01  -5.4710391e+01   1.5019156e+01   5.0011930e+01  -9.3429119e+01   8.4870986e+01  -9.9076239e+01  -8.0321540e+01   6.2414149e+01  -6.7021591e+00  -6.9368028e+01  -3.8708074e+01   3.5973372e+01   6.0608220e+01  -2.0217544e+01   1.9691540e+01   5.5461549e+01  -8.2268261e+01  -5.2878625e+01  -7.4549755e+01  -8.7349051e+01   7.4910390e+00   7.6918963e+01   3.2319598e+01   5.9386953e+00   4.9816752e+01
   3.3852980e+01   2.3213568e+01   1.1924578e+01   9.2305550e+01  -5.8151676e+01  -8.1849423e+01  -4.8112729e+01   5.9593163e+01   4.7617178e+01  -3.9584195e+01  -4.0559481e+01  -3.6584115e+01   9.9337480e+01   5.6532711e+01   7.6250752e-01  -5.0510219e+01  -3.1880912e+01  -7.4739721e+01  -4.5826833e+01  -1.0321019e+01   5.1509518e+01  -3.7084117e+01   4.9541321e+01  -4.9358875e+01   5.6156682e+01  -3.8411711e+01  -3.7286053e+01  -1.2052600e+00   3.9754580e+01  -4.6603725e+01
   9.9458067e+01  -6.7141438e+01   9.1504323e+01   3.8147260e+01  -8.7001092e+01  -1.7651745e+00  -7.0712988e+01  -8.2983684e+01  -9.4958918e+01   6.2144076e+01   6.7470724e+01   5.1674688e+01   4.3910620e+01   8.6381733e+00  -2.4249337e+01   1.4575989e+00   5.6913788e+01   3.6887722e+01   6.6857792e+01  -2.2457716e+01   3.6838950e+01  -3.1601255e+01  -2.4360657e+00  -1.5601477e+01  -7.8406787e+01  -6.7203173e+01   1.1391936e+01   1.4648001e+01  -2.1032625e+01   9.9262635e+01
  -8.7772861e+01  -9.2525736e+00  -2.8535229e+01  -8.9184239e+01  -4.2128191e+01  -3.6978849e+01  -6.1777168e+01  -4.5712264e+01  -4.0306975e+01  -4.4931691e+00   8.3333942e+01   9.4937855e+01  -4.9731482e+01   6.0970742e+01   9.4746438e+01  -8.0436099e+01   7.4697501e+01   1.8945802e+01   1.7721143e+01  -9.6450400e+01  -9.3873840e+01  -3.4822000e+01  -1.3767617e+01   2.1683899e+01  -3.9405895e+00  -6.2255776e+01   9.9391747e+01  -9.2646489e+01   3.5075949e+01  -3.5434087e+01
   7.1334864e+00   9.5510403e+01   5.1842040e+01  -8.5826877e+01  -9.6659649e+01  -6.5765129e+01  -9.9545307e+01   2.6356726e+01  -7.6946735e+01   4.0347843e+01   6.5004209e+00   4.0742453e+01   8.7937059e+01   5.7301767e+01  -5.3702141e+01  -6.8796260e+01  -9.8066894e+01  -5.4935991e+01   9.6035261e+01  -7.3333475e+01   7.0520159e+01  -5.4402166e+01   9.3728178e+01  -9.0136946e+01   7.2673412e+01  -7.3808097e+01   4.0721803e+01  -3.9260422e+01  -2.7638875e+01  -2.7193386e+01
   4.9399123e+01  -8.5973756e+01  -4.1542368e+01  -5.3275379e+01  -5.5492136e+01   9.7933270e-01  -8.6541091e+01  -2.1704776e+01  -5.6046600e+01  -2.3869565e+01  -4.8009964e+00  -7.1035142e+01  -3.7005866e+01  -7.5181088e+01  -1.9283683e+01   4.4159337e+01  -8.8745129e+01  -4.8016664e+00   8.9618104e+01   6.2542537e+01  -7.8481064e+01   9.1064633e+01  -5.0344167e+01  -3.0477180e+01  -6.2389958e+01   8.4608359e+01   1.0454999e+01   4.2461428e+00   5.0421908e+01   7.9836463e+01
   6.9017630e+01  -1.4583818e+01  -5.8479643e+01   7.4702181e+01   7.9647130e+01  -6.4915971e+01   2.5379001e+01  -1.6297211e+01   9.4390185e+01   8.1734102e+01   5.8463396e+01   8.5702941e+01  -5.2375347e+01  -3.7864982e+01   7.5996875e+00   4.8879317e+01  -5.2145974e+00  -8.2976893e+01  -8.8454915e+01  -7.9784275e+01  -5.3897134e+01  -3.8471914e+01  -8.8424106e+01   6.7469629e+01  -5.6804603e+01  -1.6684358e+01   3.6157568e+01   3.1239834e+01   5.1402286e-01   3.5918689e+01
  -3.4374466e+00  -5.7490073e+01  -9.5226617e+01   7.8269719e+01   3.7718021e+01  -7.1350000e+01   9.2890363e+01   2.4317620e+01  -7.4375266e+01   6.5226482e+01   1.7154406e+01  -8.0366147e+01   3.1471550e+01   1.5090012e+01   6.2881706e+01   2.2131700e+01   9.9193842e+01   2.7078941e+01  -7.9372601e+01   3.5286854e+01  -4.0274059e+00   5.6451395e+01  -9.3012978e+01  -6.7476013e+01   7.0685856e+01   2.3448299e+00  -9.4531280e+01  -6.0653724e+01  -4.9434520e+01   1.4643806e+01
  -8.4897012e+00   3.0204425e+01  -1.3327251e+01  -7.5125791e+01  -3.0760205e+01   9.7355150e+01  -7.8457349e+01  -1.0386925e+01   7.6947740e+01  -4.9688871e+01   6.8379414e+01   2.1482228e+01   3.5777223e+01  -5.3786237e+01  -2.2973089e+01   2.6871691e+01   6.3662441e+01   5.0397819e+01  -4.3378076e+01  -3.6085087e+01   9.8634701e+01   6.1322489e+01   8.8823746e+01   5.6958905e+01  -1.0030558e+01   6.7667958e+01  -1.6867529e+01   8.8486644e+01  -9.8086837e+01  -2.2373962e+01
  -2.5200193e+01  -9.7927636e+01   1.6931618e+00  -3.2489854e+01  -6.3707548e+01   7.6402267e+01   2.3652220e+01  -8.5989067e+01  -4.2112647e+01  -9.8326136e+01   6.6481989e+01   4.0769239e-01  -2.6890696e+01  -6.6089993e+01  -1.4460136e+01  -8.3281785e+01   7.7223136e+01  -6.1461508e+01  -4.7246170e+00   1.9572497e+01  -3.6895417e+01   3.0600436e+01  -7.5510243e+01   8.1477691e+01   9.0106434e+01  -7.1573618e+01  -9.2100195e+01   3.9277237e+01   6.1538885e+00  -3.5376733e+00
   8.9008220e+01  -5.1894914e+00  -2.8344334e+01   5.9957715e-01   5.7471250e+01  -7.0356447e+01   3.5062884e+01  -2.2281228e+00  -8.4793668e+01  -3.0751014e+01   6.0678488e+01  -8.0874067e+01   4.1648517e+01   2.2321554e+01  -3.9002640e+01  -6.1856440e+01  -4.9082558e+01   8.1833871e+00  -9.1700997e+01  -5.1631007e+01   6.6295877e+00   7.8594361e+01  -2.8620879e+01  -9.1372936e+01  -5.0075712e+01   8.4750252e+00   4.8345011e+01  -2.3829541e+01  -8.6409696e+01  -5.5652012e+01
  -2.1316757e+01  -6.1118271e+01  -4.9047507e+00  -8.9479006e+01  -9.4864393e+01   5.4314886e+01   3.2394390e+01  -1.6636952e+01   1.6907719e+01  -2.1196240e+01  -2.3583780e+01   9.3631750e+01  -6.5036307e+01   2.8879224e+01   8.0827519e+01  -9.9991322e+01   8.6633620e+01  -1.1986290e+01   6.5445407e+01  -8.1779443e+01   9.0266958e+01  -2.1882357e+01  -4.8595721e+01  -8.2135870e+01   4.5830624e+01   9.9982561e+01   3.1680707e+01   5.1151768e+01   6.1750431e+01  -8.2581785e+01
   9.3947744e+01  -9.1989195e+01   4.2750264e+01   2.6282345e+01  -8.8811984e+01  -9.1786372e+00   5.0643304e+01  -7.1339030e+01   5.0628345e+01  -2.5720963e+01   6.2425629e+01  -4.3914183e+01   1.6814716e+00  -4.1644205e+01  -3.5277935e+01   7.5014270e+00   5.0863436e+01   4.0440547e+01  -1.1347137e+00   4.0648128e+01   6.0641279e+01  -4.4475057e+01  -7.1095455e+01   2.3846595e+01  -4.5322758e+00   6.3842810e+01  -5.2140662e+01   6.0655040e+01   2.5453233e+01   9.2900967e+01
   5.6610305e+01   2.6211345e+01  -6.9761317e+01   1.6062457e+01   7.5287673e+01  -6.2925388e+01   8.9934981e+01   2.4269059e+01   9.7593982e+01   5.0236235e-01   9.1214130e+01   5.7817164e+01  -8.5538500e+01   5.1650394e+01   5.9916625e+01   9.6609960e+01  -6.0923735e+01   2.7579324e+00   8.8565000e+01   8.2974413e+01   2.2894419e+01  -2.6384098e+01   2.0906291e+00  -8.0758038e+00  -3.5275388e+00   9.6962308e+01   8.2319676e+01   6.6714552e+01   9.6024017e+01  -3.2161224e+01
   2.0367231e+00   1.4473278e+01   6.8638847e+01  -2.8729993e+01  -9.7666212e+01   7.3565448e+01   3.2366575e+01  -5.9809153e+01  -7.2833234e+01   3.1662911e+00   9.5595375e+00   4.3019000e+01   7.8039369e+01   5.1880029e+01  -9.0789082e+01   4.3935459e+01  -5.9900350e+01   6.9190403e+01  -3.6376860e+01  -2.7808347e+01   1.3236643e+01  -4.2475125e+01   2.8136764e+01  -8.6380420e+01   2.9822262e+01  -7.6142101e+01   2.8142383e+01  -4.2096922e+01  -2.7737040e+01   7.2406514e+01
   8.0931950e+01  -4.7692535e+01  -2.1857609e+01   2.8431989e+01   4.6998574e+00   3.7987222e+01  -8.0560704e+01  -2.0566326e+01   6.8814389e+01  -3.7958342e+01   4.1851773e+01   2.6273351e+01   2.0310171e+01  -8.9046029e+01   8.8546841e+00  -4.1085030e-01  -2.8408073e+01  -9.2600700e+01   2.3588003e+01  -3.9208907e+01   4.7863721e+01   3.0081312e+01   5.9349023e+01  -5.2261302e+01   9.7079873e+01   6.8857210e+01  -9.1257776e+01   2.4871645e+01  -5.4838858e+01   7.8691339e+01
   8.5795597e+00   3.1085110e+01   5.6207504e+01  -2.5950263e+01  -1.0281192e+01  -3.2848452e+01  -9.4837385e+01   3.8946274e+00  -4.3917388e+01   6.6240167e+00  -5.8906271e+01   9.6230834e+01   5.8807953e+01  -8.3661327e+01   3.3618127e+01   4.3164478e+01   4.1118316e+01   4.1552421e+01  -1.6750028e+00  -7.2394309e+00  -5.7856717e+01  -7.0961978e+01  -6.6120134e+00   9.3257372e+01   1.6783550e+01   2.2489947e+01   5.3930007e+01   1.8946918e+01  -3.9534066e+01  -8.3278865e+01
  -9.4269966e+01  -8.0923469e+01   5.7871582e+01  -7.4410660e+01  -2.8603358e+01  -2.0834281e+01  -5.3486850e+01   5.0079466e+01  -8.5944534e+01  -4.5236404e+01  -5.3498208e+01  -4.4352703e+01  -7.1553213e+01  -6.5898801e+01   9.4661217e+01   5.6222056e+01  -8.9964371e+01  -1.5039329e+01   9.3772455e+01  -3.0932193e+01  -2.0923699e+01  -1.8316703e+01  -4.5022283e+01  -3.2777511e+01  -1.2390848e+00   2.7696316e+01   3.6593324e+01   6.9251925e+01   9.3819178e+01   8.4473779e+01
   8.5486544e+01   5.8315374e+01   4.5857569e+01  -3.7411051e+01   3.8035237e+01  -3.0832419e+01   5.3663442e+01   1.1240146e+01  -1.5091702e+01  -2.2978206e+01   4.1858376e+01   4.4770488e+01  -7.7777190e+01   1.6400871e+01  -4.8048845e+01  -4.0294514e+01  -5.7665545e+01  -9.5664870e+01  -3.8050715e+01  -3.2247582e+01   2.2824728e+01  -6.2968226e+01  -9.7098775e+01   2.8227839e+01  -3.6010680e+01   1.5137346e+01   6.8998102e+01  -9.5668838e+00  -4.7791333e+01  -5.8391751e+01
  -6.3441885e+01   5.4365798e+01   7.2278805e+01  -5.3562295e+01  -3.4648769e+01   7.8765066e+01   1.4329430e+01  -9.2538511e+01  -8.4067064e+01  -3.8604783e+01   1.7121010e+00   1.0119959e+01   6.9112551e+01  -3.4332602e+01   8.6721065e+01   2.9592867e+01  -6.2213959e+01   6.6899590e+01   2.7429416e+01  -8.8840760e+01  -8.0879438e+01   7.9334976e+01   9.2065230e+01   6.0552393e+00  -4.5437449e+01  -7.3751872e+01  -4.3627334e+01   8.7616529e+01  -8.8803777e+00   3.3757375e+01
   6.8542573e+00   8.0340531e+01   3.2218323e+01   9.9685852e+00   8.4955464e+01   8.7100093e+01  -9.9831356e+01   7.0305131e+01   7.1673497e+01   6.5487258e+01   5.2021420e+00  -5.6469521e+01   3.0335661e+01  -3.3587377e+01   9.8623897e+01  -5.2200424e+01   1.0036382e+01   3.1337109e+01  -8.3419281e+01   4.7163735e+01   7.4965324e+01  -2.1782225e+01   8.9340919e+01   5.2019075e+01  -6.9958262e+01   4.2371312e+00   1.2947614e+01   3.4276298e+01   8.2311746e+01  -5.4590458e+01
  -7.6730155e+01  -2.7939397e+00   1.4544341e+01  -2.1635239e+01  -7.4667377e+01  -5.9153905e+01  -1.9784069e+01   9.2390149e+01   6.4096350e+01   7.8774765e+01   8.6987310e+01  -3.4002244e+01   9.0195176e+01   6.8937692e+01  -7.5670963e+01  -2.1990336e+01  -1.0570548e+01  -3.3832790e+01   2.7658494e+01  -6.2375421e+01   7.8709333e+01   2.8290591e+01   7.6288497e+00  -3.1910300e+01  -2.2752152e+01   2.5120196e+01   2.8917417e+01  -7.1793792e+01  -9.2812448e+01   8.7515434e+01
   8.4269918e+01   4.9835537e+01   2.4642798e+01  -3.4457954e+01   9.4888968e+01   8.9917474e+00   6.0620812e+01  -8.1426651e+01   2.8418838e+01  -6.0950411e+01  -1.1283094e+01   2.0301514e+01  -6.8962652e+01   5.3120362e+00  -2.1750874e+01  -1.6076874e+01   4.9966965e+01   2.5084984e+01   8.6882243e+01  -3.4471175e+01  -6.3119788e+01   1.2758101e+01   6.6870420e+01   7.4420292e+01   2.6664628e+01   4.8922608e+01   3.5186296e+01   9.7318464e+01   6.8910794e+01   4.7827306e+01
   8.6531329e+01   6.8633012e+01   7.2188190e+01  -5.4876257e+01   1.7263558e+01  -7.6738702e+01   2.6387727e+01  -5.4625800e+01  -8.3154794e+01   9.1012750e+01  -9.3155691e+01   2.8696283e+01  -4.9254884e+01  -3.8009378e+00  -9.9801761e+01  -7.0577662e+01  -9.6847222e+01   2.1634400e+01   1.9090523e+01   4.0250769e+01  -4.7439739e+01   3.7029597e+01   6.3523981e+01   6.1735096e+01  -3.9055987e+00   9.0042394e+01  -8.3745844e+01   6.1233093e+01  -5.6959298e+01  -7.0092925e+01
   4.6630525e+00  -9.1505038e+01  -3.0225816e+01   1.8604839e+01  -2.7906935e+00   3.2232563e+01   3.1986497e+01   5.4899559e+01   4.0134689e+01  -1.2287952e+01   9.0131643e+01  -6.6715124e+01   1.4221843e+01  -8.9328621e+01  -2.7122136e+01   1.2211646e+01   9.5810482e+01  -4.8021389e+01  -5.7612017e+01  -8.6924337e+01   5.8107629e+01   7.1010570e+01  -6.0606097e+01  -7.9278328e+01   3.1750056e+01   1.5071075e+01  -6.9761673e+01  -7.2816577e+01   4.5107153e+01  -8.8659315e+01
  -3.8180916e+01   3.6962801e+01   7.1913312e+01  -8.6599196e+01   6.7966100e+01   3.8363784e+01   2.7987423e+01   9.9890477e+01  -9.7773257e+01   2.6135042e+01   6.1013474e+01   2.4743694e+01  -1.6793738e+01  -8.0972804e+01  -3.2995913e+01   6.5152317e+01  -3.0478395e+01  -8.7235070e+01   5.3985051e+01   4.6472580e+01   5.2298257e+01   5.9010675e+01   4.5785125e+01  -1.1445932e+01  -4.3919829e+01  -4.6868529e+01  -4.5721324e+01   7.1903548e+01   1.2020346e+01  -5.2364586e+00
   2.2562774e+01  -7.2381264e+01  -2.4551344e+01  -5.1936842e+01   5.5038746e+01  -4.8248559e+00   4.6240039e+01   9.9131956e+01   6.2839838e+00  -6.4560196e+01   5.7617117e+01  -9.2592111e+01   1.6564725e+01   8.5482433e+01  -5.6513749e+01   5.8650779e+01  -8.8063056e+01  -3.2199907e+01   1.4825148e+01  -9.2268132e+01  -3.3014164e+00   8.0753421e+00  -8.8218667e+01   3.1361247e+01   5.7368064e+01  -7.6497741e+01   8.1215516e+01   5.8062112e+01   4.9472088e+01  -6.5564158e+01
   8.4225074e+01  -1.2203890e+01  -8.7605543e+01  -6.0678121e+01  -5.5952761e+01  -9.2977137e+01   4.5061452e+01   3.2160704e+01   7.3863256e+01  -4.5381722e+01  -6.5053134e+01   7.1495732e+00  -4.9179661e+01  -5.2482163e+01   5.4798694e+01  -5.9824922e+01  -5.9205300e+01   6.2121602e+01   8.1161130e+01   2.2351921e+01  -9.3087458e+01  -4.0022319e+01  -8.8329431e+01  -7.5300517e+01  -3.6595219e+00  -1.6171271e+00  -4.2011147e+01  -2.7319958e+01   9.1015954e+01   5.4918919e+01
   6.5073521e+01  -4.1803404e+01  -9.4103042e+01   2.4634614e+01  -2.9562732e+01  -1.1348764e+01   3.3642202e+01  -7.1564283e+01   6.3259067e+01  -8.1773140e+01   7.1282488e+00   5.2759326e+01  -2.4283337e+01  -8.4749155e+01  -3.4979793e+01   4.6264663e+01   4.8681519e+01  -6.4085543e+01  -2.4308744e+01  -7.4090500e+01  -3.6566770e+01   5.9622392e+00  -1.9223840e+01  -1.0443019e+01  -9.5188069e+01  -6.7823971e+01   8.2417783e+01  -7.8270413e+01   7.3993896e+01  -5.9209827e+01
   4.9121137e+01   4.4222122e+01  -7.3416466e+01   1.7429636e+01  -5.9696223e+01   6.2428474e+01   7.6333223e+01  -3.6458366e+01   1.0786923e+01   7.7543410e+01   4.8962786e+00   4.7486839e+01  -9.0423429e+01   2.2920263e+01   5.3280616e+01  -2.6090339e+01  -8.7704845e+01   8.9776777e+01  -5.6832446e+01  -7.5354674e+01  -2.6481123e+01   6.7780980e+01  -3.8410392e+01  -9.2278973e+01   4.4740706e+01  -9.9347404e+01   2.2260166e+00  -9.8614313e+00  -3.8465703e+00  -1.8244185e+01
  -3.6301130e+01   3.8369674e+01  -3.4494320e+01   4.4759940e+01   9.1733266e+00  -6.0638010e+01  -6.3740521e+01  -4.7273404e+01   5.6140796e+01  -1.3043641e+01   4.7337298e+01   2.1030863e+01  -8.0087328e+01   1.1805160e+01   4.6715401e+01  -1.9096671e+01   9.7115372e+01   7.7268684e+01   4.9746453e+01  -8.9323469e+01   5.7508540e+01   2.0726432e+00   9.3101389e+00   3.0161618e+01   8.3093699e+01  -4.3126086e+01  -2.4981731e+01  -8.3243622e+01   4.2073901e+01   1.3881133e+01
   8.6451235e+01  -8.4656612e+01   2.8458581e+01  -2.4857134e+00  -1.0608326e+01   8.6632213e+01  -6.7044885e+01   5.1017839e+01   9.0590395e+01   4.9692133e+01  -8.2551679e+01   6.1065235e+01  -3.9487367e+01  -1.6490891e+00   1.8624338e+01   3.5503911e+01  -4.2523553e+01  -5.7758816e+01   8.3170441e+01   8.9669816e+01  -7.8257951e+01  -4.4918228e+00   3.5770513e+01  -6.5436108e+01  -9.6092698e+00  -8.4402373e+00  -7.4692627e+01   7.0640237e+01  -5.6261510e+01   5.1375164e+01
  -4.5815110e+01   7.5828078e+01  -6.5174492e+01  -7.3398248e+01   5.3532319e+01  -3.2064273e+01  -2.0669030e+01  -4.3378045e+01   6.2709373e+01  -1.9858990e+01   1.0588392e+01   1.1203606e+01   7.4690183e+00  -2.7473577e+01   7.3820720e+01   2.4977550e+01   5.9671591e+01  -6.1763006e+01   5.3618038e+01   5.3770151e+01  -4.8385177e+01  -8.4374869e+01  -1.7186761e+01   2.6540034e+00   5.8899068e+01  -4.6501091e+01  -6.7333725e+00  -8.6037684e+01  -3.4426918e+01  -9.4423093e+01
   5.3097894e+01   8.6204497e+01  -8.8720517e+01   7.9470488e+01  -6.9705594e+01  -5.5991004e+01   1.4549090e+01  -4.9525009e+01  -2.6345146e+01  -1.7165785e+01   8.4152077e+01  -8.9048980e+01  -4.7639230e+01   3.4895185e+01   2.2390723e+01   4.9484894e+01   2.3684295e+01   6.7835230e+01  -4.3381721e+01   4.5642997e+01   1.5200899e+01  -4.7084455e+01   3.1156827e-01   9.5301981e+01  -6.0881097e+01  -9.2650721e+00   9.6251666e+01  -8.5838290e+01   5.5481340e+01   3.1401577e+01
   5.0243347e+01   1.8837941e+01  -6.1004243e+00   8.3205200e+01  -5.4438323e+01  -8.1550638e-01   3.3065915e+01  -4.1582328e+01   6.7923932e+01   4.8064441e+01  -4.8548499e+01   8.4423471e+01   6.2924683e+01  -6.7246434e+01   1.5332958e+01   9.0848814e+01  -5.5897805e+01   4.8755249e+01  -3.6866356e+01   8.3533222e+01  -8.3185537e+01   4.1470063e+01   2.5433047e+01  -6.0005131e+01   6.4705764e+01  -6.1862143e+01   8.2277422e+01   6.1940829e+01  -1.9724376e+00  -9.0515636e+01
  -4.6312789e+01   3.6164053e+01   8.1619084e+01   8.9873075e+01  -4.9437462e+01  -9.4342454e+00   2.3156599e+01   5.9312456e+01   5.1976579e+01  -5.8483864e+01  -4.3914172e+01  -2.3871140e+01   4.2131883e+01  -1.8758829e+01  -1.1462711e+01  -4.2534870e+01   5.7985372e+01  -7.2434135e+01  -5.5782532e+01  -9.2986060e+01   9.9040276e+01   6.9268267e+01  -8.5567201e+01   9.4128142e+01  -8.7859776e+01   4.7522654e+01  -3.9673558e+01   4.1759930e+01   5.5573114e+01  -3.2092185e+01
  -3.3296314e+01   1.6024528e+01  -5.2302922e+01   2.9969683e+01  -7.6094214e+01   4.1153144e+01   7.7222143e+01   3.5827846e+01   3.9891621e+01   1.3692815e+01   9.0233753e+01  -8.5431368e+01   4.7881076e+01   5.2095861e+01   7.2530934e+01   4.6842773e+01  -8.7250458e+01  -2.1157021e+01  -4.3170685e+01   8.3001630e+00  -8.4109740e+01   2.7799833e+01   2.9731310e+01   4.1073225e+01   3.2231284e+01   4.8572860e+01   7.0886404e+01  -4.8543143e+01  -2.5206596e+00  -5.2120610e+01
  -4.5758213e+01  -2.1869967e+01  -8.1949620e+01  -8.1396382e+01   6.4022889e+01   2.1758682e+01   9.5058301e+00  -1.0692727e+01   7.1430154e+01  -2.1832295e+01   8.1454869e+01  -6.8607113e+01   5.2124459e+00  -2.2352291e+01   7.6128079e+01   4.9250064e+01  -3.7672758e+01   6.9513399e+01  -9.8602621e+01   5.2204664e+01   4.0150168e+01   7.2504197e+01   1.2231748e+01   5.3527722e+01   6.3695082e+01   1.0248151e+01   5.1982067e+01  -3.4294906e-02   5.6759520e+01   6.4541232e+01
   1.9049944e+01   3.3984635e+01   8.9629907e+00   3.3596073e+01  -6.0745107e+01  -8.9276800e+01  -8.1363209e+01  -3.0435792e+01  -2.1757555e+01   5.8696523e+01   2.8150147e+01  -7.5512836e+01  -8.4453429e+01   1.0794694e+01   2.4333190e+01   9.5566678e+01  -3.2662379e+01  -2.7549424e+01   8.4596500e+01   6.3433447e+01   4.8584200e+01   2.7841505e+01   2.7135023e+01   4.0967986e+01   9.0138949e+01   4.2930019e+01  -8.9791533e+01   1.0592770e+01   8.4002585e+01   2.2813121e+01
   3.7924086e+01   9.8935480e+01   6.9997220e+01   6.5635706e+01  -6.6263808e+01  -6.4079147e+01  -6.6875259e+01  -8.2381221e+01   4.5031925e+01   9.0739535e+01  -9.9181121e+01   2.2007469e+01  -3.3669006e+01  -6.9135605e+01  -2.7868403e+01  -7.7473696e+00  -3.2566552e+01  -1.1283428e+00  -7.0678711e+01   8.5301044e+00  -2.1887370e+01   6.8662785e+01  -2.3272539e+01   7.3774041e+01   3.0103948e+01   3.8503834e+01   5.0802530e+00  -3.4343822e+01   2.2339880e+01   3.9743217e+01
  -3.1222735e+01  -2.1300865e+01  -6.8209946e+01   8.2603196e+01  -4.0214004e+01   7.6257092e+00  -6.1688688e+01   4.7118114e+01   6.9920675e+01  -9.8871167e+01   6.2501036e+01  -2.5250523e+01   9.8944331e+01   7.1641385e+01   6.8239341e+01   2.1243913e+01   6.0064492e+00  -3.1224699e+01  -7.0159132e+01  -3.3677544e+01  -8.5279798e+01  -1.4164595e+01   6.3033254e+01   1.0615620e+01  -2.0539883e+00   3.6801997e+01  -9.4302170e+01  -5.4005463e+01   3.6045012e+01  -6.2581419e+01
   3.8078710e-01   4.4626806e+01  -3.6020203e+01  -7.1738660e+01  -2.5870009e+01   7.8544254e+01  -2.2628435e+01  -6.6916367e+01   7.0411177e+01  -3.5537361e+01   1.0941299e+01  -4.2955163e+00  -8.7961528e+01  -5.2386974e+01   3.2514948e+00   1.2182911e+01  -9.8396009e+01   2.6772451e+01  -5.8771923e+01  -7.1299289e+00   5.5231604e+00   2.1629151e+01   2.4155247e+01  -3.8642762e+01   8.5567925e+01   1.5464471e+01   7.1726040e+01  -1.5481724e+01  -8.9548047e+01  -1.6194326e+01
  -8.7372405e+01   8.4007706e+00  -5.6064208e+01  -1.1114642e+01   7.3204250e+01   6.3236631e+00  -2.5157562e+01   6.2211034e+01  -5.8148630e+01  -3.4569746e+01   3.7708834e+00   5.9034321e+01  -5.3592220e+01   2.3125235e+01  -1.3234928e+01  -7.1703054e+01  -3.5770556e+01   8.8967498e+01   4.8687236e+01  -6.8790991e+01   5.0982803e+01   1.8615532e+01  -6.5750675e+01   9.8666406e+01   6.1122971e+01   8.3573049e+00  -8.5674136e+01  -8.6131820e+01  -2.7267502e+01   1.1544005e+01
  -6.2174190e+01   4.4273184e+01   9.3765433e+01  -8.3387877e+01  -9.4079490e+00   7.7990365e+01  -3.6446812e+01  -9.0075432e+01   8.2946011e+01   9.8639446e+01  -3.7653649e+01  -6.1519577e+01  -9.3032337e+01  -8.8848253e+00  -8.5037363e+01  -5.9550669e+00  -8.5172823e+01  -9.4671691e+01   8.2296283e+01   3.6984572e+01   9.3801538e+01  -6.1206635e+01  -1.2347440e+00  -8.0116769e+01   8.7763160e+01  -9.0050655e+01  -1.4603409e+01  -1.5542725e+00  -2.8699751e+01  -8.3467303e+01
   2.1218253e+00   5.0293513e+01   3.8444698e+01   9.3021422e+01  -4.1039374e+01   3.5689239e+01  -9.8970330e+01   9.0662992e+01  -5.2450499e+01  -6.5818761e+01  -5.3323190e+01   5.9615526e+00  -4.1932506e+01  -1.0632262e+01   3.9194880e+01   9.0549123e+01   3.2372124e+01   8.0032220e+01   8.6012037e+01  -6.0311924e+01  -8.0269043e+01  -1.1129253e+01  -8.6396659e+01   2.8572441e+01  -7.1602827e+01   9.2818486e+01   6.8094086e+01   7.4410420e+01  -8.1125627e+01  -5.8893972e+01
  -7.1748369e+01   1.4904658e+01   2.8685324e+01  -2.1178329e+01  -3.2814037e+01  -4.7937871e+01   1.9897726e+01   1.8235175e+01   9.5335441e+01  -4.0152483e+01   5.7277776e+00  -2.6479237e+01   8.0383521e+01  -6.5019477e+01   9.5891703e+01  -4.9271771e+01  -5.6149043e+01  -7.2744944e+01   4.1353503e+01   4.6289687e+01  -6.3265840e+01  -5.3894498e+01   5.3861256e+01   5.1807839e+01   3.7722123e+01  -7.6894393e+01  -2.3809604e+01  -6.2436846e+01  -1.9461315e+01   3.5801120e+01
  -5.1268115e+00  -3.4381524e+01   2.4172788e+01  -4.0736103e+01   7.5148106e+01   5.3180037e+01  -3.6375466e+01  -3.5721495e+01  -7.6702831e+01   5.4998738e+01  -7.4568091e+01  -7.4353629e+01  -8.9873218e+01  -8.5543815e+01   9.2585949e+01   7.3610809e+01  -7.4371988e+01   2.9266057e+01  -5.8613555e+01   8.5439784e+00   9.3483483e+01   8.4966044e+01  -6.2687383e+01   9.7572354e+01   3.9916631e+01   2.0836129e+01   1.9937974e+01  -7.2754959e+01   5.3262922e+01   8.2388358e+01
   1.1616945e+01   7.7590617e+01   6.0660292e+01  -3.8297287e+01   1.7223578e+01   9.0146927e+00  -1.4655050e+01  -9.3012826e+00   4.8178772e+01  -8.1884898e+01   4.0540452e+01  -1.9607980e+01  -3.5829680e+01   5.8542871e+01  -8.8445583e+01  -5.9381658e+01  -9.3369131e+01  -6.9084091e+01  -3.0898081e+01  -3.9268945e+01   1.1734451e+01  -6.0676030e+01  -7.7953496e+01  -4.5910240e+01  -6.2948643e+01   7.9304361e+01  -5.3972014e+01  -6.5231743e+01  -1.7972185e+00  -2.8955664e+01
  -7.8982889e+01   6.8232581e+00  -3.4204313e+01   1.6921580e+01   9.2973511e+01   8.7225819e+01  -7.2225153e+01   1.0827491e+01   3.2100912e+01   4.1821608e+01   2.5081169e+01  -2.1550365e+01   7.6052588e+01   1.3398482e+01  -6.3400277e+01  -4.3532480e+01  -4.4608177e+01   7.6350537e+01   8.2990047e+01   4.2732623e+01   2.0505832e+01   3.1089559e+01  -7.2933649e+01  -7.1237711e+01   7.3226149e+01  -5.3968192e+01   9.0744070e+00  -4.6931026e+01   8.7459832e+00  -2.1873496e+01
   5.8417260e+00  -6.4944962e+01   6.9044061e+01  -3.2623788e+01  -3.2953839e+01  -5.6465467e+01   2.5754544e+01  -2.2491887e+01  -1.8945488e+01  -4.5682686e+01  -5.5529411e+01  -2.6234710e-01  -2.3340598e+01   7.5877549e+01  -4.2082178e-01   9.9157049e+01   9.8565932e+01   9.4418268e+01  -9.8546691e+00  -2.4085953e+01  -6.5460587e+01   3.3138062e+01   8.9513002e+01   8.5964833e+01  -8.5254420e+01  -7.3165408e+01   5.2622033e+01   5.8154780e+01  -1.2770724e+01   8.8645942e+01
   3.7347581e+00   7.9549655e+01   1.3397405e+01   5.4790953e+01  -2.9962334e+01  -6.0555475e+01   6.2991515e+01  -9.5286873e+01   9.5908326e+01  -8.3084613e+01   4.8512064e+01  -2.2380639e+01  -3.1056018e+01  -7.5478793e+00  -3.0582187e+01   8.2573050e+01  -5.8764745e+01  -8.4319492e+01   6.3095232e+01  -7.1943470e+01  -8.1381644e+01  -9.6706022e+01  -4.7988922e+01  -4.6164503e+01   2.6099487e+01   5.8975529e+01   2.1386229e+01   9.7472654e+01  -5.5504383e+01  -6.6013685e+01
   1.7049949e+01   9.5116282e+01   8.8816405e+01  -1.8766672e+01  -1.6231189e-01   2.8174128e+01   7.8851728e+01  -2.3255161e+01  -5.7748708e-01  -1.7100143e+01   1.2871046e+01   2.6159180e+01  -3.9974374e+01   1.9758432e+01   1.9688016e+01   8.5827526e+01  -2.0367739e+01   2.6201790e+01   9.6110688e+01   9.9367068e+00   5.1448005e+01   6.8554578e+01  -9.8654307e+01  -7.9407052e+01   8.6761209e+01  -3.8435358e+00   5.8629644e+01   5.4586949e+01   1.4430476e+01   3.5095399e+01
  -7.4829801e+01  -1.4670813e+01  -9.1419732e+01   9.4016005e+01   5.8592417e+01   2.9779968e+01  -1.5554920e+01  -4.8818922e+01   6.1032708e+01  -6.6073961e+00  -7.7273404e+01  -5.1792074e+01   6.6826436e+01  -5.9117827e+01  -6.5395590e+00  -3.8059665e+01   3.4655071e+00   8.0804703e+01   7.8109300e+01  -2.0614820e+00   2.9492917e+01   8.7260416e+01   9.3941296e+01   4.3590056e+01   7.5720814e+01   6.8817865e+01  -3.8040133e+01  -6.7125580e+01  -1.3241157e+01   3.7888190e+01
   8.2217331e+01   7.7883524e+01   6.7082951e+01  -3.5268804e+01  -4.3950557e+01   8.6460552e+01   1.6889597e+01  -1.6739147e+01  -8.9104518e+01   3.7127925e+01  -2.9775136e+01   3.2100258e+01  -1.1159107e+01   6.8065463e+01  -7.7843784e+01   1.7849499e+01   2.2551116e+01  -5.9451509e+01   7.9767848e+01   9.6175119e+01  -5.4293780e+00   6.1203018e+00   8.9281224e-01  -3.9115361e+01  -6.2749306e+01  -1.5486415e+01  -1.6872147e+01   4.7592453e+01  -5.9876103e+01  -3.1373652e+01
   9.8898297e+01  -1.9429559e+00  -1.6961835e+01  -6.4964605e+01  -2.7274466e+01  -6.9512616e+01   1.5692718e+01  -9.9025475e+01   7.2293180e+01  -1.9623329e+01  -2.8601593e+01  -6.9185907e+01   1.3433356e+00  -4.9549526e+01  -4.7396904e+01  -6.7326089e+00   5.0929347e+01   7.9375796e+01   5.8179739e+00  -3.6346055e+01  -2.5416687e+01  -3.9766732e+01  -6.6322791e+01   5.7622676e+01  -6.5351174e+01  -2.5147784e+01   7.5540037e+00   1.3933528e+01  -8.7309247e+01  -2.0017865e+01
   4.1279804e+01  -9.9719940e+01  -6.2482580e+01   8.9696711e+01  -8.1217437e+01  -3.8136824e+01   6.9635678e+01   9.0166719e+01   6.7215648e+01   9.3968329e+01   1.4384318e+01  -7.7085266e+01  -4.7883775e+01  -3.2712310e+01  -3.5178694e+01   5.1817904e+01   3.8294766e+01   4.8353162e+01  -6.5743345e+00   3.3084128e+01   3.4881417e+01   6.5628825e+01  -2.3517541e+01  -8.4864530e+01   9.7306891e+01  -3.2693305e+01  -9.8862857e+01  -4.2575632e+01   1.5818793e+01   1.2656525e+01
   2.3751484e+01   8.8912371e+01   5.1111426e+01   6.3336470e+01   8.3528370e+01  -1.3956856e+01   7.8544607e+01   4.6412073e+01   9.4647300e+01  -8.4244073e+01  -2.7967408e+01  -3.5458815e+01   4.7810945e+01   1.7425966e+01   7.4457475e+01  -4.4254518e+01   9.7641470e+00   8.6365671e+01  -2.8628766e+01  -1.2964271e+01   9.2553302e+01  -1.6895879e+01   3.0572130e+01  -9.7263854e+00  -5.7378105e+01   1.3482471e+01   5.8951664e+01   8.8878492e+01  -3.3271181e+01  -9.2890193e+01
   9.4684211e+01   3.4807782e+01  -2.9331780e+01   8.7548104e+01  -6.9254721e+01  -3.7439025e+01  -8.0314412e+01  -3.6973165e+01   5.0877941e+01  -5.5080680e+01   5.5360356e+01  -1.1585966e+01  -9.1471032e+01   3.7318459e+01   4.2168777e+01  -6.6522115e+01   2.7727720e+01   2.5623785e+01   8.0620656e+01  -3.5552888e+00  -2.0638636e+01  -9.2872437e+01   8.0182616e+01  -1.3693603e+01  -5.7238923e+01   5.6343235e+01   3.9274450e+01   2.4410947e+01   3.7911401e+01  -6.9761310e+01
  -9.3143670e+01  -5.1773916e+01   4.9780943e+01   3.4692694e+01  -4.3852121e+01   3.1732156e+01   5.0786035e+01  -8.5048781e+01  -1.3494157e+01   5.2167853e+01   3.4362521e+01  -2.9969010e+01   3.1403544e+01  -4.3396199e+01  -2.9783570e+01  -4.8004652e+01   5.8453873e+01  -2.0120002e+01   1.2478036e+01  -3.2905785e+01  -7.6833428e+01  -4.3997868e+01  -1.2887601e+00  -4.8523615e+01  -7.3023768e+01  -4.0720965e+01  -5.2419642e+01  -4.9512966e+01   1.1542473e+01  -7.6392488e+00
   2.5321465e+01   2.2542958e+00  -1.7771883e+01  -3.2532603e+01  -7.4385049e+01  -9.4930234e+01   2.4318989e+00   3.9926513e+01   9.0994583e+01  -3.5321251e+01  -5.9474432e+01   9.4148578e+01   2.0904633e+01  -8.1623445e+01  -7.5532405e+01   9.8972312e+01   6.7344311e+01   1.3194712e+01  -6.0993097e+01  -1.0512625e+01  -2.3094509e+01  -2.1406029e+00   8.3134364e+01   9.3397428e+01  -4.8107189e+00  -3.6987886e+01   6.5849487e+01   5.3304961e+01   2.7516938e+01   6.0180487e+01
   4.7631751e+01  -8.7423962e+01  -7.3893504e+00   2.9243726e+01  -6.2447646e+01   8.2038889e+01   3.2359541e+01  -6.2091436e+01   8.5822853e+01   6.0287384e+01   8.0954973e+01   6.2559257e-01  -5.5835111e+01  -7.3889306e+01  -3.1228158e+01  -5.6422259e+00   5.3418609e+01  -4.3045283e+01   8.7839984e+01   5.3525323e+01  -7.1056225e+01   6.5639207e+01  -4.9312601e+00   3.5391263e+01   2.1683429e+00  -3.8206287e+00   5.7091242e+01   6.2655877e+01   9.6896661e+01   3.8300592e+01
   8.5281782e+01  -1.9293951e+01  -4.7009608e+01   5.4508099e+01  -6.0603749e+01   2.7158334e+01   2.3903902e+01  -4.0018396e+01  -2.3537111e+01   5.5134049e+01   7.0780384e+01  -6.2267799e+00  -1.3697111e+01  -1.2393134e+01  -9.2796939e+01  -6.3958461e+01   8.1210664e+01   1.6682748e+00   9.2079913e+01   5.3796548e+01   8.8998811e+01  -8.1862865e+01  -8.1786464e+00   3.9364713e+01   4.2820361e+01   1.0622065e+01  -8.5008799e+01  -6.5656970e+01  -4.6780193e+01  -9.5874576e+00
  -7.2235000e+01   3.4713932e+01   7.7365530e+01   7.0508495e+01   4.2146578e+01  -5.3983098e+01  -8.0602932e+01  -9.2881087e+01   1.8554144e+01   4.5920139e+01   5.1530726e+01  -2.8363691e+01   7.5584811e+01  -9.0944740e+01   9.9531652e+01   8.7924522e+01  -9.6400524e+01   2.4992641e+00   4.2842335e+01   1.3932188e+01  -8.3136429e+01  -9.7735225e+01  -2.9491770e+01  -7.4301604e+01   6.0349529e+01   3.1874261e+01   2.7994830e+01   5.5922737e+01  -2.9963307e+01   6.8697599e+01
  -3.0806159e+00   7.9687503e+01   5.6566984e+01   9.0032814e+01  -6.0946033e+01   3.9822767e+01  -8.9429332e+01   2.6651487e+01  -1.9776882e+01   7.9063208e+01  -5.2779697e+01   8.1896252e+01   2.5176191e+00   8.5866644e+01  -3.0417662e+01   6.3813021e+01   1.9359651e+00  -1.8697176e+00  -8.9077890e+01  -3.1885728e+00  -7.9391279e+01   3.7518410e+01   9.5769600e+01  -6.2546853e+01  -3.7423861e+00  -3.3359863e+01  -2.2189762e+01   2.3592571e+01   3.1070554e+01   8.7615961e+01
  -7.8104315e+01  -5.3323158e+01   3.5846892e+01   4.3723579e+01   4.4867906e+01   7.2554042e+01   5.9745123e+01  -6.2481924e+01   7.3318965e+00   5.9358360e+01  -7.7910429e+01  -3.3445623e+01  -6.9145229e+01   1.3056211e+01  -8.8638139e+01   1.0890285e+01  -2.3960386e+01   6.3952081e+00   2.9637048e+00   2.2909191e+01  -4.3973191e+01  -1.3860605e+01   6.0901297e+01   3.6223513e+01   8.1611227e+01   1.9068293e+01  -1.0761531e+01   2.9329124e+01  -8.5438704e+01  -3.3041009e+01
  -5.9900584e+01   2.3489002e+01  -4.4917740e+01   9.2002401e+01   9.0552068e+01  -1.5061017e+01   5.6619298e+01   2.3977246e+01  -8.0098526e+01  -4.7541563e+01  -9.8771520e+00  -5.1593481e+01   4.2455900e+01  -4.1108765e+01   9.8497515e+00   3.1725968e+01   1.5933109e+01   4.2449988e+01  -8.3213955e+00  -8.2109323e+01  -5.4114531e+01   9.8430966e+01   3.3161338e+01   4.3615640e+01   4.7161656e+01  -2.6652450e+01  -1.7468384e+01   8.5259697e+01  -8.4302270e+01  -3.2089087e+01
