    17842  37.287850 -121.668083     3.125      193.1     -275.7     -523.4     12.2     18.0     14.1 1984  4 25  4 35 19.170 1.9   1
    16751  37.289864 -121.669800     3.046       41.2      -52.6     -602.6     13.7     18.7     16.6 1984  4 27  7 48 23.500 1.0   1
    21644  37.289453 -121.669450     3.124       72.3      -98.1     -523.9     13.1     18.6     17.0 1984  6 27 14 50 38.140 1.6   1
    22271  37.292879 -121.668473     4.408      158.7      282.3      759.6    362.9    503.5   1048.1 1984  7  7  0 17  9.970 2.7   1
    23190  37.288342 -121.668685     3.080      140.4     -221.5     -568.6     12.0     18.1      9.9 1984  7 17 16 24 49.440 1.9   1
    25096  37.288554 -121.670215     3.174        4.6     -197.7     -474.6     15.9     20.8     32.0 1984  8  7  9  7  6.330 1.2   1
    28475  37.290092 -121.670443     3.173      -16.0      -27.1     -474.8     13.9     18.8     22.9 1984  9 23  8 43 14.720 1.1   1
    32049  37.287830 -121.668221     3.085      181.2     -278.2     -563.6     11.9     17.7      9.3 1984 11 18  0 28 55.240 1.7   1
    35109  37.289408 -121.669425     3.113       74.2     -103.1     -534.8     13.6     18.4     19.7 1984 12 22  4 43 44.710 1.6   1
    42349  37.287931 -121.668278     3.169      175.7     -266.8     -478.9     13.6     18.9     26.4 1985  2 28  1  9 58.300 0.8   1
    42555  37.287724 -121.668001     3.088      200.7     -289.9     -560.0     12.0     17.8     10.7 1985  3  2  6 53 56.010 1.7   1
    42559  37.288416 -121.668604     3.069      147.0     -213.1     -578.8     12.2     17.8     10.8 1985  3  2  8 55  3.470 1.9   1
    42643  37.288082 -121.668392     3.063      166.1     -250.2     -585.0     12.0     17.8     10.3 1985  3  2  8 55 29.590 2.1   1
    42560  37.288839 -121.669336     3.175       82.0     -166.2     -472.9     13.8     18.6     25.9 1985  3  2  8 58  0.480 1.2   1
    49626  37.290059 -121.670190     3.125        6.3      -30.5     -523.1     13.5     18.7     20.8 1985  6 15  1 38 57.380 0.9   1
    54084  37.288460 -121.668644     3.126      143.4     -208.0     -521.9     12.3     18.0     13.2 1985  8 28 20 35 10.100 1.6   1
    57770  37.288521 -121.670166     3.157        8.5     -201.6     -491.6     16.4     20.6     29.6 1985 10 28  3 55 38.130 1.3   1
    62514  37.287887 -121.668302     3.131      174.1     -271.9     -517.5     12.1     17.9     12.8 1985 12 31 15 50 52.230 1.7   1
    62520  37.287809 -121.668091     3.138      192.7     -280.5     -510.7     12.1     18.0     13.3 1985 12 31 18  3  3.480 1.6   1
    67820  37.289392 -121.669263     3.046       89.1     -104.9     -602.1     12.8     18.2     15.2 1986  3  8 10 32  4.410 1.6   1
    73786  37.288009 -121.669808     3.271       40.2     -258.5     -377.2     36.9     42.0    114.2 1986  6  1 10 51 31.460 1.2   1
    77218  37.288452 -121.668587     3.048      149.0     -209.3     -600.5     12.3     17.8     13.4 1986  7 25  9 22 50.290 2.3   1
    81017  37.289974 -121.670052     3.018       18.6      -40.3     -630.4     13.4     18.5     16.5 1986  9  2  7 24 15.870 0.8   1
    82606  37.292859 -121.668066     4.137      194.5      280.0      488.6    336.3    478.6   1064.3 1986  9 15 20 17 49.920 2.7   1
    83805  37.289469 -121.669295     3.022       86.0      -96.3     -625.8     12.5     18.1     13.1 1986  9 25 12  1 52.830 1.4   1
    88698  37.290007 -121.669987     3.026       24.6      -36.8     -622.0     13.1     18.4     15.1 1986 11 25 13  0 35.660 1.0   1
   101361  37.288468 -121.668441     3.009      161.6     -207.4     -639.2     12.0     17.8     10.9 1987  6  3  6 56  7.740 1.9   1
   101362  37.287874 -121.667985     3.011      202.0     -273.2     -637.6     12.0     17.7     10.7 1987  6  3  6 58 51.320 1.7   1
   102776  37.289998 -121.669946     3.003       28.4      -37.5     -645.4     13.1     18.4     16.5 1987  7  7  1 44 26.990 1.0   1
   103138  37.288143 -121.668262     3.014      177.8     -243.3     -633.8     11.9     17.7     10.5 1987  7 14 19  2 57.020 1.7   1
   110939  37.288460 -121.669694     2.970       50.8     -208.1     -678.6     14.1     19.8     19.9 1988  1 15  1 56 42.310 1.4   1
   112868  37.290035 -121.669857     2.985       36.4      -33.3     -663.6     12.9     18.3     14.6 1988  2 25 10  0 17.780 0.9   1
   120788  37.289445 -121.669198     3.040       94.3      -98.9     -608.2     13.2     18.2     18.1 1988  7 23 10 42 21.740 1.5   1
   126189  37.288468 -121.668815     3.113      128.7     -207.4     -535.7     12.7     18.1     17.3 1988 11  2  3  9 12.610 1.9   1
   126292  37.287813 -121.668148     3.031      187.8     -280.0     -616.9     11.9     17.7      9.8 1988 11  3  1 30  4.280 1.7   1
   126389  37.287764 -121.668009     3.041      199.6     -285.4     -607.5     12.0     17.8     10.5 1988 11  4 13 34 34.720 1.9   1
   148939  37.287927 -121.668107     3.114      191.2     -267.2     -533.9     12.0     17.8     10.6 1989 12 13  5 33 46.080 1.6   1
   158154  37.290015 -121.669971     3.077       26.3      -35.5     -571.1     13.2     18.7     17.9 1990  5 23 11 11 37.580 1.0   1
   160503  37.288444 -121.668587     3.133      148.4     -210.1     -515.4     12.0     18.1     10.1 1990  7  5 20  4 42.800 1.7   1
   208364  37.290027 -121.669930     3.081       29.7      -34.4     -567.5     13.0     18.3     14.3 1991  3 22 11 23 27.560 1.0   1
   215747  37.288000 -121.668083     3.123      193.1     -259.4     -524.9     12.0     17.7      9.4 1991  5 29  9 45 22.620 1.8   1
   227435  37.288452 -121.669792     3.068       42.2     -209.2     -580.3     15.5     20.5     28.7 1991  8 10 17  6  5.760 1.2   1
   238704  37.288550 -121.668701     3.131      138.6     -198.1     -517.7     12.1     17.8     10.3 1991 12  3  5 24 24.980 2.0   1
   238790  37.288131 -121.668302     3.095      174.2     -244.7     -553.3     12.0     17.9     13.2 1991 12  4  0  8 49.550 1.9   1
   261841  37.290002 -121.669914     3.095       30.8      -36.9     -553.5     13.2     18.3     16.1 1992  4  6  9 39 49.410 0.9   1
   312743  37.289376 -121.669328     3.091       82.6     -106.4     -556.9     13.0     18.4     16.4 1992  8 29 17  4 29.020 1.6   1
   314921  37.287862 -121.667839     3.147      215.1     -274.4     -501.6     12.3     17.9     12.5 1992  9 11  1 22 13.650 1.1   1
   331552  37.290011 -121.670003     3.079       22.8      -36.1     -569.3     12.9     18.3     13.6 1993  1  9 17 48 38.720 1.0   1
   331635  37.289815 -121.670003     3.064       23.3      -57.9     -583.8     13.1     18.3     15.6 1993  1 10 22 13  9.440 1.2   1
 30036393  37.290051 -121.670011     3.097       22.1      -31.8     -550.8     13.2     18.8     18.8 1993 12  1  0 25 49.530 1.0   1
   399980  37.288627 -121.669678     3.118       51.8     -189.7     -530.1     15.5     20.3     26.9 1994  4  6  4 11 34.960 1.4   1
 30062741  37.288538 -121.668604     3.174      147.4     -199.7     -474.4     12.1     18.4     14.4 1994 11 16 16 50 58.150 2.0   1
 30062748  37.288892 -121.668921     3.165      119.2     -160.3     -483.4     12.4     19.0     16.8 1994 11 16 18  3 42.360 1.3   1
 30069218  37.288049 -121.667692     3.162      228.3     -254.0     -486.0     12.2     18.2     15.4 1995  3  3  9 38 49.200 1.2   1
 30069222  37.287956 -121.667749     3.157      223.3     -264.0     -491.0     12.1     18.0     13.6 1995  3  3 12 30 15.850 1.8   1
 30069457  37.287858 -121.667839     3.154      215.3     -275.0     -494.5     12.2     18.2     14.4 1995  3  7 13 19 41.960 1.3   1
 30092060  37.288082 -121.668107     3.131      191.2     -250.4     -517.5     12.0     17.7      9.5 1995 12 15 18 53 39.820 1.8   1
