    17842  37.287728 -121.667725     3.134      225.0     -289.6     -513.8     44.6     34.6     19.1 1984  4 25  4 35 19.170 1.9   1
    16751  37.288546 -121.672795     2.949     -224.7     -198.6     -699.4     46.0     35.3     26.7 1984  4 27  7 48 23.500 1.0   1
    21644  37.289176 -121.670239     3.184        2.2     -128.6     -464.5     44.6     34.2     18.2 1984  6 27 14 50 38.140 1.6   1
    22271  37.289083 -121.670418     3.128      -13.9     -139.0     -520.4     45.0     41.8     19.4 1984  7  7  0 17  9.970 2.7   1
    23190  37.289779 -121.668693     3.061      139.3      -62.0     -587.1     45.4     43.1     21.2 1984  7 17 16 24 49.440 1.9   1
    25096  37.289001 -121.669336     2.878       82.6     -148.0     -769.9     44.9     35.8     22.0 1984  8  7  9  7  6.330 1.2   1
    28475  37.290080 -121.670117     3.014       13.3      -28.6     -634.5     47.1     39.5     34.7 1984  9 23  8 43 14.720 1.1   1
    32049  37.286975 -121.668197     3.109      183.5     -373.0     -539.5     44.4     33.7     19.2 1984 11 18  0 28 55.240 1.7   1
    35109  37.289449 -121.669466     3.063       70.5      -98.6     -585.0     44.2     33.5     18.3 1984 12 22  4 43 44.710 1.6   1
    42349  37.286666 -121.667041     3.366      285.6     -407.2     -282.1     50.8     35.9     18.7 1985  2 28  1  9 58.300 0.8   1
    42555  37.287732 -121.667822     3.126      216.1     -289.1     -522.5     44.0     33.5     16.8 1985  3  2  6 53 56.010 1.7   1
    42559  37.288180 -121.668612     3.079      146.3     -239.4     -569.1     43.7     33.0     15.5 1985  3  2  8 55  3.470 1.9   1
    42643  37.287545 -121.668359     3.047      168.9     -310.0     -600.9     44.0     33.4     17.9 1985  3  2  8 55 29.590 2.1   1
    42560  37.288554 -121.669710     3.172       48.8     -197.9     -476.3     44.1     33.6     16.1 1985  3  2  8 58  0.480 1.2   1
    49626  37.289673 -121.671297     3.280      -91.6      -73.4     -368.3     46.6     36.7     25.5 1985  6 15  1 38 57.380 0.9   1
    54084  37.288525 -121.668376     3.110      167.2     -201.1     -537.9     44.0     33.4     16.1 1985  8 28 20 35 10.100 1.6   1
    57770  37.289176 -121.670280     2.952       -1.3     -128.5     -696.5     45.8     35.2     22.8 1985 10 28  3 55 38.130 1.3   1
    62514  37.287809 -121.667912     3.130      208.8     -280.4     -517.7     44.7     35.0     18.6 1985 12 31 15 50 52.230 1.7   1
    62520  37.287769 -121.667977     3.153      203.0     -285.0     -495.6     44.6     36.1     20.9 1985 12 31 18  3  3.480 1.6   1
    67820  37.289205 -121.670467     3.059      -17.8     -125.4     -589.0     47.0     35.7     30.1 1986  3  8 10 32  4.410 1.6   1
    73786  37.288086 -121.668188     2.864      183.9     -249.9     -784.0     44.8     36.0     22.2 1986  6  1 10 51 31.460 1.2   1
    77218  37.288416 -121.668359     3.082      169.0     -213.2     -566.2     44.6     33.9     19.6 1986  7 25  9 22 50.290 2.3   1
    77296  37.301428 -121.687427    12.083    -1521.6     1231.2     8434.9   1138.5   1084.6   4407.4 1986  7 25 16  1 52.100 1.1   1
    81017  37.291671 -121.670426     3.166      -14.2      148.2     -481.9     45.6     44.0     20.9 1986  9  2  7 24 15.870 0.8   1
    82606  37.290116 -121.669849     3.165       36.8      -24.3     -483.5     44.8     34.6     20.5 1986  9 15 20 17 49.920 2.7   1
    83805  37.289502 -121.669564     3.131       61.9      -92.7     -517.4     44.1     33.6     16.5 1986  9 25 12  1 52.830 1.4   1
    88698  37.290190 -121.670361     3.793       -8.7      -16.1      145.3     47.7     38.9     28.6 1986 11 25 13  0 35.660 1.0   1
   101361  37.288680 -121.668245     3.148      178.7     -183.9     -500.4     44.9     34.4     20.5 1987  6  3  6 56  7.740 1.9   1
   101362  37.287907 -121.668091     3.057      193.0     -269.7     -591.7     44.8     33.9     22.0 1987  6  3  6 58 51.320 1.7   1
   102776  37.290348 -121.670573     3.182      -27.3        1.2     -466.0     66.2     64.8     69.4 1987  7  7  1 44 26.990 1.0   1
   103138  37.288049 -121.668335     3.044      171.1     -254.0     -604.7     44.5     33.7     21.1 1987  7 14 19  2 57.020 1.7   1
   110939  37.289315 -121.669556     2.882       62.6     -113.2     -766.7     45.1     34.5     24.1 1988  1 15  1 56 42.310 1.4   1
   112868  37.291398 -121.670239     3.787        2.5      117.9      138.7     45.9     37.0     18.5 1988  2 25 10  0 17.780 0.9   1
   120788  37.289189 -121.669694     3.125       50.7     -127.5     -523.7     44.9     34.0     19.4 1988  7 23 10 42 21.740 1.5   1
   126189  37.287972 -121.669124     3.154      100.7     -262.2     -494.1     44.4     33.9     18.7 1988 11  2  3  9 12.610 1.9   1
   126292  37.288322 -121.667814     3.006      217.2     -223.4     -642.7     44.1     33.7     18.0 1988 11  3  1 30  4.280 1.7   1
   126389  37.287415 -121.668490     3.145      157.3     -324.5     -503.7     44.3     34.0     18.9 1988 11  4 13 34 34.720 1.9   1
   148939  37.288053 -121.667814     3.134      217.6     -253.5     -514.6     44.9     35.2     23.1 1989 12 13  5 33 46.080 1.6   1
   158154  37.290210 -121.670768     3.279      -44.7      -14.0     -369.2     44.9     35.8     22.6 1990  5 23 11 11 37.580 1.0   1
   160503  37.288542 -121.668644     3.182      143.5     -199.4     -466.2     44.0     34.0     15.6 1990  7  5 20  4 42.800 1.7   1
   205031  37.304325 -121.689364    11.570    -1693.2     1552.6     7922.0   2117.9   1217.5   3592.4 1991  1 20  5  0 30.930 1.2   1
   208364  37.290767 -121.670207     3.214        5.1       48.0     -433.8     46.1     35.7     22.9 1991  3 22 11 23 27.560 1.0   1
   215747  37.287512 -121.667961     3.118      204.2     -313.3     -530.5     44.2     34.4     17.9 1991  5 29  9 45 22.620 1.8   1
   227435  37.288440 -121.669865     3.052       35.4     -210.3     -596.3     44.8     35.0     18.5 1991  8 10 17  6  5.760 1.2   1
   238704  37.288578 -121.668262     3.138      177.2     -195.3     -510.4     43.9     33.3     15.5 1991 12  3  5 24 24.980 2.0   1
   238790  37.288196 -121.668221     3.176      181.1     -237.4     -472.7     44.0     33.7     16.7 1991 12  4  0  8 49.550 1.9   1
   261841  37.290487 -121.669759     3.187       44.5       16.5     -460.9     45.9     37.5     32.0 1992  4  6  9 39 49.410 0.9   1
   312743  37.289262 -121.669971     3.215       26.0     -119.1     -433.4     44.9     35.5     19.4 1992  8 29 17  4 29.020 1.6   1
   314921  37.286235 -121.667782     3.237      219.9     -455.2     -411.6     44.7     34.4     22.1 1992  9 11  1 22 13.650 1.1   1
   331552  37.290731 -121.670768     3.251      -44.5       43.7     -397.4     46.7     36.3     29.2 1993  1  9 17 48 38.720 1.0   1
   331635  37.289355 -121.671257     3.121      -88.2     -108.8     -527.6     46.7     35.2     19.6 1993  1 10 22 13  9.440 1.2   1
   352620  37.300053 -121.673242     9.839     -264.2     1078.5     6190.7   1093.2   1102.9   3838.1 1993  6  8  9 15  1.380 0.8   1
 30036393  37.290637 -121.670068     3.338       17.6       33.4     -310.3     46.4     36.5     29.6 1993 12  1  0 25 49.530 1.0   1
   389286  37.289449 -121.668433     5.715      162.4      -98.7     2067.0    628.0    668.3   1042.1 1993 12 20 22 35  7.800 1.8   1
   399980  37.288835 -121.669401     3.008       76.2     -166.5     -640.2     44.3     34.0     18.4 1994  4  6  4 11 34.960 1.4   1
 30062741  37.288619 -121.668937     2.991      117.3     -190.5     -657.5     44.2     33.2     18.3 1994 11 16 16 50 58.150 2.0   1
 30062748  37.288643 -121.668742     3.175      134.6     -187.9     -473.1     46.3     36.3     18.5 1994 11 16 18  3 42.360 1.3   1
 30069218  37.287439 -121.667896     3.289      209.8     -321.5     -359.3     44.9     36.2     21.2 1995  3  3  9 38 49.200 1.2   1
 30069222  37.287960 -121.667887     3.171      210.5     -263.7     -477.4     44.7     35.0     19.3 1995  3  3 12 30 15.850 1.8   1
 30069457  37.288725 -121.667822     3.008      216.4     -178.6     -640.3     47.2     35.7     25.3 1995  3  7 13 19 41.960 1.3   1
 30073191  37.294287 -121.671558     6.715     -114.9      438.7     3066.9   1270.4    761.9   2784.3 1995  5 14 11 18 47.000 1.0   1
 30092060  37.288078 -121.668066     3.068      195.0     -250.4     -580.2     44.4     34.3     19.1 1995 12 15 18 53 39.820 1.8   1
