    17842  37.287891 -121.668001     3.130      200.5     -271.2     -517.8      6.1      6.0     16.7 1984  4 25  4 35 19.170 1.9   1
    16751  37.290072 -121.669865     3.132       35.1      -29.5     -516.7     10.1     10.4     25.3 1984  4 27  7 48 23.500 1.0   1
    21644  37.289571 -121.669401     3.162       76.5      -85.0     -486.4      7.9      7.8     19.8 1984  6 27 14 50 38.140 1.6   1
    22271  37.290466 -121.669230     3.387       91.7       14.3     -261.3     34.4     42.6     86.0 1984  7  7  0 17  9.970 2.7   1
    23190  37.288354 -121.668587     3.081      148.7     -220.1     -567.0      5.4      6.0     11.2 1984  7 17 16 24 49.440 1.9   1
    25096  37.288574 -121.670093     3.193       14.9     -195.7     -454.8     11.7     13.6     34.1 1984  8  7  9  7  6.330 1.2   1
    28475  37.290299 -121.670459     3.242      -17.4       -3.8     -406.3     10.2      8.9     28.3 1984  9 23  8 43 14.720 1.1   1
    32049  37.287850 -121.668132     3.085      189.3     -276.1     -563.4      5.2      4.3     10.5 1984 11 18  0 28 55.240 1.7   1
    35109  37.289522 -121.669377     3.152       78.5      -90.4     -496.6      9.0      7.3     23.1 1984 12 22  4 43 44.710 1.6   1
    42349  37.287944 -121.668172     3.171      185.2     -265.6     -477.4      8.7      8.9     28.3 1985  2 28  1  9 58.300 0.8   1
    42555  37.287740 -121.667904     3.084      209.1     -288.1     -563.9      5.7      4.9     12.6 1985  3  2  6 53 56.010 1.7   1
    42559  37.288424 -121.668514     3.070      155.4     -212.1     -578.5      6.0      4.9     12.4 1985  3  2  8 55  3.470 1.9   1
    42643  37.288098 -121.668302     3.064      173.8     -248.6     -584.5      5.5      4.7     12.0 1985  3  2  8 55 29.590 2.1   1
    42560  37.288847 -121.669149     3.155       98.5     -165.2     -493.7      7.6      7.8     23.4 1985  3  2  8 58  0.480 1.2   1
    49626  37.290263 -121.670231     3.205        2.9       -7.9     -442.9      9.7      8.8     26.5 1985  6 15  1 38 57.380 0.9   1
    54084  37.288501 -121.668563     3.137      150.7     -203.5     -511.6      6.3      6.0     15.6 1985  8 28 20 35 10.100 1.6   1
    57770  37.288562 -121.670174     3.200        8.1     -197.0     -448.6     13.0     13.2     31.5 1985 10 28  3 55 38.130 1.3   1
    62514  37.287903 -121.668213     3.134      182.1     -269.9     -514.3      5.8      5.4     15.1 1985 12 31 15 50 52.230 1.7   1
    62520  37.287850 -121.668009     3.144      200.1     -276.0     -504.0      5.9      5.7     15.8 1985 12 31 18  3  3.480 1.6   1
    67820  37.289486 -121.669206     3.093       93.9      -94.2     -555.1      8.5      7.3     21.1 1986  3  8 10 32  4.410 1.6   1
    73786  37.288562 -121.670524     3.537      -23.3     -196.7     -110.9     43.9     47.7    129.7 1986  6  1 10 51 31.460 1.2   1
    77218  37.288464 -121.668481     3.049      157.7     -207.6     -599.6      6.5      4.9     16.0 1986  7 25  9 22 50.290 2.3   1
    81017  37.290169 -121.670109     3.116       13.9      -18.4     -532.5      9.6     11.7     33.7 1986  9  2  7 24 15.870 0.8   1
    82606  37.290580 -121.668929     3.327      118.2       27.0     -321.2     34.6     58.1    122.0 1986  9 15 20 17 49.920 2.7   1
    83805  37.289535 -121.669214     3.054       92.8      -89.1     -594.1      6.7      5.8     14.7 1986  9 25 12  1 52.830 1.4   1
    88698  37.290222 -121.670093     3.142       15.4      -12.6     -506.3      9.2      8.4     23.9 1986 11 25 13  0 35.660 1.0   1
   101361  37.288481 -121.668351     3.010      169.6     -206.0     -638.3      5.5      4.8     12.5 1987  6  3  6 56  7.740 1.9   1
   101362  37.287887 -121.667887     3.007      210.8     -272.0     -641.0      5.5      4.3     12.4 1987  6  3  6 58 51.320 1.7   1
   102776  37.290198 -121.670028     3.116       20.9      -15.4     -531.9      9.3      8.9     25.7 1987  7  7  1 44 26.990 1.0   1
   103138  37.288159 -121.668164     3.012      186.4     -241.6     -636.3      5.3      4.4     12.2 1987  7 14 19  2 57.020 1.7   1
   110939  37.288432 -121.669653     3.011       53.9     -211.1     -636.8     10.3     11.2     23.6 1988  1 15  1 56 42.310 1.4   1
   112868  37.290218 -121.669930     3.097       29.2      -13.0     -551.6      9.1      7.9     23.1 1988  2 25 10  0 17.780 0.9   1
   120788  37.289583 -121.669303     3.140       85.2      -83.3     -508.6     11.1      7.9     29.6 1988  7 23 10 42 21.740 1.5   1
   126189  37.288497 -121.668758     3.129      133.3     -204.0     -519.6      7.2      6.2     20.3 1988 11  2  3  9 12.610 1.9   1
   126292  37.287821 -121.668050     3.029      196.1     -278.9     -619.5      5.3      4.3     11.3 1988 11  3  1 30  4.280 1.7   1
   126389  37.287785 -121.667936     3.041      206.2     -283.2     -607.4      5.6      4.7     12.2 1988 11  4 13 34 34.720 1.9   1
   148939  37.287911 -121.667985     3.077      201.8     -269.3     -571.3      5.9      5.3     14.8 1989 12 13  5 33 46.080 1.6   1
   158154  37.290255 -121.670044     3.160       19.3       -9.0     -488.5      9.0      8.4     23.1 1990  5 23 11 11 37.580 1.0   1
   160503  37.288464 -121.668514     3.118      155.0     -207.9     -530.5      5.6      8.0     16.3 1990  7  5 20  4 42.800 1.7   1
   208364  37.290198 -121.669922     3.127       30.0      -15.5     -521.0      9.3      8.1     24.2 1991  3 22 11 23 27.560 1.0   1
   215747  37.288025 -121.668018     3.127      199.4     -256.5     -521.7      5.4      4.2     10.8 1991  5 29  9 45 22.620 1.8   1
   227435  37.288509 -121.669832     3.155       38.6     -203.0     -493.4     10.4     11.4     20.5 1991  8 10 17  6  5.760 1.2   1
   238704  37.288566 -121.668612     3.116      146.2     -196.3     -532.4      6.1      6.3     16.7 1991 12  3  5 24 24.980 2.0   1
   238790  37.288212 -121.668270     3.135      176.6     -235.6     -513.1      5.2      4.2     10.9 1991 12  4  0  8 49.550 1.9   1
   261841  37.290186 -121.669914     3.139       30.8      -16.8     -509.5      9.8      8.1     26.7 1992  4  6  9 39 49.410 0.9   1
   312743  37.289514 -121.669279     3.132       87.2      -91.2     -516.5      8.0      7.2     19.4 1992  8 29 17  4 29.020 1.6   1
   314921  37.287911 -121.667749     3.136      223.1     -269.0     -512.6      6.4      9.0     30.1 1992  9 11  1 22 13.650 1.1   1
   331552  37.290202 -121.670028     3.141       21.1      -14.9     -507.4      9.0      8.1     24.4 1993  1  9 17 48 38.720 1.0   1
   331635  37.289958 -121.669946     3.099       28.4      -42.1     -549.1      9.5      8.0     25.0 1993  1 10 22 13  9.440 1.2   1
 30036393  37.290295 -121.670093     3.178       15.1       -4.7     -470.6      9.1      8.8     24.2 1993 12  1  0 25 49.530 1.0   1
   399980  37.288676 -121.669710     3.172       49.0     -184.1     -476.5     12.0     12.4     29.2 1994  4  6  4 11 34.960 1.4   1
 30062741  37.288562 -121.668522     3.179      154.7     -196.9     -469.5      5.8      7.6     17.0 1994 11 16 16 50 58.150 2.0   1
 30062748  37.288953 -121.668848     3.179      125.8     -153.7     -469.5      6.8      9.6     20.1 1994 11 16 18  3 42.360 1.3   1
 30069218  37.288086 -121.667619     3.167      234.9     -249.7     -480.9      6.3      6.6     18.6 1995  3  3  9 38 49.200 1.2   1
 30069222  37.288005 -121.667676     3.161      229.6     -258.7     -486.9      6.1      5.7     16.3 1995  3  3 12 30 15.850 1.8   1
 30069457  37.287895 -121.667757     3.160      222.4     -270.8     -488.2      6.2      6.5     17.4 1995  3  7 13 19 41.960 1.3   1
 30092060  37.288098 -121.668018     3.118      199.2     -248.5     -530.1      5.7      5.5     15.9 1995 12 15 18 53 39.820 1.8   1
