    17842  37.288399 -121.667635     3.171      233.4     -214.9     -477.7    180.6    148.9     77.2 1984  4 25  4 35 19.170 1.9   1
    16751  37.289140 -121.673869     3.021     -319.6     -132.9     -627.2    184.3    150.1    104.1 1984  4 27  7 48 23.500 1.0   1
    21644  37.290023 -121.670085     3.257       15.6      -34.6     -391.2    180.9    146.3     73.3 1984  6 27 14 50 38.140 1.6   1
    22271  37.289705 -121.670614     3.121      -31.2      -69.9     -526.9    182.0    170.9     79.2 1984  7  7  0 17  9.970 2.7   1
    23190  37.290283 -121.667830     3.061      215.6       -6.0     -586.9    183.6    178.2     85.6 1984  7 17 16 24 49.440 1.9   1
    25096  37.289632 -121.669043     2.917      108.2      -78.3     -730.8    181.9    152.2     87.1 1984  8  7  9  7  6.330 1.2   1
    28475  37.291040 -121.670264     3.041       -0.1       78.2     -606.9    189.0    165.5    140.0 1984  9 23  8 43 14.720 1.1   1
    32049  37.287496 -121.668424     3.127      163.2     -315.3     -521.3    179.5    145.3     77.4 1984 11 18  0 28 55.240 1.7   1
    35109  37.290222 -121.669222     3.099       92.0      -12.6     -549.7    179.5    144.2     72.6 1984 12 22  4 43 44.710 1.6   1
    42349  37.287118 -121.667977     3.280      202.4     -357.1     -368.5    185.5    148.9     73.9 1985  2 28  1  9 58.300 0.8   1
    42555  37.288310 -121.667936     3.137      206.6     -224.8     -511.2    178.3    144.5     67.9 1985  3  2  6 53 56.010 1.7   1
    42559  37.288831 -121.668579     3.115      149.6     -167.2     -532.9    177.3    142.9     61.1 1985  3  2  8 55  3.470 1.9   1
    42643  37.288277 -121.668197     3.080      183.6     -228.4     -568.5    178.5    144.3     71.6 1985  3  2  8 55 29.590 2.1   1
    42560  37.289368 -121.668929     3.207      118.0     -107.5     -440.9    178.8    144.3     64.7 1985  3  2  8 58  0.480 1.2   1
    49626  37.290837 -121.670207     3.314        5.4       55.7     -334.7    186.2    154.6    100.9 1985  6 15  1 38 57.380 0.9   1
    54084  37.289026 -121.668490     3.131      157.6     -145.2     -516.9    178.2    143.8     65.0 1985  8 28 20 35 10.100 1.6   1
    57770  37.289335 -121.671183     3.087      -81.2     -111.0     -561.2    183.5    149.7     87.5 1985 10 28  3 55 38.130 1.3   1
    62514  37.287984 -121.667464     3.166      248.4     -261.1     -482.5    180.7    150.0     74.0 1985 12 31 15 50 52.230 1.7   1
    62520  37.288399 -121.668180     3.163      184.8     -215.0     -485.4    180.5    153.9     83.3 1985 12 31 18  3  3.480 1.6   1
    67820  37.289758 -121.671224     3.070      -85.2      -64.3     -577.9    185.9    150.9    118.5 1986  3  8 10 32  4.410 1.6   1
    73786  37.289050 -121.667798     2.892      218.9     -142.6     -756.0    181.2    152.8     87.5 1986  6  1 10 51 31.460 1.2   1
    77218  37.289140 -121.668351     3.142      169.5     -132.6     -506.7    180.5    145.8     78.1 1986  7 25  9 22 50.290 2.3   1
    77296  37.297148 -121.684473     8.537    -1260.0      756.0     4888.3   6689.8   4600.8  17702.0 1986  7 25 16  1 52.100 1.1   1
    81017  37.291520 -121.670874     3.193      -54.4      131.5     -455.0    183.7    155.1     85.8 1986  9  2  7 24 15.870 0.8   1
    82606  37.290694 -121.670076     3.158       16.7       39.7     -490.0    181.2    147.0     83.1 1986  9 15 20 17 49.920 2.7   1
    83805  37.290173 -121.669507     3.159       67.2      -18.0     -488.8    179.0    143.8     67.4 1986  9 25 12  1 52.830 1.4   1
    88698  37.290967 -121.670662     3.808      -35.5       70.0      160.1    189.2    162.6    114.3 1986 11 25 13  0 35.660 1.0   1
   101361  37.289453 -121.668164     3.151      186.4      -98.1     -497.4    181.7    147.4     83.4 1987  6  3  6 56  7.740 1.9   1
   101362  37.288171 -121.668831     3.070      126.7     -240.4     -578.3    179.1    144.8     84.2 1987  6  3  6 58 51.320 1.7   1
   102776  37.290540 -121.670150     3.198       10.0       22.7     -450.4    247.0    253.0    273.7 1987  7  7  1 44 26.990 1.0   1
   103138  37.288542 -121.668587     3.079      148.9     -198.9     -569.7    179.7    144.9     83.5 1987  7 14 19  2 57.020 1.7   1
   110939  37.290023 -121.670174     2.952        7.6      -35.0     -696.7    182.4    147.4     93.1 1988  1 15  1 56 42.310 1.4   1
   112868  37.292228 -121.670614     3.787      -31.3      210.2      138.9    185.4    155.5     75.4 1988  2 25 10  0 17.780 0.9   1
   120788  37.289494 -121.670443     3.150      -15.7      -93.5     -498.1    180.8    145.2     77.4 1988  7 23 10 42 21.740 1.5   1
   126189  37.287317 -121.672721     3.483     -217.8     -335.2     -165.2    176.7    145.5     67.5 1988 11  2  3  9 12.610 1.9   1
   126292  37.288900 -121.667896     3.022      210.1     -159.5     -625.8    179.0    145.3     72.1 1988 11  3  1 30  4.280 1.7   1
   126389  37.287972 -121.668807     3.177      129.5     -262.6     -471.5    179.2    146.3     75.9 1988 11  4 13 34 34.720 1.9   1
   148939  37.288615 -121.668368     3.194      168.1     -191.1     -454.4    181.5    150.6     88.6 1989 12 13  5 33 46.080 1.6   1
   158154  37.290971 -121.670890     3.336      -55.5       70.4     -312.5    182.4    152.1     90.1 1990  5 23 11 11 37.580 1.0   1
   160503  37.289421 -121.668018     3.234      199.3     -101.6     -413.9    178.5    146.2     62.9 1990  7  5 20  4 42.800 1.7   1
   205031  37.293180 -121.679460    19.001     -815.5      315.7    15352.5   4584.2   3515.2  35142.1 1991  1 20  5  0 30.930 1.2   1
   208364  37.291520 -121.670264     3.300        0.0      131.2     -348.4    185.7    151.7     89.9 1991  3 22 11 23 27.560 1.0   1
   215747  37.287968 -121.668327     3.140      171.8     -262.7     -508.1    178.7    147.6     71.7 1991  5 29  9 45 22.620 1.8   1
   227435  37.288468 -121.668685     3.121      140.2     -207.4     -527.5    180.5    150.5     67.9 1991  8 10 17  6  5.760 1.2   1
   238704  37.289197 -121.668433     3.164      162.4     -126.5     -483.9    178.1    143.5     63.0 1991 12  3  5 24 24.980 2.0   1
   238790  37.288786 -121.668433     3.209      162.5     -172.1     -439.1    178.6    145.0     67.7 1991 12  4  0  8 49.550 1.9   1
   261841  37.291154 -121.670028     3.219       21.1       90.6     -429.7    185.9    158.4    124.1 1992  4  6  9 39 49.410 0.9   1
   312743  37.289827 -121.670166     3.231        8.3      -56.7     -417.7    181.6    151.3     79.0 1992  8 29 17  4 29.020 1.6   1
   314921  37.287345 -121.668148     3.420      187.9     -332.1     -228.0    180.3    147.6     85.0 1992  9 11  1 22 13.650 1.1   1
   331552  37.291353 -121.671118     3.288      -75.8      113.0     -360.1    188.3    153.3    114.0 1993  1  9 17 48 38.720 1.0   1
   331635  37.290332 -121.669930     3.126       29.9       -0.4     -522.1    187.3    150.0     80.3 1993  1 10 22 13  9.440 1.2   1
   352620  37.290055 -121.670890     5.585      -55.4      -30.9     1936.5   4712.2   2965.7   6991.6 1993  6  8  9 15  1.380 0.8   1
 30036393  37.291366 -121.670020     3.407       21.4      114.4     -241.0    185.7    153.7    115.8 1993 12  1  0 25 49.530 1.0   1
   389286  37.284041 -121.670915     6.045      -57.6     -698.7     2397.0   3046.8   3623.9   8798.8 1993 12 20 22 35  7.800 1.8   1
   399980  37.289465 -121.669344     3.040       81.2      -96.6     -608.4    179.9    146.1     74.5 1994  4  6  4 11 34.960 1.4   1
 30062741  37.289103 -121.668929     3.014      118.0     -136.8     -634.1    179.3    143.2     70.5 1994 11 16 16 50 58.150 2.0   1
 30062748  37.289331 -121.668351     3.201      169.8     -111.7     -447.4    186.8    155.2     75.1 1994 11 16 18  3 42.360 1.3   1
 30069218  37.288041 -121.668205     3.320      182.9     -254.7     -328.2    181.7    155.3     85.3 1995  3  3  9 38 49.200 1.2   1
 30069222  37.288521 -121.668099     3.200      192.0     -201.5     -448.5    181.2    150.2     77.8 1995  3  3 12 30 15.850 1.8   1
 30069457  37.289128 -121.668026     3.124      198.2     -134.2     -524.1    186.8    152.4     94.1 1995  3  7 13 19 41.960 1.3   1
 30073191  37.291728 -121.677246     4.480     -618.9      154.5      831.6   6604.2   5630.0  29286.3 1995  5 14 11 18 47.000 1.0   1
 30092060  37.288639 -121.668132     3.075      189.2     -188.3     -573.4    179.8    147.5     77.0 1995 12 15 18 53 39.820 1.8   1
