    17842  37.287830 -121.668132     3.145      188.7     -278.0     -503.2     53.0     42.3     23.1 1984  4 25  4 35 19.170 1.9   1
    16751  37.288599 -121.673299     2.957     -269.4     -192.7     -691.3     54.5     42.8     32.3 1984  4 27  7 48 23.500 1.0   1
    21644  37.289262 -121.670671     3.194      -35.9     -119.0     -453.8     53.1     41.6     22.3 1984  6 27 14 50 38.140 1.6   1
    22271  37.289181 -121.670955     3.131      -61.6     -128.3     -517.3     53.5     50.1     23.9 1984  7  7  0 17  9.970 2.7   1
    23190  37.289880 -121.669157     3.078       97.9      -50.6     -569.8     53.9     52.6     24.5 1984  7 17 16 24 49.440 1.9   1
    25096  37.289042 -121.669759     2.889       44.8     -143.4     -759.5     53.4     43.5     26.4 1984  8  7  9  7  6.330 1.2   1
    28475  37.290169 -121.670605     3.024      -30.5      -18.3     -624.1     55.8     48.0     41.4 1984  9 23  8 43 14.720 1.1   1
    32049  37.287028 -121.668701     3.117      138.7     -367.1     -531.2     52.7     41.5     22.4 1984 11 18  0 28 55.240 1.7   1
    35109  37.289535 -121.669906     3.075       32.1      -88.8     -573.1     52.6     41.0     21.9 1984 12 22  4 43 44.710 1.6   1
    42349  37.286650 -121.667904     3.367      209.1     -409.0     -280.8     59.2     43.6     23.0 1985  2 28  1  9 58.300 0.8   1
    42555  37.287793 -121.668335     3.133      171.2     -282.4     -515.5     52.3     41.0     20.4 1985  3  2  6 53 56.010 1.7   1
    42559  37.288265 -121.669076     3.102      105.4     -229.8     -546.6     52.0     40.5     18.4 1985  3  2  8 55  3.470 1.9   1
    42643  37.287659 -121.668750     3.060      134.4     -297.3     -587.9     52.4     40.9     21.6 1985  3  2  8 55 29.590 2.1   1
    42560  37.288664 -121.670068     3.186       17.1     -185.7     -461.9     52.5     41.0     19.5 1985  3  2  8 58  0.480 1.2   1
    49626  37.289819 -121.671509     3.276     -110.1      -57.2     -372.1     55.2     44.4     30.5 1985  6 15  1 38 57.380 0.9   1
    54084  37.288582 -121.668864     3.121      124.2     -194.6     -527.6     52.3     40.8     19.5 1985  8 28 20 35 10.100 1.6   1
    57770  37.289246 -121.670752     2.960      -43.2     -121.0     -688.3     54.4     42.8     27.6 1985 10 28  3 55 38.130 1.3   1
    62514  37.287858 -121.668294     3.141      174.5     -275.0     -507.4     53.2     42.9     22.3 1985 12 31 15 50 52.230 1.7   1
    62520  37.287834 -121.668498     3.160      156.8     -277.5     -488.2     53.0     44.0     25.0 1985 12 31 18  3  3.480 1.6   1
    67820  37.289213 -121.671061     3.075      -70.8     -124.5     -573.4     55.6     43.3     36.2 1986  3  8 10 32  4.410 1.6   1
    73786  37.288208 -121.668620     2.876      146.1     -236.4     -772.2     53.3     43.9     26.4 1986  6  1 10 51 31.460 1.2   1
    77218  37.288562 -121.668758     3.100      133.2     -196.8     -548.5     53.0     41.4     23.8 1986  7 25  9 22 50.290 2.3   1
    77296  37.297852 -121.679020     8.275     -776.7      833.9     4626.8   1590.3   1310.2   5781.4 1986  7 25 16  1 52.100 1.1   1
    81017  37.291093 -121.671110     3.174      -75.0       84.1     -474.0     54.0     47.1     25.5 1986  9  2  7 24 15.870 0.8   1
    82606  37.290173 -121.670402     3.169      -12.4      -18.2     -479.3     53.2     41.9     25.0 1986  9 15 20 17 49.920 2.7   1
    83805  37.289587 -121.670028     3.140       20.6      -83.2     -507.8     52.4     40.9     20.3 1986  9 25 12  1 52.830 1.4   1
    88698  37.290304 -121.670817     3.796      -49.0       -3.5      147.4     56.3     47.0     34.2 1986 11 25 13  0 35.660 1.0   1
   101361  37.288770 -121.668766     3.161      132.7     -173.8     -487.1     53.2     41.9     24.7 1987  6  3  6 56  7.740 1.9   1
   101362  37.287870 -121.668815     3.071      128.4     -273.5     -577.1     52.9     41.3     26.2 1987  6  3  6 58 51.320 1.7   1
   102776  37.290283 -121.670874     3.183      -54.3       -6.0     -465.3     75.7     79.4     81.0 1987  7  7  1 44 26.990 1.0   1
   103138  37.288098 -121.668880     3.058      122.8     -248.5     -590.5     52.8     41.1     25.3 1987  7 14 19  2 57.020 1.7   1
   110939  37.289392 -121.670036     2.892       20.4     -104.7     -756.7     53.7     42.0     28.8 1988  1 15  1 56 42.310 1.4   1
   112868  37.291479 -121.670825     3.792      -49.7      127.0      143.9     54.6     44.8     22.5 1988  2 25 10  0 17.780 0.9   1
   120788  37.289266 -121.670190     3.131        6.7     -118.6     -516.9     53.4     41.4     23.6 1988  7 23 10 42 21.740 1.5   1
   126189  37.287964 -121.669857     3.175       36.4     -263.3     -472.8     52.8     41.5     22.7 1988 11  2  3  9 12.610 1.9   1
   126292  37.288383 -121.668327     3.017      171.9     -216.8     -630.9     52.5     41.2     21.7 1988 11  3  1 30  4.280 1.7   1
   126389  37.287488 -121.669051     3.157      107.8     -316.2     -491.2     52.6     41.5     22.9 1988 11  4 13 34 34.720 1.9   1
   148939  37.288147 -121.668433     3.159      162.3     -242.9     -489.5     53.3     42.9     27.2 1989 12 13  5 33 46.080 1.6   1
   158154  37.290283 -121.671240     3.287      -86.3       -6.1     -361.4     53.5     43.4     27.2 1990  5 23 11 11 37.580 1.0   1
   160503  37.288660 -121.669019     3.195      110.3     -186.0     -453.1     52.3     41.5     19.1 1990  7  5 20  4 42.800 1.7   1
   205031  37.296908 -121.679077    16.263     -781.7      729.2    12614.3   1540.5   1087.7   8244.6 1991  1 20  5  0 30.930 1.2   1
   208364  37.290849 -121.670630     3.224      -32.5       57.1     -424.7     54.7     43.2     27.7 1991  3 22 11 23 27.560 1.0   1
   215747  37.287557 -121.668506     3.127      155.9     -308.3     -521.2     52.5     42.0     21.6 1991  5 29  9 45 22.620 1.8   1
   227435  37.288525 -121.670288     3.061       -1.8     -200.8     -586.9     53.3     42.6     22.4 1991  8 10 17  6  5.760 1.2   1
   238704  37.288656 -121.668791     3.147      130.8     -186.5     -501.3     52.2     40.7     19.0 1991 12  3  5 24 24.980 2.0   1
   238790  37.288265 -121.668750     3.186      134.5     -229.7     -462.0     52.3     41.1     20.4 1991 12  4  0  8 49.550 1.9   1
   261841  37.290568 -121.670215     3.191        4.3       25.6     -457.0     54.7     45.4     38.5 1992  4  6  9 39 49.410 0.9   1
   312743  37.289327 -121.670500     3.221      -20.9     -111.9     -427.2     53.4     43.2     23.5 1992  8 29 17  4 29.020 1.6   1
   314921  37.286336 -121.668245     3.249      178.7     -443.9     -399.1     53.2     42.3     26.9 1992  9 11  1 22 13.650 1.1   1
   331552  37.290780 -121.671281     3.252      -89.9       49.4     -395.8     55.5     43.9     35.1 1993  1  9 17 48 38.720 1.0   1
   331635  37.289473 -121.671574     3.128     -116.5      -95.5     -520.6     55.6     42.8     23.9 1993  1 10 22 13  9.440 1.2   1
   352620  37.304281 -121.668945     8.780      117.0     1547.5     5131.8   1545.3   1322.0   3086.4 1993  6  8  9 15  1.380 0.8   1
 30036393  37.290727 -121.670573     3.361      -27.7       43.3     -287.6     54.9     44.2     35.3 1993 12  1  0 25 49.530 1.0   1
   389286  37.295076 -121.671126     6.566      -76.8      526.1     2917.7    712.6    949.6   6454.2 1993 12 20 22 35  7.800 1.8   1
   399980  37.288908 -121.669881     3.018       34.2     -158.4     -629.9     52.7     41.5     22.3 1994  4  6  4 11 34.960 1.4   1
 30062741  37.288643 -121.669401     2.996       76.1     -187.9     -652.2     52.6     40.5     22.0 1994 11 16 16 50 58.150 2.0   1
 30062748  37.288749 -121.669100     3.184      102.9     -176.3     -464.4     55.0     44.2     22.4 1994 11 16 18  3 42.360 1.3   1
 30069218  37.287508 -121.668473     3.301      158.9     -314.0     -347.0     53.4     44.2     25.5 1995  3  3  9 38 49.200 1.2   1
 30069222  37.288033 -121.668400     3.179      165.2     -255.7     -469.0     53.2     42.7     23.4 1995  3  3 12 30 15.850 1.8   1
 30069457  37.288798 -121.668294     3.021      174.7     -170.9     -626.8     55.9     43.5     29.8 1995  3  7 13 19 41.960 1.3   1
 30073191  37.291984 -121.663900     5.463      564.3      183.1     1814.9   2119.4   1237.1   2364.8 1995  5 14 11 18 47.000 1.0   1
 30092060  37.288139 -121.668571     3.077      150.1     -243.9     -571.3     52.7     41.9     23.1 1995 12 15 18 53 39.820 1.8   1
