    17842  37.287813 -121.667611     3.130      235.2     -280.0     -518.0     34.9     24.7     14.4 1984  4 25  4 35 19.170 1.9   1
    16751  37.288647 -121.672591     2.941     -206.4     -187.5     -707.1     36.2     25.3     20.5 1984  4 27  7 48 23.500 1.0   1
    21644  37.289254 -121.670085     3.179       16.0     -120.0     -469.4     35.0     24.3     13.8 1984  6 27 14 50 38.140 1.6   1
    22271  37.289152 -121.670190     3.129        6.6     -131.6     -519.4     35.3     30.9     14.8 1984  7  7  0 17  9.970 2.7   1
    23190  37.289864 -121.668392     3.041      166.1      -52.5     -607.4     35.6     31.9     16.8 1984  7 17 16 24 49.440 1.9   1
    25096  37.289103 -121.669181     2.868       95.8     -136.9     -780.5     35.2     25.7     16.9 1984  8  7  9  7  6.330 1.2   1
    28475  37.290120 -121.669963     3.000       27.0      -23.8     -648.1     37.0     28.6     26.9 1984  9 23  8 43 14.720 1.1   1
    32049  37.287073 -121.667969     3.102      203.3     -362.1     -546.2     34.7     24.0     14.8 1984 11 18  0 28 55.240 1.7   1
    35109  37.289522 -121.669271     3.052       88.2      -90.2     -595.8     34.7     23.8     14.0 1984 12 22  4 43 44.710 1.6   1
    42349  37.286776 -121.666724     3.366      313.8     -395.0     -282.2     40.1     25.8     14.4 1985  2 28  1  9 58.300 0.8   1
    42555  37.287842 -121.667627     3.127      233.6     -276.9     -521.2     34.5     23.8     12.7 1985  3  2  6 53 56.010 1.7   1
    42559  37.288249 -121.668506     3.073      156.2     -231.7     -575.6     34.3     23.4     11.9 1985  3  2  8 55  3.470 1.9   1
    42643  37.287618 -121.668213     3.044      181.5     -301.7     -603.9     34.5     23.7     13.7 1985  3  2  8 55 29.590 2.1   1
    42560  37.288676 -121.669523     3.154       65.7     -184.2     -494.0     34.7     23.9     12.8 1985  3  2  8 58  0.480 1.2   1
    49626  37.289612 -121.671590     3.298     -117.6      -80.4     -350.3     37.3     26.5     20.0 1985  6 15  1 38 57.380 0.9   1
    54084  37.288627 -121.668221     3.105      181.4     -189.8     -543.6     34.5     23.7     12.3 1985  8 28 20 35 10.100 1.6   1
    57770  37.289266 -121.670117     2.942       13.2     -118.9     -705.8     35.9     25.2     17.5 1985 10 28  3 55 38.130 1.3   1
    62514  37.287887 -121.667749     3.130      223.3     -272.0     -518.0     35.0     25.0     14.3 1985 12 31 15 50 52.230 1.7   1
    62520  37.287850 -121.667741     3.148      223.4     -276.0     -500.2     34.9     26.0     16.1 1985 12 31 18  3  3.480 1.6   1
    67820  37.289351 -121.670190     3.051        6.2     -109.1     -597.7     37.0     25.6     23.2 1986  3  8 10 32  4.410 1.6   1
    73786  37.288070 -121.668058     2.861      195.4     -251.4     -787.4     35.1     25.9     17.0 1986  6  1 10 51 31.460 1.2   1
    77218  37.288452 -121.668140     3.038      188.1     -209.2     -610.1     35.0     24.0     15.7 1986  7 25  9 22 50.290 2.3   1
    77296  37.298971 -121.688582    11.407    -1623.9      958.5     7758.9   1367.6    943.6   2933.7 1986  7 25 16  1 52.100 1.1   1
    81017  37.292008 -121.670199     3.156        5.7      185.7     -491.8     35.9     32.7     16.3 1986  9  2  7 24 15.870 0.8   1
    82606  37.290206 -121.669596     3.170       58.9      -14.7     -478.5     35.2     24.6     15.5 1986  9 15 20 17 49.920 2.7   1
    83805  37.289559 -121.669434     3.126       73.6      -86.2     -522.7     34.6     23.8     12.6 1986  9 25 12  1 52.830 1.4   1
    88698  37.290194 -121.670418     3.804      -13.7      -16.0      155.5     37.8     28.1     22.0 1986 11 25 13  0 35.660 1.0   1
   101361  37.288713 -121.668009     3.138      199.8     -180.0     -510.7     35.3     24.5     15.7 1987  6  3  6 56  7.740 1.9   1
   101362  37.288090 -121.667594     3.042      236.5     -249.5     -606.4     35.2     24.2     16.6 1987  6  3  6 58 51.320 1.7   1
   102776  37.290385 -121.670858     3.207      -52.8        5.5     -441.7     52.0     48.2     55.2 1987  7  7  1 44 26.990 1.0   1
   103138  37.288159 -121.668099     3.038      192.1     -241.7     -610.3     34.9     23.9     16.1 1987  7 14 19  2 57.020 1.7   1
   110939  37.289380 -121.669336     2.871       82.3     -106.2     -776.9     35.4     24.6     18.5 1988  1 15  1 56 42.310 1.4   1
   112868  37.291479 -121.670044     3.784       19.6      126.7      136.0     36.0     26.5     14.1 1988  2 25 10  0 17.780 0.9   1
   120788  37.289262 -121.669491     3.124       68.5     -119.3     -524.4     35.2     24.2     14.8 1988  7 23 10 42 21.740 1.5   1
   126189  37.288082 -121.668815     3.148      128.4     -250.2     -499.9     34.9     24.1     14.2 1988 11  2  3  9 12.610 1.9   1
   126292  37.288428 -121.667619     2.999      234.3     -211.9     -648.9     34.6     24.0     13.7 1988 11  3  1 30  4.280 1.7   1
   126389  37.287484 -121.668213     3.131      181.6     -316.5     -516.9     34.7     24.2     14.4 1988 11  4 13 34 34.720 1.9   1
   148939  37.288090 -121.667424     3.100      251.7     -249.4     -547.8     35.2     25.1     17.9 1989 12 13  5 33 46.080 1.6   1
   158154  37.290287 -121.670614     3.271      -30.9       -5.3     -377.1     35.2     25.6     17.3 1990  5 23 11 11 37.580 1.0   1
   160503  37.288611 -121.668506     3.180      155.9     -191.3     -468.1     34.5     24.1     11.7 1990  7  5 20  4 42.800 1.7   1
   205031  37.301693 -121.698332    13.378    -2488.8     1260.5     9730.1   1705.9    953.6   3130.8 1991  1 20  5  0 30.930 1.2   1
   208364  37.290833 -121.670085     3.214       16.1       55.0     -434.1     36.2     25.5     17.5 1991  3 22 11 23 27.560 1.0   1
   215747  37.287622 -121.667765     3.135      221.8     -301.1     -513.7     34.7     24.4     14.2 1991  5 29  9 45 22.620 1.8   1
   227435  37.288489 -121.669678     3.044       52.1     -204.9     -603.9     35.1     25.0     14.1 1991  8 10 17  6  5.760 1.2   1
   238704  37.288643 -121.668042     3.136      197.3     -187.8     -511.9     34.4     23.7     11.8 1991 12  3  5 24 24.980 2.0   1
   238790  37.288277 -121.668026     3.168      198.2     -228.5     -480.2     34.5     23.9     12.7 1991 12  4  0  8 49.550 1.9   1
   261841  37.290548 -121.669604     3.186       58.7       23.3     -462.4     36.0     27.0     24.4 1992  4  6  9 39 49.410 0.9   1
   312743  37.289355 -121.669718     3.213       48.2     -108.9     -434.8     35.2     25.4     14.9 1992  8 29 17  4 29.020 1.6   1
   314921  37.286308 -121.667594     3.237      237.0     -447.1     -411.1     35.0     24.6     16.8 1992  9 11  1 22 13.650 1.1   1
   331552  37.290837 -121.670549     3.255      -25.4       55.5     -393.3     36.7     26.0     22.3 1993  1  9 17 48 38.720 1.0   1
   331635  37.289417 -121.671086     3.120      -73.1     -102.0     -528.7     36.5     25.1     14.9 1993  1 10 22 13  9.440 1.2   1
   352620  37.299447 -121.673429     9.562     -280.5     1011.1     5914.0    829.7    774.0   2539.4 1993  6  8  9 15  1.380 0.8   1
 30036393  37.290743 -121.669751     3.321       45.6       45.3     -326.7     36.5     26.2     22.9 1993 12  1  0 25 49.530 1.0   1
   389286  37.290755 -121.668481     5.611      157.7       46.3     1962.7    395.8    359.3    875.1 1993 12 20 22 35  7.800 1.8   1
   399980  37.288900 -121.669214     3.001       92.9     -159.2     -647.5     34.7     24.2     14.1 1994  4  6  4 11 34.960 1.4   1
 30062741  37.288843 -121.668766     3.004      133.1     -165.7     -644.4     34.7     23.6     13.9 1994 11 16 16 50 58.150 2.0   1
 30062748  37.288700 -121.668628     3.175      145.2     -181.6     -473.4     36.3     26.0     14.1 1994 11 16 18  3 42.360 1.3   1
 30069218  37.287537 -121.667676     3.290      229.6     -310.6     -358.6     35.2     26.0     16.2 1995  3  3  9 38 49.200 1.2   1
 30069222  37.288057 -121.667676     3.173      229.5     -253.0     -475.7     35.0     25.0     14.6 1995  3  3 12 30 15.850 1.8   1
 30069457  37.288770 -121.667725     3.003      224.8     -173.8     -644.9     37.0     25.6     19.4 1995  3  7 13 19 41.960 1.3   1
 30073191  37.293913 -121.671696     6.227     -127.2      396.8     2578.5   1318.4    694.6   1350.4 1995  5 14 11 18 47.000 1.0   1
 30092060  37.288180 -121.667855     3.067      213.6     -239.4     -581.0     34.8     24.4     14.5 1995 12 15 18 53 39.820 1.8   1
