    17842  37.288285 -121.667017     3.155      288.0     -227.7     -493.5    192.4    140.8     78.2 1984  4 25  4 35 19.170 1.9   1
    16751  37.289038 -121.673267     3.009     -266.1     -144.1     -638.9    194.9    143.0    107.5 1984  4 27  7 48 23.500 1.0   1
    21644  37.289917 -121.669482     3.244       69.4      -46.5     -404.3    192.4    139.0     73.7 1984  6 27 14 50 38.140 1.6   1
    22271  37.289616 -121.670003     3.108       23.4      -80.0     -540.3    193.6    165.6     79.8 1984  7  7  0 17  9.970 2.7   1
    23190  37.290222 -121.667204     3.042      271.3      -12.6     -606.3    195.6    173.0     86.3 1984  7 17 16 24 49.440 1.9   1
    25096  37.289535 -121.668433     2.895      162.6      -89.1     -753.3    193.7    145.0     89.1 1984  8  7  9  7  6.330 1.2   1
    28475  37.290942 -121.669653     3.022       54.0       67.3     -625.9    200.3    159.4    139.7 1984  9 23  8 43 14.720 1.1   1
    32049  37.287370 -121.667814     3.099      217.2     -329.4     -549.7    191.3    137.8     76.4 1984 11 18  0 28 55.240 1.7   1
    35109  37.290116 -121.668612     3.084      146.2      -24.4     -564.0    191.3    136.7     73.1 1984 12 22  4 43 44.710 1.6   1
    42349  37.286987 -121.667375     3.261      255.9     -371.4     -387.6    196.9    140.6     75.2 1985  2 28  1  9 58.300 0.8   1
    42555  37.288196 -121.667318     3.120      261.5     -237.4     -528.4    190.2    136.3     68.8 1985  3  2  6 53 56.010 1.7   1
    42559  37.288713 -121.667961     3.098      204.0     -180.1     -550.0    189.2    134.7     61.7 1985  3  2  8 55  3.470 1.9   1
    42643  37.288171 -121.667586     3.059      237.7     -240.2     -589.6    190.3    136.0     72.7 1985  3  2  8 55 29.590 2.1   1
    42560  37.289246 -121.668327     3.188      171.4     -121.1     -459.9    190.6    136.5     65.3 1985  3  2  8 58  0.480 1.2   1
    49626  37.290723 -121.669596     3.300       58.9       42.7     -348.2    197.4    147.9    101.5 1985  6 15  1 38 57.380 0.9   1
    54084  37.288916 -121.667871     3.111      212.4     -157.6     -536.8    190.0    135.7     65.7 1985  8 28 20 35 10.100 1.6   1
    57770  37.289237 -121.670565     3.069      -26.9     -122.1     -579.6    194.8    142.9     86.8 1985 10 28  3 55 38.130 1.3   1
    62514  37.287858 -121.666846     3.143      302.9     -274.9     -505.0    192.5    141.8     75.2 1985 12 31 15 50 52.230 1.7   1
    62520  37.288273 -121.667570     3.141      238.9     -229.1     -507.4    192.2    146.2     84.4 1985 12 31 18  3  3.480 1.6   1
    67820  37.289657 -121.670605     3.054      -30.3      -75.3     -594.0    197.0    143.9    119.9 1986  3  8 10 32  4.410 1.6   1
    73786  37.288940 -121.667187     2.868      273.1     -154.7     -779.9    193.0    145.5     88.7 1986  6  1 10 51 31.460 1.2   1
    77218  37.289030 -121.667749     3.128      223.0     -144.8     -520.6    192.2    137.9     79.0 1986  7 25  9 22 50.290 2.3   1
    77296  37.291630 -121.682544     7.439    -1089.2      143.5     3791.2   5424.7   4630.8  21081.9 1986  7 25 16  1 52.100 1.1   1
    81017  37.291410 -121.670264     3.178        0.2      119.1     -469.9    195.1    149.0     86.1 1986  9  2  7 24 15.870 0.8   1
    82606  37.290588 -121.669458     3.145       71.5       28.1     -503.7    192.7    139.9     83.8 1986  9 15 20 17 49.920 2.7   1
    83805  37.290063 -121.668888     3.144      122.0      -30.2     -504.5    190.7    136.3     67.9 1986  9 25 12  1 52.830 1.4   1
    88698  37.290857 -121.670052     3.798       18.7       57.7      149.8    200.3    157.0    113.1 1986 11 25 13  0 35.660 1.0   1
   101361  37.289335 -121.667546     3.137      240.7     -110.9     -511.7    193.4    139.5     84.5 1987  6  3  6 56  7.740 1.9   1
   101362  37.288070 -121.668221     3.053      181.0     -251.4     -595.1    190.9    136.8     85.4 1987  6  3  6 58 51.320 1.7   1
   102776  37.290430 -121.669556     3.186       62.5       10.2     -462.4    256.4    249.7    277.8 1987  7  7  1 44 26.990 1.0   1
   103138  37.288448 -121.667969     3.061      203.7     -209.6     -587.2    191.5    136.7     85.2 1987  7 14 19  2 57.020 1.7   1
   110939  37.289913 -121.669572     2.934       61.2      -46.9     -714.3    193.8    140.0     94.7 1988  1 15  1 56 42.310 1.4   1
   112868  37.292122 -121.669995     3.777       23.6      198.2      128.4    196.6    149.9     73.9 1988  2 25 10  0 17.780 0.9   1
   120788  37.289388 -121.669824     3.135       39.1     -105.4     -513.2    192.2    137.7     78.3 1988  7 23 10 42 21.740 1.5   1
   126189  37.287207 -121.672119     3.475     -164.6     -347.3     -172.8    188.1    138.0     67.9 1988 11  2  3  9 12.610 1.9   1
   126292  37.288802 -121.667277     3.005      264.9     -170.4     -643.6    190.9    137.2     73.4 1988 11  3  1 30  4.280 1.7   1
   126389  37.287854 -121.668188     3.163      184.0     -275.3     -484.9    190.9    138.2     76.7 1988 11  4 13 34 34.720 1.9   1
   148939  37.288501 -121.667757     3.180      222.2     -203.8     -467.9    193.2    142.9     89.5 1989 12 13  5 33 46.080 1.6   1
   158154  37.290857 -121.670272     3.322       -0.7       58.0     -325.9    193.7    145.4     90.5 1990  5 23 11 11 37.580 1.0   1
   160503  37.289307 -121.667399     3.220      253.7     -114.3     -428.3    190.4    138.2     63.5 1990  7  5 20  4 42.800 1.7   1
   205031  37.298417 -121.711222    12.088    -3631.7      896.9     8439.9   9162.1   5402.5  14364.9 1991  1 20  5  0 30.930 1.2   1
   208364  37.291410 -121.669645     3.287       54.9      119.2     -360.9    197.0    145.1     90.5 1991  3 22 11 23 27.560 1.0   1
   215747  37.287858 -121.667708     3.125      226.5     -274.9     -523.3    190.5    139.5     72.5 1991  5 29  9 45 22.620 1.8   1
   227435  37.288346 -121.668075     3.102      194.1     -221.0     -546.0    192.1    142.8     68.6 1991  8 10 17  6  5.760 1.2   1
   238704  37.289083 -121.667814     3.148      217.1     -139.1     -499.9    189.9    135.4     63.6 1991 12  3  5 24 24.980 2.0   1
   238790  37.288672 -121.667822     3.195      216.8     -184.5     -453.1    190.4    136.9     68.3 1991 12  4  0  8 49.550 1.9   1
   261841  37.291028 -121.669417     3.199       75.4       76.7     -449.7    197.3    152.0    125.0 1992  4  6  9 39 49.410 0.9   1
   312743  37.289709 -121.669556     3.212       62.7      -69.7     -436.7    193.1    144.2     79.7 1992  8 29 17  4 29.020 1.6   1
   314921  37.287248 -121.667521     3.408      243.0     -342.6     -240.6    192.3    140.4     83.1 1992  9 11  1 22 13.650 1.1   1
   331552  37.291248 -121.670508     3.274      -21.3      101.3     -374.0    199.4    146.8    114.9 1993  1  9 17 48 38.720 1.0   1
   331635  37.290222 -121.669303     3.108       85.2      -12.9     -540.1    198.6    143.1     80.7 1993  1 10 22 13  9.440 1.2   1
   352620  37.287598 -121.673454     5.009     -283.0     -303.9     1360.7   3835.3   3201.7   7815.7 1993  6  8  9 15  1.380 0.8   1
 30036393  37.291264 -121.669409     3.396       76.1      103.1     -252.6    197.3    147.4    116.0 1993 12  1  0 25 49.530 1.0   1
   389286  37.289897 -121.668514     5.445      155.5      -48.9     1796.3   2579.6   1852.5   4074.7 1993 12 20 22 35  7.800 1.8   1
   399980  37.289368 -121.668742     3.020      135.1     -107.6     -627.8    191.6    138.5     74.7 1994  4  6  4 11 34.960 1.4   1
 30062741  37.289010 -121.668311     2.991      173.0     -147.2     -657.4    191.0    135.0     72.7 1994 11 16 16 50 58.150 2.0   1
 30062748  37.289209 -121.667725     3.181      225.4     -125.3     -467.4    198.2    147.9     75.9 1994 11 16 18  3 42.360 1.3   1
 30069218  37.287923 -121.667586     3.304      237.6     -268.0     -344.2    193.4    147.5     86.2 1995  3  3  9 38 49.200 1.2   1
 30069222  37.288407 -121.667480     3.184      246.6     -213.9     -464.2    192.9    142.3     78.8 1995  3  3 12 30 15.850 1.8   1
 30069457  37.288969 -121.667440     3.057      250.4     -151.8     -591.6    198.3    145.8     84.5 1995  3  7 13 19 41.960 1.3   1
 30073191  37.294873 -121.682178    14.656    -1056.7      503.5    11007.7   5085.4   3069.6  26029.4 1995  5 14 11 18 47.000 1.0   1
 30092060  37.288546 -121.667505     3.058      244.6     -198.7     -590.5    191.6    139.5     78.3 1995 12 15 18 53 39.820 1.8   1
