    17842  37.287887 -121.668001     3.129      200.4     -271.9     -518.7      6.2      6.0     16.8 1984  4 25  4 35 19.170 1.9   1
    16751  37.290076 -121.669881     3.137       33.8      -28.7     -511.3     10.2     10.4     25.5 1984  4 27  7 48 23.500 1.0   1
    21644  37.289567 -121.669401     3.164       76.5      -85.3     -483.9      8.0      7.9     19.9 1984  6 27 14 50 38.140 1.6   1
    22271  37.290507 -121.669198     3.412       94.2       19.0     -236.6     34.5     42.8     87.0 1984  7  7  0 17  9.970 2.7   1
    23190  37.288342 -121.668587     3.079      149.0     -221.2     -568.9      5.5      6.1     11.2 1984  7 17 16 24 49.440 1.9   1
    25096  37.288574 -121.670060     3.181       18.0     -195.6     -467.1     12.3     13.7     35.3 1984  8  7  9  7  6.330 1.2   1
    28475  37.290312 -121.670475     3.249      -19.0       -2.8     -399.4     10.3      9.0     28.6 1984  9 23  8 43 14.720 1.1   1
    32049  37.287838 -121.668123     3.083      189.6     -277.5     -565.3      5.2      4.3     10.6 1984 11 18  0 28 55.240 1.7   1
    35109  37.289522 -121.669385     3.154       77.9      -90.4     -493.9      9.1      7.3     23.3 1984 12 22  4 43 44.710 1.6   1
    42349  37.287939 -121.668188     3.173      184.2     -265.9     -475.6      8.7      9.0     28.4 1985  2 28  1  9 58.300 0.8   1
    42555  37.287732 -121.667912     3.083      208.8     -289.0     -565.5      5.8      4.9     12.6 1985  3  2  6 53 56.010 1.7   1
    42559  37.288420 -121.668514     3.067      155.5     -212.8     -581.1      6.0      4.9     12.5 1985  3  2  8 55  3.470 1.9   1
    42643  37.288082 -121.668302     3.060      174.0     -250.2     -588.2      5.5      4.7     12.0 1985  3  2  8 55 29.590 2.1   1
    42560  37.288839 -121.669157     3.154       98.1     -166.2     -494.3      7.6      7.9     23.5 1985  3  2  8 58  0.480 1.2   1
    49626  37.290275 -121.670256     3.212        1.0       -6.8     -436.0      9.8      8.9     26.8 1985  6 15  1 38 57.380 0.9   1
    54084  37.288493 -121.668571     3.135      150.1     -204.5     -513.2      6.4      6.0     15.7 1985  8 28 20 35 10.100 1.6   1
    57770  37.288550 -121.670093     3.179       14.9     -198.1     -469.0     13.9     13.4     33.4 1985 10 28  3 55 38.130 1.3   1
    62514  37.287895 -121.668205     3.131      182.7     -271.0     -517.4      5.9      5.5     15.2 1985 12 31 15 50 52.230 1.7   1
    62520  37.287838 -121.668009     3.142      200.1     -277.3     -505.9      6.0      5.7     15.9 1985 12 31 18  3  3.480 1.6   1
    67820  37.289486 -121.669206     3.096       93.5      -94.3     -552.3      8.6      7.3     21.3 1986  3  8 10 32  4.410 1.6   1
    73786  37.288639 -121.670630     3.567      -32.3     -188.5      -81.6     43.9     47.8    131.0 1986  6  1 10 51 31.460 1.2   1
    77218  37.288456 -121.668490     3.047      157.0     -208.8     -601.5      6.6      5.0     16.0 1986  7 25  9 22 50.290 2.3   1
    81017  37.290181 -121.670125     3.123       12.4      -17.0     -524.8      9.7     11.7     34.1 1986  9  2  7 24 15.870 0.8   1
    82606  37.290698 -121.668880     3.366      122.3       40.2     -282.1     34.8     58.7    123.7 1986  9 15 20 17 49.920 2.7   1
    83805  37.289526 -121.669222     3.056       92.2      -89.9     -592.5      6.8      5.8     14.8 1986  9 25 12  1 52.830 1.4   1
    88698  37.290234 -121.670101     3.149       14.2      -11.4     -499.3      9.3      8.5     24.2 1986 11 25 13  0 35.660 1.0   1
   101361  37.288468 -121.668359     3.009      169.2     -207.1     -639.6      5.5      4.8     12.5 1987  6  3  6 56  7.740 1.9   1
   101362  37.287874 -121.667887     3.005      210.6     -273.1     -642.9      5.5      4.3     12.4 1987  6  3  6 58 51.320 1.7   1
   102776  37.290206 -121.670052     3.123       18.8      -14.5     -525.0      9.3      8.9     26.0 1987  7  7  1 44 26.990 1.0   1
   103138  37.288151 -121.668164     3.010      186.2     -242.7     -637.9      5.4      4.4     12.2 1987  7 14 19  2 57.020 1.7   1
   110939  37.288452 -121.669613     2.993       57.4     -209.0     -655.2     10.6     11.1     23.3 1988  1 15  1 56 42.310 1.4   1
   112868  37.290226 -121.669963     3.104       26.8      -12.3     -544.6      9.2      7.9     23.4 1988  2 25 10  0 17.780 0.9   1
   120788  37.289587 -121.669320     3.143       84.0      -83.1     -504.8     11.2      8.0     29.8 1988  7 23 10 42 21.740 1.5   1
   126189  37.288485 -121.668758     3.125      133.4     -205.5     -523.3      7.2      6.3     20.4 1988 11  2  3  9 12.610 1.9   1
   126292  37.287817 -121.668050     3.027      196.0     -279.7     -621.3      5.4      4.3     11.3 1988 11  3  1 30  4.280 1.7   1
   126389  37.287777 -121.667936     3.040      206.2     -284.1     -608.7      5.7      4.7     12.3 1988 11  4 13 34 34.720 1.9   1
   148939  37.288000 -121.668083     3.138      193.3     -259.3     -510.2      5.4      4.2     11.0 1989 12 13  5 33 46.080 1.6   1
   158154  37.290263 -121.670068     3.166       17.6       -8.0     -481.8      9.1      8.5     23.4 1990  5 23 11 11 37.580 1.0   1
   160503  37.288448 -121.668514     3.115      155.1     -209.7     -532.8      5.6      8.0     16.4 1990  7  5 20  4 42.800 1.7   1
   208364  37.290206 -121.669954     3.135       27.6      -14.6     -513.4      9.4      8.1     24.5 1991  3 22 11 23 27.560 1.0   1
   215747  37.287931 -121.667944     3.078      205.6     -266.9     -570.7      5.7      5.4     14.9 1991  5 29  9 45 22.620 1.8   1
   227435  37.288497 -121.669735     3.100       47.3     -204.0     -548.6     12.7     13.1     33.1 1991  8 10 17  6  5.760 1.2   1
   238704  37.288554 -121.668620     3.114      145.8     -197.8     -534.6      6.2      6.4     16.8 1991 12  3  5 24 24.980 2.0   1
   238790  37.288147 -121.668229     3.093      180.7     -243.0     -554.8      5.5      5.7     16.0 1991 12  4  0  8 49.550 1.9   1
   261841  37.290190 -121.669938     3.146       28.5      -16.2     -502.4      9.9      8.1     27.0 1992  4  6  9 39 49.410 0.9   1
   312743  37.289514 -121.669287     3.135       86.3      -91.2     -513.2      8.0      7.2     19.6 1992  8 29 17  4 29.020 1.6   1
   314921  37.287911 -121.667749     3.136      223.1     -269.3     -511.8      6.5      9.1     30.3 1992  9 11  1 22 13.650 1.1   1
   331552  37.290210 -121.670044     3.148       19.5      -14.0     -500.3      9.1      8.1     24.7 1993  1  9 17 48 38.720 1.0   1
   331635  37.289962 -121.669954     3.105       27.5      -41.6     -543.4      9.6      8.0     25.2 1993  1 10 22 13  9.440 1.2   1
 30036393  37.290299 -121.670109     3.185       13.6       -4.1     -463.7      9.1      8.9     24.5 1993 12  1  0 25 49.530 1.0   1
   399980  37.288672 -121.669645     3.153       55.0     -184.6     -495.4     12.8     12.7     31.0 1994  4  6  4 11 34.960 1.4   1
 30062741  37.288550 -121.668514     3.177      154.8     -198.2     -471.5      5.8      7.7     17.1 1994 11 16 16 50 58.150 2.0   1
 30062748  37.288940 -121.668840     3.178      126.2     -155.0     -470.4      6.8      9.6     20.2 1994 11 16 18  3 42.360 1.3   1
 30069218  37.288082 -121.667611     3.167      235.3     -250.3     -481.3      6.3      6.6     18.7 1995  3  3  9 38 49.200 1.2   1
 30069222  37.288000 -121.667676     3.161      229.8     -259.4     -487.6      6.1      5.7     16.3 1995  3  3 12 30 15.850 1.8   1
 30069457  37.287887 -121.667749     3.158      222.6     -271.8     -490.2      6.3      6.6     17.4 1995  3  7 13 19 41.960 1.3   1
 30092060  37.288086 -121.668018     3.115      199.2     -249.9     -533.0      5.7      5.5     16.0 1995 12 15 18 53 39.820 1.8   1
