    17842  37.287944 -121.667985     3.136      202.0     -265.3     -512.4      6.1      6.1     16.9 1984  4 25  4 35 19.170 1.9   1
    16751  37.290173 -121.669938     3.153       28.7      -17.9     -495.0     10.1     10.2     25.2 1984  4 27  7 48 23.500 1.0   1
    21644  37.289648 -121.669434     3.177       73.3      -76.2     -471.4      8.0      7.8     19.9 1984  6 27 14 50 38.140 1.6   1
    22271  37.290129 -121.669417     3.110       75.1      -23.2     -538.4     36.1     34.7     52.9 1984  7  7  0 17  9.970 2.7   1
    23190  37.288395 -121.668555     3.085      151.2     -215.5     -563.6      5.4      6.3     11.2 1984  7 17 16 24 49.440 1.9   1
    25096  37.288236 -121.669816     3.139       39.9     -232.8     -509.5     10.2     13.0     31.1 1984  8  7  9  7  6.330 1.2   1
    28475  37.290405 -121.670540     3.269      -24.6        7.6     -379.6     10.0      8.6     29.1 1984  9 23  8 43 14.720 1.1   1
    32049  37.287891 -121.668099     3.088      191.7     -271.2     -560.1      5.2      4.5     10.6 1984 11 18  0 28 55.240 1.7   1
    35109  37.289608 -121.669425     3.168       74.7      -81.0     -480.3      9.1      7.3     23.7 1984 12 22  4 43 44.710 1.6   1
    42349  37.288000 -121.668164     3.179      186.5     -259.3     -469.6      8.7      9.0     28.5 1985  2 28  1  9 58.300 0.8   1
    42555  37.287785 -121.667887     3.088      210.5     -283.2     -560.4      5.7      5.1     12.6 1985  3  2  6 53 56.010 1.7   1
    42559  37.288468 -121.668498     3.074      156.9     -207.3     -574.6      6.0      5.1     12.5 1985  3  2  8 55  3.470 1.9   1
    42643  37.288139 -121.668278     3.067      176.0     -243.8     -580.8      5.5      4.9     12.0 1985  3  2  8 55 29.590 2.1   1
    42560  37.288904 -121.669132     3.160      100.5     -158.8     -488.4      7.6      7.9     23.6 1985  3  2  8 58  0.480 1.2   1
    49626  37.290373 -121.670312     3.234       -4.5        3.9     -414.1      9.7      8.6     25.5 1985  6 15  1 38 57.380 0.9   1
    54084  37.288562 -121.668555     3.143      151.7     -197.0     -505.7      6.4      6.1     15.7 1985  8 28 20 35 10.100 1.6   1
    57770  37.288241 -121.669889     3.178       33.4     -232.6     -470.3     11.2     13.4     32.2 1985 10 28  3 55 38.130 1.3   1
    62514  37.287956 -121.668197     3.139      183.6     -264.1     -509.4      5.8      5.6     15.3 1985 12 31 15 50 52.230 1.7   1
    62520  37.287899 -121.667993     3.150      201.6     -270.3     -498.7      5.9      5.8     15.9 1985 12 31 18  3  3.480 1.6   1
    67820  37.289567 -121.669246     3.110       90.0      -85.3     -538.6      8.6      7.3     21.3 1986  3  8 10 32  4.410 1.6   1
    73786  37.287504 -121.669312     3.264       84.2     -314.1     -384.1     29.1     38.0    105.6 1986  6  1 10 51 31.460 1.2   1
    77218  37.288509 -121.668465     3.051      159.8     -202.7     -596.7      6.5      5.2     16.1 1986  7 25  9 22 50.290 2.3   1
    81017  37.290279 -121.670190     3.143        6.6       -6.2     -505.1      9.6     11.4     32.5 1986  9  2  7 24 15.870 0.8   1
    82606  37.289901 -121.670101     3.180       14.6      -48.2     -468.6     33.9     36.9     78.5 1986  9 15 20 17 49.920 2.7   1
    83805  37.289612 -121.669263     3.086       88.5      -80.2     -561.9      7.7      7.1     19.3 1986  9 25 12  1 52.830 1.4   1
    88698  37.290332 -121.670158     3.178        9.6       -0.4     -469.9      9.3      8.2     22.2 1986 11 25 13  0 35.660 1.0   1
   101361  37.288521 -121.668327     3.013      171.7     -201.3     -634.9      5.5      5.1     12.5 1987  6  3  6 56  7.740 1.9   1
   101362  37.287927 -121.667863     3.010      212.6     -267.2     -637.9      5.5      4.6     12.5 1987  6  3  6 58 51.320 1.7   1
   102776  37.290299 -121.670109     3.145       13.9       -3.9     -503.6      9.3      8.6     24.8 1987  7  7  1 44 26.990 1.0   1
   103138  37.288200 -121.668148     3.016      188.0     -237.0     -632.2      5.3      4.6     12.2 1987  7 14 19  2 57.020 1.7   1
   110939  37.288261 -121.669613     3.070       58.0     -230.4     -577.9     10.5     13.2     33.5 1988  1 15  1 56 42.310 1.4   1
   112868  37.290324 -121.669995     3.136       24.1       -1.5     -512.3      9.2      7.6     21.2 1988  2 25 10  0 17.780 0.9   1
   120788  37.289669 -121.669352     3.157       80.7      -74.0     -491.6     11.2      7.9     29.7 1988  7 23 10 42 21.740 1.5   1
   126189  37.288554 -121.668742     3.135      134.8     -198.0     -513.5      7.2      6.3     20.5 1988 11  2  3  9 12.610 1.9   1
   126292  37.287870 -121.668026     3.032      198.3     -273.9     -616.5      5.3      4.5     11.4 1988 11  3  1 30  4.280 1.7   1
   126389  37.287830 -121.667912     3.044      208.3     -278.1     -603.8      5.6      4.9     12.3 1988 11  4 13 34 34.720 1.9   1
   148939  37.287960 -121.667969     3.082      203.9     -263.8     -566.4      5.9      5.4     14.9 1989 12 13  5 33 46.080 1.6   1
   158154  37.290361 -121.670117     3.187       12.7        2.7     -460.8      9.0      8.2     22.1 1990  5 23 11 11 37.580 1.0   1
   160503  37.288521 -121.668490     3.124      157.0     -201.4     -524.6      5.6      8.0     16.4 1990  7  5 20  4 42.800 1.7   1
   208364  37.290304 -121.670003     3.155       23.2       -3.8     -493.0      9.3      7.8     23.1 1991  3 22 11 23 27.560 1.0   1
   215747  37.288070 -121.667993     3.130      201.4     -251.7     -518.6      5.3      4.5     10.9 1991  5 29  9 45 22.620 1.8   1
   227435  37.288338 -121.669767     3.203       44.2     -221.6     -444.8     10.4     13.3     29.7 1991  8 10 17  6  5.760 1.2   1
   238704  37.288619 -121.668604     3.122      147.2     -190.7     -526.6      6.1      6.5     16.8 1991 12  3  5 24 24.980 2.0   1
   238790  37.288257 -121.668254     3.138      178.1     -230.8     -510.2      5.2      4.5     11.0 1991 12  4  0  8 49.550 1.9   1
   261841  37.290287 -121.669995     3.166       24.1       -5.3     -482.3      9.8      7.8     25.7 1992  4  6  9 39 49.410 0.9   1
   312743  37.289583 -121.669328     3.144       82.7      -83.4     -503.8      8.0      7.2     19.5 1992  8 29 17  4 29.020 1.6   1
   314921  37.287976 -121.667725     3.145      225.1     -262.1     -503.7      6.4      9.1     30.4 1992  9 11  1 22 13.650 1.1   1
   331552  37.290308 -121.670101     3.169       14.7       -3.4     -479.0      9.0      7.8     23.4 1993  1  9 17 48 38.720 1.0   1
   331635  37.290059 -121.670011     3.122       22.6      -30.9     -525.9      9.6      7.7     24.3 1993  1 10 22 13  9.440 1.2   1
 30036393  37.290397 -121.670158     3.205        9.3        6.8     -443.3      9.0      8.6     23.2 1993 12  1  0 25 49.530 1.0   1
   399980  37.288399 -121.669588     3.210       59.6     -215.0     -437.8     10.3     13.0     29.9 1994  4  6  4 11 34.960 1.4   1
 30062741  37.288619 -121.668506     3.186      156.0     -190.6     -462.3      5.8      7.7     17.2 1994 11 16 16 50 58.150 2.0   1
 30062748  37.289018 -121.668840     3.188      126.0     -146.4     -460.4      6.8      9.7     20.2 1994 11 16 18  3 42.360 1.3   1
 30069218  37.288143 -121.667594     3.173      236.9     -243.4     -474.9      6.3      6.7     18.7 1995  3  3  9 38 49.200 1.2   1
 30069222  37.288057 -121.667651     3.167      231.3     -252.7     -481.6      6.1      5.8     16.4 1995  3  3 12 30 15.850 1.8   1
 30069457  37.287952 -121.667733     3.166      224.4     -264.8     -482.7      6.2      6.7     17.5 1995  3  7 13 19 41.960 1.3   1
 30092060  37.288147 -121.668009     3.123      200.2     -243.0     -525.4      5.7      5.6     16.0 1995 12 15 18 53 39.820 1.8   1
