    17842  37.287919 -121.667684     3.060      229.1     -268.3     -587.9     67.5     52.3     13.0 1984  4 25  4 35 19.170 1.9   1
    16751  37.289941 -121.669572     3.005       61.1      -43.6     -643.6     67.8     53.4     22.0 1984  4 27  7 48 23.500 1.0   1
    21644  37.289469 -121.669059     3.034      107.2      -96.4     -614.5     67.6     53.0     19.3 1984  6 27 14 50 38.140 1.6   1
    22271  37.290055 -121.677645     5.745     -654.4      -31.0     2096.8   1890.9   1475.8    718.2 1984  7  7  0 17  9.970 2.7   1
    23190  37.288456 -121.668319     3.029      172.5     -208.6     -619.0     67.5     52.5     12.4 1984  7 17 16 24 49.440 1.9   1
    25096  37.288546 -121.669987     3.151       24.4     -198.7     -497.3     69.0     54.5     43.8 1984  8  7  9  7  6.330 1.2   1
    28475  37.290194 -121.670296     3.173       -2.6      -15.8     -475.0     68.8     53.6     43.4 1984  9 23  8 43 14.720 1.1   1
    32049  37.287944 -121.667871     3.041      212.1     -265.6     -607.1     67.5     52.2     11.7 1984 11 18  0 28 55.240 1.7   1
    35109  37.289449 -121.669019     3.013      110.7      -98.6     -635.0     67.6     53.0     20.7 1984 12 22  4 43 44.710 1.6   1
    42349  37.287907 -121.667725     3.030      225.2     -269.4     -617.8     67.6     52.4     18.6 1985  2 28  1  9 58.300 0.8   1
    42555  37.287834 -121.667643     3.047      232.3     -277.5     -601.2     67.5     52.2     12.6 1985  3  2  6 53 56.010 1.7   1
    42559  37.288534 -121.668245     3.019      178.8     -199.8     -628.7     67.5     52.4     13.1 1985  3  2  8 55  3.470 1.9   1
    42643  37.288204 -121.668034     3.021      197.8     -236.4     -627.1     67.5     52.3     12.5 1985  3  2  8 55 29.590 2.1   1
    42560  37.289087 -121.669360     3.236       79.8     -138.7     -412.5     71.0     62.6     69.8 1985  3  2  8 58  0.480 1.2   1
    49626  37.290080 -121.669784     3.030       42.9      -28.2     -617.8     67.7     53.3     23.2 1985  6 15  1 38 57.380 0.9   1
    54084  37.288534 -121.668237     3.056      179.4     -200.3     -592.2     67.5     52.4     12.5 1985  8 28 20 35 10.100 1.6   1
    57770  37.288505 -121.669963     3.133       26.8     -203.3     -514.9     69.0     54.4     39.8 1985 10 28  3 55 38.130 1.3   1
    62514  37.287948 -121.667896     3.060      210.0     -265.0     -588.3     67.5     52.2     12.0 1985 12 31 15 50 52.230 1.7   1
    62520  37.287862 -121.667684     3.068      228.9     -274.5     -579.8     67.5     52.2     12.4 1985 12 31 18  3  3.480 1.6   1
    67820  37.289482 -121.668945     2.997      116.6      -94.8     -651.1     67.6     53.0     19.7 1986  3  8 10 32  4.410 1.6   1
    73786  37.287964 -121.669417     3.212       75.3     -263.3     -436.4     81.2     67.3    144.5 1986  6  1 10 51 31.460 1.2   1
    77218  37.288570 -121.668205     2.998      182.3     -196.1     -650.3     67.5     52.4     14.9 1986  7 25  9 22 50.290 2.3   1
    81017  37.290068 -121.669694     2.968       50.4      -30.0     -679.9     67.7     53.3     22.9 1986  9  2  7 24 15.870 0.8   1
    82606  37.290206 -121.677531     5.538     -644.1      -14.4     1889.9   1864.8   1441.4    757.1 1986  9 15 20 17 49.920 2.7   1
    83805  37.289555 -121.668962     2.973      115.2      -86.5     -674.9     67.6     53.0     19.1 1986  9 25 12  1 52.830 1.4   1
    88698  37.290080 -121.669621     2.969       57.0      -28.2     -678.9     67.7     53.3     21.6 1986 11 25 13  0 35.660 1.0   1
   101361  37.288590 -121.668083     2.967      193.2     -193.8     -681.3     67.5     52.4     13.5 1987  6  3  6 56  7.740 1.9   1
   101362  37.287996 -121.667635     2.971      233.3     -259.6     -677.0     67.5     52.3     13.1 1987  6  3  6 58 51.320 1.7   1
   102776  37.290076 -121.669629     2.960       56.5      -29.0     -688.7     67.7     53.3     22.4 1987  7  7  1 44 26.990 1.0   1
   103138  37.288265 -121.667912     2.974      208.9     -229.9     -674.3     67.5     52.3     13.0 1987  7 14 19  2 57.020 1.7   1
   110939  37.288456 -121.669466     2.943       70.9     -208.7     -705.2     68.3     53.9     26.6 1988  1 15  1 56 42.310 1.4   1
   112868  37.290108 -121.669539     2.942       64.1      -25.3     -706.6     67.7     53.3     21.8 1988  2 25 10  0 17.780 0.9   1
   120788  37.289522 -121.668913     2.995      119.7      -90.5     -653.3     67.7     53.0     22.7 1988  7 23 10 42 21.740 1.5   1
   126189  37.288521 -121.668270     2.981      176.5     -201.5     -667.6     67.5     52.4     14.3 1988 11  2  3  9 12.610 1.9   1
   126292  37.287931 -121.667798     2.990      218.9     -266.8     -658.2     67.5     52.2     12.3 1988 11  3  1 30  4.280 1.7   1
   126389  37.287874 -121.667651     2.998      231.7     -273.1     -650.7     67.5     52.2     12.7 1988 11  4 13 34 34.720 1.9   1
   148939  37.288094 -121.667773     3.095      220.5     -248.6     -553.6     67.5     52.3     12.1 1989 12 13  5 33 46.080 1.6   1
   158154  37.290120 -121.669694     3.073       50.3      -24.0     -575.6     67.6     53.3     20.6 1990  5 23 11 11 37.580 1.0   1
   160503  37.288546 -121.668221     3.091      180.9     -198.9     -556.8     67.5     52.5     12.5 1990  7  5 20  4 42.800 1.7   1
   208364  37.290096 -121.669604     3.044       58.2      -26.8     -603.9     67.7     53.3     21.3 1991  3 22 11 23 27.560 1.0   1
   215747  37.288127 -121.667725     3.087      224.9     -245.3     -561.6     67.5     52.3     11.7 1991  5 29  9 45 22.620 1.8   1
   227435  37.288428 -121.669515     3.041       66.7     -211.6     -607.2     68.6     54.2     34.1 1991  8 10 17  6  5.760 1.2   1
   238704  37.288672 -121.668335     3.086      171.3     -184.5     -561.9     67.5     52.4     12.6 1991 12  3  5 24 24.980 2.0   1
   238790  37.288310 -121.667993     3.094      201.4     -224.7     -554.5     67.5     52.3     11.8 1991 12  4  0  8 49.550 1.9   1
   261841  37.290076 -121.669572     3.052       61.0      -28.9     -596.6     67.7     53.3     22.2 1992  4  6  9 39 49.410 0.9   1
   312743  37.289490 -121.668986     3.082      113.0      -94.0     -566.7     67.6     53.0     18.4 1992  8 29 17  4 29.020 1.6   1
   314921  37.287976 -121.667472     3.109      247.8     -261.8     -539.4     67.5     52.3     14.3 1992  9 11  1 22 13.650 1.1   1
   331552  37.290084 -121.669694     3.044       50.7      -28.1     -604.3     67.6     53.2     20.9 1993  1  9 17 48 38.720 1.0   1
   331635  37.289897 -121.669653     3.030       54.3      -48.9     -618.1     67.7     53.2     22.0 1993  1 10 22 13  9.440 1.2   1
 30036393  37.290137 -121.669751     3.091       45.7      -21.9     -556.8     67.7     53.3     20.8 1993 12  1  0 25 49.530 1.0   1
   399980  37.288603 -121.669409     3.093       75.4     -192.2     -555.7     68.7     54.2     32.8 1994  4  6  4 11 34.960 1.4   1
 30062741  37.288615 -121.668205     3.134      182.2     -191.1     -514.5     67.6     52.6     16.2 1994 11 16 16 50 58.150 2.0   1
 30062748  37.288908 -121.668547     3.120      152.2     -158.4     -527.8     67.7     53.0     19.1 1994 11 16 18  3 42.360 1.3   1
 30069218  37.288139 -121.667334     3.130      259.7     -244.0     -518.1     67.6     52.5     16.3 1995  3  3  9 38 49.200 1.2   1
 30069222  37.288049 -121.667358     3.124      257.5     -253.7     -524.1     67.6     52.5     14.7 1995  3  3 12 30 15.850 1.8   1
 30069457  37.287956 -121.667464     3.124      248.0     -264.1     -524.1     67.5     52.5     15.8 1995  3  7 13 19 41.960 1.3   1
 30092060  37.288212 -121.667749     3.097      222.6     -235.9     -551.0     67.5     52.3     11.8 1995 12 15 18 53 39.820 1.8   1
