    17842  37.287756 -121.667578     3.125      237.9     -286.2     -522.9     38.6     28.9     16.5 1984  4 25  4 35 19.170 1.9   1
    16751  37.288603 -121.672591     2.945     -206.7     -192.3     -702.9     40.0     29.5     23.2 1984  4 27  7 48 23.500 1.0   1
    21644  37.289213 -121.670076     3.177       16.9     -124.5     -471.2     38.7     28.4     15.8 1984  6 27 14 50 38.140 1.6   1
    22271  37.289111 -121.670207     3.123        5.1     -135.9     -525.1     39.0     35.5     16.8 1984  7  7  0 17  9.970 2.7   1
    23190  37.289827 -121.668465     3.048      159.5      -56.6     -600.0     39.4     36.7     18.7 1984  7 17 16 24 49.440 1.9   1
    25096  37.289058 -121.669165     2.873       97.3     -141.6     -774.8     38.9     29.9     19.1 1984  8  7  9  7  6.330 1.2   1
    28475  37.290108 -121.669930     3.008       29.6      -25.1     -640.4     41.0     33.2     30.4 1984  9 23  8 43 14.720 1.1   1
    32049  37.287028 -121.667985     3.105      201.9     -367.1     -543.7     38.4     28.1     16.6 1984 11 18  0 28 55.240 1.7   1
    35109  37.289482 -121.669287     3.052       86.6      -94.8     -596.1     38.3     27.8     15.9 1984 12 22  4 43 44.710 1.6   1
    42349  37.286727 -121.666781     3.364      308.8     -400.6     -283.8     44.4     30.0     16.3 1985  2 28  1  9 58.300 0.8   1
    42555  37.287789 -121.667635     3.121      233.3     -282.8     -527.3     38.1     27.9     14.5 1985  3  2  6 53 56.010 1.7   1
    42559  37.288212 -121.668457     3.071      159.9     -235.5     -576.8     37.8     27.4     13.5 1985  3  2  8 55  3.470 1.9   1
    42643  37.287577 -121.668205     3.043      182.2     -306.3     -605.3     38.1     27.8     15.5 1985  3  2  8 55 29.590 2.1   1
    42560  37.288603 -121.669564     3.164       62.3     -192.4     -484.5     38.3     27.9     14.2 1985  3  2  8 58  0.480 1.2   1
    49626  37.289661 -121.671305     3.286      -92.6      -74.8     -362.4     40.8     30.7     22.4 1985  6 15  1 38 57.380 0.9   1
    54084  37.288578 -121.668213     3.105      182.2     -195.2     -543.1     38.1     27.8     13.9 1985  8 28 20 35 10.100 1.6   1
    57770  37.289229 -121.670101     2.948       14.2     -122.9     -700.4     39.7     29.4     19.8 1985 10 28  3 55 38.130 1.3   1
    62514  37.287854 -121.667741     3.130      224.0     -275.7     -518.5     38.7     29.2     16.1 1985 12 31 15 50 52.230 1.7   1
    62520  37.287817 -121.667757     3.151      222.1     -279.7     -497.6     38.6     30.2     18.1 1985 12 31 18  3  3.480 1.6   1
    67820  37.289290 -121.670207     3.051        4.7     -116.1     -597.5     40.9     29.8     26.3 1986  3  8 10 32  4.410 1.6   1
    73786  37.288082 -121.668042     2.877      197.2     -250.2     -771.0     38.8     30.2     20.3 1986  6  1 10 51 31.460 1.2   1
    77218  37.288424 -121.668156     3.038      187.3     -212.2     -610.0     38.7     28.1     17.7 1986  7 25  9 22 50.290 2.3   1
    77296  37.301156 -121.692716    12.314    -1990.6     1200.7     8665.8   1479.6   1142.6   3232.8 1986  7 25 16  1 52.100 1.1   1
    81017  37.291960 -121.670190     3.159        6.4      180.2     -489.5     39.7     37.6     18.4 1986  9  2  7 24 15.870 0.8   1
    82606  37.290157 -121.669621     3.159       56.7      -19.9     -489.0     38.9     28.7     17.8 1986  9 15 20 17 49.920 2.7   1
    83805  37.289530 -121.669409     3.124       76.0      -89.5     -524.3     38.2     27.8     14.2 1986  9 25 12  1 52.830 1.4   1
    88698  37.290177 -121.670321     3.794       -4.7      -17.6      145.3     41.7     32.6     25.0 1986 11 25 13  0 35.660 1.0   1
   101361  37.288688 -121.668034     3.136      197.5     -182.7     -512.6     38.9     28.7     17.9 1987  6  3  6 56  7.740 1.9   1
   101362  37.288017 -121.667708     3.042      226.5     -257.6     -606.6     38.9     28.3     19.0 1987  6  3  6 58 51.320 1.7   1
   102776  37.290422 -121.670654     3.190      -34.9        9.3     -457.9     59.3     55.0     62.0 1987  7  7  1 44 26.990 1.0   1
   103138  37.288106 -121.668115     3.035      190.8     -247.5     -613.3     38.5     28.0     18.3 1987  7 14 19  2 57.020 1.7   1
   110939  37.289351 -121.669368     2.878       79.6     -109.3     -770.6     39.1     28.7     20.9 1988  1 15  1 56 42.310 1.4   1
   112868  37.291435 -121.670028     3.779       20.7      121.8      131.2     39.8     30.8     16.0 1988  2 25 10  0 17.780 0.9   1
   120788  37.289221 -121.669499     3.119       68.1     -123.7     -529.3     38.9     28.3     16.8 1988  7 23 10 42 21.740 1.5   1
   126189  37.288029 -121.668864     3.144      124.0     -255.9     -504.7     38.5     28.2     16.2 1988 11  2  3  9 12.610 1.9   1
   126292  37.288379 -121.667619     2.996      234.6     -217.2     -652.2     38.2     28.1     15.5 1988 11  3  1 30  4.280 1.7   1
   126389  37.287447 -121.668245     3.131      178.7     -320.8     -517.4     38.3     28.3     16.4 1988 11  4 13 34 34.720 1.9   1
   148939  37.288053 -121.667505     3.107      244.4     -253.2     -540.9     38.9     29.4     20.3 1989 12 13  5 33 46.080 1.6   1
   158154  37.290255 -121.670597     3.274      -29.6       -9.1     -374.4     39.0     29.8     19.6 1990  5 23 11 11 37.580 1.0   1
   160503  37.288570 -121.668490     3.175      157.5     -196.1     -473.6     38.1     28.2     13.4 1990  7  5 20  4 42.800 1.7   1
   205031  37.300448 -121.693107    12.428    -2025.6     1122.1     8779.3   1593.8    947.2   3099.8 1991  1 20  5  0 30.930 1.2   1
   208364  37.290804 -121.670052     3.210       18.9       51.8     -437.8     40.1     29.7     19.9 1991  3 22 11 23 27.560 1.0   1
   215747  37.287565 -121.667757     3.109      222.4     -307.4     -539.0     38.3     28.7     15.5 1991  5 29  9 45 22.620 1.8   1
   227435  37.288468 -121.669686     3.048       51.5     -207.2     -600.6     38.8     29.2     15.9 1991  8 10 17  6  5.760 1.2   1
   238704  37.288611 -121.668058     3.132      195.9     -191.6     -516.7     38.0     27.7     13.4 1991 12  3  5 24 24.980 2.0   1
   238790  37.288236 -121.668018     3.165      199.1     -232.9     -483.0     38.1     28.0     14.5 1991 12  4  0  8 49.550 1.9   1
   261841  37.290523 -121.669588     3.188       59.7       20.8     -460.7     39.8     31.4     27.8 1992  4  6  9 39 49.410 0.9   1
   312743  37.289315 -121.669743     3.214       46.0     -113.2     -434.5     38.9     29.6     16.8 1992  8 29 17  4 29.020 1.6   1
   314921  37.286267 -121.667594     3.231      236.9     -451.6     -417.5     38.7     28.7     19.2 1992  9 11  1 22 13.650 1.1   1
   331552  37.290788 -121.670565     3.251      -26.4       50.0     -397.3     40.6     30.3     25.4 1993  1  9 17 48 38.720 1.0   1
   331635  37.289388 -121.671102     3.119      -74.1     -105.3     -528.9     40.5     29.3     16.9 1993  1 10 22 13  9.440 1.2   1
   352620  37.299780 -121.673413     9.549     -279.2     1048.3     5901.0    953.7    875.0   2749.7 1993  6  8  9 15  1.380 0.8   1
 30036393  37.290686 -121.669800     3.322       40.8       39.0     -325.8     40.4     30.5     25.9 1993 12  1  0 25 49.530 1.0   1
   389286  37.290914 -121.668368     5.635      167.8       64.0     1986.4    552.7    397.7    898.6 1993 12 20 22 35  7.800 1.8   1
   399980  37.288875 -121.669222     3.004       92.3     -162.2     -644.4     38.4     28.3     15.9 1994  4  6  4 11 34.960 1.4   1
 30062741  37.288725 -121.668758     2.993      133.3     -178.7     -654.9     38.3     27.6     15.9 1994 11 16 16 50 58.150 2.0   1
 30062748  37.288672 -121.668620     3.174      146.1     -184.6     -474.7     40.2     30.3     16.0 1994 11 16 18  3 42.360 1.3   1
 30069218  37.287488 -121.667684     3.284      228.7     -316.0     -364.5     38.9     30.3     18.5 1995  3  3  9 38 49.200 1.2   1
 30069222  37.288005 -121.667684     3.165      228.6     -258.6     -483.2     38.7     29.2     16.7 1995  3  3 12 30 15.850 1.8   1
 30069457  37.288757 -121.667684     3.005      228.5     -175.4     -642.9     41.0     29.8     22.1 1995  3  7 13 19 41.960 1.3   1
 30073191  37.294637 -121.673079     6.349     -250.0      477.2     2700.4   1520.2    805.3   1487.3 1995  5 14 11 18 47.000 1.0   1
 30092060  37.288135 -121.667863     3.062      213.0     -244.4     -586.5     38.4     28.6     16.5 1995 12 15 18 53 39.820 1.8   1
