    17842  37.287805 -121.667961     3.078      204.5     -281.1     -570.5     18.4     18.7     11.3 1984  4 25  4 35 19.170 1.9   1
    16751  37.289876 -121.669759     3.048       44.9      -51.1     -599.8     19.7     19.7     17.1 1984  4 27  7 48 23.500 1.0   1
    21644  37.289457 -121.669360     3.111       79.9      -97.4     -537.5     19.3     19.6     18.2 1984  6 27 14 50 38.140 1.6   1
    22271  37.292700 -121.670288     4.982       -2.3      262.5     1333.5    487.7    512.0    289.7 1984  7  7  0 17  9.970 2.7   1
    23190  37.288334 -121.668587     3.048      148.3     -222.3     -600.4     18.3     18.9     10.4 1984  7 17 16 24 49.440 1.9   1
    25096  37.288481 -121.670190     3.162        6.6     -206.1     -486.0     22.9     23.3     41.8 1984  8  7  9  7  6.330 1.2   1
    28475  37.290137 -121.670573     3.212      -27.6      -22.3     -436.0     21.4     20.4     34.3 1984  9 23  8 43 14.720 1.1   1
    32049  37.287826 -121.668140     3.057      188.4     -278.8     -591.1     18.3     18.6      9.7 1984 11 18  0 28 55.240 1.7   1
    35109  37.289376 -121.669255     3.055       89.6     -106.5     -593.5     19.2     19.2     16.9 1984 12 22  4 43 44.710 1.6   1
    42349  37.287931 -121.668132     3.127      188.9     -267.0     -521.7     19.1     19.6     24.1 1985  2 28  1  9 58.300 0.8   1
    42555  37.287716 -121.667904     3.063      209.0     -290.8     -585.5     18.4     18.7     10.9 1985  3  2  6 53 56.010 1.7   1
    42559  37.288411 -121.668514     3.038      155.0     -213.5     -610.2     18.4     18.7     11.1 1985  3  2  8 55  3.470 1.9   1
    42643  37.288082 -121.668302     3.036      174.1     -250.2     -611.8     18.3     18.7     10.6 1985  3  2  8 55 29.590 2.1   1
    42560  37.288969 -121.669621     3.257       57.0     -151.6     -391.1     23.3     23.0     49.0 1985  3  2  8 58  0.480 1.2   1
    49626  37.290072 -121.670199     3.127        6.1      -29.2     -521.2     19.6     19.8     20.9 1985  6 15  1 38 57.380 0.9   1
    54084  37.288411 -121.668506     3.077      155.6     -213.7     -571.4     18.4     18.7     10.6 1985  8 28 20 35 10.100 1.6   1
    57770  37.288436 -121.670158     3.143        9.3     -210.8     -505.2     23.1     23.1     38.6 1985 10 28  3 55 38.130 1.3   1
    62514  37.287830 -121.668156     3.075      186.6     -278.3     -573.0     18.3     18.6     10.1 1985 12 31 15 50 52.230 1.7   1
    62520  37.287748 -121.667961     3.089      204.3     -287.1     -559.2     18.4     18.7     10.7 1985 12 31 18  3  3.480 1.6   1
    67820  37.289408 -121.669198     3.038       94.7     -102.8     -610.5     19.1     19.2     15.7 1986  3  8 10 32  4.410 1.6   1
    73786  37.287878 -121.669572     3.203       61.7     -272.7     -445.1     50.8     52.7    161.8 1986  6  1 10 51 31.460 1.2   1
    77218  37.288448 -121.668473     3.015      158.7     -209.6     -633.5     18.5     18.7     13.4 1986  7 25  9 22 50.290 2.3   1
    81017  37.289962 -121.669987     2.996       24.2      -41.7     -652.6     19.4     19.6     16.7 1986  9  2  7 24 15.870 0.8   1
    82606  37.292753 -121.670076     4.784       16.3      268.0     1135.3    486.8    503.9    310.0 1986  9 15 20 17 49.920 2.7   1
    83805  37.289482 -121.669214     3.011       93.4      -94.8     -637.1     18.9     19.2     14.2 1986  9 25 12  1 52.830 1.4   1
    88698  37.289986 -121.669897     2.999       32.1      -38.8     -649.0     19.2     19.5     15.3 1986 11 25 13  0 35.660 1.0   1
   101361  37.288464 -121.668351     2.984      169.5     -207.9     -664.6     18.4     18.8     11.7 1987  6  3  6 56  7.740 1.9   1
   101362  37.287870 -121.667896     2.987      210.0     -273.7     -661.5     18.4     18.7     11.3 1987  6  3  6 58 51.320 1.7   1
   102776  37.289978 -121.669906     2.987       31.4      -39.7     -660.8     19.3     19.6     16.3 1987  7  7  1 44 26.990 1.0   1
   103138  37.288139 -121.668172     2.990      185.5     -243.9     -658.3     18.3     18.7     11.1 1987  7 14 19  2 57.020 1.7   1
   110939  37.288375 -121.669661     2.949       53.7     -217.5     -699.7     21.6     21.9     25.7 1988  1 15  1 56 42.310 1.4   1
   112868  37.290019 -121.669824     2.974       38.9      -35.1     -674.3     19.2     19.5     15.3 1988  2 25 10  0 17.780 0.9   1
   120788  37.289445 -121.669149     3.032       99.1      -98.9     -616.4     19.3     19.2     18.0 1988  7 23 10 42 21.740 1.5   1
   126189  37.288395 -121.668547     2.998      152.5     -215.5     -650.2     18.5     18.7     12.6 1988 11  2  3  9 12.610 1.9   1
   126292  37.287809 -121.668058     3.005      195.3     -280.3     -642.7     18.3     18.6     10.4 1988 11  3  1 30  4.280 1.7   1
   126389  37.287756 -121.667920     3.014      207.6     -286.3     -633.9     18.4     18.7     10.9 1988 11  4 13 34 34.720 1.9   1
   148939  37.287972 -121.668042     3.109      196.7     -262.5     -539.5     18.4     18.7     10.2 1989 12 13  5 33 46.080 1.6   1
   158154  37.290055 -121.669995     3.111       23.6      -31.1     -536.9     19.1     19.4     13.7 1990  5 23 11 11 37.580 1.0   1
   160503  37.288436 -121.668498     3.111      156.3     -211.1     -537.5     18.3     18.9     10.3 1990  7  5 20  4 42.800 1.7   1
   208364  37.290047 -121.669922     3.091       30.2      -32.2     -557.3     19.2     19.4     14.1 1991  3 22 11 23 27.560 1.0   1
   215747  37.287996 -121.667993     3.100      201.3     -259.7     -548.2     18.3     18.6      9.8 1991  5 29  9 45 22.620 1.8   1
   227435  37.288363 -121.669710     3.048       48.9     -219.2     -600.3     22.1     22.4     33.0 1991  8 10 17  6  5.760 1.2   1
   238704  37.288554 -121.668612     3.104      146.7     -197.7     -544.5     18.4     18.7     10.5 1991 12  3  5 24 24.980 2.0   1
   238790  37.288184 -121.668254     3.106      178.1     -238.9     -541.8     18.3     18.6      9.8 1991 12  4  0  8 49.550 1.9   1
   261841  37.290019 -121.669889     3.095       33.5      -35.4     -553.6     19.3     19.4     15.7 1992  4  6  9 39 49.410 0.9   1
   312743  37.289421 -121.669255     3.120       89.5     -101.8     -528.6     18.9     19.2     14.0 1992  8 29 17  4 29.020 1.6   1
   314921  37.287866 -121.667741     3.127      223.6     -274.0     -521.3     18.5     18.8     12.5 1992  9 11  1 22 13.650 1.1   1
   331552  37.290019 -121.669995     3.083       23.6      -35.2     -564.8     19.2     19.4     13.9 1993  1  9 17 48 38.720 1.0   1
   331635  37.289844 -121.670020     3.078       21.8      -54.8     -570.3     19.4     19.4     15.8 1993  1 10 22 13  9.440 1.2   1
 30036393  37.290080 -121.670028     3.108       20.9      -28.5     -540.5     19.3     19.8     18.0 1993 12  1  0 25 49.530 1.0   1
   399980  37.288534 -121.669613     3.099       57.6     -200.2     -548.9     22.1     22.2     31.3 1994  4  6  4 11 34.960 1.4   1
 30062741  37.288505 -121.668490     3.151      157.4     -203.3     -497.5     18.4     19.3     14.7 1994 11 16 16 50 58.150 2.0   1
 30062748  37.288835 -121.668823     3.143      127.6     -166.7     -505.0     18.6     20.0     17.7 1994 11 16 18  3 42.360 1.3   1
 30069218  37.288033 -121.667603     3.144      236.0     -255.7     -504.5     18.5     19.1     15.2 1995  3  3  9 38 49.200 1.2   1
 30069222  37.287939 -121.667635     3.137      233.4     -266.1     -510.8     18.5     18.9     13.4 1995  3  3 12 30 15.850 1.8   1
 30069457  37.287850 -121.667733     3.138      224.1     -275.7     -509.8     18.5     19.1     14.6 1995  3  7 13 19 41.960 1.3   1
 30092060  37.288078 -121.668018     3.108      199.0     -250.8     -540.2     18.3     18.7      9.8 1995 12 15 18 53 39.820 1.8   1
