    17842  37.288359 -121.667716     3.614      225.8     -219.5      -33.8    195.2    202.7     69.2 1984  4 25  4 35 19.170 1.9   1
    16751  37.289201 -121.674007     3.612     -331.9     -126.0      -36.6    203.6    201.3    108.1 1984  4 27  7 48 23.500 1.0   1
    21644  37.290063 -121.670158     3.695        9.2      -30.0       47.2    195.4    198.4     74.1 1984  6 27 14 50 38.140 1.6   1
    22271  37.289697 -121.670703     3.632      -39.0      -71.0      -16.5    197.9    228.9     71.2 1984  7  7  0 17  9.970 2.7   1
    22280  37.312423 -121.672583     4.456     -205.5     2451.4      807.5   3725.2   7828.2  11783.9 1984  7  7  2 35  4.060 1.5   1
    23190  37.289876 -121.668083     3.502      193.3      -50.8     -146.5    196.6    228.1     74.1 1984  7 17 16 24 49.440 1.9   1
    25096  37.289469 -121.669149     3.395       98.6      -96.1     -253.0    195.5    202.1     82.8 1984  8  7  9  7  6.330 1.2   1
    28475  37.290430 -121.670500     3.485      -21.0       10.2     -162.8    204.8    212.6    150.7 1984  9 23  8 43 14.720 1.1   1
    32049  37.287463 -121.668498     3.555      156.4     -318.9      -93.4    193.4    196.5     78.7 1984 11 18  0 28 55.240 1.7   1
    35109  37.290157 -121.669425     3.546       74.2      -20.1     -102.0    194.6    198.5     66.1 1984 12 22  4 43 44.710 1.6   1
    42349  37.287118 -121.668026     3.700      198.7     -357.4       52.0    197.9    198.2     79.9 1985  2 28  1  9 58.300 0.8   1
    42555  37.288298 -121.668091     3.606      192.5     -226.3      -42.2    192.8    198.5     61.4 1985  3  2  6 53 56.010 1.7   1
    42559  37.288843 -121.668660     3.567      142.5     -165.6      -81.7    191.1    195.5     59.6 1985  3  2  8 55  3.470 1.9   1
    42643  37.288277 -121.668270     3.539      177.0     -228.5     -109.6    192.9    197.1     69.8 1985  3  2  8 55 29.590 2.1   1
    42560  37.289364 -121.669019     3.642      110.5     -108.0       -6.7    192.7    195.2     71.2 1985  3  2  8 58  0.480 1.2   1
    49626  37.290934 -121.670223     3.754        3.6       66.2      105.6    201.3    203.8    110.9 1985  6 15  1 38 57.380 0.9   1
    54084  37.289030 -121.668571     3.581      150.1     -144.7      -67.7    191.3    195.6     64.9 1985  8 28 20 35 10.100 1.6   1
    57770  37.289254 -121.671297     3.497      -91.8     -120.2     -151.2    198.1    199.9     88.6 1985 10 28  3 55 38.130 1.3   1
    62514  37.287980 -121.667521     3.595      242.9     -261.5      -53.6    194.2    199.2     78.8 1985 12 31 15 50 52.230 1.7   1
    62520  37.288399 -121.668254     3.603      177.9     -214.7      -45.1    193.7    201.3     89.5 1985 12 31 18  3  3.480 1.6   1
    67820  37.289709 -121.671313     3.513      -93.0      -69.4     -134.9    201.7    203.8    103.2 1986  3  8 10 32  4.410 1.6   1
    73786  37.288818 -121.667887     3.348      210.9     -168.5     -299.8    194.5    201.4     84.2 1986  6  1 10 51 31.460 1.2   1
    77218  37.289018 -121.668433     3.564      162.2     -146.3      -84.5    194.4    200.7     66.4 1986  7 25  9 22 50.290 2.3   1
    77296  37.293498 -121.673600     4.274     -295.8      351.1      626.0   5556.7   4451.1  17305.9 1986  7 25 16  1 52.100 1.1   1
    81017  37.291553 -121.670980     3.635      -63.6      134.9      -13.0    197.1    204.9     85.6 1986  9  2  7 24 15.870 0.8   1
    82606  37.291406 -121.670190     3.524        6.3      118.7     -124.5    195.7    204.7    118.7 1986  9 15 20 17 49.920 2.7   1
    83805  37.290202 -121.669588     3.609       59.7      -15.0      -39.6    193.1    196.9     66.3 1986  9 25 12  1 52.830 1.4   1
    88698  37.290491 -121.670296     4.316       -2.9       17.1      667.6    203.8    215.6    188.1 1986 11 25 13  0 35.660 1.0   1
   101361  37.290328 -121.668400     3.382      165.1       -1.0     -266.7    196.0    205.2    113.8 1987  6  3  6 56  7.740 1.9   1
   101362  37.288192 -121.668994     3.627      112.8     -238.0      -21.2    194.4    200.7     66.5 1987  6  3  6 58 51.320 1.7   1
   102776  37.290776 -121.670020     3.626       21.8       48.6      -21.9    260.6    289.4    289.1 1987  7  7  1 44 26.990 1.0   1
   103138  37.288550 -121.668669     3.552      141.4     -198.1      -96.1    193.6    197.8     73.1 1987  7 14 19  2 57.020 1.7   1
   110939  37.289998 -121.670231     3.449        2.6      -37.3     -199.5    195.5    196.4     96.1 1988  1 15  1 56 42.310 1.4   1
   112868  37.291711 -121.670483     4.333      -19.6      152.5      684.9    198.2    208.9    125.1 1988  2 25 10  0 17.780 0.9   1
   120788  37.289624 -121.670540     3.685      -24.8      -79.0       36.8    196.1    198.5     71.5 1988  7 23 10 42 21.740 1.5   1
   126189  37.287313 -121.672754     3.834     -220.8     -335.7      185.7    194.9    201.1     66.7 1988 11  2  3  9 12.610 1.9   1
   126292  37.288879 -121.667985     3.509      201.9     -161.9     -139.5    192.2    198.5     62.2 1988 11  3  1 30  4.280 1.7   1
   126389  37.288806 -121.668994     3.401      112.8     -169.7     -246.8    194.2    203.5    108.7 1988 11  4 13 34 34.720 1.9   1
   148939  37.288546 -121.668392     3.611      166.0     -198.7      -37.2    196.1    205.7     84.4 1989 12 13  5 33 46.080 1.6   1
   158154  37.291044 -121.670964     3.779      -61.8       78.4      130.8    196.4    201.1     95.4 1990  5 23 11 11 37.580 1.0   1
   160503  37.289327 -121.668132     3.628      189.3     -111.8      -20.2    194.0    199.9     60.7 1990  7  5 20  4 42.800 1.7   1
   205031  37.292122 -121.678027     3.995     -688.6      198.3      347.0   6809.8   4605.0  19162.3 1991  1 20  5  0 30.930 1.2   1
   208364  37.291471 -121.670337     3.683       -6.2      125.9       35.2    201.0    204.4     89.2 1991  3 22 11 23 27.560 1.0   1
   215747  37.288049 -121.668408     3.651      164.2     -253.6        2.5    193.9    202.5     64.7 1991  5 29  9 45 22.620 1.8   1
   227435  37.288542 -121.668734     3.559      135.8     -199.2      -88.7    195.4    201.0     74.3 1991  8 10 17  6  5.760 1.2   1
   238704  37.289209 -121.668514     3.612      155.1     -124.9      -36.2    191.0    195.9     59.0 1991 12  3  5 24 24.980 2.0   1
   238790  37.288782 -121.668473     3.649      158.7     -172.6        0.4    193.7    199.5     62.5 1991 12  4  0  8 49.550 1.9   1
   261841  37.290308 -121.670093     3.574       15.1       -3.0      -74.0    199.5    203.0    128.0 1992  4  6  9 39 49.410 0.9   1
   312743  37.289860 -121.670247     3.674        1.8      -52.9       25.5    197.3    202.3     86.8 1992  8 29 17  4 29.020 1.6   1
   314921  37.286938 -121.668229     3.638      180.4     -377.2      -10.2    196.5    202.3     86.7 1992  9 11  1 22 13.650 1.1   1
   331552  37.291410 -121.671208     3.726      -83.7      119.0       77.7    203.5    204.4    115.4 1993  1  9 17 48 38.720 1.0   1
   331635  37.290328 -121.670093     3.558       15.5       -0.9      -89.8    201.6    200.5     85.2 1993  1 10 22 13  9.440 1.2   1
   352620  37.287691 -121.671061     2.670      -70.9     -293.7     -978.3   4335.2   4230.7  15603.9 1993  6  8  9 15  1.380 0.8   1
 30036393  37.291707 -121.669946     3.644       28.0      152.4       -3.9    202.0    210.9    196.4 1993 12  1  0 25 49.530 1.0   1
   389286  37.289010 -121.670028     3.459       21.1     -147.2     -189.2   2276.3   2465.1   7095.8 1993 12 20 22 35  7.800 1.8   1
   399980  37.289412 -121.669434     3.477       73.7     -102.3     -171.6    193.7    198.0     73.3 1994  4  6  4 11 34.960 1.4   1
 30062741  37.289107 -121.669043     3.517      108.4     -136.5     -131.4    193.1    196.5     66.2 1994 11 16 16 50 58.150 2.0   1
 30062748  37.289331 -121.668473     3.625      158.5     -111.5      -23.7    200.7    204.7     80.4 1994 11 16 18  3 42.360 1.3   1
 30069218  37.288041 -121.668278     3.751      175.9     -254.7      102.4    196.2    205.6     84.5 1995  3  3  9 38 49.200 1.2   1
 30069222  37.288586 -121.668188     3.671      184.2     -194.3       22.3    195.9    204.2     71.2 1995  3  3 12 30 15.850 1.8   1
 30069457  37.289083 -121.668140     3.507      188.3     -139.2     -140.9    200.2    201.9     90.1 1995  3  7 13 19 41.960 1.3   1
 30073191  37.294393 -121.685742     4.446    -1372.4      450.4      797.9   6291.7   3397.7  11530.5 1995  5 14 11 18 47.000 1.0   1
 30076454  37.315792 -121.695044     2.018    -2196.7     2825.3    -1630.0   7141.7   8677.3  14948.3 1995  7  4 11 20 49.790 2.7   1
 30092060  37.288688 -121.668156     3.592      186.8     -182.8      -56.4    195.0    202.0     69.1 1995 12 15 18 53 39.820 1.8   1
