    17842  37.287834 -121.667952     3.052      205.2     -277.9     -596.7     20.9     19.7     10.3 1984  4 25  4 35 19.170 1.9   1
    16751  37.289880 -121.669800     2.997       41.4      -50.6     -651.7     22.2     20.4     15.8 1984  4 27  7 48 23.500 1.0   1
    21644  37.289400 -121.669320     3.025       83.9     -103.9     -623.1     21.6     20.0     14.4 1984  6 27 14 50 38.140 1.6   1
    22271  37.292798 -121.670516     5.995      -22.5      273.0     2346.5    622.8    568.0    814.1 1984  7  7  0 17  9.970 2.7   1
    23190  37.288375 -121.668579     3.021      149.3     -217.5     -627.3     20.9     19.9      9.4 1984  7 17 16 24 49.440 1.9   1
    25096  37.288436 -121.670386     3.186      -11.0     -210.9     -462.6     23.9     23.2     34.6 1984  8  7  9  7  6.330 1.2   1
    28475  37.290076 -121.670467     3.156      -18.1      -28.9     -492.1     23.6     20.9     34.0 1984  9 23  8 43 14.720 1.1   1
    32049  37.287858 -121.668148     3.033      188.0     -275.0     -615.5     20.8     19.7      8.9 1984 11 18  0 28 55.240 1.7   1
    35109  37.289380 -121.669271     3.003       88.0     -106.3     -645.6     21.6     19.9     15.8 1984 12 22  4 43 44.710 1.6   1
    42349  37.287858 -121.668001     3.031      200.5     -275.2     -616.9     21.3     20.1     17.9 1985  2 28  1  9 58.300 0.8   1
    42555  37.287748 -121.667904     3.039      209.0     -287.0     -609.6     20.9     19.8     10.0 1985  3  2  6 53 56.010 1.7   1
    42559  37.288452 -121.668506     3.011      155.6     -209.2     -637.0     21.0     19.8     10.1 1985  3  2  8 55  3.470 1.9   1
    42643  37.288118 -121.668294     3.013      174.4     -245.9     -635.4     20.9     19.7      9.7 1985  3  2  8 55 29.590 2.1   1
    42560  37.289022 -121.669727     3.261       47.9     -146.1     -387.7     24.8     23.1     46.0 1985  3  2  8 58  0.480 1.2   1
    49626  37.290031 -121.670060     3.071       18.0      -34.0     -577.1     22.1     20.5     19.9 1985  6 15  1 38 57.380 0.9   1
    54084  37.288444 -121.668514     3.048      155.3     -209.9     -600.0     20.9     19.7      9.6 1985  8 28 20 35 10.100 1.6   1
    57770  37.288395 -121.670378     3.171      -10.2     -215.2     -477.5     24.0     23.0     30.7 1985 10 28  3 55 38.130 1.3   1
    62514  37.287866 -121.668164     3.052      186.2     -274.3     -596.6     20.9     19.7      9.2 1985 12 31 15 50 52.230 1.7   1
    62520  37.287777 -121.667952     3.060      205.2     -283.9     -588.3     20.9     19.7      9.7 1985 12 31 18  3  3.480 1.6   1
    67820  37.289408 -121.669222     2.988       92.6     -102.8     -660.7     21.6     20.0     14.7 1986  3  8 10 32  4.410 1.6   1
    73786  37.287862 -121.669824     3.244       39.1     -274.8     -404.5     48.2     46.5    144.9 1986  6  1 10 51 31.460 1.2   1
    77218  37.288485 -121.668481     2.991      158.1     -205.6     -656.9     21.1     19.8     12.4 1986  7 25  9 22 50.290 2.3   1
    81017  37.290011 -121.669873     2.964       34.5      -36.2     -684.5     22.0     20.3     15.0 1986  9  2  7 24 15.870 0.8   1
    82606  37.292932 -121.670557     5.765      -25.9      287.9     2117.1    562.7    540.4    688.0 1986  9 15 20 17 49.920 2.7   1
    83805  37.289490 -121.669214     2.963       93.4      -94.0     -684.9     21.5     19.9     13.3 1986  9 25 12  1 52.830 1.4   1
    88698  37.290007 -121.669816     2.960       39.4      -36.5     -688.1     21.8     20.2     13.7 1986 11 25 13  0 35.660 1.0   1
   101361  37.288505 -121.668343     2.958      170.3     -203.2     -690.1     21.0     19.8     10.7 1987  6  3  6 56  7.740 1.9   1
   101362  37.287911 -121.667896     2.963      209.8     -269.1     -685.6     20.9     19.7     10.4 1987  6  3  6 58 51.320 1.7   1
   102776  37.290011 -121.669808     2.953       40.3      -36.3     -695.4     21.9     20.3     14.8 1987  7  7  1 44 26.990 1.0   1
   103138  37.288180 -121.668164     2.965      185.8     -239.3     -683.4     20.9     19.7     10.3 1987  7 14 19  2 57.020 1.7   1
   110939  37.288298 -121.669849     2.966       36.8     -226.2     -681.9     23.4     22.5     24.2 1988  1 15  1 56 42.310 1.4   1
   112868  37.290039 -121.669735     2.932       46.8      -33.1     -716.5     21.8     20.2     13.7 1988  2 25 10  0 17.780 0.9   1
   120788  37.289453 -121.669165     2.983       97.3      -98.1     -665.7     21.8     20.0     17.2 1988  7 23 10 42 21.740 1.5   1
   126189  37.288432 -121.668538     2.974      152.8     -211.3     -673.9     21.0     19.7     11.6 1988 11  2  3  9 12.610 1.9   1
   126292  37.287846 -121.668058     2.982      195.5     -276.4     -666.3     20.8     19.7      9.5 1988 11  3  1 30  4.280 1.7   1
   126389  37.287789 -121.667912     2.988      208.4     -282.6     -659.8     20.9     19.8     10.0 1988 11  4 13 34 34.720 1.9   1
   148939  37.287984 -121.668018     3.077      198.9     -261.0     -571.3     20.9     19.7      9.6 1989 12 13  5 33 46.080 1.6   1
   158154  37.289966 -121.669824     3.025       38.9      -41.0     -623.0     21.9     20.4     17.2 1990  5 23 11 11 37.580 1.0   1
   160503  37.288359 -121.668433     3.050      162.2     -219.5     -597.8     21.0     20.3     13.1 1990  7  5 20  4 42.800 1.7   1
   208364  37.289933 -121.669727     2.996       47.4      -44.9     -652.1     21.9     20.3     17.4 1991  3 22 11 23 27.560 1.0   1
   215747  37.288041 -121.667985     3.078      201.8     -254.9     -570.6     20.9     19.7      8.8 1991  5 29  9 45 22.620 1.8   1
   227435  37.288367 -121.669954     3.106       27.2     -218.8     -542.2     22.9     22.4     19.3 1991  8 10 17  6  5.760 1.2   1
   238704  37.288513 -121.668547     3.052      152.3     -202.5     -595.9     21.0     20.0     12.9 1991 12  3  5 24 24.980 2.0   1
   238790  37.288220 -121.668254     3.083      178.2     -234.9     -565.0     20.9     19.7      8.9 1991 12  4  0  8 49.550 1.9   1
   261841  37.289917 -121.669686     3.000       51.1      -46.6     -648.3     22.1     20.3     19.9 1992  4  6  9 39 49.410 0.9   1
   312743  37.289355 -121.669181     3.039       96.2     -108.9     -609.4     21.7     20.2     16.2 1992  8 29 17  4 29.020 1.6   1
   314921  37.287821 -121.667716     3.067      226.1     -279.1     -581.0     21.0     20.8     25.4 1992  9 11  1 22 13.650 1.1   1
   331552  37.289937 -121.669840     3.010       37.3      -44.3     -638.5     21.9     20.3     17.8 1993  1  9 17 48 38.720 1.0   1
   331635  37.289726 -121.669800     2.985       41.1      -67.7     -663.2     22.1     20.4     19.8 1993  1 10 22 13  9.440 1.2   1
 30036393  37.290002 -121.669889     3.047       32.9      -37.0     -600.7     21.9     20.5     18.3 1993 12  1  0 25 49.530 1.0   1
   399980  37.288485 -121.669832     3.123       38.5     -205.4     -525.3     23.4     22.5     25.8 1994  4  6  4 11 34.960 1.4   1
 30062741  37.288493 -121.668473     3.120      159.1     -204.6     -527.8     21.0     20.3     14.1 1994 11 16 16 50 58.150 2.0   1
 30062748  37.288806 -121.668815     3.113      128.8     -169.6     -535.6     21.2     21.0     16.8 1994 11 16 18  3 42.360 1.3   1
 30069218  37.288037 -121.667603     3.120      236.1     -255.2     -528.4     21.0     20.1     14.5 1995  3  3  9 38 49.200 1.2   1
 30069222  37.287952 -121.667627     3.114      234.1     -264.9     -534.3     20.9     20.0     12.7 1995  3  3 12 30 15.850 1.8   1
 30069457  37.287854 -121.667733     3.114      224.6     -275.6     -534.3     21.0     20.2     13.8 1995  3  7 13 19 41.960 1.3   1
 30092060  37.288118 -121.668018     3.088      199.1     -245.9     -560.1     20.9     19.7      8.9 1995 12 15 18 53 39.820 1.8   1
