    17842  37.287870 -121.669027     3.155      109.4     -273.5     -493.4     85.3     53.4     30.5 1984  4 25  4 35 19.170 1.9   1
    16751  37.288611 -121.674357     2.957     -362.8     -191.7     -691.2     86.4     54.0     42.9 1984  4 27  7 48 23.500 1.0   1
    21644  37.289315 -121.671509     3.210     -110.4     -113.3     -438.5     85.6     52.2     29.1 1984  6 27 14 50 38.140 1.6   1
    22271  37.289201 -121.671965     3.126     -151.0     -126.2     -522.0     86.1     63.1     31.4 1984  7  7  0 17  9.970 2.7   1
    23190  37.290031 -121.670003     3.096       23.1      -33.9     -552.0     86.7     66.3     34.0 1984  7 17 16 24 49.440 1.9   1
    25096  37.289075 -121.670581     2.898      -28.3     -140.2     -749.8     85.9     54.8     34.8 1984  8  7  9  7  6.330 1.2   1
    28475  37.290299 -121.671582     3.028     -116.6       -3.9     -620.7     88.4     61.4     55.2 1984  9 23  8 43 14.720 1.1   1
    32049  37.287020 -121.669718     3.124       48.2     -368.1     -524.4     84.8     51.9     30.5 1984 11 18  0 28 55.240 1.7   1
    35109  37.289596 -121.670785     3.090      -46.5      -82.4     -557.8     85.1     51.4     28.6 1984 12 22  4 43 44.710 1.6   1
    42349  37.286401 -121.669849     3.334       36.7     -436.5     -314.1     88.6     53.9     30.3 1985  2 28  1  9 58.300 0.8   1
    42555  37.287781 -121.669320     3.136       83.6     -283.5     -512.0     84.5     51.5     26.7 1985  3  2  6 53 56.010 1.7   1
    42559  37.288285 -121.670028     3.108       20.9     -227.6     -539.8     84.3     50.8     23.9 1985  3  2  8 55  3.470 1.9   1
    42643  37.287708 -121.669613     3.071       57.5     -291.5     -577.7     84.6     51.4     28.3 1985  3  2  8 55 29.590 2.1   1
    42560  37.288765 -121.670776     3.206      -45.7     -174.2     -442.2     84.9     51.5     25.5 1985  3  2  8 58  0.480 1.2   1
    49626  37.289974 -121.672005     3.275     -154.6      -40.1     -373.4     87.7     55.9     40.0 1985  6 15  1 38 57.380 0.9   1
    54084  37.288550 -121.669840     3.126       37.2     -198.1     -522.3     84.6     51.2     25.4 1985  8 28 20 35 10.100 1.6   1
    57770  37.289213 -121.671753     2.965     -132.4     -124.5     -683.3     86.6     54.1     35.2 1985 10 28  3 55 38.130 1.3   1
    62514  37.287687 -121.668994     3.158      112.9     -294.0     -490.1     85.3     54.3     29.2 1985 12 31 15 50 52.230 1.7   1
    62520  37.287850 -121.669507     3.160       66.8     -275.9     -488.5     85.3     55.6     33.0 1985 12 31 18  3  3.480 1.6   1
    67820  37.289140 -121.672241     3.079     -175.3     -133.0     -569.2     87.7     54.5     48.6 1986  3  8 10 32  4.410 1.6   1
    73786  37.288326 -121.669442     2.892       73.1     -223.0     -756.4     85.7     55.5     35.1 1986  6  1 10 51 31.460 1.2   1
    77218  37.288619 -121.669670     3.113       52.5     -190.6     -535.4     85.3     52.1     30.9 1986  7 25  9 22 50.290 2.3   1
    77296  37.299955 -121.679313     9.173     -802.7     1067.6     5524.4   1600.5   1808.5   8048.4 1986  7 25 16  1 52.100 1.1   1
    81017  37.290942 -121.672135     3.175     -166.1       67.5     -473.7     86.6     57.1     33.6 1986  9  2  7 24 15.870 0.8   1
    82606  37.290137 -121.671444     3.167     -104.9      -21.9     -481.2     85.8     52.6     33.0 1986  9 15 20 17 49.920 2.7   1
    83805  37.289608 -121.670955     3.147      -61.5      -80.9     -500.9     84.9     51.2     26.3 1986  9 25 12  1 52.830 1.4   1
    88698  37.290344 -121.671867     3.790     -142.4        1.1      141.8     89.1     59.4     45.1 1986 11 25 13  0 35.660 1.0   1
   101361  37.288798 -121.669751     3.174       45.3     -170.8     -473.9     85.8     52.7     33.0 1987  6  3  6 56  7.740 1.9   1
   101362  37.287764 -121.670020     3.073       21.6     -285.5     -575.3     84.9     51.8     33.9 1987  6  3  6 58 51.320 1.7   1
   102776  37.290161 -121.671729     3.184     -130.0      -19.5     -464.0    110.3    104.9    108.0 1987  7  7  1 44 26.990 1.0   1
   103138  37.288062 -121.669946     3.069       28.2     -252.6     -579.1     85.0     51.6     33.2 1987  7 14 19  2 57.020 1.7   1
   110939  37.289392 -121.671012     2.899      -66.2     -104.6     -749.0     86.1     52.8     37.4 1988  1 15  1 56 42.310 1.4   1
   112868  37.291528 -121.671981     3.786     -152.0      132.1      138.2     87.7     56.3     29.5 1988  2 25 10  0 17.780 0.9   1
   120788  37.289242 -121.671240     3.133      -86.4     -121.5     -515.7     85.8     51.9     31.1 1988  7 23 10 42 21.740 1.5   1
   126189  37.287614 -121.671533     3.247     -112.8     -301.9     -401.2     86.1     53.9     35.3 1988 11  2  3  9 12.610 1.9   1
   126292  37.288379 -121.669320     3.027       83.7     -217.1     -621.3     84.8     51.8     28.6 1988 11  3  1 30  4.280 1.7   1
   126389  37.287476 -121.670085     3.164       15.8     -317.4     -484.2     84.7     52.3     30.0 1988 11  4 13 34 34.720 1.9   1
   148939  37.288147 -121.669531     3.173       64.9     -243.1     -475.6     85.7     54.1     35.2 1989 12 13  5 33 46.080 1.6   1
   158154  37.290291 -121.672160     3.293     -168.3       -4.8     -355.7     86.1     54.7     35.7 1990  5 23 11 11 37.580 1.0   1
   160503  37.288778 -121.669710     3.218       48.8     -173.0     -429.8     84.8     52.2     24.8 1990  7  5 20  4 42.800 1.7   1
   205031  37.291288 -121.644141     5.758     2316.4      105.7     2109.3   4177.6   2211.7   7132.7 1991  1 20  5  0 30.930 1.2   1
   208364  37.290853 -121.671476     3.236     -107.3       57.5     -412.1     87.3     54.5     36.2 1991  3 22 11 23 27.560 1.0   1
   215747  37.287524 -121.669556     3.132       62.4     -311.9     -516.6     84.6     52.9     28.3 1991  5 29  9 45 22.620 1.8   1
   227435  37.288472 -121.670833     3.071      -50.3     -206.7     -577.7     85.4     57.4     26.8 1991  8 10 17  6  5.760 1.2   1
   238704  37.288664 -121.669792     3.154       41.7     -185.7     -494.6     84.5     51.1     24.7 1991 12  3  5 24 24.980 2.0   1
   238790  37.288265 -121.669751     3.194       45.3     -229.9     -454.1     84.7     51.7     26.6 1991 12  4  0  8 49.550 1.9   1
   261841  37.290552 -121.671126     3.181      -76.7       24.0     -467.7     87.4     57.6     50.3 1992  4  6  9 39 49.410 0.9   1
   312743  37.289303 -121.671509     3.219     -110.6     -114.5     -428.8     85.8     54.4     30.9 1992  8 29 17  4 29.020 1.6   1
   314921  37.286499 -121.669116     3.299      101.9     -425.7     -349.5     85.5     53.9     40.9 1992  9 11  1 22 13.650 1.1   1
   331552  37.290767 -121.672298     3.252     -180.7       47.7     -396.1     88.2     55.2     45.6 1993  1  9 17 48 38.720 1.0   1
   331635  37.289632 -121.671940     3.125     -148.9      -78.1     -522.8     88.1     53.9     31.5 1993  1 10 22 13  9.440 1.2   1
   352620  37.299699 -121.669702    16.262       49.9     1039.2    12613.9   1430.2   1250.4  10057.3 1993  6  8  9 15  1.380 0.8   1
 30036393  37.290771 -121.671493     3.386     -109.3       48.2     -262.4     87.5     55.5     45.7 1993 12  1  0 25 49.530 1.0   1
   389286  37.292358 -121.669621     7.435       57.2      224.2     3786.7    872.3    827.9   6658.7 1993 12 20 22 35  7.800 1.8   1
   399980  37.288928 -121.670785     3.027      -46.3     -156.3     -621.0     85.2     52.2     29.1 1994  4  6  4 11 34.960 1.4   1
 30062741  37.288623 -121.670329     3.000       -5.6     -190.3     -647.7     85.0     50.8     28.5 1994 11 16 16 50 58.150 2.0   1
 30062748  37.288778 -121.669889     3.190       32.9     -172.8     -458.6     87.5     56.0     29.3 1994 11 16 18  3 42.360 1.3   1
 30069218  37.287508 -121.669523     3.310       65.8     -313.9     -338.0     85.6     56.0     33.6 1995  3  3  9 38 49.200 1.2   1
 30069222  37.288029 -121.669393     3.185       77.2     -255.9     -463.6     85.5     53.9     30.7 1995  3  3 12 30 15.850 1.8   1
 30069457  37.288741 -121.669344     3.056       81.5     -177.2     -592.2     88.1     54.9     38.5 1995  3  7 13 19 41.960 1.3   1
 30073191  37.302734 -121.644352     6.245     2297.7     1376.1     2596.4   3300.6   1691.1   4729.7 1995  5 14 11 18 47.000 1.0   1
 30092060  37.288135 -121.669564     3.081       62.2     -244.2     -566.8     85.1     52.7     30.5 1995 12 15 18 53 39.820 1.8   1
