    17842  37.288346 -121.668042     3.493      196.8     -220.9     -155.1    145.7    117.6     77.4 1984  4 25  4 35 19.170 1.9   1
    16751  37.289189 -121.674235     3.415     -352.0     -127.2     -232.9    151.9    123.2     87.7 1984  4 27  7 48 23.500 1.0   1
    21644  37.289876 -121.670532     3.524      -24.1      -51.2     -124.1    146.2    114.9     74.4 1984  6 27 14 50 38.140 1.6   1
    22271  37.289559 -121.671061     3.438      -70.8      -86.4     -210.5    147.2    148.3     77.0 1984  7  7  0 17  9.970 2.7   1
    23190  37.289860 -121.668368     3.366      168.3      -52.7     -281.8    148.8    157.9     81.3 1984  7 17 16 24 49.440 1.9   1
    25096  37.289400 -121.669507     3.279       67.1     -103.8     -369.7    147.1    123.7     83.3 1984  8  7  9  7  6.330 1.2   1
    28475  37.290975 -121.670614     3.347      -30.9       71.0     -301.1    154.2    140.8    125.6 1984  9 23  8 43 14.720 1.1   1
    32049  37.287410 -121.668831     3.434      127.3     -324.6     -214.6    144.8    114.0     78.3 1984 11 18  0 28 55.240 1.7   1
    35109  37.290190 -121.669645     3.426       55.2      -16.1     -221.8    143.7    112.1     72.3 1984 12 22  4 43 44.710 1.6   1
    42349  37.286963 -121.668441     3.562      161.4     -374.6      -86.3    153.0    117.6     75.0 1985  2 28  1  9 58.300 0.8   1
    42555  37.288249 -121.668351     3.464      169.4     -231.7     -184.1    142.8    111.9     69.5 1985  3  2  6 53 56.010 1.7   1
    42559  37.288798 -121.668978     3.446      113.8     -170.9     -202.6    141.5    109.9     64.6 1985  3  2  8 55  3.470 1.9   1
    42643  37.288253 -121.668587     3.428      148.3     -231.3     -220.4    143.2    112.4     72.3 1985  3  2  8 55 29.590 2.1   1
    42560  37.289327 -121.669328     3.525       83.0     -111.8     -122.8    143.3    111.7     69.7 1985  3  2  8 58  0.480 1.2   1
    49626  37.290658 -121.670597     3.555      -29.3       35.5      -93.6    152.5    126.5     98.1 1985  6 15  1 38 57.380 0.9   1
    54084  37.288985 -121.668896     3.460      121.4     -150.1     -188.2    142.6    111.1     68.7 1985  8 28 20 35 10.100 1.6   1
    57770  37.289221 -121.671623     3.378     -120.5     -123.7     -270.6    149.6    121.2     84.1 1985 10 28  3 55 38.130 1.3   1
    62514  37.287935 -121.667871     3.484      212.4     -266.4     -164.7    146.0    118.9     77.7 1985 12 31 15 50 52.230 1.7   1
    62520  37.288350 -121.668571     3.483      149.9     -220.2     -165.6    145.6    124.4     84.9 1985 12 31 18  3  3.480 1.6   1
    67820  37.289681 -121.671631     3.393     -121.4      -72.6     -254.8    152.6    122.3    103.8 1986  3  8 10 32  4.410 1.6   1
    73786  37.288782 -121.668213     3.237      181.7     -172.6     -410.9    146.4    124.2     83.6 1986  6  1 10 51 31.460 1.2   1
    77218  37.289107 -121.668758     3.464      133.5     -136.3     -184.4    145.1    113.5     77.1 1986  7 25  9 22 50.290 2.3   1
    77296  37.292908 -121.670304     4.219       -3.4      285.6      571.0   3425.7   3772.0  44248.3 1986  7 25 16  1 52.100 1.1   1
    81017  37.291484 -121.671289     3.509      -91.1      127.2     -139.5    149.1    126.9     85.7 1986  9  2  7 24 15.870 0.8   1
    82606  37.290645 -121.670500     3.484      -21.0       34.3     -164.6    146.4    115.9     82.9 1986  9 15 20 17 49.920 2.7   1
    83805  37.290145 -121.669914     3.484       31.2      -21.2     -164.0    143.3    111.5     69.9 1986  9 25 12  1 52.830 1.4   1
    88698  37.290637 -121.670776     4.146      -45.3       33.5      498.2    154.7    132.2    181.2 1986 11 25 13  0 35.660 1.0   1
   101361  37.289396 -121.668579     3.473      149.0     -104.5     -175.0    147.0    115.0     88.2 1987  6  3  6 56  7.740 1.9   1
   101362  37.288053 -121.669263     3.397       88.8     -253.1     -251.6    144.1    113.7     76.5 1987  6  3  6 58 51.320 1.7   1
   102776  37.290527 -121.670557     3.516      -26.1       21.2     -132.6    222.9    241.1    252.1 1987  7  7  1 44 26.990 1.0   1
   103138  37.288493 -121.669010     3.422      111.1     -204.5     -226.0    144.7    113.2     78.7 1987  7 14 19  2 57.020 1.7   1
   110939  37.289966 -121.670557     3.317      -26.1      -41.2     -331.0    147.8    117.9     89.8 1988  1 15  1 56 42.310 1.4   1
   112868  37.291895 -121.670874     4.134      -54.1      173.0      485.5    149.4    125.3    125.2 1988  2 25 10  0 17.780 0.9   1
   120788  37.289518 -121.670882     3.579      -55.1      -90.7      -68.8    147.0    114.7     72.0 1988  7 23 10 42 21.740 1.5   1
   126189  37.287207 -121.673128     3.726     -253.9     -347.2       78.1    143.7    114.7     66.2 1988 11  2  3  9 12.610 1.9   1
   126292  37.288818 -121.668319     3.377      172.7     -168.4     -270.9    143.6    113.9     71.3 1988 11  3  1 30  4.280 1.7   1
   126389  37.287907 -121.669198     3.489       94.4     -269.8     -159.3    144.7    113.6     80.8 1988 11  4 13 34 34.720 1.9   1
   148939  37.288578 -121.668766     3.513      132.9     -195.3     -135.5    147.0    119.8     87.6 1989 12 13  5 33 46.080 1.6   1
   158154  37.290922 -121.671289     3.634      -90.6       65.1      -14.5    148.2    123.3     91.2 1990  5 23 11 11 37.580 1.0   1
   160503  37.289392 -121.668416     3.552      163.7     -104.7      -96.4    142.7    113.5     66.0 1990  7  5 20  4 42.800 1.7   1
   205031  37.292428 -121.672209     3.951     -172.5      232.3      303.1   4376.5   3418.6  12186.4 1991  1 20  5  0 30.930 1.2   1
   208364  37.291382 -121.670703     3.566      -38.6      116.2      -81.8    152.0    122.1     90.3 1991  3 22 11 23 27.560 1.0   1
   215747  37.287891 -121.668750     3.460      134.6     -271.6     -188.4    143.7    116.4     71.5 1991  5 29  9 45 22.620 1.8   1
   227435  37.288493 -121.669067     3.443      106.2     -204.6     -205.4    145.8    120.4     72.3 1991  8 10 17  6  5.760 1.2   1
   238704  37.289152 -121.668840     3.487      126.3     -131.2     -161.3    142.2    110.6     65.6 1991 12  3  5 24 24.980 2.0   1
   238790  37.288737 -121.668840     3.528      126.4     -177.5     -120.4    143.2    112.4     69.2 1991 12  4  0  8 49.550 1.9   1
   261841  37.291154 -121.670426     3.536      -14.1       90.6     -111.9    151.2    129.9    120.6 1992  4  6  9 39 49.410 0.9   1
   312743  37.289819 -121.670671     3.581      -36.4      -57.5      -67.3    148.7    122.3     78.3 1992  8 29 17  4 29.020 1.6   1
   314921  37.287325 -121.668522     3.722      154.1     -334.2       73.4    146.1    115.3     85.9 1992  9 11  1 22 13.650 1.1   1
   331552  37.291374 -121.671549     3.623     -113.9      115.4      -24.8    156.6    126.3    114.8 1993  1  9 17 48 38.720 1.0   1
   331635  37.290291 -121.670361     3.442       -9.0       -5.2     -206.0    153.6    120.2     82.6 1993  1 10 22 13  9.440 1.2   1
   352620  37.288981 -121.669840     3.645       37.7     -150.2       -3.0   4147.9   2626.6  11651.2 1993  6  8  9 15  1.380 0.8   1
 30036393  37.291345 -121.670435     3.712      -15.2      112.1       64.3    152.0    123.7    115.6 1993 12  1  0 25 49.530 1.0   1
   389286  37.289709 -121.669588     3.860       59.6      -69.6      211.3   2259.0   2427.6   7140.1 1993 12 20 22 35  7.800 1.8   1
   399980  37.289372 -121.669759     3.364       44.6     -106.8     -284.5    144.7    115.5     75.3 1994  4  6  4 11 34.960 1.4   1
 30062741  37.289071 -121.669352     3.404       80.8     -140.3     -244.0    144.0    111.1     71.1 1994 11 16 16 50 58.150 2.0   1
 30062748  37.289294 -121.668766     3.516      133.0     -115.6     -131.8    153.0    126.0     78.7 1994 11 16 18  3 42.360 1.3   1
 30069218  37.288049 -121.668604     3.659      147.5     -253.9       11.1    148.1    126.2     86.5 1995  3  3  9 38 49.200 1.2   1
 30069222  37.288472 -121.668636     3.543      144.6     -206.9     -105.6    147.2    119.7     76.0 1995  3  3 12 30 15.850 1.8   1
 30069457  37.289054 -121.668457     3.403      160.3     -142.3     -245.2    153.2    123.4     86.6 1995  3  7 13 19 41.960 1.3   1
 30073191  37.296493 -121.677661     9.559     -655.8      683.4     5910.7   5509.3   3756.6  44420.7 1995  5 14 11 18 47.000 1.0   1
 30092060  37.288574 -121.668547     3.419      152.1     -195.7     -229.2    144.9    117.1     74.9 1995 12 15 18 53 39.820 1.8   1
