    17842  37.287826 -121.668107     3.110      191.2     -278.8     -538.7      5.8      5.3     14.8 1984  4 25  4 35 19.170 1.9   1
    16751  37.289889 -121.669832     3.067       38.1      -49.5     -581.0      9.4      9.5     24.9 1984  4 27  7 48 23.500 1.0   1
    21644  37.289461 -121.669466     3.125       70.7      -97.3     -522.9      7.3      7.1     19.3 1984  6 27 14 50 38.140 1.6   1
    22271  37.293453 -121.667326     4.406      260.8      345.7      758.3     42.6     67.6    190.1 1984  7  7  0 17  9.970 2.7   1
    23190  37.288326 -121.668701     3.068      138.3     -223.0     -580.5      5.3      5.3     10.1 1984  7 17 16 24 49.440 1.9   1
    25096  37.288497 -121.670321     3.192       -5.1     -203.9     -456.6     11.5     12.0     31.7 1984  8  7  9  7  6.330 1.2   1
    28475  37.290133 -121.670467     3.181      -17.8      -22.5     -467.6      9.6      8.6     29.3 1984  9 23  8 43 14.720 1.1   1
    32049  37.287813 -121.668254     3.071      178.5     -280.0     -576.9      5.2      3.8      9.4 1984 11 18  0 28 55.240 1.7   1
    35109  37.289417 -121.669442     3.114       72.9     -102.2     -534.2      8.3      6.7     22.3 1984 12 22  4 43 44.710 1.6   1
    42349  37.287899 -121.668294     3.156      174.3     -270.6     -491.9      8.4      8.0     27.3 1985  2 28  1  9 58.300 0.8   1
    42555  37.287708 -121.668026     3.074      198.6     -291.5     -574.2      5.5      4.3     11.1 1985  3  2  6 53 56.010 1.7   1
    42559  37.288395 -121.668628     3.057      144.9     -215.3     -591.6      5.8      4.3     11.1 1985  3  2  8 55  3.470 1.9   1
    42643  37.288070 -121.668416     3.050      163.9     -251.7     -598.1      5.3      4.1     10.6 1985  3  2  8 55 29.590 2.1   1
    42560  37.288798 -121.669320     3.151       83.6     -170.5     -497.4      7.9      7.1     24.3 1985  3  2  8 58  0.480 1.2   1
    49626  37.290100 -121.670215     3.136        4.4      -26.3     -512.0      8.9      8.5     26.9 1985  6 15  1 38 57.380 0.9   1
    54084  37.288432 -121.668652     3.113      142.5     -211.4     -535.2      5.9      5.3     13.8 1985  8 28 20 35 10.100 1.6   1
    57770  37.288477 -121.670337     3.184       -6.3     -206.4     -463.9     12.2     11.6     28.8 1985 10 28  3 55 38.130 1.3   1
    62514  37.287854 -121.668319     3.117      172.5     -275.5     -531.6      5.6      4.8     13.5 1985 12 31 15 50 52.230 1.7   1
    62520  37.287781 -121.668115     3.124      190.8     -283.5     -524.3      5.6      5.0     14.0 1985 12 31 18  3  3.480 1.6   1
    67820  37.289376 -121.669255     3.051       89.5     -106.5     -597.2      7.6      6.7     20.0 1986  3  8 10 32  4.410 1.6   1
    73786  37.288033 -121.670020     3.327       22.0     -255.8     -321.6     40.6     44.3    124.4 1986  6  1 10 51 31.460 1.2   1
    77218  37.288432 -121.668612     3.036      146.2     -211.2     -611.8      6.2      4.3     13.9 1986  7 25  9 22 50.290 2.3   1
    81017  37.290011 -121.670117     3.053       13.0      -36.0     -595.1      8.8     10.8     32.7 1986  9  2  7 24 15.870 0.8   1
    82606  37.292997 -121.667155     4.250      275.9      295.3      601.4     40.7     69.7    193.7 1986  9 15 20 17 49.920 2.7   1
    83805  37.289490 -121.669320     3.034       83.4      -93.8     -614.5      6.2      5.1     13.8 1986  9 25 12  1 52.830 1.4   1
    88698  37.290068 -121.670093     3.080       15.0      -29.8     -568.7      8.5      8.2     25.0 1986 11 25 13  0 35.660 1.0   1
   101361  37.288452 -121.668465     2.997      159.3     -209.0     -651.5      5.3      4.2     11.1 1987  6  3  6 56  7.740 1.9   1
   101362  37.287858 -121.668009     2.996      199.9     -274.9     -652.3      5.3      3.8     10.9 1987  6  3  6 58 51.320 1.7   1
   102776  37.290043 -121.670028     3.050       21.0      -32.4     -597.9      8.5      8.5     26.4 1987  7  7  1 44 26.990 1.0   1
   103138  37.288131 -121.668278     3.000      176.0     -244.9     -648.4      5.2      3.8     10.8 1987  7 14 19  2 57.020 1.7   1
   110939  37.288379 -121.669824     2.991       38.8     -217.4     -656.8      9.5      9.9     21.0 1988  1 15  1 56 42.310 1.4   1
   112868  37.290072 -121.669914     3.025       31.0      -29.4     -623.3      8.4      7.7     24.4 1988  2 25 10  0 17.780 0.9   1
   120788  37.289465 -121.669312     3.087       84.1      -96.5     -561.6      9.7      7.2     26.9 1988  7 23 10 42 21.740 1.5   1
   126189  37.288440 -121.668856     3.106      125.1     -210.5     -542.7      6.8      5.5     18.2 1988 11  2  3  9 12.610 1.9   1
   126292  37.287797 -121.668164     3.017      185.9     -281.9     -631.7      5.2      3.8     10.0 1988 11  3  1 30  4.280 1.7   1
   126389  37.287748 -121.668042     3.027      197.0     -287.1     -621.0      5.4      4.1     10.8 1988 11  4 13 34 34.720 1.9   1
   148939  37.287850 -121.668083     3.064      193.3     -275.9     -584.2      5.7      4.8     13.4 1989 12 13  5 33 46.080 1.6   1
   158154  37.290047 -121.669995     3.084       23.8      -32.0     -564.4      8.2      8.2     24.0 1990  5 23 11 11 37.580 1.0   1
   160503  37.288363 -121.668579     3.086      149.2     -218.9     -562.4      5.5      7.1     14.9 1990  7  5 20  4 42.800 1.7   1
   208364  37.290002 -121.669889     3.055       32.9      -36.9     -593.3      8.4      7.9     24.9 1991  3 22 11 23 27.560 1.0   1
   215747  37.287972 -121.668107     3.104      191.5     -262.5     -544.5      5.3      3.8      9.8 1991  5 29  9 45 22.620 1.8   1
   227435  37.288444 -121.669995     3.135       23.8     -209.9     -513.1      9.8     10.0     18.2 1991  8 10 17  6  5.760 1.2   1
   238704  37.288497 -121.668717     3.093      137.4     -204.2     -555.4      5.8      5.6     14.8 1991 12  3  5 24 24.980 2.0   1
   238790  37.288167 -121.668368     3.114      168.2     -240.7     -534.0      5.1      3.7      9.7 1991 12  4  0  8 49.550 1.9   1
   261841  37.289990 -121.669873     3.062       34.4      -38.2     -585.9      9.0      7.9     27.1 1992  4  6  9 39 49.410 0.9   1
   312743  37.289384 -121.669344     3.089       81.7     -105.5     -558.8      7.3      6.7     18.9 1992  8 29 17  4 29.020 1.6   1
   314921  37.287817 -121.667839     3.105      215.3     -279.6     -543.4      6.0      8.3     27.8 1992  9 11  1 22 13.650 1.1   1
   331552  37.290019 -121.670003     3.069       22.9      -35.3     -578.8      8.2      7.9     24.9 1993  1  9 17 48 38.720 1.0   1
   331635  37.289787 -121.669954     3.037       27.6      -61.1     -610.9      8.6      7.7     24.6 1993  1 10 22 13  9.440 1.2   1
 30036393  37.290080 -121.670052     3.103       19.1      -28.5     -544.8      8.3      8.5     24.8 1993 12  1  0 25 49.530 1.0   1
   399980  37.288582 -121.669857     3.148       36.3     -194.6     -500.7     11.0     11.0     26.1 1994  4  6  4 11 34.960 1.4   1
 30062741  37.288493 -121.668612     3.158      146.2     -204.4     -490.2      5.5      6.7     15.3 1994 11 16 16 50 58.150 2.0   1
 30062748  37.288859 -121.668945     3.153      117.1     -164.1     -495.1      6.2      8.4     17.8 1994 11 16 18  3 42.360 1.3   1
 30069218  37.288017 -121.667708     3.147      226.4     -257.4     -501.1      5.9      5.8     16.4 1995  3  3  9 38 49.200 1.2   1
 30069222  37.287931 -121.667757     3.142      222.0     -266.9     -506.5      5.7      5.1     14.3 1995  3  3 12 30 15.850 1.8   1
 30069457  37.287826 -121.667863     3.139      213.0     -278.5     -509.1      5.8      5.8     15.2 1995  3  7 13 19 41.960 1.3   1
 30092060  37.288037 -121.668115     3.100      190.5     -255.0     -548.1      5.4      4.8     13.9 1995 12 15 18 53 39.820 1.8   1
