    17842  37.287618 -121.668034     3.171      197.5     -301.6     -477.2    171.4    175.3     93.8 1984  4 25  4 35 19.170 1.9   1
    16751  37.288456 -121.674194     3.092     -348.3     -208.7     -556.1    175.9    176.5    109.4 1984  4 27  7 48 23.500 1.0   1
    21644  37.289274 -121.670475     3.258      -18.6     -117.9     -390.7    171.2    172.6     95.4 1984  6 27 14 50 38.140 1.6   1
    22271  37.288875 -121.671037     3.127      -68.4     -162.0     -521.1    172.5    195.2     95.6 1984  7  7  0 17  9.970 2.7   1
    23190  37.289205 -121.668319     3.039      172.1     -125.4     -609.5    174.1    203.0    102.1 1984  7 17 16 24 49.440 1.9   1
    25096  37.288680 -121.669482     2.944       69.2     -183.8     -704.1    172.4    177.7    106.4 1984  8  7  9  7  6.330 1.2   1
    28475  37.290226 -121.670581     3.010      -27.9      -12.2     -638.0    179.0    190.2    144.9 1984  9 23  8 43 14.720 1.1   1
    32049  37.286711 -121.668831     3.115      127.4     -402.4     -532.9    170.2    172.4     97.9 1984 11 18  0 28 55.240 1.7   1
    35109  37.289469 -121.669613     3.107       57.7      -96.4     -541.2    169.9    171.1     92.5 1984 12 22  4 43 44.710 1.6   1
    42349  37.286336 -121.668376     3.269      167.4     -443.7     -379.5    176.4    175.1     96.7 1985  2 28  1  9 58.300 0.8   1
    42555  37.287528 -121.668343     3.140      170.0     -311.5     -508.1    168.9    171.4     88.6 1985  3  2  6 53 56.010 1.7   1
    42559  37.288057 -121.668978     3.118      114.1     -252.7     -529.8    167.9    170.0     87.4 1985  3  2  8 55  3.470 1.9   1
    42643  37.287520 -121.668595     3.099      148.2     -312.5     -549.6    169.2    171.6     93.2 1985  3  2  8 55 29.590 2.1   1
    42560  37.288590 -121.669328     3.204       83.3     -193.5     -444.7    169.3    171.4     92.3 1985  3  2  8 58  0.480 1.2   1
    49626  37.290100 -121.670540     3.305      -24.5      -26.2     -343.2    176.5    179.8    119.4 1985  6 15  1 38 57.380 0.9   1
    54084  37.288245 -121.668888     3.132      122.2     -232.2     -516.4    168.7    170.8     91.1 1985  8 28 20 35 10.100 1.6   1
    57770  37.288509 -121.671590     3.054     -117.7     -202.6     -594.3    174.1    176.0    105.4 1985 10 28  3 55 38.130 1.3   1
    62514  37.287219 -121.667855     3.162      213.6     -346.0     -485.8    171.5    176.2     98.0 1985 12 31 15 50 52.230 1.7   1
    62520  37.287630 -121.668571     3.161      150.2     -300.4     -487.0    171.2    179.5    104.7 1985 12 31 18  3  3.480 1.6   1
    67820  37.288969 -121.671615     3.075     -120.0     -151.6     -573.7    176.7    176.9    121.4 1986  3  8 10 32  4.410 1.6   1
    73786  37.288053 -121.668205     2.896      182.4     -253.2     -752.5    171.9    178.4    107.1 1986  6  1 10 51 31.460 1.2   1
    77218  37.288395 -121.668742     3.148      135.2     -215.6     -500.4    171.0    172.5     94.3 1986  7 25  9 22 50.290 2.3   1
    77296  37.296171 -121.673299    13.947     -269.2      647.6    10299.0   3145.3   3506.5  33503.2 1986  7 25 16  1 52.100 1.1   1
    81017  37.290739 -121.671248     3.192      -87.6       44.9     -456.2    174.1    181.0    106.1 1986  9  2  7 24 15.870 0.8   1
    82606  37.289917 -121.670483     3.169      -19.2      -46.3     -479.7    171.6    173.5     96.6 1986  9 15 20 17 49.920 2.7   1
    83805  37.289412 -121.669889     3.164       33.1     -102.5     -484.4    169.4    170.9     91.9 1986  9 25 12  1 52.830 1.4   1
    88698  37.290479 -121.671126     3.708      -76.7       15.9       59.6    179.4    188.3    196.1 1986 11 25 13  0 35.660 1.0   1
   101361  37.288688 -121.668563     3.157      151.0     -182.8     -490.9    172.2    173.9     98.3 1987  6  3  6 56  7.740 1.9   1
   101362  37.287370 -121.669255     3.075       89.7     -329.3     -572.9    169.7    171.7     95.6 1987  6  3  6 58 51.320 1.7   1
   102776  37.289779 -121.670516     3.189      -22.2      -61.9     -459.6    238.3    270.6    259.7 1987  7  7  1 44 26.990 1.0   1
   103138  37.287781 -121.669002     3.100      111.7     -283.8     -548.4    170.4    171.8     97.4 1987  7 14 19  2 57.020 1.7   1
   110939  37.289229 -121.670532     2.987      -23.9     -122.7     -661.5    173.0    173.9    112.1 1988  1 15  1 56 42.310 1.4   1
   112868  37.291846 -121.671029     3.675      -68.1      167.7       26.8    175.2    184.4    147.5 1988  2 25 10  0 17.780 0.9   1
   120788  37.288713 -121.670858     3.166      -52.4     -180.0     -482.3    171.4    172.6     93.1 1988  7 23 10 42 21.740 1.5   1
   126189  37.286348 -121.673250     3.456     -264.7     -442.4     -192.3    169.1    173.3     78.4 1988 11  2  3  9 12.610 1.9   1
   126292  37.288086 -121.668302     3.043      173.8     -249.8     -605.2    169.6    172.3     91.5 1988 11  3  1 30  4.280 1.7   1
   126389  37.287207 -121.669189     3.179       94.9     -347.2     -469.0    169.8    172.7     90.5 1988 11  4 13 34 34.720 1.9   1
   148939  37.287854 -121.668766     3.198      132.5     -275.4     -450.5    172.4    176.7    101.4 1989 12 13  5 33 46.080 1.6   1
   158154  37.290218 -121.671248     3.334      -87.6      -13.1     -314.6    172.7    178.1    108.9 1990  5 23 11 11 37.580 1.0   1
   160503  37.288660 -121.668416     3.238      163.8     -185.9     -410.2    169.0    173.1     84.3 1990  7  5 20  4 42.800 1.7   1
   205031  37.293372 -121.671281     4.264      -90.0      336.7      616.2   4346.6   3465.2  12384.5 1991  1 20  5  0 30.930 1.2   1
   208364  37.290776 -121.670630     3.303      -32.8       48.8     -345.3    176.1    177.5    107.6 1991  3 22 11 23 27.560 1.0   1
   215747  37.287195 -121.668726     3.145      136.2     -348.6     -503.3    169.4    173.9     88.5 1991  5 29  9 45 22.620 1.8   1
   227435  37.287760 -121.669059     3.118      107.0     -286.0     -530.1    171.2    176.5     94.7 1991  8 10 17  6  5.760 1.2   1
   238704  37.288428 -121.668823     3.166      127.6     -211.9     -481.9    168.5    170.6     86.3 1991 12  3  5 24 24.980 2.0   1
   238790  37.288017 -121.668823     3.212      127.7     -257.3     -436.6    169.2    171.9     86.3 1991 12  4  0  8 49.550 1.9   1
   261841  37.290385 -121.670402     3.208      -11.9        5.5     -439.7    176.5    183.7    136.5 1992  4  6  9 39 49.410 0.9   1
   312743  37.289050 -121.670557     3.228      -26.1     -142.8     -420.4    172.1    177.5    100.2 1992  8 29 17  4 29.020 1.6   1
   314921  37.286084 -121.668563     3.253      150.9     -472.1     -395.0    172.6    176.6     96.7 1992  9 11  1 22 13.650 1.1   1
   331552  37.290601 -121.671493     3.290     -108.7       29.2     -358.5    179.0    179.3    125.8 1993  1  9 17 48 38.720 1.0   1
   331635  37.289563 -121.670353     3.121       -7.7      -85.9     -527.3    178.0    176.1    104.1 1993  1 10 22 13  9.440 1.2   1
   352620  37.294307 -121.672168     5.646     -169.0      440.9     1997.8   4327.6   4283.9  15877.5 1993  6  8  9 15  1.380 0.8   1
 30036393  37.290369 -121.670614     3.366      -31.3        3.6     -282.2    177.6    181.7    127.6 1993 12  1  0 25 49.530 1.0   1
   389286  37.317057 -121.663900    12.491      564.4     2965.7     8842.9   2443.5   8549.5  24467.4 1993 12 20 22 35  7.800 1.8   1
   399980  37.288656 -121.669743     3.036       46.3     -186.6     -612.5    170.4    172.8     98.7 1994  4  6  4 11 34.960 1.4   1
 30062741  37.288346 -121.669344     3.074       81.6     -220.9     -574.4    169.9    170.4     93.0 1994 11 16 16 50 58.150 2.0   1
 30062748  37.288562 -121.668758     3.195      133.3     -197.0     -453.3    177.6    180.8     99.3 1994 11 16 18  3 42.360 1.3   1
 30069218  37.287256 -121.668595     3.319      147.7     -341.7     -329.0    172.7    181.1    100.4 1995  3  3  9 38 49.200 1.2   1
 30069222  37.287732 -121.668506     3.202      155.8     -289.2     -446.2    172.0    176.5     93.2 1995  3  3 12 30 15.850 1.8   1
 30069457  37.288326 -121.668449     3.073      161.0     -223.0     -575.3    177.7    178.7    107.2 1995  3  7 13 19 41.960 1.3   1
 30073191  37.300203 -121.679370     7.593     -807.5     1095.1     3944.7   7378.0   4044.7  16938.9 1995  5 14 11 18 47.000 1.0   1
 30092060  37.287850 -121.668555     3.091      151.2     -276.0     -557.3    170.5    174.4     93.1 1995 12 15 18 53 39.820 1.8   1
