    17842  37.287882 -121.668001     3.129      200.4     -272.4     -519.0      6.2      6.0     16.8 1984  4 25  4 35 19.170 1.9   1
    16751  37.290084 -121.669889     3.138       33.3      -28.1     -510.7     10.2     10.5     25.6 1984  4 27  7 48 23.500 1.0   1
    21644  37.289571 -121.669401     3.166       76.2      -84.7     -482.5      8.0      7.9     20.1 1984  6 27 14 50 38.140 1.6   1
    22271  37.290601 -121.669149     3.407       98.7       29.2     -241.7     34.5     43.3     92.0 1984  7  7  0 17  9.970 2.7   1
    23190  37.288338 -121.668587     3.079      148.4     -221.6     -568.8      5.5      6.1     11.2 1984  7 17 16 24 49.440 1.9   1
    25096  37.288570 -121.670044     3.179       19.3     -196.2     -469.3     12.3     13.7     35.8 1984  8  7  9  7  6.330 1.2   1
    28475  37.290312 -121.670492     3.251      -20.5       -2.6     -397.6     10.3      9.0     28.7 1984  9 23  8 43 14.720 1.1   1
    32049  37.287834 -121.668132     3.083      189.0     -277.5     -565.4      5.2      4.3     10.6 1984 11 18  0 28 55.240 1.7   1
    35109  37.289522 -121.669377     3.155       78.5      -90.4     -492.9      9.2      7.4     23.6 1984 12 22  4 43 44.710 1.6   1
    42349  37.287935 -121.668180     3.172      184.9     -266.5     -476.4      8.7      9.0     28.4 1985  2 28  1  9 58.300 0.8   1
    42555  37.287728 -121.667912     3.083      208.6     -289.5     -565.7      5.8      5.0     12.6 1985  3  2  6 53 56.010 1.7   1
    42559  37.288411 -121.668514     3.067      155.4     -213.5     -581.0      6.0      4.9     12.5 1985  3  2  8 55  3.470 1.9   1
    42643  37.288078 -121.668302     3.060      173.8     -250.4     -588.2      5.5      4.7     12.0 1985  3  2  8 55 29.590 2.1   1
    42560  37.288835 -121.669157     3.154       98.4     -166.4     -493.8      7.6      7.9     23.5 1985  3  2  8 58  0.480 1.2   1
    49626  37.290275 -121.670272     3.214       -0.6       -6.7     -434.4      9.8      8.9     26.8 1985  6 15  1 38 57.380 0.9   1
    54084  37.288489 -121.668571     3.135      150.4     -205.2     -513.3      6.4      6.0     15.7 1985  8 28 20 35 10.100 1.6   1
    57770  37.288546 -121.670085     3.177       16.0     -198.8     -471.5     13.9     13.4     33.7 1985 10 28  3 55 38.130 1.3   1
    62514  37.287891 -121.668205     3.131      182.8     -271.5     -517.6      5.9      5.5     15.2 1985 12 31 15 50 52.230 1.7   1
    62520  37.287834 -121.668009     3.142      200.2     -277.5     -506.1      6.0      5.7     15.9 1985 12 31 18  3  3.480 1.6   1
    67820  37.289486 -121.669214     3.098       93.1      -94.2     -550.7      8.6      7.4     21.5 1986  3  8 10 32  4.410 1.6   1
    73786  37.288619 -121.670589     3.571      -28.9     -190.8      -76.9     43.3     47.6    140.3 1986  6  1 10 51 31.460 1.2   1
    77218  37.288448 -121.668490     3.047      157.5     -209.3     -601.7      6.6      5.0     16.0 1986  7 25  9 22 50.290 2.3   1
    81017  37.290186 -121.670142     3.125       10.8      -16.7     -523.3      9.7     11.7     34.0 1986  9  2  7 24 15.870 0.8   1
    82606  37.290739 -121.668848     3.346      125.4       44.9     -301.8     34.8     59.9    128.1 1986  9 15 20 17 49.920 2.7   1
    83805  37.289535 -121.669238     3.075       91.1      -88.8     -573.5      7.8      7.2     19.7 1986  9 25 12  1 52.830 1.4   1
    88698  37.290238 -121.670117     3.150       12.7      -11.0     -498.0      9.4      8.5     24.3 1986 11 25 13  0 35.660 1.0   1
   101361  37.288468 -121.668359     3.009      169.0     -207.3     -639.5      5.5      4.8     12.5 1987  6  3  6 56  7.740 1.9   1
   101362  37.287874 -121.667896     3.005      210.3     -273.2     -643.1      5.5      4.3     12.4 1987  6  3  6 58 51.320 1.7   1
   102776  37.290210 -121.670068     3.124       17.6      -14.0     -523.7      9.4      9.0     26.1 1987  7  7  1 44 26.990 1.0   1
   103138  37.288147 -121.668164     3.010      186.3     -243.0     -637.8      5.4      4.4     12.2 1987  7 14 19  2 57.020 1.7   1
   110939  37.288444 -121.669604     2.992       58.6     -209.8     -655.9     10.7     11.2     23.1 1988  1 15  1 56 42.310 1.4   1
   112868  37.290226 -121.669971     3.105       26.2      -12.2     -543.7      9.3      7.9     23.5 1988  2 25 10  0 17.780 0.9   1
   120788  37.289587 -121.669312     3.142       84.6      -83.2     -506.1     11.3      8.0     30.1 1988  7 23 10 42 21.740 1.5   1
   126189  37.288477 -121.668758     3.125      133.5     -206.3     -523.6      7.3      6.3     20.4 1988 11  2  3  9 12.610 1.9   1
   126292  37.287809 -121.668050     3.027      196.0     -280.5     -621.4      5.4      4.3     11.3 1988 11  3  1 30  4.280 1.7   1
   126389  37.287773 -121.667936     3.040      206.0     -284.5     -608.7      5.7      4.7     12.3 1988 11  4 13 34 34.720 1.9   1
   148939  37.287996 -121.668075     3.138      193.8     -259.7     -510.4      5.4      4.2     11.0 1989 12 13  5 33 46.080 1.6   1
   158154  37.290267 -121.670076     3.167       16.3       -7.8     -480.8      9.1      8.5     23.5 1990  5 23 11 11 37.580 1.0   1
   160503  37.288444 -121.668514     3.115      154.8     -210.0     -532.8      5.6      8.0     16.4 1990  7  5 20  4 42.800 1.7   1
   208364  37.290206 -121.669963     3.135       27.0      -14.4     -512.9      9.4      8.1     24.6 1991  3 22 11 23 27.560 1.0   1
   215747  37.287923 -121.667944     3.077      205.4     -267.6     -571.0      5.7      5.4     14.9 1991  5 29  9 45 22.620 1.8   1
   227435  37.288493 -121.669718     3.098       48.0     -204.6     -550.4     12.8     13.2     32.9 1991  8 10 17  6  5.760 1.2   1
   238704  37.288546 -121.668620     3.114      146.0     -198.5     -534.6      6.2      6.4     16.8 1991 12  3  5 24 24.980 2.0   1
   238790  37.288139 -121.668229     3.093      180.7     -243.7     -555.1      5.5      5.7     16.0 1991 12  4  0  8 49.550 1.9   1
   261841  37.290194 -121.669954     3.147       27.7      -15.6     -501.2      9.9      8.2     27.1 1992  4  6  9 39 49.410 0.9   1
   312743  37.289518 -121.669295     3.136       86.0      -90.8     -512.3      8.1      7.3     19.8 1992  8 29 17  4 29.020 1.6   1
   314921  37.287899 -121.667749     3.136      222.8     -270.4     -512.6      6.5      9.1     30.3 1992  9 11  1 22 13.650 1.1   1
   331552  37.290210 -121.670052     3.148       18.8      -13.9     -500.0      9.1      8.1     24.8 1993  1  9 17 48 38.720 1.0   1
   331635  37.289962 -121.669954     3.104       27.2      -41.5     -543.8      9.7      8.0     25.3 1993  1 10 22 13  9.440 1.2   1
 30036393  37.290304 -121.670117     3.185       12.6       -3.6     -463.4      9.2      8.9     24.6 1993 12  1  0 25 49.530 1.0   1
   399980  37.288664 -121.669637     3.151       55.6     -185.7     -497.4     12.9     12.7     30.9 1994  4  6  4 11 34.960 1.4   1
 30062741  37.288546 -121.668522     3.177      154.5     -198.8     -471.5      5.8      7.7     17.1 1994 11 16 16 50 58.150 2.0   1
 30062748  37.288936 -121.668848     3.178      125.5     -155.3     -470.2      6.9      9.6     20.2 1994 11 16 18  3 42.360 1.3   1
 30069218  37.288078 -121.667611     3.167      235.1     -250.8     -481.6      6.4      6.7     18.7 1995  3  3  9 38 49.200 1.2   1
 30069222  37.287996 -121.667676     3.160      229.3     -259.8     -487.9      6.1      5.7     16.4 1995  3  3 12 30 15.850 1.8   1
 30069457  37.287878 -121.667757     3.158      222.5     -272.6     -490.5      6.3      6.6     17.5 1995  3  7 13 19 41.960 1.3   1
 30092060  37.288082 -121.668018     3.115      199.4     -250.3     -533.4      5.8      5.5     16.0 1995 12 15 18 53 39.820 1.8   1
