    17842  37.287813 -121.667977     3.090      203.0     -280.0     -558.0     18.8     22.6     11.3 1984  4 25  4 35 19.170 1.9   1
    16751  37.289884 -121.669784     3.041       42.7      -50.3     -607.3     19.8     23.4     16.1 1984  4 27  7 48 23.500 1.0   1
    21644  37.289457 -121.669377     3.110       78.8      -97.4     -537.8     19.4     23.3     16.5 1984  6 27 14 50 38.140 1.6   1
    22271  37.292668 -121.669897     4.815       32.5      258.6     1167.2    502.5    618.4    220.1 1984  7  7  0 17  9.970 2.7   1
    23190  37.288346 -121.668612     3.062      146.2     -220.7     -586.2     18.8     22.9     10.0 1984  7 17 16 24 49.440 1.9   1
    25096  37.288485 -121.670199     3.174        5.8     -205.5     -474.1     21.1     25.0     30.3 1984  8  7  9  7  6.330 1.2   1
    28475  37.290108 -121.670459     3.179      -17.2      -25.3     -469.2     20.1     23.5     23.6 1984  9 23  8 43 14.720 1.1   1
    32049  37.287834 -121.668156     3.069      187.0     -277.7     -579.3     18.7     22.6      9.4 1984 11 18  0 28 55.240 1.7   1
    35109  37.289412 -121.669360     3.101       79.9     -102.3     -547.6     19.8     23.2     19.2 1984 12 22  4 43 44.710 1.6   1
    42349  37.287919 -121.668188     3.145      184.1     -268.4     -503.7     19.7     23.4     25.0 1985  2 28  1  9 58.300 0.8   1
    42555  37.287724 -121.667928     3.073      207.0     -290.1     -575.3     18.8     22.7     10.8 1985  3  2  6 53 56.010 1.7   1
    42559  37.288420 -121.668555     3.051      151.9     -212.9     -597.2     18.9     22.7     10.8 1985  3  2  8 55  3.470 1.9   1
    42643  37.288082 -121.668319     3.047      172.5     -250.0     -601.1     18.8     22.6     10.4 1985  3  2  8 55 29.590 2.1   1
    42560  37.288892 -121.669474     3.221       69.8     -160.5     -427.6     20.3     23.3     27.9 1985  3  2  8 58  0.480 1.2   1
    49626  37.290076 -121.670174     3.122        8.0      -28.8     -526.1     19.7     23.5     20.5 1985  6 15  1 38 57.380 0.9   1
    54084  37.288440 -121.668571     3.108      149.7     -210.3     -540.1     19.0     22.8     12.9 1985  8 28 20 35 10.100 1.6   1
    57770  37.288452 -121.670158     3.156        9.5     -209.1     -492.2     21.6     24.8     28.8 1985 10 28  3 55 38.130 1.3   1
    62514  37.287838 -121.668180     3.089      184.9     -277.2     -558.8     18.8     22.6      9.9 1985 12 31 15 50 52.230 1.7   1
    62520  37.287785 -121.668009     3.118      200.1     -283.1     -529.9     18.8     22.8     13.0 1985 12 31 18  3  3.480 1.6   1
    67820  37.289412 -121.669222     3.041       92.2     -102.5     -607.2     19.2     23.0     14.9 1986  3  8 10 32  4.410 1.6   1
    73786  37.287939 -121.669800     3.271       41.5     -265.8     -377.4     38.4     43.1    111.2 1986  6  1 10 51 31.460 1.2   1
    77218  37.288452 -121.668514     3.029      155.1     -209.2     -619.0     19.0     22.7     13.3 1986  7 25  9 22 50.290 2.3   1
    81017  37.289978 -121.670003     3.002       23.4      -39.6     -645.8     19.6     23.3     15.9 1986  9  2  7 24 15.870 0.8   1
    82606  37.292668 -121.669645     4.666       54.9      258.8     1018.2    503.0    616.8    216.6 1986  9 15 20 17 49.920 2.7   1
    83805  37.289486 -121.669246     3.016       90.2      -94.2     -632.6     19.1     23.0     13.0 1986  9 25 12  1 52.830 1.4   1
    88698  37.289998 -121.669914     3.004       30.8      -37.3     -644.4     19.4     23.1     14.2 1986 11 25 13  0 35.660 1.0   1
   101361  37.288468 -121.668384     2.994      166.6     -207.4     -654.4     18.8     22.7     10.9 1987  6  3  6 56  7.740 1.9   1
   101362  37.287874 -121.667920     2.996      208.0     -273.4     -652.6     18.8     22.6     10.8 1987  6  3  6 58 51.320 1.7   1
   102776  37.290002 -121.669906     2.991       31.8      -37.1     -657.6     19.4     23.2     15.6 1987  7  7  1 44 26.990 1.0   1
   103138  37.288147 -121.668197     3.000      183.2     -243.2     -648.5     18.7     22.6     10.6 1987  7 14 19  2 57.020 1.7   1
   110939  37.288399 -121.669653     2.966       54.1     -215.0     -682.5     20.0     24.2     19.3 1988  1 15  1 56 42.310 1.4   1
   112868  37.290043 -121.669816     2.973       39.3      -32.5     -675.1     19.3     23.1     14.1 1988  2 25 10  0 17.780 0.9   1
   120788  37.289457 -121.669157     3.035       98.1      -97.7     -612.9     19.5     23.0     17.8 1988  7 23 10 42 21.740 1.5   1
   126189  37.288411 -121.668604     3.023      147.5     -213.5     -625.0     18.9     22.7     12.5 1988 11  2  3  9 12.610 1.9   1
   126292  37.287817 -121.668075     3.016      194.1     -279.6     -632.3     18.7     22.6     10.0 1988 11  3  1 30  4.280 1.7   1
   126389  37.287760 -121.667944     3.024      205.7     -285.9     -623.9     18.8     22.6     10.6 1988 11  4 13 34 34.720 1.9   1
   148939  37.287899 -121.668009     3.089      199.9     -270.5     -559.2     18.8     22.6     10.9 1989 12 13  5 33 46.080 1.6   1
   158154  37.290047 -121.669963     3.082       26.6      -32.2     -566.1     19.4     23.4     17.1 1990  5 23 11 11 37.580 1.0   1
   160503  37.288432 -121.668522     3.116      154.7     -211.5     -532.4     18.8     22.9     10.1 1990  7  5 20  4 42.800 1.7   1
   208364  37.290043 -121.669906     3.079       32.0      -32.4     -569.2     19.4     23.1     13.9 1991  3 22 11 23 27.560 1.0   1
   215747  37.287960 -121.667985     3.092      202.1     -263.7     -555.9     18.8     22.6     10.1 1991  5 29  9 45 22.620 1.8   1
   227435  37.288371 -121.669735     3.059       46.7     -217.9     -589.3     20.9     24.8     27.7 1991  8 10 17  6  5.760 1.2   1
   238704  37.288550 -121.668636     3.112      144.2     -198.3     -535.8     18.8     22.7     10.3 1991 12  3  5 24 24.980 2.0   1
   238790  37.288106 -121.668221     3.075      181.1     -247.3     -572.9     18.8     22.8     13.0 1991 12  4  0  8 49.550 1.9   1
   261841  37.290023 -121.669881     3.092       33.6      -34.8     -556.7     19.5     23.1     15.3 1992  4  6  9 39 49.410 0.9   1
   312743  37.289412 -121.669312     3.119       84.6     -102.3     -529.2     19.1     23.0     13.1 1992  8 29 17  4 29.020 1.6   1
   314921  37.287858 -121.667757     3.131      221.9     -275.0     -517.2     18.9     22.7     12.6 1992  9 11  1 22 13.650 1.1   1
   331552  37.290031 -121.669987     3.078       24.3      -34.0     -570.0     19.3     23.1     13.3 1993  1  9 17 48 38.720 1.0   1
   331635  37.289852 -121.670011     3.071       22.7      -53.9     -577.0     19.4     23.1     15.0 1993  1 10 22 13  9.440 1.2   1
 30036393  37.290080 -121.670011     3.099       22.3      -28.7     -549.5     19.5     23.5     18.1 1993 12  1  0 25 49.530 1.0   1
   399980  37.288550 -121.669629     3.108       56.1     -198.3     -540.1     20.9     24.6     26.1 1994  4  6  4 11 34.960 1.4   1
 30062741  37.288505 -121.668522     3.156      154.5     -203.0     -492.4     18.8     23.1     14.1 1994 11 16 16 50 58.150 2.0   1
 30062748  37.288855 -121.668848     3.149      125.3     -164.5     -499.0     19.0     23.6     16.4 1994 11 16 18  3 42.360 1.3   1
 30069218  37.288021 -121.667611     3.145      235.4     -256.8     -502.9     18.9     23.0     15.0 1995  3  3  9 38 49.200 1.2   1
 30069222  37.287935 -121.667660     3.139      231.0     -266.6     -509.3     18.9     22.8     13.3 1995  3  3 12 30 15.850 1.8   1
 30069457  37.287834 -121.667749     3.136      222.7     -277.9     -512.1     18.9     22.9     14.0 1995  3  7 13 19 41.960 1.3   1
 30092060  37.288074 -121.668026     3.113      198.2     -251.1     -535.0     18.8     22.6      9.6 1995 12 15 18 53 39.820 1.8   1
