    17842  37.287809 -121.667936     3.077      206.1     -280.4     -571.2     16.8     17.7     11.0 1984  4 25  4 35 19.170 1.9   1
    16751  37.289897 -121.669784     3.029       42.9      -48.8     -619.7     18.0     18.6     16.0 1984  4 27  7 48 23.500 1.0   1
    21644  37.289449 -121.669360     3.093       80.2      -98.3     -555.4     17.5     18.5     16.6 1984  6 27 14 50 38.140 1.6   1
    22271  37.292814 -121.670117     5.094       12.9      275.0     1446.0    445.7    480.7    167.6 1984  7  7  0 17  9.970 2.7   1
    23190  37.288346 -121.668587     3.049      148.5     -220.9     -599.1     16.8     18.0      9.7 1984  7 17 16 24 49.440 1.9   1
    25096  37.288456 -121.670304     3.201       -3.8     -208.7     -447.5     19.1     20.6     29.4 1984  8  7  9  7  6.330 1.2   1
    28475  37.290120 -121.670500     3.182      -20.9      -23.7     -465.8     18.4     18.7     24.6 1984  9 23  8 43 14.720 1.1   1
    32049  37.287830 -121.668123     3.057      189.8     -278.1     -590.8     16.7     17.6      9.2 1984 11 18  0 28 55.240 1.7   1
    35109  37.289408 -121.669352     3.084       80.9     -103.0     -564.0     17.9     18.4     19.3 1984 12 22  4 43 44.710 1.6   1
    42349  37.287911 -121.668123     3.126      189.6     -269.3     -522.0     17.7     18.7     24.4 1985  2 28  1  9 58.300 0.8   1
    42555  37.287720 -121.667904     3.062      209.5     -290.4     -586.2     16.8     17.8     10.5 1985  3  2  6 53 56.010 1.7   1
    42559  37.288411 -121.668514     3.038      155.0     -213.6     -610.4     16.9     17.8     10.5 1985  3  2  8 55  3.470 1.9   1
    42643  37.288082 -121.668286     3.035      175.1     -250.0     -612.8     16.8     17.7     10.2 1985  3  2  8 55 29.590 2.1   1
    42560  37.288908 -121.669556     3.243       62.9     -158.4     -405.6     18.5     18.6     28.2 1985  3  2  8 58  0.480 1.2   1
    49626  37.290080 -121.670158     3.109        9.0      -28.6     -539.4     17.8     18.7     20.3 1985  6 15  1 38 57.380 0.9   1
    54084  37.288424 -121.668530     3.096      154.0     -212.2     -552.7     17.0     18.0     12.8 1985  8 28 20 35 10.100 1.6   1
    57770  37.288428 -121.670296     3.188       -2.8     -212.0     -460.1     19.7     20.4     27.6 1985 10 28  3 55 38.130 1.3   1
    62514  37.287834 -121.668148     3.075      187.7     -277.6     -572.9     16.7     17.6      9.6 1985 12 31 15 50 52.230 1.7   1
    62520  37.287777 -121.667977     3.107      203.0     -284.1     -541.1     16.8     17.9     12.9 1985 12 31 18  3  3.480 1.6   1
    67820  37.289417 -121.669222     3.026       92.3     -102.1     -622.6     17.3     18.1     14.6 1986  3  8 10 32  4.410 1.6   1
    73786  37.287919 -121.669873     3.290       34.6     -268.4     -358.4     37.8     40.8    112.5 1986  6  1 10 51 31.460 1.2   1
    77218  37.288448 -121.668481     3.016      158.1     -209.4     -631.8     17.0     17.8     13.0 1986  7 25  9 22 50.290 2.3   1
    81017  37.289998 -121.669979     2.989       25.1      -37.4     -659.4     17.7     18.5     15.7 1986  9  2  7 24 15.870 0.8   1
    82606  37.292839 -121.669914     4.882       31.1      277.8     1233.6    445.7    479.0    183.8 1986  9 15 20 17 49.920 2.7   1
    83805  37.289498 -121.669238     3.000       90.8      -93.1     -647.7     17.1     18.1     12.7 1986  9 25 12  1 52.830 1.4   1
    88698  37.290015 -121.669914     2.990       31.3      -35.6     -658.1     17.5     18.3     14.0 1986 11 25 13  0 35.660 1.0   1
   101361  37.288464 -121.668351     2.981      169.7     -207.8     -666.8     16.8     17.8     10.6 1987  6  3  6 56  7.740 1.9   1
   101362  37.287874 -121.667887     2.985      210.9     -273.4     -663.2     16.7     17.6     10.5 1987  6  3  6 58 51.320 1.7   1
   102776  37.290015 -121.669897     2.978       32.4      -35.6     -670.5     17.5     18.4     15.4 1987  7  7  1 44 26.990 1.0   1
   103138  37.288143 -121.668164     2.989      186.3     -243.6     -659.7     16.7     17.7     10.3 1987  7 14 19  2 57.020 1.7   1
   110939  37.288334 -121.669727     2.981       47.6     -222.3     -667.5     18.1     19.7     19.7 1988  1 15  1 56 42.310 1.4   1
   112868  37.290055 -121.669816     2.960       39.7      -31.1     -688.1     17.4     18.2     13.9 1988  2 25 10  0 17.780 0.9   1
   120788  37.289461 -121.669157     3.021       98.0      -97.0     -626.8     17.6     18.1     17.6 1988  7 23 10 42 21.740 1.5   1
   126189  37.288399 -121.668547     3.003      152.0     -215.1     -645.2     16.9     17.7     11.9 1988 11  2  3  9 12.610 1.9   1
   126292  37.287813 -121.668042     3.005      196.8     -279.8     -643.4     16.7     17.6      9.7 1988 11  3  1 30  4.280 1.7   1
   126389  37.287756 -121.667904     3.013      209.1     -286.1     -635.5     16.8     17.7     10.3 1988 11  4 13 34 34.720 1.9   1
   148939  37.287939 -121.668018     3.095      199.1     -265.9     -553.4     16.8     17.7     10.0 1989 12 13  5 33 46.080 1.6   1
   158154  37.290039 -121.669946     3.064       28.5      -33.0     -583.9     17.6     18.6     17.2 1990  5 23 11 11 37.580 1.0   1
   160503  37.288359 -121.668441     3.076      161.3     -219.6     -572.5     16.8     18.5     13.8 1990  7  5 20  4 42.800 1.7   1
   208364  37.290068 -121.669914     3.072       31.4      -29.7     -576.3     17.4     18.2     13.1 1991  3 22 11 23 27.560 1.0   1
   215747  37.287992 -121.667977     3.093      202.9     -260.3     -554.8     16.7     17.7      9.3 1991  5 29  9 45 22.620 1.8   1
   227435  37.288387 -121.669881     3.118       33.9     -216.2     -530.1     18.3     19.8     18.2 1991  8 10 17  6  5.760 1.2   1
   238704  37.288493 -121.668571     3.077      150.2     -204.5     -571.4     16.9     18.0     13.6 1991 12  3  5 24 24.980 2.0   1
   238790  37.288171 -121.668229     3.096      180.5     -240.4     -552.2     16.7     17.7      9.6 1991 12  4  0  8 49.550 1.9   1
   261841  37.289986 -121.669816     3.045       39.6      -38.8     -602.8     17.8     18.5     20.3 1992  4  6  9 39 49.410 0.9   1
   312743  37.289376 -121.669230     3.072       91.5     -106.7     -576.3     17.4     18.4     15.8 1992  8 29 17  4 29.020 1.6   1
   314921  37.287817 -121.667716     3.095      226.1     -279.7     -553.0     17.0     18.9     25.9 1992  9 11  1 22 13.650 1.1   1
   331552  37.290043 -121.669987     3.066       24.6      -32.5     -582.2     17.4     18.2     12.9 1993  1  9 17 48 38.720 1.0   1
   331635  37.289860 -121.670011     3.057       22.0      -52.9     -591.0     17.6     18.2     14.7 1993  1 10 22 13  9.440 1.2   1
 30036393  37.290072 -121.670003     3.084       23.3      -29.2     -563.9     17.6     18.7     18.2 1993 12  1  0 25 49.530 1.0   1
   399980  37.288517 -121.669735     3.131       46.9     -202.1     -516.9     18.9     20.1     24.4 1994  4  6  4 11 34.960 1.4   1
 30062741  37.288485 -121.668481     3.143      158.3     -205.6     -505.6     16.8     18.4     14.1 1994 11 16 16 50 58.150 2.0   1
 30062748  37.288822 -121.668815     3.137      128.6     -168.2     -511.0     17.0     19.0     16.4 1994 11 16 18  3 42.360 1.3   1
 30069218  37.288017 -121.667578     3.136      237.8     -257.3     -511.9     16.9     18.1     15.0 1995  3  3  9 38 49.200 1.2   1
 30069222  37.287923 -121.667627     3.129      234.1     -268.0     -519.1     16.9     17.9     13.2 1995  3  3 12 30 15.850 1.8   1
 30069457  37.287821 -121.667733     3.128      224.6     -278.9     -520.4     16.9     18.1     14.0 1995  3  7 13 19 41.960 1.3   1
 30092060  37.288045 -121.667985     3.091      201.9     -254.2     -557.7     16.8     17.9     12.8 1995 12 15 18 53 39.820 1.8   1
