    17842  37.287850 -121.667887     3.123      210.5     -275.9     -525.1      8.7      8.8     24.3 1984  4 25  4 35 19.170 1.9   1
    16751  37.289913 -121.669840     3.164       37.2      -47.0     -484.0     13.1     11.6     27.7 1984  4 27  7 48 23.500 1.0   1
    21644  37.289555 -121.669328     3.188       82.9      -86.9     -460.5     11.3     11.3     28.2 1984  6 27 14 50 38.140 1.6   1
    22271  37.289937 -121.669198     2.976       94.8      -44.2     -672.4     49.5     61.8    124.0 1984  7  7  0 17  9.970 2.7   1
    23190  37.288338 -121.668465     3.082      159.8     -221.7     -566.5      7.8      9.0     16.3 1984  7 17 16 24 49.440 1.9   1
    25096  37.288623 -121.669474     2.961       69.8     -190.0     -687.5     15.6     18.5     49.5 1984  8  7  9  7  6.330 1.2   1
    28475  37.290039 -121.670288     3.101       -2.4      -33.2     -547.3     13.0     10.1     31.0 1984  9 23  8 43 14.720 1.1   1
    32049  37.287821 -121.668034     3.086      198.0     -278.9     -561.9      7.4      6.4     15.2 1984 11 18  0 28 55.240 1.7   1
    35109  37.289376 -121.669076     3.102      105.0     -106.4     -545.8     10.6      8.5     26.9 1984 12 22  4 43 44.710 1.6   1
    42349  37.287895 -121.668042     3.158      197.3     -271.1     -490.2     12.5     13.0     39.7 1985  2 28  1  9 58.300 0.8   1
    42555  37.287744 -121.667839     3.109      214.7     -287.7     -539.1      8.6      9.1     24.1 1985  3  2  6 53 56.010 1.7   1
    42559  37.288399 -121.668400     3.069      165.2     -215.0     -579.5      8.6      7.3     17.9 1985  3  2  8 55  3.470 1.9   1
    42643  37.288066 -121.668205     3.063      182.9     -251.9     -584.9      7.8      7.0     17.4 1985  3  2  8 55 29.590 2.1   1
    42560  37.288802 -121.668962     3.136      115.8     -170.0     -512.6     10.9     11.4     33.9 1985  3  2  8 58  0.480 1.2   1
    49626  37.290613 -121.670907     3.415      -57.0       30.5     -233.6     13.5     12.3     35.4 1985  6 15  1 38 57.380 0.9   1
    54084  37.288452 -121.668433     3.126      162.2     -209.0     -522.3      9.1      8.8     22.6 1985  8 28 20 35 10.100 1.6   1
    57770  37.288660 -121.669491     2.994       68.6     -186.2     -654.1     15.7     18.8     42.6 1985 10 28  3 55 38.130 1.3   1
    62514  37.287862 -121.668091     3.125      192.8     -274.6     -523.5      8.3      8.0     21.9 1985 12 31 15 50 52.230 1.7   1
    62520  37.287805 -121.667904     3.137      209.5     -280.8     -511.5      8.5      8.3     23.0 1985 12 31 18  3  3.480 1.6   1
    67820  37.289441 -121.669124     3.118      100.8      -99.6     -530.1     10.7      9.1     26.0 1986  3  8 10 32  4.410 1.6   1
    73786  37.288277 -121.668294     2.808      174.6     -228.3     -840.3     41.4     54.1    147.9 1986  6  1 10 51 31.460 1.2   1
    77218  37.288436 -121.668376     3.046      167.6     -210.7     -601.8      9.4      7.4     23.2 1986  7 25  9 22 50.290 2.3   1
    81017  37.290373 -121.670728     3.277      -41.3        4.1     -371.6     13.4     17.0     47.0 1986  9  2  7 24 15.870 0.8   1
    82606  37.288802 -121.669206     2.677       94.1     -170.4     -970.9     50.1     82.7    171.2 1986  9 15 20 17 49.920 2.7   1
    83805  37.289567 -121.669287     3.129       86.9      -85.5     -519.4     10.9     10.3     27.2 1986  9 25 12  1 52.830 1.4   1
    88698  37.290710 -121.671370     3.513      -98.2       41.8     -135.3     11.4     15.9     30.5 1986 11 25 13  0 35.660 1.0   1
   101361  37.288375 -121.668245     3.031      179.3     -217.8     -617.5      8.5      9.3     23.5 1987  6  3  6 56  7.740 1.9   1
   101362  37.287862 -121.667790     3.008      219.4     -274.6     -639.9      7.8      6.5     17.8 1987  6  3  6 58 51.320 1.7   1
   102776  37.290552 -121.670752     3.338      -43.0       23.7     -310.6     12.9     12.5     34.0 1987  7  7  1 44 26.990 1.0   1
   103138  37.288135 -121.668066     3.016      194.7     -244.5     -632.6      7.6      6.6     17.5 1987  7 14 19  2 57.020 1.7   1
   110939  37.288684 -121.669214     2.885       93.1     -183.3     -763.6     14.7     18.4     44.8 1988  1 15  1 56 42.310 1.4   1
   112868  37.290719 -121.671468     3.525     -106.5       42.7     -123.3     11.0     15.9     29.9 1988  2 25 10  0 17.780 0.9   1
   120788  37.289579 -121.669271     3.176       87.8      -84.1     -472.2     16.0     11.5     42.8 1988  7 23 10 42 21.740 1.5   1
   126189  37.288428 -121.668587     3.103      148.9     -211.7     -545.6     10.3      9.1     29.3 1988 11  2  3  9 12.610 1.9   1
   126292  37.287797 -121.667952     3.031      204.9     -281.6     -617.5      7.6      6.5     16.4 1988 11  3  1 30  4.280 1.7   1
   126389  37.287748 -121.667855     3.064      213.7     -287.0     -584.4      8.4      8.7     23.5 1988 11  4 13 34 34.720 1.9   1
   148939  37.287984 -121.667985     3.141      202.3     -261.2     -507.5      7.7      6.4     15.8 1989 12 13  5 33 46.080 1.6   1
   158154  37.290588 -121.670776     3.384      -45.6       27.9     -264.1     12.4     11.8     29.9 1990  5 23 11 11 37.580 1.0   1
   160503  37.288399 -121.668384     3.105      166.8     -214.8     -543.2      8.0     11.6     23.2 1990  7  5 20  4 42.800 1.7   1
   208364  37.290556 -121.670695     3.368      -38.2       24.6     -280.1     12.9     11.2     31.4 1991  3 22 11 23 27.560 1.0   1
   215747  37.287899 -121.667822     3.071      216.2     -270.4     -577.0      8.1      8.0     21.4 1991  5 29  9 45 22.620 1.8   1
   227435  37.288774 -121.669385     3.044       78.3     -173.3     -604.4     14.7     18.7     40.5 1991  8 10 17  6  5.760 1.2   1
   238704  37.288513 -121.668490     3.105      157.3     -202.5     -543.5      8.8      9.3     24.1 1991 12  3  5 24 24.980 2.0   1
   238790  37.288106 -121.668099     3.085      191.9     -247.3     -563.1      7.8      8.3     22.8 1991 12  4  0  8 49.550 1.9   1
   261841  37.290499 -121.670605     3.349      -30.0       18.2     -298.9     13.6     11.3     35.9 1992  4  6  9 39 49.410 0.9   1
   312743  37.289518 -121.669352     3.188       80.9      -90.9     -460.3     11.4     10.4     27.4 1992  8 29 17  4 29.020 1.6   1
   314921  37.287846 -121.667627     3.120      234.0     -276.3     -528.7      9.2     13.0     42.8 1992  9 11  1 22 13.650 1.1   1
   331552  37.290572 -121.670760     3.385      -44.1       26.1     -263.3     12.4     11.3     31.8 1993  1  9 17 48 38.720 1.0   1
   331635  37.290181 -121.670337     3.250       -6.6      -17.2     -398.2     13.4     11.3     34.6 1993  1 10 22 13  9.440 1.2   1
 30036393  37.290605 -121.670785     3.392      -45.9       29.7     -256.1     12.6     12.4     31.7 1993 12  1  0 25 49.530 1.0   1
   399980  37.288831 -121.669198     3.049       94.7     -167.2     -598.8     14.5     18.3     41.4 1994  4  6  4 11 34.960 1.4   1
 30062741  37.288391 -121.668359     3.151      169.1     -216.1     -497.6      7.8      9.1     16.7 1994 11 16 16 50 58.150 2.0   1
 30062748  37.288904 -121.668685     3.168      139.6     -158.9     -480.4      9.7     14.0     29.1 1994 11 16 18  3 42.360 1.3   1
 30069218  37.288045 -121.667497     3.160      245.6     -254.2     -487.9      9.0      9.7     26.4 1995  3  3  9 38 49.200 1.2   1
 30069222  37.287964 -121.667562     3.154      239.5     -263.3     -494.4      8.7      8.3     23.5 1995  3  3 12 30 15.850 1.8   1
 30069457  37.287801 -121.667619     3.149      234.7     -281.1     -498.8      8.4      7.9     19.3 1995  3  7 13 19 41.960 1.3   1
 30092060  37.288078 -121.667920     3.135      207.5     -250.9     -513.4      7.8      6.4     16.0 1995 12 15 18 53 39.820 1.8   1
