    17842  37.287801 -121.667944     3.046      205.4     -281.3     -602.0     16.2     16.6     10.0 1984  4 25  4 35 19.170 1.9   1
    16751  37.289893 -121.669800     3.008       41.2      -49.1     -639.9     17.5     17.6     15.5 1984  4 27  7 48 23.500 1.0   1
    21644  37.289437 -121.669393     3.075       77.0      -99.6     -573.0     17.1     17.5     17.2 1984  6 27 14 50 38.140 1.6   1
    22271  37.293542 -121.670101     5.822       14.7      355.9     2173.3    429.1    450.9    219.1 1984  7  7  0 17  9.970 2.7   1
    23190  37.288354 -121.668579     3.016      149.0     -220.0     -632.2     16.2     16.8      8.9 1984  7 17 16 24 49.440 1.9   1
    25096  37.288342 -121.670361     3.191       -8.5     -221.3     -457.7     19.5     20.9     34.2 1984  8  7  9  7  6.330 1.2   1
    28475  37.290104 -121.670605     3.182      -30.1      -25.9     -466.3     19.6     18.5     36.6 1984  9 23  8 43 14.720 1.1   1
    32049  37.287826 -121.668132     3.026      188.8     -278.8     -622.7     16.2     16.5      8.3 1984 11 18  0 28 55.240 1.7   1
    35109  37.289388 -121.669287     3.016       86.5     -105.1     -632.5     16.9     17.0     14.8 1984 12 22  4 43 44.710 1.6   1
    42349  37.287911 -121.668091     3.082      192.5     -269.1     -566.7     16.9     17.6     22.3 1985  2 28  1  9 58.300 0.8   1
    42555  37.287724 -121.667904     3.032      209.3     -290.1     -616.5     16.2     16.6      9.6 1985  3  2  6 53 56.010 1.7   1
    42559  37.288416 -121.668514     3.006      154.9     -213.0     -642.2     16.3     16.6      9.7 1985  3  2  8 55  3.470 1.9   1
    42643  37.288082 -121.668294     3.005      174.9     -250.0     -643.2     16.2     16.6      9.2 1985  3  2  8 55 29.590 2.1   1
    42560  37.289010 -121.669743     3.264       46.0     -147.2     -384.2     21.6     21.8     49.7 1985  3  2  8 58  0.480 1.2   1
    49626  37.290051 -121.670142     3.085       10.9      -31.6     -563.2     17.4     17.7     19.9 1985  6 15  1 38 57.380 0.9   1
    54084  37.288411 -121.668514     3.044      154.9     -213.6     -603.8     16.2     16.6      9.1 1985  8 28 20 35 10.100 1.6   1
    57770  37.288314 -121.670378     3.179       -9.9     -224.6     -469.4     19.6     20.5     29.7 1985 10 28  3 55 38.130 1.3   1
    62514  37.287830 -121.668164     3.045      186.4     -278.0     -603.2     16.2     16.5      8.7 1985 12 31 15 50 52.230 1.7   1
    62520  37.287748 -121.667952     3.055      204.9     -287.2     -592.9     16.2     16.6      9.3 1985 12 31 18  3  3.480 1.6   1
    67820  37.289425 -121.669238     3.001       91.2     -101.2     -646.8     16.8     17.1     14.0 1986  3  8 10 32  4.410 1.6   1
    73786  37.287760 -121.669784     3.240       42.5     -286.0     -408.2     44.9     44.0    138.8 1986  6  1 10 51 31.460 1.2   1
    77218  37.288452 -121.668490     2.988      157.6     -209.0     -660.5     16.4     16.6     12.0 1986  7 25  9 22 50.290 2.3   1
    81017  37.289998 -121.669946     2.964       28.2      -37.7     -684.0     17.2     17.5     14.7 1986  9  2  7 24 15.870 0.8   1
    82606  37.293652 -121.669881     5.726       33.7      367.8     2077.5    428.7    446.2    236.7 1986  9 15 20 17 49.920 2.7   1
    83805  37.289502 -121.669230     2.974       91.3      -92.4     -674.0     16.7     17.1     12.6 1986  9 25 12  1 52.830 1.4   1
    88698  37.290007 -121.669881     2.963       33.6      -36.5     -685.1     17.1     17.3     13.2 1986 11 25 13  0 35.660 1.0   1
   101361  37.288472 -121.668351     2.953      169.5     -207.0     -694.9     16.2     16.7     10.4 1987  6  3  6 56  7.740 1.9   1
   101362  37.287878 -121.667896     2.957      209.9     -272.9     -691.7     16.2     16.6      9.9 1987  6  3  6 58 51.320 1.7   1
   102776  37.290002 -121.669881     2.954       34.3      -36.8     -694.7     17.1     17.4     14.4 1987  7  7  1 44 26.990 1.0   1
   103138  37.288147 -121.668172     2.959      185.5     -243.1     -689.4     16.2     16.6      9.8 1987  7 14 19  2 57.020 1.7   1
   110939  37.288204 -121.669849     2.983       36.8     -236.8     -665.1     19.1     20.0     27.4 1988  1 15  1 56 42.310 1.4   1
   112868  37.290039 -121.669800     2.935       41.2      -32.8     -713.2     17.0     17.3     13.2 1988  2 25 10  0 17.780 0.9   1
   120788  37.289461 -121.669189     2.999       95.2      -97.0     -649.5     17.1     17.1     16.3 1988  7 23 10 42 21.740 1.5   1
   126189  37.288399 -121.668547     2.970      152.4     -215.1     -678.6     16.3     16.6     11.2 1988 11  2  3  9 12.610 1.9   1
   126292  37.287813 -121.668058     2.974      195.5     -279.8     -674.0     16.2     16.5      8.9 1988 11  3  1 30  4.280 1.7   1
   126389  37.287760 -121.667912     2.982      208.6     -286.0     -665.9     16.2     16.6      9.6 1988 11  4 13 34 34.720 1.9   1
   148939  37.287838 -121.667928     3.021      206.9     -277.4     -627.2     16.3     16.7     11.4 1989 12 13  5 33 46.080 1.6   1
   158154  37.289998 -121.669914     3.038       31.3      -37.6     -610.4     17.1     17.6     16.5 1990  5 23 11 11 37.580 1.0   1
   160503  37.288310 -121.668433     3.041      162.2     -224.8     -607.0     16.2     17.3     12.9 1990  7  5 20  4 42.800 1.7   1
   208364  37.289958 -121.669808     3.009       40.2      -42.0     -639.6     17.2     17.5     16.9 1991  3 22 11 23 27.560 1.0   1
   215747  37.288009 -121.667993     3.071      201.6     -258.4     -577.0     16.2     16.5      8.3 1991  5 29  9 45 22.620 1.8   1
   227435  37.288273 -121.669963     3.120       27.0     -228.9     -527.9     18.4     19.8     21.5 1991  8 10 17  6  5.760 1.2   1
   238704  37.288472 -121.668547     3.045      152.6     -206.9     -603.6     16.3     16.9     12.6 1991 12  3  5 24 24.980 2.0   1
   238790  37.288074 -121.668188     3.034      184.1     -251.1     -614.1     16.2     16.7     11.8 1991 12  4  0  8 49.550 1.9   1
   261841  37.289941 -121.669767     3.013       43.8      -43.8     -634.8     17.3     17.6     19.4 1992  4  6  9 39 49.410 0.9   1
   312743  37.289372 -121.669206     3.049       93.6     -107.2     -599.6     16.9     17.4     15.7 1992  8 29 17  4 29.020 1.6   1
   314921  37.287797 -121.667700     3.063      227.1     -281.9     -584.8     16.4     17.8     24.8 1992  9 11  1 22 13.650 1.1   1
   331552  37.289966 -121.669930     3.022       29.9      -41.3     -626.2     17.1     17.5     17.2 1993  1  9 17 48 38.720 1.0   1
   331635  37.289864 -121.670036     3.044       20.5      -52.6     -604.1     17.1     17.3     13.5 1993  1 10 22 13  9.440 1.2   1
 30036393  37.290031 -121.669971     3.057       25.8      -33.7     -591.5     17.2     17.7     17.5 1993 12  1  0 25 49.530 1.0   1
   399980  37.288367 -121.669816     3.137       39.5     -218.8     -511.6     18.2     19.7     20.2 1994  4  6  4 11 34.960 1.4   1
 30062741  37.288440 -121.668457     3.110      160.2     -210.2     -537.9     16.3     17.2     13.8 1994 11 16 16 50 58.150 2.0   1
 30062748  37.288786 -121.668799     3.110      129.7     -172.2     -537.8     16.5     18.0     16.6 1994 11 16 18  3 42.360 1.3   1
 30069218  37.287996 -121.667586     3.110      237.3     -259.8     -537.9     16.4     17.0     14.2 1995  3  3  9 38 49.200 1.2   1
 30069222  37.287907 -121.667603     3.103      235.7     -269.6     -545.4     16.3     16.8     12.5 1995  3  3 12 30 15.850 1.8   1
 30069457  37.287817 -121.667725     3.104      225.4     -279.6     -544.2     16.4     17.0     13.6 1995  3  7 13 19 41.960 1.3   1
 30092060  37.288017 -121.667977     3.058      202.6     -257.4     -589.7     16.2     16.7     11.6 1995 12 15 18 53 39.820 1.8   1
