    17842  37.287854 -121.667952     3.074      205.0     -275.7     -574.2     50.0     45.8     13.4 1984  4 25  4 35 19.170 1.9   1
    16751  37.289941 -121.669800     3.058       41.3      -44.0     -590.2     50.5     46.7     20.5 1984  4 27  7 48 23.500 1.0   1
    21644  37.289461 -121.669328     3.080       82.8      -97.2     -568.1     50.3     46.4     19.2 1984  6 27 14 50 38.140 1.6   1
    22271  37.291154 -121.670109     5.028       13.9       90.6     1379.9   1407.0   1281.6    655.5 1984  7  7  0 17  9.970 2.7   1
    23190  37.288391 -121.668595     3.045      148.1     -215.9     -603.5     50.0     46.0     12.6 1984  7 17 16 24 49.440 1.9   1
    25096  37.288538 -121.670174     3.150        7.8     -199.7     -497.8     51.9     48.3     41.6 1984  8  7  9  7  6.330 1.2   1
    28475  37.290206 -121.670524     3.202      -22.9      -14.5     -446.4     51.9     47.2     46.2 1984  9 23  8 43 14.720 1.1   1
    32049  37.287874 -121.668140     3.056      188.1     -273.1     -592.4     50.0     45.7     12.3 1984 11 18  0 28 55.240 1.7   1
    35109  37.289433 -121.669271     3.051       88.2     -100.1     -597.5     50.3     46.4     19.7 1984 12 22  4 43 44.710 1.6   1
    42349  37.287919 -121.668026     3.069      198.3     -268.4     -579.6     50.2     46.0     21.2 1985  2 28  1  9 58.300 0.8   1
    42555  37.287769 -121.667904     3.061      209.1     -285.0     -587.1     50.0     45.8     13.1 1985  3  2  6 53 56.010 1.7   1
    42559  37.288472 -121.668530     3.036      154.0     -206.8     -612.0     50.0     45.9     13.3 1985  3  2  8 55  3.470 1.9   1
    42643  37.288139 -121.668294     3.036      174.4     -243.8     -611.9     50.0     45.8     12.9 1985  3  2  8 55 29.590 2.1   1
    42560  37.289001 -121.669572     3.234       61.5     -148.1     -413.7     54.6     55.1     69.0 1985  3  2  8 58  0.480 1.2   1
    49626  37.290157 -121.670190     3.133        6.5      -20.1     -515.5     50.4     46.7     23.3 1985  6 15  1 38 57.380 0.9   1
    54084  37.288464 -121.668514     3.071      154.9     -207.7     -577.2     50.0     45.9     12.7 1985  8 28 20 35 10.100 1.6   1
    57770  37.288497 -121.670150     3.135        9.9     -204.2     -513.2     52.0     48.2     38.0 1985 10 28  3 55 38.130 1.3   1
    62514  37.287882 -121.668156     3.074      186.6     -272.3     -573.8     50.0     45.7     12.5 1985 12 31 15 50 52.230 1.7   1
    62520  37.287793 -121.667952     3.082      205.0     -282.1     -565.8     50.0     45.8     12.8 1985 12 31 18  3  3.480 1.6   1
    67820  37.289465 -121.669206     3.037       93.5      -96.6     -611.4     50.2     46.4     18.7 1986  3  8 10 32  4.410 1.6   1
    73786  37.287964 -121.669621     3.217       56.9     -263.3     -431.7     66.6     61.4    139.7 1986  6  1 10 51 31.460 1.2   1
    77218  37.288505 -121.668473     3.013      158.4     -203.3     -634.8     50.1     45.9     15.1 1986  7 25  9 22 50.290 2.3   1
    81017  37.290035 -121.669979     3.009       25.1      -33.2     -639.4     50.3     46.7     20.5 1986  9  2  7 24 15.870 0.8   1
    82606  37.291431 -121.670459     4.822      -17.4      121.4     1173.3   1387.1   1267.9    669.1 1986  9 15 20 17 49.920 2.7   1
    83805  37.289547 -121.669230     3.012       91.9      -87.8     -635.9     50.2     46.4     17.8 1986  9 25 12  1 52.830 1.4   1
    88698  37.290063 -121.669906     3.012       31.9      -30.3     -635.7     50.3     46.6     19.7 1986 11 25 13  0 35.660 1.0   1
   101361  37.288521 -121.668359     2.982      169.2     -201.3     -666.4     50.0     45.9     13.7 1987  6  3  6 56  7.740 1.9   1
   101362  37.287923 -121.667896     2.985      209.9     -267.6     -662.9     50.0     45.8     13.5 1987  6  3  6 58 51.320 1.7   1
   102776  37.290055 -121.669914     3.003       31.4      -31.1     -645.3     50.3     46.7     20.1 1987  7  7  1 44 26.990 1.0   1
   103138  37.288192 -121.668172     2.988      185.6     -237.8     -660.7     50.0     45.8     13.4 1987  7 14 19  2 57.020 1.7   1
   110939  37.288440 -121.669670     2.950       52.4     -210.3     -698.7     51.2     47.6     25.4 1988  1 15  1 56 42.310 1.4   1
   112868  37.290092 -121.669832     2.988       38.5      -26.9     -660.1     50.3     46.6     19.6 1988  2 25 10  0 17.780 0.9   1
   120788  37.289502 -121.669173     3.035       96.5      -92.5     -613.1     50.3     46.4     21.4 1988  7 23 10 42 21.740 1.5   1
   126189  37.288452 -121.668547     2.996      152.5     -209.1     -652.0     50.0     45.8     14.5 1988 11  2  3  9 12.610 1.9   1
   126292  37.287866 -121.668066     3.005      195.1     -274.2     -643.1     50.0     45.7     12.8 1988 11  3  1 30  4.280 1.7   1
   126389  37.287805 -121.667912     3.011      208.3     -280.9     -636.7     50.0     45.8     13.2 1988 11  4 13 34 34.720 1.9   1
   148939  37.287952 -121.667977     3.081      202.6     -264.6     -566.9     50.0     45.8     13.3 1989 12 13  5 33 46.080 1.6   1
   158154  37.290120 -121.670003     3.125       23.1      -24.1     -523.4     50.3     46.6     18.4 1990  5 23 11 11 37.580 1.0   1
   160503  37.288464 -121.668490     3.102      157.4     -207.6     -546.2     50.0     46.0     12.8 1990  7  5 20  4 42.800 1.7   1
   208364  37.290100 -121.669922     3.099       30.4      -26.2     -549.4     50.3     46.6     19.1 1991  3 22 11 23 27.560 1.0   1
   215747  37.288053 -121.667985     3.098      202.1     -253.4     -549.8     50.0     45.8     12.2 1991  5 29  9 45 22.620 1.8   1
   227435  37.288428 -121.669727     3.050       47.8     -211.7     -598.3     51.5     47.9     33.3 1991  8 10 17  6  5.760 1.2   1
   238704  37.288603 -121.668595     3.100      147.9     -192.4     -548.6     50.0     45.9     12.8 1991 12  3  5 24 24.980 2.0   1
   238790  37.288212 -121.668229     3.094      180.1     -235.9     -553.9     50.0     45.8     12.7 1991 12  4  0  8 49.550 1.9   1
   261841  37.290080 -121.669889     3.105       33.5      -28.3     -542.9     50.3     46.6     20.1 1992  4  6  9 39 49.410 0.9   1
   312743  37.289482 -121.669271     3.124       88.3      -95.0     -524.1     50.2     46.4     17.4 1992  8 29 17  4 29.020 1.6   1
   314921  37.287911 -121.667733     3.123      224.4     -269.0     -524.8     50.1     45.8     14.6 1992  9 11  1 22 13.650 1.1   1
   331552  37.290080 -121.669995     3.095       23.6      -28.6     -553.4     50.3     46.6     18.7 1993  1  9 17 48 38.720 1.0   1
   331635  37.289909 -121.670020     3.091       21.8      -47.4     -557.3     50.3     46.6     19.7 1993  1 10 22 13  9.440 1.2   1
 30036393  37.290137 -121.670052     3.142       18.4      -22.2     -506.7     50.3     46.6     18.8 1993 12  1  0 25 49.530 1.0   1
   399980  37.288599 -121.669637     3.102       55.8     -192.7     -546.0     51.6     47.9     32.1 1994  4  6  4 11 34.960 1.4   1
 30062741  37.288554 -121.668481     3.145      157.7     -197.9     -503.6     50.1     46.1     16.1 1994 11 16 16 50 58.150 2.0   1
 30062748  37.288879 -121.668815     3.136      128.2     -161.7     -512.1     50.2     46.5     19.0 1994 11 16 18  3 42.360 1.3   1
 30069218  37.288070 -121.667594     3.139      236.6     -251.5     -509.4     50.1     46.0     16.2 1995  3  3  9 38 49.200 1.2   1
 30069222  37.287964 -121.667619     3.135      234.3     -263.4     -513.3     50.1     45.9     12.6 1995  3  3 12 30 15.850 1.8   1
 30069457  37.287858 -121.667716     3.128      226.0     -275.0     -520.0     50.1     45.9     13.4 1995  3  7 13 19 41.960 1.3   1
 30092060  37.288123 -121.668009     3.105      199.8     -245.6     -543.6     50.0     45.8     12.3 1995 12 15 18 53 39.820 1.8   1
