    17842  37.287805 -121.668066     3.097      195.2     -280.8     -550.9     10.7     16.5     13.8 1984  4 25  4 35 19.170 1.9   1
    16751  37.289868 -121.669849     3.031       36.7      -52.0     -617.0     12.5     16.9     16.2 1984  4 27  7 48 23.500 1.0   1
    21644  37.289429 -121.669442     3.102       72.7     -100.7     -546.4     11.8     16.7     16.7 1984  6 27 14 50 38.140 1.6   1
    22271  37.293209 -121.668164     4.853      185.9      319.0     1204.4    267.6    429.1    372.3 1984  7  7  0 17  9.970 2.7   1
    23190  37.288338 -121.668685     3.061      140.3     -221.8     -586.9     10.6     16.4      9.7 1984  7 17 16 24 49.440 1.9   1
    25096  37.288501 -121.670353     3.194       -7.8     -203.7     -453.7     14.2     19.4     30.2 1984  8  7  9  7  6.330 1.2   1
    28475  37.290076 -121.670467     3.162      -18.2      -29.0     -486.7     12.8     17.0     23.1 1984  9 23  8 43 14.720 1.1   1
    32049  37.287817 -121.668213     3.065      181.5     -279.4     -583.6     10.4     16.0      9.1 1984 11 18  0 28 55.240 1.7   1
    35109  37.289384 -121.669425     3.092       74.1     -105.7     -555.9     12.3     16.6     19.4 1984 12 22  4 43 44.710 1.6   1
    42349  37.287882 -121.668237     3.136      179.5     -272.3     -511.9     12.1     17.3     25.3 1985  2 28  1  9 58.300 0.8   1
    42555  37.287712 -121.667993     3.069      201.3     -291.3     -579.2     10.6     16.1     10.6 1985  3  2  6 53 56.010 1.7   1
    42559  37.288403 -121.668620     3.050      146.0     -214.4     -598.5     10.7     16.1     10.6 1985  3  2  8 55  3.470 1.9   1
    42643  37.288074 -121.668384     3.044      166.9     -251.3     -604.3     10.5     16.1     10.1 1985  3  2  8 55 29.590 2.1   1
    42560  37.288839 -121.669466     3.193       70.7     -166.0     -455.2     12.7     17.0     26.8 1985  3  2  8 58  0.480 1.2   1
    49626  37.290047 -121.670215     3.112        4.6      -31.9     -536.1     12.4     17.0     20.8 1985  6 15  1 38 57.380 0.9   1
    54084  37.288416 -121.668620     3.102      145.4     -213.1     -546.3     10.9     16.4     13.1 1985  8 28 20 35 10.100 1.6   1
    57770  37.288468 -121.670345     3.183       -7.4     -207.1     -464.9     14.8     19.2     27.8 1985 10 28  3 55 38.130 1.3   1
    62514  37.287842 -121.668278     3.105      176.4     -277.0     -543.2     10.6     16.3     12.8 1985 12 31 15 50 52.230 1.7   1
    62520  37.287764 -121.668075     3.112      194.5     -285.6     -536.6     10.7     16.3     13.2 1985 12 31 18  3  3.480 1.6   1
    67820  37.289388 -121.669287     3.030       86.4     -105.1     -617.8     11.5     16.3     14.9 1986  3  8 10 32  4.410 1.6   1
    73786  37.287960 -121.669930     3.283       29.8     -263.9     -364.9     36.3     40.8    115.3 1986  6  1 10 51 31.460 1.2   1
    77218  37.288436 -121.668595     3.033      148.1     -211.0     -615.6     10.9     16.1     13.2 1986  7 25  9 22 50.290 2.3   1
    81017  37.289974 -121.670052     2.999       19.0      -40.4     -649.5     12.1     16.8     15.9 1986  9  2  7 24 15.870 0.8   1
    82606  37.293245 -121.667684     4.905      229.1      322.9     1257.0    266.8    427.1    561.9 1986  9 15 20 17 49.920 2.7   1
    83805  37.289465 -121.669312     3.005       84.2      -96.4     -642.8     11.2     16.3     12.9 1986  9 25 12  1 52.830 1.4   1
    88698  37.289986 -121.669979     3.001       25.5      -38.7     -647.4     11.8     16.5     14.2 1986 11 25 13  0 35.660 1.0   1
   101361  37.288456 -121.668441     2.989      161.6     -208.7     -659.0     10.6     16.1     10.6 1987  6  3  6 56  7.740 1.9   1
   101362  37.287862 -121.667977     2.991      202.6     -274.7     -657.5     10.5     16.0     10.4 1987  6  3  6 58 51.320 1.7   1
   102776  37.289990 -121.669954     2.985       27.7      -38.3     -662.9     11.8     16.6     15.7 1987  7  7  1 44 26.990 1.0   1
   103138  37.288131 -121.668245     2.994      178.7     -244.6     -654.1     10.5     16.0     10.3 1987  7 14 19  2 57.020 1.7   1
   110939  37.288383 -121.669808     2.984       40.7     -216.9     -664.1     12.8     18.5     20.0 1988  1 15  1 56 42.310 1.4   1
   112868  37.290031 -121.669865     2.968       35.2      -33.8     -680.2     11.7     16.5     14.1 1988  2 25 10  0 17.780 0.9   1
   120788  37.289437 -121.669230     3.025       91.6      -99.7     -622.8     12.0     16.3     17.9 1988  7 23 10 42 21.740 1.5   1
   126189  37.288432 -121.668815     3.093      128.3     -211.4     -555.0     11.3     16.4     17.0 1988 11  2  3  9 12.610 1.9   1
   126292  37.287801 -121.668132     3.011      188.9     -281.3     -637.3     10.5     16.0      9.6 1988 11  3  1 30  4.280 1.7   1
   126389  37.287748 -121.668001     3.020      200.3     -287.1     -628.0     10.6     16.1     10.3 1988 11  4 13 34 34.720 1.9   1
   148939  37.287830 -121.668018     3.050      199.1     -278.4     -598.1     10.7     16.2     12.7 1989 12 13  5 33 46.080 1.6   1
   158154  37.290059 -121.670036     3.099       20.1      -30.7     -549.2     11.7     16.5     12.9 1990  5 23 11 11 37.580 1.0   1
   160503  37.288346 -121.668538     3.079      152.9     -221.0     -569.3     10.6     17.0     14.1 1990  7  5 20  4 42.800 1.7   1
   208364  37.289970 -121.669897     3.040       32.6      -40.7     -608.4     12.1     16.7     18.0 1991  3 22 11 23 27.560 1.0   1
   215747  37.287870 -121.668001     3.054      200.5     -273.5     -594.6     10.6     16.3     12.4 1991  5 29  9 45 22.620 1.8   1
   227435  37.288440 -121.669971     3.125       26.0     -210.6     -523.0     13.0     18.6     18.0 1991  8 10 17  6  5.760 1.2   1
   238704  37.288485 -121.668660     3.085      141.9     -205.5     -563.6     10.8     16.4     13.9 1991 12  3  5 24 24.980 2.0   1
   238790  37.288163 -121.668319     3.105      172.1     -241.2     -543.1     10.5     16.0      9.4 1991 12  4  0  8 49.550 1.9   1
   261841  37.289958 -121.669873     3.048       34.9      -41.9     -600.6     12.4     16.8     20.8 1992  4  6  9 39 49.410 0.9   1
   312743  37.289360 -121.669336     3.072       82.0     -108.6     -576.0     11.8     16.6     16.2 1992  8 29 17  4 29.020 1.6   1
   314921  37.287789 -121.667798     3.095      218.8     -282.6     -553.3     10.8     17.4     25.9 1992  9 11  1 22 13.650 1.1   1
   331552  37.290019 -121.670036     3.071       19.9      -35.3     -577.3     11.7     16.5     13.1 1993  1  9 17 48 38.720 1.0   1
   331635  37.289832 -121.670068     3.060       17.7      -55.9     -587.8     11.9     16.5     14.9 1993  1 10 22 13  9.440 1.2   1
 30036393  37.290047 -121.670044     3.085       19.3      -32.3     -562.8     12.0     17.0     18.6 1993 12  1  0 25 49.530 1.0   1
   399980  37.288570 -121.669824     3.137       38.9     -195.8     -511.6     13.9     18.9     24.9 1994  4  6  4 11 34.960 1.4   1
 30062741  37.288477 -121.668571     3.148      150.0     -206.3     -500.0     10.6     16.8     14.4 1994 11 16 16 50 58.150 2.0   1
 30062748  37.288839 -121.668905     3.142      120.5     -166.4     -505.8     11.0     17.5     16.7 1994 11 16 18  3 42.360 1.3   1
 30069218  37.287996 -121.667668     3.136      230.4     -259.8     -511.8     10.8     16.6     15.5 1995  3  3  9 38 49.200 1.2   1
 30069222  37.287907 -121.667708     3.130      226.5     -269.4     -518.2     10.7     16.4     13.6 1995  3  3 12 30 15.850 1.8   1
 30069457  37.287805 -121.667814     3.128      217.5     -280.8     -520.5     10.7     16.6     14.4 1995  3  7 13 19 41.960 1.3   1
 30092060  37.288021 -121.668066     3.090      194.9     -256.8     -558.2     10.6     16.3     13.2 1995 12 15 18 53 39.820 1.8   1
