 % This stores fret (the f-value) and iter (number of iterations to converge)
  -2020.33007640190        371.000000000000     
  -2020.33007640404        281.000000000000     
  -2020.33007640298        324.000000000000     
  -2020.33007640335        355.000000000000     
  -2020.33007640334        320.000000000000     
  -2020.33007640199        344.000000000000     
  -2020.33007640289        320.000000000000     
  -2020.33007640310        218.000000000000     
  -2020.33007640151        383.000000000000     
  -2020.33007640423        215.000000000000     
  -2020.33007640307        258.000000000000     
  -2020.33007639763        413.000000000000     
  -2010.80015496867        344.000000000000     
  -2020.33007640370        233.000000000000     
  -2020.33007640348        282.000000000000     
  -2020.33007639925        260.000000000000     
  -2010.18012655085        324.000000000000     
  -2020.33007640386        299.000000000000     
  -2020.33007640278        286.000000000000     
  -2020.33007639985        281.000000000000     
  -2020.33007640209        521.000000000000     
  -2020.33007640454        281.000000000000     
  -2020.33007640365        359.000000000000     
  -2020.33007640351        484.000000000000     
  -2020.33007640334        425.000000000000     
  -2020.33007640360        299.000000000000     
  -2020.33007639185        576.000000000000     
  -2020.33007640478        307.000000000000     
  -2020.33007640422        402.000000000000     
  -2020.33007640251        262.000000000000     
