   8.7623835e+01   9.2346607e+01   2.7294036e+01   3.5331212e+01   7.6921738e+01   5.9525402e+01   6.0934029e+01   1.1603437e+01   9.1516498e+01   1.1810898e+01   8.2658725e+01   7.3827965e+01   2.9153941e+01   4.2238098e+01   2.9664634e+01   1.9345200e+01   7.2994173e+01   1.4705508e+01   9.1918209e+01   8.5873223e+01   8.7881005e+01   6.1103586e+01   9.4036073e+00   7.6586675e+01   1.6880230e+01   1.4183308e+01   2.3166177e+01   9.7543934e+01   2.2162780e+01   9.3054469e+01
   8.8784520e+01   8.0841386e+00   5.3876684e+01  -6.9974969e+01  -2.0880580e+01  -4.3380475e+01  -4.5138720e+01   1.7612692e+01  -9.1117543e+01  -1.6482357e+01   2.9736939e+01   8.9742298e+01   2.6001790e+01   3.3659453e+01  -4.1382100e+01   8.9482959e+01   6.6742464e+01   6.0044640e+01   2.8480438e+01   2.8659576e+01  -8.1377579e+01   2.8515115e+01   4.7087865e+01  -6.5944114e+01  -8.4119304e+00  -4.2161027e+01   8.6768365e+01   4.6766377e+01   8.8249530e+01  -7.1716502e+01
   5.6435139e+01   3.8826388e+01   9.6793402e+01   1.7275538e+01   3.2917896e+00   2.4809378e+01   1.5847977e+01   5.1456589e+01   9.1865070e+00   6.5641395e-01   8.1837509e+01   9.4766392e+01   8.5616535e+01   9.3748261e+01   9.9608430e+01   3.8330970e+01   1.3882755e+01   1.1474825e+01   9.2998768e+01   1.5836469e+01   8.4907479e+01   9.0586828e+01   4.0894039e+01   9.0860249e+01   4.6359244e+01   2.1259240e+01   7.8182812e+01   7.1208070e+01   6.6506574e+01   3.2031544e+01
  -1.4797697e+00   1.8011006e+01  -4.5855889e+00  -7.4355197e+01  -7.8211886e+01  -4.5875979e+01  -9.5378330e+01   2.7701579e+01  -2.1986117e+01   3.9470919e+01  -5.0279248e+01  -2.1572314e+01   6.9999201e+01   5.6656988e-01   6.2976079e+01  -2.2744590e+00   8.9157011e+01  -4.1744879e+01  -8.5264894e+00   2.3499090e+01  -5.4750541e+01   2.0091508e+01   5.8899282e+01  -4.7402485e+01  -8.5295327e+01  -3.6485880e+01   1.7483400e+01   9.1796336e+00  -6.2593545e+01  -8.6186187e+01
  -6.8352028e+01   5.9746018e+01   9.3790087e+01   3.1114298e+01  -1.5236498e+01   7.6334111e+00  -6.8390799e+00  -5.5505451e+01  -9.2587106e+01  -1.1938630e+00   8.0854432e+01  -4.9169512e+01   7.1196391e+01   3.7749467e+01  -3.5816704e+01  -7.3273103e+01  -6.2773542e+00   5.1202884e+01   9.1266003e+01  -4.1039867e+01   2.3086525e+01  -5.0637553e+01  -1.4077524e+01   4.5360326e+01   9.7984022e+00   2.1003444e+01  -5.1376480e+01  -9.8886398e+01  -4.3811430e+01   2.3331818e+01
   4.3681415e+00   9.8993029e+01   8.3377034e+01   6.0173235e+01   3.9091407e+00   7.4335160e+01   8.5461973e+01   3.8776850e+00   8.7643375e+01   1.3843552e+01   6.1442240e+01   8.9496403e+01   7.4158258e+01   9.8305174e+01   4.7715642e+01   8.8620821e+00   9.9012925e+01   9.8891547e+00   2.5890862e+01   9.4270805e+01   6.1616556e+01   1.8789379e+01   8.5251109e+01   4.2888301e+01   5.6042554e+01   7.3914079e+00   4.7430265e+01   5.0822770e+00   5.0298870e+01   1.4110652e+01
   5.1766342e+01   2.0091388e+01   3.4749351e+01   1.8782667e+01   8.7833031e+01   7.5030990e+00   4.9781757e+01   1.2544528e+01   2.5158688e+01  -5.3085051e+01  -5.9947406e+01   6.2681086e+01  -4.1404985e+01   4.1674018e+01   5.7524465e+01  -1.4538478e+01   9.5153384e+01   4.4311199e+01  -8.2054951e+00   4.9890729e+01  -4.6331448e+01  -8.3340040e+00  -8.8784145e+01   9.5083501e+01  -3.5344915e+01  -6.8868408e+01   3.3435012e+01   1.7054723e+01  -9.3790383e+00   6.2953950e+01
   9.9183025e+01  -6.5272725e+01   2.4326056e+01   2.1179939e+01  -3.8683791e+01   3.6597506e+01  -5.8655947e+01  -8.9519741e+01   4.1125779e+01  -2.6949086e+01  -1.4519504e+01   7.5972252e+01   5.0649440e+01  -7.2034061e+01   7.3142358e+01  -1.3933407e+01   2.0592248e+01  -1.1034957e+01   3.4105569e+01   3.7758813e+01  -4.4321731e+01   6.1848621e+01  -9.1322191e+01  -3.3045527e+01   2.8569884e+01   1.6319316e+01  -8.4470676e+01   1.3376313e+01  -2.4470732e+01   8.4539005e+01
   4.7037937e+01   1.6741360e+00   4.4074911e+01   4.4610851e+01   5.8256693e+01   8.9781907e+01   6.1879210e+01   4.0152347e+01  -7.8903537e+01  -8.1967267e+01  -4.8818332e+00   3.0615039e+01   3.7037658e+01   5.4264739e+01  -5.1127931e+01   9.6333970e+01   5.9473283e+01  -3.1743965e+01   9.9398550e+01   7.1845736e-02   4.1863101e+01  -2.2130120e+00  -4.2851534e+01   8.9514564e+01  -9.6933450e+01  -2.4692942e+01   3.7876433e+01   3.8392963e+01  -4.8184437e+01   2.3222903e+01
   2.2338640e+01   8.0383974e+01  -5.9655792e+01   1.0194948e+01   5.5475713e+01   8.2520120e+00   4.8185380e+01  -5.4809848e+01   6.4048433e+00  -2.1753370e+01   4.8747268e+01   5.0579999e+01  -9.8668240e+01   7.8772537e+01   9.8116793e+01  -8.3146717e+01  -9.9325384e+01   8.5538726e+01   7.0443945e+01   6.9765153e+01  -7.6763593e+01  -1.5771376e+00  -8.6230983e+01  -8.7085532e+01  -9.6470353e+01  -7.3392618e+01  -8.2408773e+01  -5.5445862e+01  -3.5885248e+01   9.5232558e+01
   6.9242220e+01  -5.6410683e+00  -7.3402198e+00  -3.0105247e+01   5.4818033e+01  -4.7061845e+01   4.3818533e+01   3.8263622e+01  -7.3779258e+00  -7.0830299e+01   9.6293333e+01   2.0713251e+01   9.5083950e+01  -1.7729316e+01   7.9996912e+01   7.2801535e+01   1.0415207e+01  -4.4897487e+01  -2.2095497e+01   1.1910987e+01  -1.9124443e+01  -5.7033842e+01   2.0831610e+00   8.1496471e+01   1.1045888e+01   7.4280101e+01   9.3641247e+01   5.8138863e+01   6.7093302e+01   7.9925704e+01
   2.8982604e+01   4.1806200e+01   6.0779003e+01  -1.9411604e+01   8.2829425e+01  -3.6315891e+01  -1.4981181e+01  -6.2029298e+01  -9.2228839e+01  -7.1452096e+01  -9.2002207e+00  -6.7721465e+01  -9.4341601e+01   3.6353789e+01   9.7058028e+01  -6.5602813e+01  -8.4585552e+00   5.7107721e+01  -9.5349830e+00   5.3789569e+01  -3.1797461e+01   3.3597122e+01   7.8680737e+01  -2.1873322e+01  -8.2783432e+01   3.6227771e+01   7.7571441e+01  -2.5032933e+01   3.0196684e+01   4.5207116e+01
   5.2707789e+01   9.0182817e+01   2.8383903e+01  -8.5499532e+01  -2.7767791e+01  -2.8158525e+01   9.4115970e+01   8.7950491e+01   8.6206543e+01  -1.9164393e+01   9.3534466e+01  -5.2444166e+01   3.4243681e+01   4.9357014e+01  -9.3314148e+01   8.6834440e+01   5.8017650e+01   2.2542849e+01  -3.7343664e+01   8.0749913e+00  -2.2976170e+01  -6.2704080e+00   8.9389343e+01  -3.7028990e+01  -7.2601472e+01  -9.8918570e+01  -8.2369865e+01   7.4966989e+01   8.9910716e+01   5.0658800e+00
  -4.2894036e+01   2.9210644e+01  -5.7172760e+01  -4.9551614e+01  -4.4666081e+01   8.9188062e+01   4.3405190e+01  -6.1478432e+01   6.6386548e+01  -1.3802172e+01  -8.4454016e+00   2.3703603e+01   9.7947901e+01   7.5146230e+01  -5.4429058e+01   3.1080818e+01  -1.1920105e+01  -8.6864363e+01   1.8473711e+01  -3.7933279e+01   3.8483358e+01  -6.7120492e+01  -1.0328127e+01   6.1989547e+01   1.2345258e+01   7.3169265e+01  -6.4770784e+01  -9.6225192e+00   6.0852089e+01   9.3149173e+01
  -2.1965239e+01  -9.4146105e+01  -9.5487541e+01  -3.3930588e+01  -5.6809187e+01   8.3419186e+01  -3.9083983e+00   2.8997151e+01  -4.3304903e+01   8.3106430e+01   3.4559118e+01   2.6939051e+01  -3.2284182e+01   8.6593985e+01   4.0488379e+01   2.7343224e+01   1.9677118e+01  -4.2808668e+01  -7.4603163e+01  -5.4418995e+01  -1.7382724e+01  -7.7193166e+01  -8.0741807e+01   5.5599418e+01  -9.7676404e+01   4.2586951e+01   5.0563082e+01   6.1698324e+01   5.0209618e+01  -1.7907200e+01
   9.4147306e+00  -7.7923841e+01  -2.2502396e+01   1.3444140e+01   3.5437888e+01  -6.4349101e+01  -5.5350583e+01   5.1395166e+01  -5.2055963e+01  -7.2071965e+01  -5.0946163e+01  -2.4016034e+01   4.9275271e+01  -6.3379799e+01  -8.0858525e+01  -3.0582810e+01  -2.3901843e+01   3.2060299e+01  -7.0381911e+01   6.7270901e+01   9.9546029e+01  -6.2737809e+01  -7.9990621e+00  -1.1482463e+01  -4.2343642e+01  -2.0042222e+01   5.7015600e+01   2.6102448e+01  -7.0963243e+01  -4.3723284e+01
  -3.5549821e+01  -3.4252414e+00   7.3996011e+01   8.7319001e+01  -2.0242387e+01  -7.2827370e+01  -6.1109860e+01  -4.0403909e+01  -2.1121223e-01   4.5198040e+01   1.0482751e+01  -6.7233379e+01   5.2731971e+01  -9.9538431e+01   5.4329381e+01   9.6598544e+01   2.8241962e+01   5.8209055e+01  -7.9663376e+01  -9.7427613e+01   7.2748097e+01  -6.6885309e+01  -5.6326335e+00  -3.0122307e+01  -3.7824097e+01   6.7459776e+01  -4.8983618e+00  -3.7139301e+01  -1.3995967e+01  -9.9479771e+01
  -7.4425916e+01   4.5620296e+01   6.3989938e+01  -9.8559062e+01  -6.9503844e+01  -5.6785043e+01   6.8468929e+01   7.0893812e+01  -5.4072079e+01  -2.6770382e+01  -1.7991114e+01  -2.6591181e+01  -1.0882381e+01   4.8084001e+01  -8.9626372e+01   8.5683720e+01  -5.4403434e+01  -3.5387608e+01  -4.5950296e+01  -3.5921685e+01   8.4628846e+01   3.1857968e+01   9.0277871e+00   1.6751587e+01  -8.9035497e+01  -3.7064069e+01  -8.9016584e+01   8.8391665e+01   7.7493530e+01   5.1569072e+01
  -3.1591860e+01  -6.7003995e+01  -1.9849212e+01  -3.7848460e+01   2.4325021e+01   5.4647696e+01   2.3592960e+01  -8.8679505e+01   9.9980679e+01  -3.8052192e+01   3.3137421e+01   9.5710354e+01   7.9821302e+01  -9.9608104e+01  -8.8454669e+01   3.2923650e+01  -2.9536640e+01   6.4251647e+01   3.6048830e+01  -6.0381823e+00   6.3211171e+01  -2.2101109e+01  -2.5473510e+01   5.4935047e+00   3.4296210e+01  -3.7191697e+01  -6.4154295e+01  -2.7089128e+01  -7.4246105e+01  -1.0741256e+01
  -1.9547226e+01   6.4347011e+01  -7.0041086e+01   8.8434749e+01  -6.5161328e+01  -9.1691630e+01  -4.8196902e+01   7.8184505e+01  -3.1784732e+01   2.0107433e+01  -5.6095766e+01  -4.6744754e+01   8.2525343e+01  -4.1361658e+01  -6.4621983e+01   4.8824138e+01   8.0929814e+01  -6.1334073e+01   3.4822950e+01  -4.3953329e+01  -1.7632598e+00   9.5856605e+01   3.3500105e+01  -6.6979737e+00  -2.3835855e+01  -7.8673943e+01   5.8447608e+01  -4.8342052e+01  -8.1570250e+01   1.2918846e+01
  -1.2173493e+01  -6.8513539e+01  -3.8224508e+01   5.6837787e+01  -5.6372460e+01  -9.7067139e+01   2.4103201e+01   6.7173131e+01  -2.0260641e+01   9.2837486e+01   2.7204029e+01   4.3369377e+01  -3.4537382e+00  -3.8544206e+01  -3.2100023e+01   1.6935579e+01   7.2858445e-01   9.4718270e+01   9.0718319e+01  -7.8468997e+01   8.9247710e+01  -7.6470698e+00   8.2362828e+00   6.9393663e+01   1.5083417e+01  -4.2229676e+01  -3.3868301e+01  -4.6564210e+01   1.7601560e+01  -7.8534691e+01
  -9.6065834e+01   1.1443350e+01   9.1415697e+01   6.1344671e+01   2.2124256e+01   6.0796023e+01  -8.6385347e+01  -2.6014630e+01   3.1287053e+01   8.7162377e+01  -4.7489250e+01   5.5809254e+01  -7.3928300e+00  -8.4418866e+01  -3.9649643e+01  -8.2896570e+01   5.3564948e+01   4.4062965e+01   1.6386881e+01   9.3061453e+01   5.1484538e+01  -8.7446003e+01  -8.0621794e+01   8.5606744e+01  -9.1605726e+01  -3.0646454e+01  -3.7853315e+01  -7.6207329e+01   5.5558159e+01   5.0137919e+01
   1.3614356e+01  -8.7942115e+01   8.6575783e+01   9.6042218e+01   2.9284997e+01   7.0255858e+01  -8.2129647e+01  -8.3748041e+01   1.3718833e+01   3.5030835e+00   5.2091196e+01  -4.3877070e+01   9.1814250e+01  -4.2498488e+01  -6.5761539e-02  -5.8342112e+01   4.9804045e+01  -2.1069498e+01  -9.6077252e+01  -9.7845413e+01   5.9034347e+01   3.5284472e+01  -6.8100333e-01   9.1285667e+01   3.7115453e-01   4.7223471e+01   2.1389294e+01  -1.3056312e+01   8.6498677e+01  -3.2898031e+01
  -8.6146973e+01  -7.1858268e+00  -9.3989780e+01   9.3323895e+01  -6.7669475e+01  -1.5269733e+01   2.9112735e+01   2.0151659e+01  -8.6485605e-01  -2.7870826e+01  -6.5800653e+00  -9.0728249e+01   6.8976292e+01   3.0414214e+01   3.9688993e+01   4.3640394e+01  -5.9498466e+01  -4.5971347e+01  -1.7621840e+01  -3.9344132e+01  -3.9730983e+01   8.5210869e+01   3.6211324e+01  -3.0994275e+01   2.8384208e+01  -9.8401567e+01  -3.2312348e+01   8.2281137e+01   6.7002761e+01  -4.3233107e+01
   4.7098384e+01  -2.5617841e+01   9.9087466e+01   9.8947797e+00   7.3348958e+01  -6.6830689e+01  -8.5864151e+01   8.1885227e+01  -1.2284746e+01   1.4066307e+01  -8.1921612e+01   1.4511505e+01  -6.0937332e+01  -9.4860368e+01  -4.4786513e+01  -4.4962256e+01  -3.2031055e+01   4.5437779e+01  -4.4053128e+01   2.0119668e+01   7.1933936e+01  -6.1768247e+01  -8.7206483e+01  -4.2785265e+01   8.6815766e+01  -6.2522670e+01  -9.5232860e+01   7.6464865e+01  -6.1764199e+01   5.2033270e+01
   2.0714258e+00   9.4517007e+01   6.2324007e+01  -9.2948530e+01  -1.4046809e+00   8.0769368e+01   8.0636071e+01  -7.1917573e+01  -1.3695184e+01   5.3979746e+01  -6.4539803e+01  -1.8443143e+01  -7.4991971e+01  -1.9611725e+01   8.7333676e+01   4.3112230e+01   7.4902741e+01  -9.7099069e+01   3.9879690e+01  -8.5322430e+01  -9.4355716e+01   5.6201050e+01   9.9975280e+01  -2.4008703e+01  -4.6025375e+01  -5.7064733e+01   4.0642126e+01  -7.6395475e+01   6.1392166e+01  -2.9176708e+01
   9.2606765e+01   4.0889834e+01  -8.6748791e+01  -8.8579773e+01   9.7643507e+01  -7.8082834e+01   4.5217189e+01  -9.9432905e+01  -3.2191320e+00   4.4303085e+01  -6.0330799e+01  -1.6174738e+01  -7.7692504e+01  -6.8562089e+01  -7.5042716e+01  -5.7035571e+01   9.8369275e+01  -7.6149303e+01   2.1835482e+01  -9.3196999e+01  -9.2766605e+01  -4.2556888e+01   3.1776917e+01  -2.9645464e+01   1.4249439e+01   5.8822754e+01   9.6581085e+01  -6.9548790e+00  -8.9525592e+01   5.3893244e+01
   8.0357067e+01  -7.1232011e+01   1.9799033e+01  -1.1400865e+01   5.3672329e+01   3.9895973e+01  -8.4953481e+01  -5.7815381e-01  -1.0143007e+01  -3.4271139e+01   1.0160943e+01   9.0465418e+01   9.5844897e+01   1.6263849e+01   9.2906871e+00   9.4095646e+01   2.8004973e+01   2.8852145e+01   5.2165664e+01  -3.8885634e+01   5.0439835e+01  -1.6713909e+01  -2.8514457e+01  -7.9108223e+01  -5.6011450e+01  -3.3192376e+01   6.1501276e+01   2.3482415e+01   7.1503111e+01  -9.7384368e+01
  -2.3770243e+01  -2.8963110e+01   2.3404537e+01  -1.1114040e+01   6.5695220e+01   2.8993473e+00   9.7650977e+01   4.8841178e+00   9.4647776e+01  -9.9545708e+01  -7.3716930e+01  -7.0547894e+01   9.3183561e+01  -4.4360647e+01   1.9370977e+01   1.9755644e+01   7.8153340e+01   7.2022553e+01  -1.8707327e+01  -5.2670591e+01   3.8160446e+01   6.4355380e+01   1.5235410e-01  -3.1361267e+01  -9.4684117e+01   1.1010323e+01   2.8550781e+01  -2.9774440e+01  -7.0953085e+01   1.1044208e+01
  -7.9493807e+01  -5.2541873e+01  -6.7715992e+01  -9.1971079e+01  -5.7969149e+01  -4.1476373e+01  -9.5734412e+01   9.1574880e+01   8.5045183e+01   8.7221470e+00   8.8983611e+00   8.0774630e+01   4.6719408e+01   7.6423157e+01  -1.1939086e+00   5.9984411e+01  -9.9487997e+01  -2.3222643e+01  -5.9887909e+01   5.1133609e+01  -1.6863161e+01   4.6932907e+01   6.7356330e+01   9.5234906e+01  -7.4413368e+01  -3.3497656e+00   8.3521469e+01   3.0245281e+01   4.4980579e+01  -5.1732560e+01
  -5.5557072e+01   5.8524370e+01  -5.3914222e+01   7.7852754e+01  -6.5548943e+00  -7.0784901e+01   4.1158842e+01   2.0701043e+01   4.5299631e+01  -7.9798339e+01  -6.0553167e+01   6.2597793e+01  -1.1826416e+01   1.7847302e+00   4.9038221e+01  -3.5072652e+01   4.1536001e+01   7.7344140e+01  -8.9084751e+01   4.3192233e+01   9.3756311e+00   1.6741838e+01   3.9238793e+01  -7.3013475e+01   3.7466684e+01   4.2907006e+01   8.1248533e+01  -6.2886865e+01  -7.9319143e+01   9.9596936e+01
  -4.5825243e+01  -4.0186998e+01  -3.9747473e+00  -3.0409729e+01   6.2982222e+01   4.2888926e+00   2.0525777e+01   6.0966468e+01   2.7227406e+01   7.0688470e+01  -2.2252999e+01   1.8471304e+01  -7.0167141e+01   1.5649292e+01   7.3913653e+01  -2.7578267e+01  -8.6302367e+00   5.7586554e+01   6.8515972e+00   4.6356574e+01   6.3833006e+01   1.5887012e+00   4.5579666e+01  -1.0104263e+01   7.4109157e+01   2.8172633e+01  -7.2185385e+01   6.6378159e+01   7.0812224e+01   1.5818357e+01
   7.0614131e+01   3.9250464e+01   2.8873122e+01  -7.9540394e+01  -9.5210013e+01   6.9647312e+01  -2.5533452e+01  -7.7949263e+01  -2.4124101e+01   7.3977973e+01  -1.7561106e+01   5.6363927e+01  -3.3628299e+01   5.3884150e+01   2.7543756e+01  -8.9434220e+00  -9.1291794e+01   2.5708157e+01  -2.0673832e+01  -3.7787061e+01   7.0239467e+01   3.1465740e+01   2.6872500e+01   5.2686012e-01   5.1905856e+01   9.6366126e+01  -1.3688881e+01   1.5871171e+01  -8.6927668e+01   6.6241350e+01
  -8.0431158e-01  -1.1493400e+01  -1.9655206e+01  -1.3983136e+01   4.9707546e+01  -2.1156829e+01   3.1730427e+01  -4.1783803e+01   5.5952681e+01  -3.0028760e-01  -4.4522932e-01  -9.2054451e+01  -7.5097386e+01  -4.8285200e+01  -4.1993183e+01   9.7008093e+01  -2.3351649e+01  -3.6652752e+01  -2.0593646e+00   3.1157619e+01   8.5760059e+01   6.5991980e+01   4.9107699e+01   6.3706964e+01  -3.9120140e+01  -6.0590110e+01  -3.0362199e+00   4.9681595e+01   9.0195211e+01  -7.6489924e+01
   9.9004482e+01   6.9240177e+00  -4.6333704e+01   5.6824458e+01  -3.1568165e+01  -9.2385490e+01   7.9839027e+01   4.3345484e+01  -5.0537265e+00  -2.4721150e+01   6.4817466e+01   3.0348307e+01   4.4208957e+01  -2.3282762e+01   1.9846931e+01   3.8311746e+01   3.7895128e+01  -5.8230191e+01  -8.6157558e+01  -6.5354935e+01   8.8386868e+01  -7.5818575e+01  -4.7277393e+01  -6.2760314e+01  -8.9964677e+00  -4.4663248e+01   4.9077332e+00   1.6839505e+01   2.4173339e+01   9.5133674e+01
  -6.8120987e+01   9.7618968e+01   5.4227340e+01  -8.4806577e+01   8.6578657e+01   7.5193350e+00   1.5458327e-01   3.8206497e+01  -5.1343467e+01   1.7419688e+00   1.3547553e+01   9.8149513e+00  -4.2084712e+01  -7.6408803e+01   2.0719046e+01  -9.9162881e+01  -3.0247945e+01   5.0463616e+01   2.2774785e+01  -1.9466659e+01  -8.2714527e+01  -1.3475302e+01  -8.6592578e+01   3.9436691e+01   1.2275486e+01  -8.6890960e+01   2.8007192e+01   8.3583953e+01   2.3914748e+01  -5.8676837e+01
   4.0913609e+01   5.2235669e+01  -4.2889965e+01   4.8684367e+01  -4.7059515e+01   8.8498827e+01   9.2233470e+01   7.3557201e+01  -8.3620982e+01  -4.7343900e+01  -9.0341459e+00   9.9690721e+01   5.0494925e+01  -4.0052018e+00  -2.6640487e+01   5.6040070e+01   9.2150899e+01   1.1922150e+01  -2.3869860e+01   1.1975065e+01  -6.4356630e+01   4.9273308e+01  -2.4112206e+01   8.0257690e+01   9.2980737e+01   5.7473153e+01  -1.8567622e+01  -8.9638310e+01  -3.7808276e+01  -9.0122864e+00
   2.1886315e+01  -7.2782919e+01   2.1568595e+01  -8.0052837e+01   8.2018210e+01   8.2943806e+01  -1.5897273e+01  -2.0403568e+01   7.2589096e+01  -3.2450436e+01   4.7651185e+01   9.3148768e+01  -9.5670969e+01  -6.0477503e+01   1.2004502e+01   5.1167581e+01  -2.2388631e+01  -1.5142047e+01   5.3456541e+01   1.2801232e+01  -8.3686178e+01   9.3243827e+01  -5.8976277e+01   8.1113563e+01   3.8376275e+01   5.8558978e+01   3.1298956e+01  -9.4561733e+01  -8.2581118e+01   1.4015687e+01
  -4.8330794e+01  -6.2377527e+01   4.3801924e+01  -5.5829603e+01   9.5027067e+01   6.4634797e+01   5.6333238e+01  -9.9516447e+01   3.0472644e+01  -9.8467836e+01   5.1525923e+01   1.0844816e+01   9.4398238e+01   2.0216748e+01  -2.6746465e+01   8.3543529e+01   6.9331966e+01   6.4795839e+01  -8.5363034e+01   6.0248711e+01  -6.0015446e+01  -9.5124176e+01   8.2800853e+01  -5.5768049e+00   4.3546404e+01   4.0012569e+01  -3.4695385e+01  -5.5943036e+01   9.6311365e+01  -6.9891102e+01
   4.1361456e+01   7.0230998e+00  -3.8269120e+01  -2.6013664e+01   5.7804127e+01   2.0521995e+01   2.3149032e+01   2.1678195e+01   4.8204233e+01   3.7762682e+01   8.4811054e+01   9.9826966e+01  -7.2387327e+00  -8.1549559e+01   8.5407592e+01  -2.8486736e+01  -9.1508137e+01  -2.5654890e+00   9.3420967e+01  -9.2657988e+01  -4.3187437e+01   8.0269450e+01  -9.5735702e+01  -3.1841745e+01  -5.0471102e+01  -3.6594156e+01  -3.3011547e+01  -4.8756651e+01  -8.0171605e+01  -8.8280692e+01
  -6.7555379e+01  -5.3411232e+01   6.6363589e+01  -1.0697367e+01  -8.7483767e+01   1.2929728e+01   2.4401482e+01   2.6604061e+01   7.8897200e+01  -9.0943077e+01   8.7187103e+01  -4.0525512e+01   4.0629865e+01  -7.6351407e+01  -4.0190399e+01   2.4665469e+01  -8.8645123e+01   5.4832340e+01   6.6680157e+01   2.0085105e+00  -8.4016758e+01   8.4934169e+01   5.1069364e+01  -7.9506907e+01   4.5024865e+01  -9.8022075e+01  -1.6364587e+01  -1.5836479e+00   9.0084589e+00   8.3460514e+01
  -6.9876301e+00  -3.9276887e+01  -1.5189564e+01  -1.0824945e+01   3.4172411e+01   9.9274855e+01  -4.6809971e+01  -7.8284280e+01   6.1304575e+01   8.0822695e+01   7.0191215e+01  -3.1325893e+01   2.5640957e+01  -1.7531236e+01   8.8966460e+01   7.1858073e+01  -3.0342642e+01  -2.1655040e+01   7.5432794e+01   1.9620949e+01   1.0025392e+00  -8.9262783e+01   5.4920784e+01   9.6306047e+01  -4.5003187e+00   8.2058678e+01  -7.9459549e+01  -6.6956632e+01   1.5546847e+01  -5.8861569e+01
  -5.7897754e+01   1.1398314e+00  -3.7236687e+01   4.7534464e+01   5.0358505e+01   2.6920390e+00   9.8113260e+01   4.0190454e+01   2.1887163e+01  -2.6559349e+01  -3.4068768e+01  -3.1951198e+01   4.4432641e+01  -5.3000517e+01   5.7625868e+01   8.7311296e+01  -6.4456984e+01  -9.3588020e+01   6.7990762e-01   5.8007962e+01   9.1943872e+01  -8.6565659e+01   6.3510737e+00  -5.4629782e+01  -6.7944990e+00  -1.0428830e+00   9.4079968e+01   7.5442186e+01   2.2676970e+01   1.8556111e+01
  -7.7718672e+01  -5.0403228e+01  -8.8558281e+01  -1.1549837e+01  -7.0921253e+01  -2.0517762e+01  -8.8374214e+01   6.3678255e+01  -3.4443551e+01  -7.8311774e+01  -1.2420318e+01   9.0608602e+01  -7.8303485e+01   3.2623501e+01   2.5704400e+01   3.9331024e+01  -2.2267021e+01  -5.0581596e+00   9.3532502e+01   7.0800690e+01  -6.8794946e+01   8.1719320e+01  -9.3947208e+01  -5.2078747e+01  -4.5951511e+01  -1.6646441e+01  -6.8516327e+01   9.4417134e+01  -5.4421005e+01  -2.7539639e+01
   6.3549868e+01   8.9027060e+01   7.1582186e+01   1.5496818e+01  -7.8506372e+01   9.8665577e+01  -4.4264049e+01   4.3342063e+01  -4.2068764e+01  -4.6541281e+01  -5.2167485e+01  -3.6644361e+01   3.3334981e+01   5.2367204e+01  -3.6710857e+00   7.9390694e+01  -8.3255741e+01   4.1627604e+01   2.1666002e+01   7.2131993e+01  -6.7867424e+01  -7.6068417e+01   2.1058198e+00  -7.7820461e+01  -5.9358602e+01  -4.7999983e+01  -9.3269887e+01  -7.1826948e+01  -2.4004548e+00   4.4129991e+01
   6.7622908e+01   7.6943499e+01  -8.1398902e-01   4.9902996e+01   2.5613769e+01   4.6111482e+01   3.6932809e+01  -5.2808201e+01   8.6946533e+01  -4.6613706e+01   8.3940319e+01  -1.6466851e+01  -3.1091851e+01   4.3303624e+01   9.3485376e+01  -6.7699311e+01   8.3270587e+01   9.1907575e+01   9.3693798e+01  -2.2515328e+01   4.0542659e+01  -6.1859181e+01  -5.8014808e+00  -1.9692139e+01  -8.5384961e+01  -3.3791035e+01  -6.2921421e+01  -6.8126309e+01  -7.7508845e+01  -9.2084829e+01
   3.8700058e+01  -1.1854757e+01   7.5583540e+00  -2.3797244e+01  -1.1796993e+01   2.8882946e+01   1.0877273e+00   2.2776499e+01   7.0261583e+01   6.7638186e+01  -4.3200384e+01  -7.6517503e+01   7.9199273e+01  -2.3521063e+01  -3.0458780e+01   6.0982251e+01  -9.7223887e+01  -9.2351062e+01   6.0969502e+01  -5.9430414e+01   4.6679477e+01   8.4653560e+01   3.3292226e+01   3.3295471e+01  -3.0408792e+01  -1.0340874e+01  -7.0658666e+01  -6.5721883e+01   8.8852068e+01  -5.2367769e+01
  -9.7288137e+01   8.2915226e+01   1.0178339e+01  -7.2340566e+01  -1.2808512e+01  -9.9407286e+01  -1.2812353e+01  -8.4466234e+01  -8.7399004e+01   2.0092643e+01  -6.9722932e+01   7.4931157e+01  -8.1669473e+01   4.6359168e+01   7.8475161e+01   6.4634555e+01  -7.9081477e+01  -4.7971379e+01  -1.7225849e+01  -6.8852808e+01  -5.9254646e+01  -1.2444839e+01   8.5495767e+01   7.5542752e+01   2.2755081e+01  -1.1199678e+01   4.3114707e+01   3.7945917e+01  -6.3086511e+01  -8.1320036e+00
  -3.7288101e+01   1.1287277e-02  -6.2245691e+01   1.4462848e+01   7.7450112e+00   2.0748133e+01  -1.7914194e+01  -7.2124549e+01   3.7144283e+01   3.7159442e+01  -2.5514051e+01   5.7453758e+00   1.4545875e+01   7.4471907e+01   8.9252956e+01   9.9970975e+01  -2.4161436e+01  -1.5851937e+01  -9.2632326e+01  -2.8079215e+01  -8.7031940e+01   8.6902519e+01  -8.2777390e+01   3.9022717e+01  -9.8502490e+01   2.2923954e+01  -3.1013533e+01  -6.4106843e+01   3.1756028e+01  -8.5368595e+01
  -9.1868246e+01   5.5816135e+01   2.6903375e+01  -6.6892391e+01   7.9053725e+01  -9.8910929e+01  -2.9533454e+01  -5.4495650e+01   2.0881485e+01   7.9222062e+01   7.1865521e+01  -2.9066140e+01   1.9454010e+00  -3.0104353e+00  -6.1491767e+01  -6.8553475e+01   2.8100590e+01   1.3608777e+01   8.2590606e+01  -8.0804709e+01  -8.6030596e+01   9.3305653e+01  -2.7766364e+01   9.0294652e+01  -1.9799440e+01   9.7552147e+00  -9.5738342e+01  -8.0922630e+01   4.2779025e+01  -1.4788474e+01
   8.5843466e+01  -8.1370775e+01  -7.5772672e+01  -8.3194585e+01  -7.7395065e+01  -8.2718973e+01   4.5380648e+01   8.4841038e+01   7.8795865e+01   6.1109598e+01   2.4864197e+01  -1.5701877e+01   2.2420944e+01   3.7376804e+01  -5.6496302e+01  -7.3534022e+01  -9.1307379e+01   5.8346239e+01  -8.4258471e+01   3.2677645e+01   5.6695001e+01  -7.4341441e+01   5.7564520e+01  -7.1735521e+01   7.3230651e+01   4.1838572e+00   3.4740324e+01  -2.2009319e+01   5.5165889e+01   1.4409807e+01
  -9.5949142e+01  -3.2445772e+01   5.4698518e+00   1.0635297e+01  -8.8464023e+01   2.3169300e+01  -9.8029878e+01  -6.6268654e+01  -3.2436875e+01   8.3575470e+01  -2.4433442e+01   4.1729418e+01   2.7574379e+01  -4.7598364e+01   2.6006328e+01  -1.4816418e+01  -4.9437454e+01   3.8486720e+01   8.0848444e+01  -4.8586276e+01  -6.5449665e+01  -5.5852749e+01   1.2998824e+01  -9.6065531e+01  -1.8312134e+01  -1.6683131e+01   1.5541842e+01  -4.6828350e+01  -8.7998078e+01  -9.5127518e+01
  -5.9350642e+01  -4.2637826e+00   6.5313748e+01  -6.6279383e+01   4.2309493e+00   2.9163700e+01   6.1401444e+00   2.0491950e+01  -8.7939290e+01   8.7433682e+01   7.1894833e+01  -4.7030806e+01   3.0923723e+01   8.0521249e+00   3.6621575e-01  -2.4346825e+00  -3.3889247e+01  -2.3229886e+01  -8.4084478e+00  -3.1302561e+01  -8.7598388e+01  -8.2058353e+01  -5.7071216e+01  -9.5205243e+00  -2.5916229e+01   6.1480230e+01   8.2081518e+00  -5.5935657e+01  -9.5260514e+01   6.5814831e+01
  -5.2304439e+01   6.5856932e+01  -3.0703222e+01  -3.8569004e+01  -5.8912881e+01  -4.6090838e+01   4.7181303e+01  -7.7600147e+01   3.8260698e+01  -1.8030147e+01  -1.7726744e+01   8.8270485e+01   2.5811611e+01  -7.4783995e+00  -7.3166629e+01  -7.9232351e+01   7.9363704e+00  -3.5601657e+01   7.0543495e+01   1.4192168e+01  -6.0450048e+01  -7.5176813e+01   9.5019065e+01   3.1319090e+01  -3.9133914e+01  -3.0119280e+01   8.6687406e+01   4.1292460e+00  -2.3842169e+01   5.7039361e+01
  -7.4318561e+01   9.8703289e+01   9.8936647e+01  -6.6430989e+01  -1.8481710e+01   3.0926950e+01  -9.8005959e+01  -8.4813232e+01   3.5940079e+01  -5.7120555e+01   4.6535664e+01   5.4512470e+01  -5.3533746e+01   5.2318365e+00  -3.0881090e+01   6.5460350e+01   7.0494202e+00   3.2752644e+01   1.9328202e+01   3.2268215e+01  -1.1115801e+01   5.1351439e+01   6.3405500e+01  -6.6342706e+01  -1.8100035e+01  -3.0588575e+01   5.6289294e+01  -6.7964533e+00   4.2574147e+01   3.6717617e+01
   4.9007263e+01  -7.8962324e+01  -3.7060295e+00   2.1275334e+00  -1.8991501e+01  -7.3933893e+01  -8.3855900e+01  -3.3954837e+01   7.2515837e+01  -8.2986639e+01  -3.7913595e+01   2.5336023e+01  -6.2454893e+01  -4.4869916e+01   6.0626934e+01   6.9085014e+01   5.5130531e+01   1.1858761e+01  -1.2628410e+01   6.9684620e+01   4.6663209e+01   6.5596683e+01   8.3709735e+01  -9.2087336e+01   3.5853573e+01   3.1215448e+01   5.7339812e+01  -8.7936710e+01   4.5155733e+01   8.1747260e+01
   8.0597440e+01   5.7527804e+01  -1.1312413e+01   5.1840697e+01   2.8220419e+01  -5.3245021e+01   9.5092513e+01  -7.1335665e+01   7.5976734e+01   7.6775936e+01  -5.2882213e+01  -5.9154769e+01   5.7378793e+01   7.9025267e+01  -2.4119206e+01  -4.8626823e+01   8.6560896e+00   3.9595413e+00   2.4331636e+01  -7.3390165e+01   8.5173851e+01  -9.9076703e+01   7.8622409e+01   4.6805282e+01   4.4758670e+01  -9.6708122e+01   4.0234877e+01   2.9526583e+01  -9.7361029e+01  -5.0954347e+01
  -6.6348199e+01   3.7834669e+01   1.4550760e+01  -7.1737968e+01   3.3135153e+01   6.8761601e+01   4.9387481e+01   8.6070725e+01   2.1758977e+01   9.1208361e+01  -5.3262580e+00   3.1077655e-01   6.2059218e+01  -6.6598319e+01  -7.7817606e+01  -3.9071407e+01  -3.4911016e+01   4.7214071e+01   9.3672321e+01  -5.6638547e+01  -9.8429663e+01   3.7376303e+01  -6.4755752e+01   6.9540788e+01  -6.5173146e+01  -6.6554403e+01   6.3669844e+01  -8.1368434e+01   4.8136221e+01  -8.6331222e+01
   7.1996473e+01   6.5427007e+00  -2.5483891e+01   6.6072880e+01  -1.4696365e+00  -5.1868563e+01  -2.8572917e+01   5.1998585e+01  -3.4231378e+01  -4.1106361e+01  -2.1405427e+00   3.9070237e+01  -1.2594823e+01  -4.0054799e+00   1.4935254e+01   9.2040211e+01  -6.6452856e+00  -5.5715423e+01   9.5195420e+01   8.0042454e-01  -4.3350850e+01  -9.3738289e+01  -2.8065506e+01  -9.5683095e+01  -4.1924548e+01   1.0600121e+01  -2.2277051e+01  -6.5776613e+01   4.0300286e+01   9.3267000e+01
   9.4306396e+01  -5.7831296e+01  -1.4218320e+00   8.2635657e+01  -3.7421567e+01   4.1790843e+01  -8.8005014e+01  -3.3652462e+01  -7.6226641e+00   6.9088094e+01  -2.4594890e+01  -3.8662547e+01   8.9132229e+01   3.5687614e+01  -8.2903972e+01   9.7787927e+01   4.3884844e+01  -7.3982467e+01  -9.6969699e+01  -9.7599098e+01  -2.1636363e+01  -4.6447011e+01   1.8228509e+01   6.8345862e+01   5.9591673e+01  -6.3271380e+01  -5.7262090e+01  -5.3400685e+01   4.3235663e+01   9.5947556e+01
  -1.8176495e+00   1.7347925e+01   1.1519844e+01  -2.8371157e+01  -3.3020813e+01   6.3472920e+01   9.6215376e+01   4.4231430e+01   6.2135778e+01  -3.8920099e+01   3.5188836e+01   3.9893785e+01   8.4038496e+01   4.7977978e+01  -3.4484430e+01  -1.5464248e+01  -6.9377565e+01  -6.6566705e+01   8.3974257e+01  -2.4051985e+00   9.9457527e+00   7.2822130e+01  -3.3674126e+01   7.3663178e+01  -4.9555445e+01  -8.0105197e+01  -2.4598250e+01   1.5351550e+01   8.2130086e+01  -9.1740042e+00
  -6.4269540e+01  -7.6996904e+01  -2.7345816e+01   1.8439329e+01   8.9990538e+01   3.9525805e+01  -7.2635227e+01  -3.6216391e+01   9.0619808e+01  -1.7123279e+01   3.3392695e+01  -8.3158480e+01   6.9394379e+00   3.4802655e+01  -6.1381310e+01  -9.2400043e+01  -6.7921931e+01   9.1530344e+01   5.9571660e+01   2.3449296e+01  -9.8504487e+01   6.7010287e+01   1.7716617e+01   3.8102367e+01   9.0534446e+01  -6.3265143e+01   4.2960484e+00   3.4481782e+01  -7.3513783e+01  -4.5265205e+01
   6.1892260e+01  -3.2680451e+01  -1.4261746e+01   1.7294582e+00  -3.8598684e+01   3.5355038e+01   8.9492043e+01  -4.9155599e+01   8.8253151e+01  -8.3708737e+01  -1.5190012e+01  -6.9566136e+00   8.2354727e+01  -8.1256400e+01  -2.1648675e+01  -1.3722200e+01   7.7939697e+00   7.0369029e+00   9.6406876e+01  -2.5716273e+01  -9.2490762e+01  -6.0306247e+01  -8.7302433e+01   7.4401392e+01  -9.6637825e+01   1.4811913e+01   4.6309556e+01  -5.9970413e+00  -3.0056301e+01   5.2394079e+01
   8.8454432e+00  -9.6551417e+01  -8.2472816e+01   3.4729262e+01   5.7188898e+01   8.4818240e+01   1.6556375e+01   7.5867895e+01   6.4565548e+01  -4.8258221e+01  -6.7919041e+01  -1.6028398e+01  -3.1323162e+01  -5.1069435e+00  -8.5456747e+01  -8.3562202e+01  -3.9438326e+01   4.8125936e+01   4.7577295e+01   2.2144961e+01  -6.7678884e+01  -4.4281316e+01  -3.9251645e+01  -2.6965459e+00  -6.6965480e+01  -6.3190763e+01  -4.4021199e+01  -1.8258975e+01  -2.8892143e+01   7.6663585e+00
   6.3914123e+01   9.8052657e+01  -1.2897205e+01  -4.1091368e+01   2.7420314e+01   4.5190985e+01   1.5355514e+01   5.4843392e+00  -5.8377555e+01   8.0185588e+01   2.0789150e+00   4.4288539e+01   7.5951778e+01  -4.5562783e+01  -1.6439790e+01   7.4339365e+01  -9.4328480e+01  -2.9782168e+01   7.6198046e+01   8.0174851e+01   1.7010170e+01   7.9501977e+01   8.2369828e+01  -4.3370195e+01   8.2266790e-01  -5.1664841e+01   6.4355019e+01   6.4128364e+00  -5.1630385e+01  -8.3428618e+01
  -6.2531303e+01  -9.6996160e+01  -8.7005653e+00   3.3876652e+01   4.2981972e+01  -7.5774154e+01   9.4588330e+01  -2.1713649e+01   9.1451930e+01   3.1926029e+01   4.1332181e+01   6.7955075e+01  -4.9958872e+01   7.1248945e+01  -9.0262914e+01  -6.0542434e+01  -5.5443159e+01  -6.1877526e+01  -9.9251916e+01   1.1458398e+01   1.9215866e+01  -5.2427087e+00   7.9747446e+01  -8.0152537e+01   9.9562550e+01   9.8267789e+01   8.8982998e+00  -7.7802937e+01  -5.9789883e+01   2.7867976e+01
  -6.3313027e+01   4.7840610e+01   8.0542770e+01   2.0686122e+01  -4.0417218e+01  -7.0895436e+01   1.9172701e+01  -9.2764291e+01  -3.5591270e+01   2.5938233e+01  -7.2561199e+01   5.9633710e+01  -9.7591042e+01   4.9801402e+01  -4.7250181e+01   8.9664610e+01   1.3390867e+01   6.9876088e+01  -4.8918084e+01  -1.2766391e+01  -6.6859740e+01   6.6948523e+01  -3.0246384e+01   4.8579632e+01   4.4628449e+01  -2.3193493e+01   5.3008110e+01  -6.3705078e+00  -9.5418566e+01  -9.5909380e+01
   1.9189606e+01  -6.0599444e+01   4.3282002e+01  -7.9182317e+01  -1.1257141e+01   9.6994335e+01  -3.4148552e+01  -7.0548812e+01   7.0586309e+00  -6.7180645e+00  -2.0673877e+01   2.2537067e+01  -7.9037893e+01  -3.3915245e+01  -3.3129657e+01   8.3834538e+01   5.4994724e-01  -2.9470661e+01  -9.7132072e+00   3.3438423e+01   8.6359678e+01   8.6591303e+01  -7.9933290e+01  -8.2412873e+01   5.1612519e+00  -3.1939718e+01  -3.3919929e+01   7.2814997e+01   4.3996355e+01  -4.9096148e-01
  -7.3286381e+01  -3.1356799e+01  -2.1075372e+01  -5.0756692e+01   5.1196662e+00  -3.9334272e+01  -7.2487963e+01   4.2986259e+01   5.0971834e+01   3.3247132e+01  -4.7165586e+01  -9.8944331e+01   7.7668415e+01  -4.1215929e+01  -7.8121642e+01   2.2194881e+01  -8.4586604e+01  -2.1981826e+01   5.8653443e+01   9.6116216e+01   7.5602927e+00  -9.2199317e+01  -9.5049471e+01   9.7246945e+01   2.7024880e+01   7.8318139e+01   4.1358126e+01   6.2103608e+01   1.1514582e+01   3.2789786e+01
  -4.6715433e+01   2.4282090e+01  -3.5490984e+01   7.6911246e+01  -8.6473763e+01   3.7058861e+01  -8.0302475e+01  -4.7117134e+00   3.6186595e+01  -8.5194780e+01  -6.4920824e+01   8.6335315e+00   3.5874731e+01   8.6725845e+01   1.4671873e+01  -6.9734140e+01  -2.1572923e+01  -4.6453170e+01  -9.6139307e+01  -1.1033736e+01  -8.9284729e+01  -5.2504317e+00   3.6145717e+01  -7.7451892e+01   5.8785136e+01  -7.8959802e+01  -9.5199596e+01   4.7724999e+01  -4.4500866e+00  -8.6263327e+01
  -5.9126112e+01  -7.2799766e+01  -7.8554369e+01  -7.1573672e+01  -6.9839312e+01  -4.9428758e+01   5.3500296e+01   4.3606600e+01  -7.0915051e+01  -7.6988324e+01   9.8281323e+01  -7.0833494e+01  -9.8374658e+01   3.1304268e+00   9.8069729e+01  -6.4592212e+01   8.4323292e+01  -1.4957182e+01   4.5152105e+01  -4.8647114e+01  -6.1056895e+01  -7.1609169e+01  -3.0253102e+01  -6.3852051e+01  -1.6667891e+01   1.1666668e+01   2.6384339e+01  -9.4350182e+01   5.5173411e+01  -5.5512224e+01
  -3.3051434e+01  -5.1461117e+01   8.2488037e+01  -3.3115214e+01   3.7987478e+00   2.6923925e+01  -6.8882531e+01   6.7402096e+00   2.7400354e+01  -9.9132954e+01   2.4185155e+01  -9.3723110e+00  -8.5118684e+01  -1.2561595e+01  -2.2904799e+01   6.3779625e+01  -7.2630830e+01   8.5580165e+00  -9.4409362e+01   4.4082386e+01  -4.2639509e-01   7.8794185e+01  -1.1632431e+01   1.0213542e+01  -8.4634315e+01   1.4921327e+01  -6.4368002e+01   3.7547404e+01   1.5305902e+01   1.7186146e+01
   7.3914417e+01   9.8989787e+01  -4.0299102e+01  -2.2432905e+01  -4.5519758e+01  -5.2686144e+01  -8.6135096e+01   4.9978316e+00   9.4167008e+01  -1.3041519e+01   6.2812461e+01   7.8953491e+01   5.1484734e+01   8.1290653e+01   8.0508366e+01  -3.4355747e+01   7.7447278e+00   8.6123376e+01  -4.6765890e+01  -7.2782607e+00  -8.9006743e+01  -2.8153105e+01  -9.2315533e+01  -4.4785771e+01  -7.3149889e+01   1.2556423e+01   4.4329832e+00   6.1915396e+01   2.5428769e+00  -3.8358057e+01
   1.6425301e+01  -6.0040111e+01   6.3941458e+01  -8.5663814e+00  -5.7970834e+00   8.3816579e+00   9.5895631e+01  -7.0583875e+01  -6.0480161e+01  -8.7876470e+01  -8.8769167e+01   3.4711450e+01  -1.6910607e+01  -2.1775786e+01   5.0203523e+01   3.5111921e+01   1.6678697e+01  -2.0527810e+01  -3.3176013e+01  -7.1269270e+01   6.7461180e+01   2.2709235e+01  -5.4635707e+01  -9.2740267e+01   5.5269274e+01  -1.6759790e+01  -1.6958377e+01   7.6865970e+01   7.6148447e+01   3.4812415e+01
  -9.1028108e+01   6.7947816e+00  -9.6673139e+00  -8.1447202e+01   4.1776332e+01   8.4948992e+01   1.7526684e+01  -4.9403827e+01   2.5454890e+01  -2.6472492e+01  -1.3098259e+01   9.7221964e+01  -7.2614594e+01  -6.3363046e+01   1.9921664e+01   7.1328877e-01   2.3136100e+01   3.2863910e+01   3.3830879e+01  -5.8942847e+01   6.3756880e+01   4.7077584e+01   9.5722134e+01  -2.6457975e+01  -6.6923283e+01   4.1839283e+01  -7.1633533e+01   8.7647853e+01   8.1008035e+01   2.0397765e+01
   6.5935570e+01  -2.2443409e+01   5.8701072e+01  -6.9090845e+01  -2.9670767e+01   3.9932658e+01   1.1166747e+01  -3.4618295e+01  -3.8856417e+01   4.7374704e+01   6.7464642e+01   4.4972546e+01   8.9212412e+00   4.2597406e+01   2.5730700e+01  -8.5532319e+00  -7.4457221e+01   6.0072608e+01   8.9824521e+01  -4.7000464e+01  -9.5531006e+01  -1.2248924e+01  -7.8331497e+01   2.0189302e+01  -6.2851926e+01   3.2117216e+01  -6.0737875e+01   8.2729214e+01   4.6782321e+01  -6.5565154e+01
   4.6793561e+00  -8.9130425e+01  -2.3172993e+01   7.4317969e+01   9.4744929e+01  -6.3699001e+01   8.1900108e+01  -9.8732438e+01  -1.2234026e+01   7.3785639e+01  -2.2129727e+01  -2.2087962e+00  -2.5949619e+01   8.2966975e+01  -1.6970484e+01   5.1032624e+01  -3.7797295e+01  -7.0501916e+01  -5.7894420e+01   9.8487724e+01   9.9699756e+01   2.7160355e+01   3.5797607e+01  -5.6172409e+01   4.8327405e+01  -9.1492407e+01  -5.0834724e+01  -8.3414607e+01  -5.6855874e+00   1.3812447e+01
  -1.0356763e+01  -9.6052693e+01   6.1415543e+01  -7.9084128e+01   6.9875339e+01   8.9651745e+01   4.5258206e+01   9.2404321e+01   9.5676505e+01   2.3431057e+01  -1.1478050e+00  -4.9264269e+01   7.2066830e+01   5.9426598e+01  -1.6661845e+00   7.6092476e+01   8.2066690e+01   3.4103234e+01  -7.8709371e+01  -9.8425646e+01   8.5417820e+01  -9.3536404e+01  -2.3031326e+01  -3.4135291e+01   9.1884802e+01  -1.0415595e+01   9.0026672e+01   3.0232224e+01   9.0353301e+01  -5.4586797e+01
  -9.8739590e+01  -3.2506109e+01   5.1402359e+01  -5.5047446e+01   8.1434083e+01  -1.0097506e+01   1.6228240e+01   2.8057747e+01  -7.7541450e+01   3.1681926e+01  -6.1378533e+01   1.4333849e+01  -9.0887665e+01   4.6915738e+01  -8.6719210e+01  -7.6639073e+01   3.5542073e+01   8.7427994e+01   4.5484776e+01  -4.4142941e+01   8.7740288e+01  -3.4690249e+01   4.2426684e+01  -5.6221166e+01   6.4442873e+01   9.0822731e+01   8.2460016e+00  -8.1895660e+01  -3.1608497e+01   6.8456801e+01
   4.4207955e+00   3.3529307e+01  -1.3834669e+01   4.1909917e+01  -9.4564788e+01  -9.2015721e+01   9.9932894e+00   8.5838758e+01  -6.5274201e+01  -8.1289781e+01   1.7382557e+01   3.9607621e+01  -2.5005984e+01  -8.1427249e+01   1.6816007e+01   4.7657502e+00   9.5078084e+01  -5.7101167e+01  -5.9671274e+01   9.8178506e+01   3.9053688e+01   3.2346878e+01  -9.7801698e+01   6.3970569e+01  -3.6383214e+01   8.1698141e+01   5.7710849e+01  -8.2905607e+01   7.4282519e+01   2.1855061e+01
   9.2706956e+00   8.1984695e+01   3.8444885e+01   2.3329299e+01  -1.4495255e+01   5.4175378e+01  -3.9623536e+01   3.4393889e+01  -8.5877922e+01   5.4037434e+01   8.1579509e+01  -1.0855753e+01   7.6859234e+01  -5.8193200e+01   5.6088151e+01   6.4410057e+01   3.9743732e+01   8.5116235e+00   6.9954301e+01   7.6394066e+00  -2.8484121e+01  -7.4644844e+01   3.8806582e+01  -2.1257414e+01   5.1642847e+01  -4.0460164e+01   9.5163791e+01  -8.5867956e+01   4.7479839e+00   5.6827885e+00
   4.8668935e+00   6.1480029e+01   1.4777043e+01   1.7486461e+01  -9.8745719e+01  -2.3904401e+01  -4.2089067e+01   2.9158792e+01   7.0790965e+01  -8.0184888e+01   3.7705939e+01  -9.8780988e+01   2.9613349e+01   1.7577753e+01  -8.0927446e+01  -5.6635149e+01  -8.5993596e+01  -9.1679844e+01  -7.5916186e+01   9.8372784e+01  -7.7611990e+01  -7.4057165e+01  -6.3896502e+01  -5.6712607e+01   6.1888867e+00  -6.5098061e+01  -5.7317391e-01  -3.1838157e+01   4.6437606e+01  -1.5467274e+01
  -6.9480880e+01   8.1083378e+01   5.5970159e+01   6.3367496e+01  -1.7735221e+01   8.2900312e+01   9.8275915e+01   1.4518058e+01  -1.7212865e+01  -1.1656577e+01   7.7816312e+01  -4.3668861e+01  -9.2105019e+01   7.2543023e+01   1.8032302e+01   2.0395514e+00   6.8160164e+00  -1.8881409e+01   1.6497913e+01  -4.7250742e+01  -5.1177956e+01  -3.5512362e+01  -3.7276493e+01   3.3111849e+01   4.8905586e+01  -6.8346724e+01  -2.3118887e+01   3.3709259e+01   7.8154738e+01   1.0596945e+00
   2.9058676e+01   9.7510298e+01   5.2926406e+01   7.0094387e+00   3.9097296e+01   5.0912736e+00  -1.9349051e+01   4.0079302e+01  -8.7159732e+01   4.4811107e+01  -4.9841485e+00  -8.4946171e+01   1.3038962e+01  -8.3781796e+01  -6.4749000e+01  -5.6930066e+01   8.2420109e+00  -3.6215697e+01   3.4578648e+01  -2.2436591e+01  -6.8794884e+01   2.0593489e+01  -8.0188699e+01   9.9891916e+01   4.0894827e+01  -6.5568183e+01  -8.8935853e+00   7.3943824e+01   7.4632504e+01   7.6760255e+01
  -6.6945191e+01  -3.5773506e+00   1.9211903e+01   7.9972151e+01  -3.0470684e+01   2.3797000e+01  -3.5155437e+01   5.3765386e+01  -4.0185510e+01   8.5224454e+01   3.4932491e+01   7.0479526e+01   8.3450050e+01   3.3083840e+01  -7.4117760e+01   3.6061086e+01  -6.3431082e+01   6.9764272e+01  -6.4459984e+00   2.4357393e+01  -1.4646162e+01  -9.8794105e+01  -4.6793756e+01  -6.9784125e+01  -3.5270608e+01  -6.8104092e+01  -2.9254777e+00   4.1571570e+01   2.2340164e+01   1.9608315e+00
   5.6130611e+01  -4.9057327e+01   4.5298618e+01   3.5211610e+01   9.8172341e+01   1.6834889e+01  -4.7719910e+01   6.8690423e+01   8.1261987e+01   7.7843015e+01   8.6955598e+01   2.4421627e+01   5.3656987e+01  -6.6063603e+01  -6.2418804e+01  -3.6416183e+01   4.7669626e+01  -1.9719632e+01  -1.3800377e+01  -8.4961747e+01   5.7290886e+01  -3.1883622e+01   4.4779829e+01  -7.1512482e+01  -6.0324987e+01  -1.7260946e+00  -7.3895099e+01   5.3868521e+01  -1.5357565e+01   7.1266488e+01
   4.7868761e+01   8.5346389e+01   8.5209756e+01  -8.0310989e+01  -2.8199088e+01  -3.8894832e+01  -4.4810838e+01  -3.3538426e+01   5.4707011e+01   3.2826064e+01  -3.2755412e+01  -8.8038049e+00  -6.1612668e+01   3.8804696e+01  -4.9656151e+01   2.3524423e+01  -5.4022536e+01   8.5261366e+01  -9.3405778e+01   1.5714932e+01  -3.9780408e+01   5.7370132e+01   5.9243797e+01  -7.4038979e+01  -3.5199829e+01  -7.0252461e+00   8.2149578e+01  -5.5992042e+01   4.4071256e+01   5.5535186e+01
   7.5140594e+00  -2.0408283e+01   9.1359449e+00  -9.2372112e+00  -4.8840809e+01   4.4059643e+01  -2.9010207e+01   3.1648705e+00  -7.5574651e+01   6.5457738e+01   8.4735271e+01   1.3451051e+01  -5.6707761e+01  -1.8258814e+01  -4.3685062e+01  -4.7535586e+00   4.0453339e+01  -3.3433427e+01   6.7743849e+01  -8.2510432e+01   3.2182000e+01   8.9204379e+01   9.7322214e+01   8.8494076e+01  -8.7554352e+01   5.6502856e+01   7.9955873e+01  -2.2037354e+01  -4.5433344e+01  -4.0287177e+01
  -4.4733755e+01   2.6793412e+01  -6.2332898e+01  -5.5581646e+01   2.3681136e+01   4.5347384e+01  -9.2325037e+01   5.9144373e+01  -9.9124687e+01  -7.6996799e+01   1.1920266e+00  -9.6872528e+01  -6.6109752e+01  -9.4065168e+01   1.6268903e+01   9.4065418e+01   3.2970257e+01   8.5939152e+01  -1.8595067e+01   4.4162048e+01  -7.7780031e+01  -7.7004810e+01  -2.2023042e+01  -6.0378256e+00   1.8570021e+01   6.3312955e+01  -4.0173952e+01  -7.8075226e+01   2.3613990e+01   5.2057893e+01
  -5.1587030e+01  -1.1109502e+01  -6.4990702e+01  -9.0510295e+01   4.4817484e+01  -4.4510241e+01   3.0903646e+01   9.0460970e+01  -3.4149589e+01   6.3283904e+01   8.8494741e+01  -8.7212216e+01   8.9091460e+01   7.1188905e+01  -3.2789428e+01   5.0373823e+01   2.8160662e+01  -1.3379960e+01   1.1384360e+01  -4.0826271e+01   8.0346313e+01  -8.1460747e+01  -7.7261618e+01   9.1199575e+01   3.4561181e+01   7.5201834e+01  -1.3386106e+01  -4.1330556e+01  -3.3790489e+01  -7.1950576e+01
   8.3766651e+01   8.2536874e+01  -8.9763985e+00  -2.9322442e+01  -4.8280621e+00   2.4129102e+01   1.3718743e+01   6.8124404e+01  -1.0394485e+01   1.2975877e+01   5.5668957e+01   3.6212120e+01   6.0286369e+01   4.5974515e+01   5.4967570e+01   2.8185771e+01   4.4259186e+01   2.1439337e+01   5.8891323e+01   8.2430041e+01   9.4984159e+01   5.1781296e-01   3.5084906e+01  -5.2075904e+00   5.5969279e+01   4.0941737e+01   1.5617185e+00  -6.2203440e+01  -5.9066048e+01  -3.5780793e+01
  -6.3652679e+01   7.1116082e+01  -8.7835494e+01  -1.6126517e+01   1.2196749e+01  -7.0481248e+01  -9.6593792e+01   8.4806407e+01   2.8888085e+01  -5.9770706e+01  -6.5661117e+01  -2.3738309e+01  -1.9179692e+01   3.0583680e+01  -1.2889310e+01   5.5729637e+00  -8.0422471e+01   9.7962621e+01  -9.0218139e+01   7.1301896e+01  -1.4484769e+01   3.0732752e+01   1.9085577e+00   3.5161166e+01  -7.2542697e+01   9.9816335e+01   1.0303421e+01   2.3986085e+00  -4.8224683e+01   4.8490723e+01
   7.1203217e+01   4.6266747e+01  -5.0594407e+01   8.6070081e+01   6.8198780e+01   3.1275507e+01  -8.2917861e+01  -4.3673068e+01  -4.9675537e+01  -6.7937296e+01   2.8459342e+01  -6.3060365e+01   4.6661862e+01   8.1981327e+01   3.6878551e+01  -4.1531880e+01  -9.2535517e+01   8.1981039e+01   3.9600897e+01   7.8361743e+01   5.7111261e+01   8.7215125e+01  -2.1989129e+01  -1.5600670e+01  -9.3062795e-02  -2.7346914e+01   6.8362146e+01   1.8005476e+01  -5.0743967e+01   7.8551582e+01
  -8.9211049e+01   3.3561116e+01   5.1621736e+00   5.4715673e+01   7.8086624e+01   4.0761854e+01  -6.0608631e+01   4.5706307e+01   1.8505429e+01   4.7242243e+01  -4.9303045e+01   7.0465330e+01   1.2196311e+01   9.9417854e+01   5.9895570e+01  -8.0994408e+00  -4.4064396e+01  -3.5713360e+01  -3.1228800e+01  -2.5973561e+01  -3.7381636e+01  -2.6696309e+01   4.8178906e+01   5.0346981e+01   5.9227240e+01   8.7495997e+01  -4.6222204e+01  -7.2043317e+00   9.2358093e+01   6.1456724e+01
  -9.1746194e+00  -2.3590959e+01   6.0065851e+01  -7.6476493e+01  -3.3564004e+01  -6.1511180e+01  -8.1219465e+01  -2.4535634e+01   5.8335051e+01   5.3687039e+01   9.3811271e+01   2.2525427e+01  -9.8293702e+01  -7.5875284e+01  -2.3331847e+01   8.4090797e+01  -8.7586208e+01   1.2153955e+01   4.6592204e+01  -1.3780176e+01   9.6475274e+01   2.6228114e+01  -6.7265527e+01  -5.5957550e+01   2.0525840e+01   5.3852958e+01   5.9954168e+01  -1.2117289e+01   5.7482004e+01  -2.9608391e+01
   5.4434059e+01   7.3707375e+01  -3.4176853e+01   5.9815708e+01   9.4584892e+01   5.4456483e+01   1.5738368e+01   9.7021133e+01  -9.2956892e+01  -2.7862148e+01   4.0731303e+01  -7.7797546e+01   9.1664779e+01   8.2239999e+01  -4.5856444e+01  -7.6196080e+01   8.4919159e+01  -8.9536577e+01  -9.6485809e+01   8.8217263e+01   9.6068741e+01   1.1350660e+01  -9.3751882e+01  -2.8096230e+01  -4.1327314e+01  -6.4706533e+01  -6.8072335e+01  -4.0986358e+01   3.5066710e+01   6.2577372e+01
  -5.2716768e+01   5.1848266e+01  -9.7677351e+00   8.8739570e+01  -1.8575518e+01  -4.8194525e+01   3.8218683e+01   8.1755359e+01  -8.0971072e+01   4.7130356e+01   9.2003751e+01  -3.1205814e+01  -8.1256940e+01   5.3798728e+01  -3.3044100e+01   1.1568975e+01   9.3985881e+01  -3.5062068e+01  -9.3805702e+01   3.1018002e+01   4.6429420e+01  -4.2368783e+01   1.8152763e+00  -7.8011894e+01   4.7538672e+01  -3.3648168e+01   7.7864145e+01   4.1622667e+01  -6.0150128e+01  -8.5828171e+01
  -5.7393931e+01  -3.2749083e+01  -3.3405021e+01  -1.5762696e+01   8.5962640e+01  -9.6185447e+01  -8.0659947e+01   7.5672241e+01  -5.8470426e+01   1.5324909e+01  -2.3229118e+01   7.5268009e+01  -1.4615008e+01   4.0083295e+01   5.8757019e+01  -3.2576141e+01  -7.0777678e+01  -6.6931374e+00   9.6894577e+01  -9.7911676e+01  -6.0640994e+01   8.7719511e+01  -9.6217700e+01  -2.0844120e+01   9.9264784e+01  -2.1804718e+01   3.5419375e+01  -3.5857425e+01   3.4461878e+01   6.9513604e+01
  -4.5724205e+01  -5.9342101e+01  -8.1606623e+01   2.0656940e+01  -2.8850750e+01  -7.6655694e+01  -5.4747756e+01  -8.3284184e+01   7.1753968e+01   4.2109799e+01  -5.7141934e+01  -8.0972697e+01   9.1358766e+01   8.7865926e+01   8.6906310e+01   4.5389883e+01  -4.8667453e+01   3.5088279e+01  -4.5120062e+01  -8.7407964e+01   7.4469520e+01  -7.3938357e+01   4.7001585e+01  -8.1607264e+00   8.1929475e+01  -7.4685321e+01   7.4849668e+01   9.4192185e+01  -1.8284352e+01   2.8180345e+01
   5.7978791e+01   9.2865707e+01   4.7108058e+01  -9.7837173e+01   7.7464950e+01  -2.8853675e+01   2.1272812e+01   8.8482074e+01   4.8050028e+01   6.7531808e+01  -3.4514903e+01  -8.8842545e+01   2.4788514e+01  -8.6876389e+01   2.0650774e+01   6.5215554e+01   9.3604742e+01   5.1324743e+01  -2.1725514e+01  -9.5979070e+01  -1.7422218e+01  -7.9137983e+01  -5.7156961e+01  -3.1526072e+01  -3.9772623e+00   3.9497599e+01   2.1702368e+01   8.2424038e+01  -8.4417160e+01  -8.7364686e+01
  -3.6386410e+01  -2.4013129e+00  -7.5540012e+01  -2.0134287e+01  -3.9808067e+01   2.2013424e+01   1.0010805e+01  -4.9924710e+01   3.4238810e+01  -8.1544473e+01   7.7686835e+01  -9.1009500e+00   4.6644729e+01   3.1280835e+01  -3.3041986e+01   5.9429683e+01  -2.4127502e+01  -7.2678207e+01  -4.6919761e+01  -5.0598008e+01   4.2542413e+01   1.2519617e+01  -6.8561462e+01   5.9320969e+01   7.6148907e+01  -2.6850694e+01  -1.0986604e+01   8.7532080e+01  -9.3699897e+01  -8.2627326e+01
   3.7299529e+01   8.9549639e+01   9.4476704e+01  -3.4780926e+01   1.9747142e+01   3.5776172e+01   3.6514674e+01  -2.8723965e+01   9.9527489e+01   5.6492133e+01  -2.6167254e+01   6.2793966e+01   8.3248110e+01   6.2574878e+01   8.1518771e+01   4.6622855e+01   5.1074905e+01  -2.9999251e+01  -9.5304106e+01  -2.1658731e+01  -3.6286790e+01   4.4828503e+01   5.4666815e+01  -4.4764212e+01  -3.4247133e+01   5.0915856e+01   9.7982064e+01   6.5977335e+01   6.2150832e+01  -3.4779983e+01
   3.6446717e+01   8.7440513e+01  -3.8368855e+01   3.1114088e+01  -9.3711396e+00  -1.3101396e+01   9.9129197e+01  -8.7322606e+01  -9.1423618e+01   8.4580848e+01  -9.6536383e+01   6.2712594e+00   2.1837369e+01  -8.7657593e+01  -6.5968750e+01   8.6190169e+01  -7.4212649e+01  -5.1588614e+01   4.0140417e+01  -7.8584202e+01   8.8950761e+01   2.6770031e+01  -1.2137262e+01   8.0608875e+01   4.4997054e+00  -2.5890830e+01   3.7782542e+01  -6.6570504e+01   5.6078458e+01   5.2949202e+00
  -9.3184944e+01   3.6585162e+01  -7.4314176e+01   5.0828542e+01  -5.7847890e+00   9.2019230e+01   5.2324859e+01  -1.3937709e+01  -2.9368586e+01  -2.7502537e+01   6.3290635e+01   9.0334684e+01  -5.6113312e+01  -1.1960943e+01  -9.4188113e+01   6.7106200e+00  -2.5505841e+01  -8.9815038e+01  -3.3323915e+01   5.9206512e-01   4.1118480e+01  -2.8613879e+01  -8.1954257e+01   7.4160020e+01  -9.8146760e+01   4.4691252e+01  -3.8324420e+01   2.6602478e+01   6.0805012e+01   3.0922802e+01
   6.3631886e+01   1.5506312e+01   5.6697595e+01  -8.7216297e+00   1.4417461e+01  -6.9168864e+00   6.4888568e+01  -2.4714821e+01   2.1885194e+00   8.4288968e+01  -6.9821340e+01   2.9567770e+01   1.3096914e+01  -6.5922204e+01   9.5388403e+01   1.1013445e+01   7.6977018e+01   8.4499144e+00  -3.2069560e+01  -5.7893098e+01  -8.8842207e+01   8.9175331e+01  -4.6631455e+01   9.6238859e+01  -9.7219415e+01   5.1814800e+01   7.6031366e+01  -7.3224223e+00  -5.8864826e+01   5.6798323e+01
   9.3239527e+01   1.7041050e+01   6.8568311e+01   3.8392485e+01  -9.8427937e+01   4.5090943e+01  -5.4700808e+00  -3.7974998e+01  -7.0636363e+01   6.0635149e+01   2.1051587e+00  -8.3960423e+01   1.3087854e+01   2.5169266e+01   4.5326204e+01   4.4982328e+00   5.5555420e+01   2.6211557e+01   4.4860975e+01  -8.8114863e+01   5.7832492e+01  -4.0904475e+01  -2.9264946e+01  -5.6167542e+01   4.5602137e+01   2.7468002e+01  -8.1596776e+01   2.2075534e+01  -6.0652832e+01  -9.5581491e+01
   8.7073413e+01  -9.0266107e+01   1.7439023e+01  -7.6355449e+01  -9.8273987e+01  -9.3906711e+01  -6.5385502e+01   5.8624147e+01   2.7409287e+00   6.2561158e+01  -9.2269010e+00  -9.6086256e+01  -2.5873258e+01  -2.4310745e+01  -9.0585014e+01  -4.0515301e+01   4.1732497e+01  -1.8619355e+01   8.0158061e+01  -5.2627439e+01   3.7179271e+01   4.2132987e+01   2.8682151e+01   2.3959771e+01   7.1842766e+01  -9.6418845e+01  -8.8770426e+01  -5.7286334e+00   7.5661914e+01   2.8905669e+01
   2.0900321e+01  -6.7300897e+01   8.6950350e+01   1.3164979e+01  -7.0721982e+01   1.7371551e+01   4.4052020e+01   1.2864018e+01  -9.7499865e+01  -6.9349699e+01   8.7590242e+01   7.6849879e+01  -4.8788854e+01  -2.8814916e+01  -3.2921464e+01  -6.1306984e+01   7.5988485e+01  -8.6506783e+01   9.1743612e+01   5.6871492e+01  -8.3834280e+01   6.5354487e+01   4.8595110e+01   5.4888085e+01   3.1634447e+01  -4.9853250e+01   2.3021079e+01   5.9217293e+00   3.5777472e+01  -2.2748913e+01
  -7.1667284e+01   6.4989157e+01  -5.0412872e+01   8.1457226e+01  -9.3486180e+01   7.4845167e+01   6.1770471e+01   8.3797474e+01  -5.8159605e+01  -3.1808265e+00  -1.0847467e+01   1.0180415e+01  -9.1080165e+01   4.5763212e+01  -7.8860550e+01   6.1268197e+01  -4.7765592e+01  -2.0738391e+01  -5.8023811e+01  -8.8933225e+01   1.3576886e+01  -3.4349138e+01  -8.1693623e+01  -7.7596613e+01  -4.2820489e+01   9.5122026e+01   6.9304177e+01  -8.8562918e-01   6.9570522e+01  -4.6053905e+00
   7.1125880e+01  -9.8152510e+01  -8.3420185e+01   4.8678203e+01  -9.4168267e+00   4.5058227e+01  -5.8959256e+01  -2.5407647e+01   1.0817222e+01  -3.3295038e+00  -8.8357632e+01  -7.0502995e+01  -8.6328116e+01   5.9249194e+01   5.2444216e+01   5.5830161e+01  -1.0875299e+01  -9.1765210e+00   6.7642705e+01  -2.8643541e+01   5.8660673e+01   9.1064124e+01  -5.6532732e+01  -3.8371284e+01   5.9843842e+01  -7.9045862e+01  -4.5969975e+01  -9.3760730e+01  -2.2982390e+01  -6.7293656e+01
   3.5256678e+01   3.1487641e+00   7.9726552e+01   2.9730252e+01   2.4861592e+00  -4.6943947e+01  -3.3874927e+01  -9.7904613e+01  -6.3482953e+01   1.4931847e+01   1.5833061e+01   7.2101461e+01  -5.2043510e+01   5.8785145e+01   1.3299555e+01  -9.3169923e+01  -2.6077217e+01  -2.0445073e+01   2.6896781e+01   9.3016979e+00   8.7290545e+01  -7.2560294e+01   7.4243041e+01  -6.3018523e+01  -7.4748435e+01  -1.0382116e+00  -1.6171879e+01  -6.3413457e+01  -1.1342461e+01   8.1105098e+01
   5.5556896e+01  -6.0235918e+01   3.6506424e+01   7.9464740e+01   6.6741877e+00   2.4554780e+01  -5.2874457e+01   9.2920393e+00   7.9560544e+01  -9.1307389e+01   1.3582594e+01   9.2636634e+01   4.0529794e+01   9.7990041e+01  -8.6599266e+01  -6.9690927e+01   1.4554302e+01   3.2453822e+01  -9.0922819e+01  -5.0134277e+01   8.1185451e+01   1.5856443e+01  -2.7574070e+01  -5.0711441e+00   4.5159636e+01   3.6881504e-02   7.4867531e+01  -4.2153608e+00  -1.0572342e+01  -9.9735289e+00
  -2.5388216e+01   2.2243316e+01   9.2446558e+01   8.0117053e+01   4.9188738e+01  -1.0402943e+01   8.2960174e+01   6.8861782e+01   8.9816791e+00  -1.0803229e+01   3.5383416e+01  -4.1527651e+00  -7.3215476e+01   8.9792068e+01   7.4878168e-01   4.9090195e+01   5.8634526e+01   7.4928421e+01   7.0829228e+01  -3.2147771e+01  -8.6408075e+00   1.0288660e+01   7.5946959e+01   8.7840416e+01   4.6051163e+01   1.0335374e+01   5.2189137e+01  -4.1660657e+01   1.2050053e+01   5.9057994e-01
   5.0650777e+01   4.1982919e+01   4.7127887e+01  -7.3209461e+01  -8.6662947e+01  -8.5482863e+01  -2.0454265e+01   9.6333526e+01  -6.5271175e+01  -6.9552138e+01  -9.6807794e+01   6.8266806e+01  -4.2548426e+01  -7.8801498e+01  -5.7328482e+01   1.8803020e+01   5.3326095e+01   6.6535760e+01   3.2689703e+01  -9.4741251e+01  -1.8374060e+01  -1.6981715e+01   2.2460486e+00  -1.7225981e+01   9.1007966e+01  -8.3221397e+01  -4.1978119e+01   6.4320290e+01   5.8765938e+01   9.6731814e+00
  -2.3756250e+01   5.3709845e+00  -2.6361089e+01   8.8345206e+01   5.5683361e+01  -8.4622918e+01   6.0427330e+01  -7.9828014e+01   6.2656851e+01  -6.4057524e+01   4.6512807e+00   4.0374914e+01   4.0370283e+01  -2.4339442e+01   4.8290251e+01  -4.9962898e+01  -1.7501606e+01   5.2937269e+01  -2.9407952e+01   5.0124699e+01  -1.0313207e+00  -3.9844021e+01   7.6042728e+01  -2.4420372e+01  -2.0836256e+01  -1.4778220e+01   7.7379920e+01   1.9376218e+01   2.2375094e-01  -6.1776150e+01
  -1.3485612e+01  -7.5769042e+01  -3.2530037e+01   1.7238247e+01   5.1396242e+01   4.5143980e+01  -8.2844924e+01   1.8677397e+00   7.8245966e+01   7.4416238e+00  -6.0760466e+01   6.2341741e+01  -8.6718555e+01   7.1137232e+01   9.0719078e+01  -6.4912357e+01   5.7944735e+01  -2.0264451e+01   4.3181034e+01   8.4756363e+01  -4.3621107e+00   7.2842818e+01   5.8994772e+01  -9.7829968e+01  -5.4083580e+01  -8.9238609e+01  -3.7686879e+01   7.5872653e+01   5.7555746e+01  -5.8405696e+01
  -4.5064355e+01  -1.9686520e-01   7.0794005e+01   9.3695050e+01  -9.3560746e+01  -6.5377652e+01  -6.0303560e+01   9.5214222e+01   3.0110509e+01   9.6480906e+01  -1.8621803e+01   2.8795012e+01  -5.8911630e+01  -2.8477030e+01  -5.1493206e+01   7.9339004e+01  -9.0624666e+01   5.6915183e+01   8.8980623e+01  -7.4091215e+01   5.9958948e+01  -2.1019555e+01  -3.2387944e+01  -6.4681126e+01  -3.4909464e+01   8.3397385e+01  -8.7620827e+01  -8.2830628e+00   8.6104564e+01  -8.6118140e+01
  -8.8462627e+01  -7.8354981e+01   9.5027731e+01  -5.8776073e+01  -2.1845886e+01  -1.6893490e+01   6.2277855e+01  -6.9812470e+01  -4.0535884e+01  -1.8709808e+01  -6.6608624e+01   5.8571657e+01  -1.0864879e+01  -9.3456162e+01   4.4922158e+01   4.7675887e+01  -3.8211925e+01   9.3699373e+01  -1.3626863e+01   6.8622125e+01  -4.6088398e+01   6.4643036e+01   4.3987980e+01   7.1821871e+00   5.9807882e+01  -2.2129271e+01   7.5714368e+01   2.1691338e+01  -5.2366996e+01  -6.3181812e+01
  -5.6859029e+01  -2.2193667e+01   9.8654402e+01  -8.3823851e+01  -4.8543943e+01  -3.2925865e+01   4.8373660e+01  -6.5217237e+01   2.6948896e+01  -5.7463870e+01  -7.9633913e+01  -3.5002312e+01   2.1290703e+01  -5.1802292e+01  -9.6095693e+01   3.0372340e+01   1.4906108e+00  -8.8457422e+01   5.4760618e+01   5.1245659e+01  -7.9552502e+01  -2.3135156e+01   1.9646544e+01   7.4226259e+01   3.6006091e+01  -9.1455795e+01   1.9487569e+01   2.6615153e+01  -7.9706746e+01  -7.4463693e+00
   6.2108627e+01  -8.3541420e+01   6.8705610e+01   8.6836011e+00  -4.5736522e+01   8.2687955e+01   3.3604352e+01   5.5740688e+01  -4.8004884e+01  -6.6873083e+01   5.2751143e+01  -1.1637699e+01   9.0206939e+00   5.5176201e+01   5.7019877e+01   2.5891173e+01   1.2533450e+01   9.9425251e+01  -1.1328658e+00  -5.5796550e+01   5.8533180e+01  -5.8582669e+01   8.2639788e+01  -2.9218732e+00  -1.9634195e+01  -2.3114183e+01  -3.6990987e+01  -8.1827428e+01   6.8447824e+01   9.1286672e+00
   8.4024462e+01   4.4781973e+01   1.1155165e+01   4.0773603e+01   2.0188047e+01  -5.3421151e+01  -6.2078674e+01   8.8068903e+01  -6.1047110e+01  -6.6524736e+01  -7.0289163e+01  -4.3138490e+01  -9.7976046e+01   2.8247697e+01   5.7480236e+01  -5.7477269e+01   3.3030062e+01   3.7060650e+01   5.6426695e+01   2.3538461e+01   7.4647058e+01   4.9693856e+01   6.0627642e+01   6.1006026e+01   7.2100390e+00  -6.2028704e+01   9.0750539e+01  -2.4230329e+01   3.6955247e+01   5.5155478e+01
  -3.7185127e+01   7.1297872e+01   6.0491933e+01   6.2027687e+01  -7.3193062e+01   6.1639788e+01   1.0901099e+01   2.4297677e+01   5.6518064e+01  -1.7642851e+01   7.2651090e+01   2.1321036e+01  -7.3576249e+01  -2.2078460e+01   1.9779044e+01   4.8900683e+01  -2.4956226e+01   8.1215449e+01   8.9297472e+01  -5.4039497e+01   1.1498518e+01  -4.2172855e+00   5.1145756e+01   4.2498538e+01   3.3717054e+01  -3.5601734e+01  -7.5083324e+01  -2.9090578e+01  -1.5614247e+01  -2.0518925e+01
  -5.1840660e+01  -9.8985906e+01  -6.4444204e+01   5.9012256e+01   3.5798336e+01  -6.4724876e+01  -2.6104226e+01   3.1113368e+01  -6.1952896e+01  -5.0516209e+01  -9.1898907e+01  -4.0104258e+01  -1.0135497e+01   5.0917765e+01  -6.0728775e+01   3.8128951e+01   6.4720381e+01  -3.7603590e+00  -8.8146402e+01   2.5211863e+01  -2.8490159e+01  -1.5138652e+00   4.1664837e+01  -4.2113105e+01  -9.4574483e+01  -2.6466722e+01   1.0156886e+01   7.1067682e+00   3.7409364e+01  -7.6344248e+01
  -9.2022768e-01   5.9097866e+01  -5.6322462e+01   3.6484576e+01   6.5620769e+01  -6.4657853e+01   8.4089072e+01  -4.3453333e+01  -1.4835164e+01  -5.2636634e+01  -9.1676457e+01   6.3790521e+01   2.3157491e-01  -7.7326717e+01   8.1358840e+01   8.6003657e+00  -5.4924209e+01   4.5801528e+01   4.2498383e+01   2.8233806e+01   3.8217875e+01  -6.3632547e+01   1.9439840e+01  -8.4656112e+01   8.3642715e+01  -3.6222596e+01   8.7300194e+01  -1.9795729e+01  -3.0386035e+01   8.3674314e+01
   5.5323241e+01   8.4104881e+01   9.7286959e+01  -4.9930017e+01  -2.3044745e+01   5.6223632e+01   5.4602158e-01  -3.8960637e+00   9.3501623e+00   5.8142635e+00  -6.9588003e+01   5.8927826e+01   3.7383787e+01   5.0036813e+01   6.2649811e+01   6.5594043e+01   7.8080267e+01   3.3573083e+00  -1.2087680e+01   1.4689696e+00   9.4837224e+01  -9.9337629e+01   3.7994826e+01   4.1875422e+01  -2.3994606e+01  -5.9808163e+01  -3.9093400e+01  -9.1958651e+01   5.5306335e+01  -6.5804202e+01
  -6.1380238e+01  -8.2601688e+01  -7.5530876e+01  -2.9493362e+01   5.2355599e+01   1.9851968e+01   4.7463142e+01   1.4473423e+01   9.2172076e+01  -8.2841445e+01  -4.6820469e+01  -3.0616168e+01  -2.9000331e+01  -3.7676805e+01  -5.1980163e+01   3.3962643e+01  -9.8783939e+01  -7.7445773e+01   8.0716590e+01  -6.9030851e+01   3.0181768e+01   8.3530105e+01  -7.3115291e+01  -8.9098157e+01  -2.5722805e+00  -1.9159398e+01   3.0352056e+01   7.4678948e+01   1.1672579e+01  -8.8267584e+01
  -6.8553826e+01   3.4288564e+01   4.9715433e+01  -7.6446314e+01  -5.2821460e+01   8.4087681e+00  -6.6569880e+01  -9.3605042e+01   8.9461167e+01  -4.7317397e+01  -5.3438130e+00   9.7026340e-01  -1.9801084e+01   8.8088798e+01   6.3573932e+01   3.1351158e+01  -9.1482096e+01   2.5760689e+01   9.1711620e+00   9.4591460e+01   6.9739435e+01   9.5940686e+01  -9.8286998e+01   5.1840089e+01   6.2878254e+01   8.0310697e+00  -4.1613395e+01  -3.5009849e+01  -1.4087013e+01  -4.5541013e+00
  -1.2596920e+01   4.1249366e+01  -5.5855969e+01   4.8187987e+00   6.0103236e+01  -6.7491759e+01  -8.7608395e+00  -6.2334858e+01   1.9397848e+01   6.3990581e+01   8.7827431e+01   2.0190314e+01   6.0199531e+00   3.8016144e+01  -6.8059627e+01  -5.6565348e+01  -7.8525057e+01   2.4321535e+01   7.4486245e+01  -5.3268746e+01   5.7373319e+01  -7.7195101e+01  -7.0078288e+01  -1.0619654e+01   7.5887776e+01  -5.5110264e+01   4.0268259e+00   3.5095295e+01  -3.9934670e+01  -1.9900332e+01
   7.5630140e+01  -5.3053439e+01  -1.2250675e+01   8.3336649e+01  -9.2261471e+01   7.0983760e+01   3.8166058e+01  -1.1321004e+01  -5.0289163e+01   3.8925669e+01   2.9719756e+01  -5.1262406e+01   2.3000496e+01  -6.2089206e+01   7.0459713e+01  -5.2663362e+01   4.5327138e+01  -7.5870795e+01   3.6763484e+01  -9.8342166e+01   6.9133757e+01  -8.8667516e+01   3.6091360e+00  -6.1699633e+01   2.3418289e+01   6.4362527e+01  -4.5952637e+01  -3.6082076e+01   4.8222422e+01   4.1832569e+01
  -8.8970985e+01   7.3158521e+01  -9.2844142e+01  -5.6643598e+01  -1.8796756e+01  -8.4103230e+01  -5.6380515e+01  -9.2115240e+01  -4.6669497e+01   3.5587628e+01  -2.2276092e+01   3.5327217e+01   1.0386452e+01  -7.4027754e+01   7.4838183e+01   1.3772831e+01  -4.0155889e+01  -2.3517718e+01  -7.5878243e+01   7.0659464e+01  -9.8083889e+01   1.8826849e+01   8.8975584e+01  -2.5780452e+01   8.3513051e+01   5.2752579e+00  -4.5248513e+01  -3.9597086e+01  -4.4376156e+01  -5.3795288e+01
   3.8593383e+01  -7.4716383e+01   9.3846389e+01   7.3191309e+01   7.6876738e+01  -7.5273368e+01   1.8907864e+01  -7.6289557e+01   3.1241561e+01   8.0601216e+01  -5.4698196e+01  -2.6409520e+01  -1.2783477e+01   3.9413463e+01   2.6763175e+01   6.4471213e+01  -7.9076308e+01  -9.2198576e+01   5.1538382e+01  -8.6805518e+00  -7.3808410e+01   1.2386012e+01   1.6784235e+00   8.8812117e+01   8.7065895e+01   8.3677058e+00  -2.9690000e+01   2.9800204e+01   9.8869889e+01  -5.3303583e+01
  -6.2734836e+01   2.6679064e+01  -8.7295511e+01  -6.4240819e+01   3.4405552e+01  -1.6955819e+00  -3.7935003e+01  -4.9506169e+01  -6.1398043e+01  -2.1452325e+01   2.7786357e+01  -3.5804742e+01   7.6191757e+01   4.2246968e+00  -8.6586702e+01  -5.2288678e+00  -5.6813081e+01  -5.1997047e+01  -8.9442151e+00   8.0530625e+01  -4.0050385e+01  -2.0145683e+01  -4.8126419e+01   8.5482150e+01   9.7402807e+00   3.6669028e+01   2.4848909e+01  -8.3746940e+01  -9.0535688e+00  -7.6802060e+01
  -6.0823019e+01  -5.3421459e+01   2.9099420e+01  -8.5427427e+01   2.5383308e+01   9.6960221e+01   5.8576822e+01   6.8046695e+01  -5.2794865e+00  -3.6962922e+01   6.8996548e+01  -8.9667236e+01   3.4495547e+01  -9.4782736e+01   9.1006652e+01   6.3638110e+01  -5.4627599e+01   3.5581259e+01  -8.4621498e+01  -4.9427144e+01  -1.8055662e+01   9.7496789e+01   1.0369139e+01  -7.7019428e+01   5.2809889e+01   5.2455887e+01  -3.6013130e+01   9.8537678e+01  -8.5751094e+01   5.5933252e+00
  -9.7790740e+01  -1.1527670e+01   2.1023032e+01  -8.9774367e+01   3.0800405e+01   4.7294867e+01  -3.1045182e+00  -6.7466774e+01  -4.8472948e+01   6.8193702e+01  -8.9795614e+01  -7.6876328e+01  -2.1625219e+01  -6.6969490e+01  -5.7568130e+01   2.2067244e+00  -2.5469850e+01  -5.0348660e+01   2.6661382e+01  -2.2839522e+01  -1.6370743e+01   6.6880810e+01  -3.1431270e+01   6.5831871e+01   9.4496303e+01  -5.4925460e+01   7.4762122e+00   8.1600211e+01   7.5583821e+01  -4.6233204e+01
   8.8719479e+01   2.6925711e+01   4.5366816e+01   2.5134750e+01  -5.8306335e+01  -6.4570638e+01  -8.3476650e+01  -8.7021794e+01  -8.8284237e+00   1.4484720e+01   8.3221200e+01  -6.4048014e+01   7.8365843e+01  -2.0464153e+01   7.5989486e+01   5.2826417e+01   2.6918972e+01   5.4313651e+01  -7.4769269e+01   8.7398103e+01   7.0419193e+01   4.0837481e+01  -1.9124063e+01   9.3231421e+01   9.9499851e+01  -3.5339934e+01  -7.9605537e+01  -4.1484727e+01  -8.2473304e+01  -2.3550595e+01
   7.0784811e+01   2.9953303e+01   6.1133775e+01   3.4000851e+01  -3.2089424e+01  -5.1181496e+01  -9.3551133e+01   1.3391917e+01   6.6290988e+01   9.9871968e+01   8.5028725e+01   8.4059597e+00   5.1702435e+00   7.3497631e+01   1.4206137e+01   6.6169666e+01   9.0818728e+01  -1.1568178e+01  -6.7929672e+01  -6.8524208e+01  -5.2934529e+01  -8.7552524e+01   8.3790827e+01   1.2849031e+01  -6.4783640e+01   1.7706182e+01  -3.5936983e+01  -7.2111514e+01  -9.2053554e+01   5.7850272e+01
  -5.8404073e+00   3.1122209e+01   6.8106333e+01   3.2376308e+01   5.9145556e+01   6.0077927e+01  -2.4093795e+01   3.6569479e+01  -3.0679082e+01   1.1538488e+01  -5.3271813e+01  -3.4624452e+01   7.1989749e+01  -5.4831272e+01   3.8775199e+01   9.4261873e+01   7.2781305e+01   4.7241239e+01  -3.2145351e+01  -1.4368534e+01   2.2929317e+01  -3.1478845e+01  -6.6034835e+00  -9.1151763e+01   5.9193947e+01  -6.0142068e+01   4.7577725e+00  -3.4289865e+01   2.8536562e+01   9.0466571e+01
  -2.9524065e+01   4.3873554e+01   6.5803564e+01  -8.2893662e+01   5.8430781e+01   8.1261885e+01   5.0477973e+01   9.5232161e+01  -4.3104906e+01   5.0800311e+01   8.3972612e+01  -6.1526348e+01   4.2414885e+01   1.8592150e+00  -1.4890475e+01   8.3022587e+01  -3.5445754e-01   8.0418687e+01  -4.6927592e+01  -2.4243151e+01  -5.9899678e+01  -5.0395612e+01  -3.0706292e+01   6.5650984e+01  -5.9462747e+01  -6.0867490e+01   7.7039849e+01  -4.1961560e+01   3.3183743e+01   6.1268692e+01
  -2.8027752e+01   5.3097925e+01   6.4011821e+01  -3.0987479e+00   3.4078859e+01  -1.1389525e+00  -1.5949749e+01   2.5634517e+01   6.1650687e+01   9.8625972e+01   6.8212485e+01   7.9190645e+01   6.5153097e+01  -4.0180265e+01   6.2079884e+01   3.6897048e+01  -8.6339518e+01  -8.0952875e+01  -6.9504537e+01  -8.5639078e+01   1.2193926e+01   8.1608428e+01   7.1172019e+01   1.7015970e+01  -4.4115025e+01   1.4838594e+01   8.2439791e+01  -3.6800598e+01  -1.7518459e+01  -6.6173406e+00
   4.9239478e+01   8.0646831e+01   8.4104202e+01  -7.8639721e+01  -8.4299658e+01  -2.4492424e+01   6.8523090e-02   6.8146190e+01  -2.0883711e+00   2.6170685e+01   9.0953798e+01   8.1476408e+01  -7.6807019e+01   7.7002695e+01   6.9716068e+01   3.5126350e+01   1.3499975e+01  -2.5058273e+01  -8.3458266e+01  -5.9711349e+01   6.2639734e+01  -4.5311126e+00  -7.8884556e+01   8.8118055e+01   6.5157027e+01  -5.2613722e+01  -6.7551813e+01   9.6208449e+01  -5.5622805e+00   6.6741407e+01
  -9.9666613e+01  -8.1103706e+01  -8.8381294e+00   5.3145049e+01  -5.7901398e+01  -7.6994974e+01   8.2120349e+01  -2.3422879e-01   6.8179178e+00   9.7744939e+01   7.4039481e+01   1.6927361e+01  -8.4002864e+01  -6.5642390e+01  -8.6712838e+01   4.9035170e+01   9.6800117e+01  -3.4430824e+01  -2.8458027e+01  -6.0753187e+00  -8.4158120e+01  -1.1214731e+01   5.4767923e+01   1.9263789e+01  -7.2636054e+01   2.5316987e+01   7.6100981e+01   3.1198016e+01   5.5283353e+00  -9.2548016e+01
  -1.7523825e+01  -7.3358161e+01  -9.3245117e+01   2.7930586e+01  -6.6399126e+01   1.2247879e+01  -3.3503136e+01   8.6667480e+01   5.6574767e+01   7.5569415e+01   3.1808075e+01   7.3317888e+01   7.4980844e+01  -7.1749279e+01   5.7564713e+01  -6.8336302e+01   7.8350699e+01   6.0618188e+01   8.1597791e+00  -4.4533903e+01   2.8808590e+01  -3.2784310e+01   1.6345234e+01  -2.6375791e+01  -9.6593061e+01  -1.6521643e+01   6.4602324e+01   3.2482048e+01   2.4934283e+01   8.4110983e+01
  -1.3830988e+01  -8.1325306e+01   7.2800252e+01  -6.9760844e+01  -7.5275407e+01   1.1235928e+01  -2.5410231e+01   9.2333883e+01   4.4966348e+01  -9.1359791e+01   5.0628140e+01  -5.7275084e+01  -6.2551269e+01  -4.0724211e+01  -9.3417734e+01  -9.4317170e+00   3.5195659e+01   8.3902837e+01   9.6374984e+01   5.8956621e+01  -7.0839546e+01  -8.9399488e+01  -6.5358235e+01   7.7704217e+01  -4.9327857e+01   7.0893123e+01  -6.2652502e+01   4.4710135e+01   2.6850274e+01   4.8136786e+01
   2.7243888e+01  -3.6494858e+01  -3.3831568e+01   5.7769657e+01   1.4490358e+00  -9.7310935e+01  -2.6257587e+01  -7.6778240e+01  -9.6639948e+01   4.1113081e+01  -4.0448011e+01   4.4151658e+01  -3.7583871e+00   2.4695215e+01   2.0512085e+01   7.3089742e+00  -8.2280087e+01   5.4312939e+01  -4.8316563e+01   3.7736757e+01  -2.5266730e+01  -5.0465250e+01   8.4884591e+01   2.9270305e+01   5.7594932e+01  -9.4581369e+01   5.0081273e+01  -9.9322715e+01   7.8070967e+01  -6.8544429e+00
