    17842  37.284469 -121.668742     2.782      133.1     -650.5     -861.9     10.0      9.6    202.8 1984  4 25  4 35 19.170 1.9   1
    21644  37.285946 -121.669808     2.641       38.4     -486.6    -1003.8     16.0     10.7     74.1 1984  6 27 14 50 38.140 1.6   1
    28475  37.286662 -121.670882     3.135      -56.9     -406.8     -508.9     20.9     14.5     41.2 1984  9 23  8 43 14.720 1.1   1
    35109  37.285946 -121.669743     2.627       44.1     -486.6    -1017.5     17.0     11.2    351.5 1984 12 22  4 43 44.710 1.6   1
    42349  37.284412 -121.668823     2.617      125.6     -656.6    -1026.9     13.5     10.2    325.8 1985  2 28  1  9 58.300 0.8   1
    42555  37.284371 -121.668677     2.611      138.2     -661.1    -1033.5     10.0      9.4    221.7 1985  3  2  6 53 56.010 1.7   1
    42559  37.285087 -121.669295     2.862       84.0     -581.7     -782.1     10.9      9.4    255.3 1985  3  2  8 55  3.470 1.9   1
    42643  37.284741 -121.668856     2.559      122.8     -619.8    -1085.8     12.1      9.2     39.8 1985  3  2  8 55 29.590 2.1   1
    42560  37.285384 -121.669678     2.603       49.5     -548.7    -1041.5     12.4     10.3    377.8 1985  3  2  8 58  0.480 1.2   1
    49626  37.286597 -121.670492     2.997      -22.3     -413.9     -647.5     17.7     12.6     34.6 1985  6 15  1 38 57.380 0.9   1
    54084  37.285079 -121.669303     2.940       83.3     -582.4     -704.3     10.5      9.5    201.4 1985  8 28 20 35 10.100 1.6   1
    62514  37.284469 -121.668848     2.623      123.6     -650.5    -1021.0     11.4      9.1     36.0 1985 12 31 15 50 52.230 1.7   1
    62520  37.284395 -121.668726     2.666      134.0     -658.6     -978.6     12.0      9.1     39.4 1985 12 31 18  3  3.480 1.6   1
    67820  37.285942 -121.669645     1.998       52.3     -486.8    -1646.4     15.1     13.0     19.6 1986  3  8 10 32  4.410 1.6   1
    82606  37.286816 -121.669499     0.800       65.8     -389.8    -2843.9    114.6    217.0   1022.9 1986  9 15 20 17 49.920 2.7   1
    88698  37.286637 -121.670532     3.006      -25.9     -409.5     -637.9     19.3     12.2     56.9 1986 11 25 13  0 35.660 1.0   1
   101361  37.285111 -121.669116     1.984       99.7     -578.8    -1660.3      9.2      9.8     10.8 1987  6  3  6 56  7.740 1.9   1
   101362  37.284513 -121.668758     1.984      131.6     -645.1    -1660.4      9.0      9.3     10.0 1987  6  3  6 58 51.320 1.7   1
   102776  37.286633 -121.670630     3.030      -34.4     -409.9     -614.3     20.0     12.4     59.3 1987  7  7  1 44 26.990 1.0   1
   103138  37.284794 -121.668978     1.984      111.6     -614.2    -1660.6      8.8      9.3     10.0 1987  7 14 19  2 57.020 1.7   1
   112868  37.286670 -121.670557     3.015      -28.1     -406.0     -629.8     19.4     12.2     57.3 1988  2 25 10  0 17.780 0.9   1
   126189  37.285079 -121.669515     3.118       64.1     -582.4     -526.8     11.6      9.5    287.9 1988 11  2  3  9 12.610 1.9   1
   126389  37.284440 -121.668709     1.990      135.9     -653.6    -1654.2      9.2      9.7     11.4 1988 11  4 13 34 34.720 1.9   1
   148939  37.284542 -121.668799     2.423      128.0     -642.3    -1221.1     10.0      9.1    212.1 1989 12 13  5 33 46.080 1.6   1
   158154  37.286808 -121.670573     3.118      -29.7     -390.8     -526.7     17.2     13.6     29.3 1990  5 23 11 11 37.580 1.0   1
   160503  37.285046 -121.669661     2.835       51.1     -586.3     -809.2     11.8     10.6     36.6 1990  7  5 20  4 42.800 1.7   1
   208364  37.286727 -121.670475     3.080      -21.3     -399.6     -563.9     17.5     12.3     30.5 1991  3 22 11 23 27.560 1.0   1
   215747  37.284583 -121.668685     1.999      137.9     -637.4    -1645.3      9.0      9.3     10.5 1991  5 29  9 45 22.620 1.8   1
   238704  37.285148 -121.669661     2.824       51.3     -575.1     -820.8     11.8      9.2     40.6 1991 12  3  5 24 24.980 2.0   1
   238790  37.284774 -121.668905     2.439      118.2     -616.2    -1205.3      9.7      9.0    224.8 1991 12  4  0  8 49.550 1.9   1
   314921  37.284444 -121.669116     2.862       99.5     -653.1     -782.6     16.5      9.7     47.4 1992  9 11  1 22 13.650 1.1   1
