    17842  37.286434 -121.664396     2.696      518.0     -432.4     -948.1     36.8     38.0     27.8 1984  4 25  4 35 19.170 1.9   1
    21644  37.287976 -121.665698     2.715      402.5     -261.2     -929.0     42.8     39.6    337.2 1984  6 27 14 50 38.140 1.6   1
    28475  37.288737 -121.667716     3.157      223.8     -176.5     -487.8     82.8     91.1     19.6 1984  9 23  8 43 14.720 1.1   1
    35109  37.287944 -121.665828     2.603      390.9     -264.6    -1041.5     51.2     40.3    459.9 1984 12 22  4 43 44.710 1.6   1
    42349  37.286401 -121.664437     2.600      514.7     -435.6    -1044.5     36.7     38.0    154.7 1985  2 28  1  9 58.300 0.8   1
    42555  37.286340 -121.664250     2.459      531.0     -442.5    -1185.6     36.5     38.0    172.6 1985  3  2  6 53 56.010 1.7   1
    42559  37.287004 -121.664974     2.429      466.7     -368.8    -1215.5     36.5     38.1    125.0 1985  3  2  8 55  3.470 1.9   1
    42643  37.286727 -121.664551     2.222      504.3     -399.8    -1422.4     41.9     38.9    837.3 1985  3  2  8 55 29.590 2.1   1
    42560  37.287349 -121.665356     2.631      433.0     -330.4    -1013.2     36.8     38.2    197.9 1985  3  2  8 58  0.480 1.2   1
    49626  37.288668 -121.667285     3.036      261.6     -184.3     -608.5     82.8     91.2     25.8 1985  6 15  1 38 57.380 0.9   1
    54084  37.287008 -121.665169     2.717      449.3     -368.7     -927.6     36.6     38.1     25.2 1985  8 28 20 35 10.100 1.6   1
    62514  37.286499 -121.664681     2.721      492.6     -425.0     -923.0     36.7     38.0     27.0 1985 12 31 15 50 52.230 1.7   1
    62520  37.286377 -121.664453     2.720      513.2     -438.7     -924.5     36.7     38.0     24.6 1985 12 31 18  3  3.480 1.6   1
    88698  37.288700 -121.667480     3.093      244.7     -180.7     -550.9     82.7     91.2     18.5 1986 11 25 13  0 35.660 1.0   1
   101361  37.287594 -121.664217     1.957      534.3     -303.4    -1687.7     97.0     84.8    605.6 1987  6  3  6 56  7.740 1.9   1
   101362  37.286979 -121.663810     1.782      570.2     -371.5    -1862.7     96.9     84.5    570.1 1987  6  3  6 58 51.320 1.7   1
   102776  37.288700 -121.667489     3.096      243.7     -180.7     -548.1     82.7     91.2     19.6 1987  7  7  1 44 26.990 1.0   1
   103138  37.287268 -121.664087     2.077      545.8     -339.8    -1567.8     96.9     84.5    487.9 1987  7 14 19  2 57.020 1.7   1
   112868  37.288721 -121.667432     3.077      248.6     -178.4     -567.3     82.7     91.2     19.9 1988  2 25 10  0 17.780 0.9   1
   126189  37.287004 -121.665120     2.568      454.1     -368.8    -1075.9     36.8     38.1    160.0 1988 11  2  3  9 12.610 1.9   1
   126389  37.286841 -121.663802     3.263      570.8     -387.1     -381.8     97.0     84.6    912.6 1988 11  4 13 34 34.720 1.9   1
   158154  37.288688 -121.667603     3.203      234.1     -181.8     -440.9     82.7     91.3     22.2 1990  5 23 11 11 37.580 1.0   1
   160503  37.287048 -121.665430     2.881      426.7     -363.8     -763.8     37.5     38.6     16.8 1990  7  5 20  4 42.800 1.7   1
   208364  37.288623 -121.667448     3.155      247.6     -189.4     -489.3     82.7     91.2     21.7 1991  3 22 11 23 27.560 1.0   1
   215747  37.286198 -121.664486     2.708      510.5     -458.5     -936.8    233.1    213.9    375.4 1991  5 29  9 45 22.620 1.8   1
   238704  37.287122 -121.665544     2.866      416.3     -355.9     -777.9     37.3     38.2     32.8 1991 12  3  5 24 24.980 2.0   1
   238790  37.287244 -121.664437     2.153      514.7     -342.3    -1491.7     96.8     84.5    852.2 1991 12  4  0  8 49.550 1.9   1
   314921  37.286479 -121.664697     2.887      491.6     -427.1     -756.9     37.9     38.2     22.0 1992  9 11  1 22 13.650 1.1   1
