    17842  37.284534 -121.668180     2.588      182.8     -643.1    -1056.5     10.5     10.1     31.3 1984  4 25  4 35 19.170 1.9   1
    21644  37.285856 -121.670679     2.670      -39.3     -496.2     -974.3     13.2      9.0     23.0 1984  6 27 14 50 38.140 1.6   1
    28475  37.287142 -121.670223     1.820        1.2     -353.7    -1824.1     14.2     16.0     13.4 1984  9 23  8 43 14.720 1.1   1
    35109  37.286202 -121.670028     2.397       18.9     -457.9    -1247.7      9.4      8.0     42.4 1984 12 22  4 43 44.710 1.6   1
    42349  37.283175 -121.667131     2.983      275.8     -793.7     -660.9     25.7     12.8     26.3 1985  2 28  1  9 58.300 0.8   1
    42555  37.284489 -121.668343     2.616      168.2     -648.2    -1028.2      8.8      8.1     27.8 1985  3  2  6 53 56.010 1.7   1
    42559  37.285091 -121.669002     2.440      109.8     -581.0    -1204.0      7.6      6.9     30.7 1985  3  2  8 55  3.470 1.9   1
    42643  37.284448 -121.668815     2.415      126.1     -652.7    -1229.8      9.3      8.5     38.6 1985  3  2  8 55 29.590 2.1   1
    42560  37.284696 -121.671387     2.752     -101.9     -624.8     -892.3     13.5      9.3     21.3 1985  3  2  8 58  0.480 1.2   1
    49626  37.285917 -121.672599     2.817     -209.3     -489.5     -827.2     28.6     17.7     42.3 1985  6 15  1 38 57.380 0.9   1
    54084  37.285307 -121.668896     2.513      118.8     -557.5    -1131.3      8.1      7.3     29.5 1985  8 28 20 35 10.100 1.6   1
    57770  37.286320 -121.670557     1.833      -27.8     -444.9    -1811.7     20.1     16.5     12.9 1985 10 28  3 55 38.130 1.3   1
    62514  37.284644 -121.668327     2.563      169.3     -630.8    -1081.1     11.0     10.9     34.0 1985 12 31 15 50 52.230 1.7   1
    62520  37.284513 -121.668424     2.604      161.1     -645.3    -1040.7     10.7     13.1     40.5 1985 12 31 18  3  3.480 1.6   1
    67820  37.286092 -121.670841     2.473      -53.8     -470.0    -1171.7     14.7     11.9     53.3 1986  3  8 10 32  4.410 1.6   1
    73786  37.285238 -121.668221     1.807      178.7     -565.2    -1837.2     11.6     13.6      8.4 1986  6  1 10 51 31.460 1.2   1
    82606  37.286625 -121.670646     2.708      -36.0     -411.0     -936.0     13.5     10.2     24.4 1986  9 15 20 17 49.920 2.7   1
    83805  37.286401 -121.669670     2.500       50.4     -435.9    -1144.4      8.3      7.2     31.9 1986  9 25 12  1 52.830 1.4   1
    88698  37.285563 -121.673429     3.499     -282.7     -528.6     -145.6     60.1     72.0     80.6 1986 11 25 13  0 35.660 1.0   1
   101361  37.285417 -121.668595     2.546      145.5     -545.2    -1098.7     10.4      9.3     36.8 1987  6  3  6 56  7.740 1.9   1
   101362  37.284656 -121.668701     2.494      136.3     -629.6    -1150.5     11.4      9.6     36.0 1987  6  3  6 58 51.320 1.7   1
   102776  37.287170 -121.670898     2.671      -58.2     -350.5     -972.9     50.4     45.6     88.2 1987  7  7  1 44 26.990 1.0   1
   103138  37.284937 -121.668815     2.395      126.6     -598.3    -1249.4      7.9      7.1     33.6 1987  7 14 19  2 57.020 1.7   1
   110939  37.286218 -121.670296     1.828       -5.3     -455.9    -1816.7     12.2     10.7      8.8 1988  1 15  1 56 42.310 1.4   1
   112868  37.286601 -121.673462     3.501     -286.1     -413.7     -143.1     15.5     12.9     15.2 1988  2 25 10  0 17.780 0.9   1
   126189  37.284025 -121.670923     2.785      -60.9     -699.7     -859.0     25.6     17.1     29.5 1988 11  2  3  9 12.610 1.9   1
   126292  37.285234 -121.668327     2.190      169.5     -565.4    -1454.0      8.6      8.8     63.2 1988 11  3  1 30  4.280 1.7   1
   126389  37.284180 -121.668921     2.568      116.8     -682.3    -1076.1     10.2      9.3     32.9 1988 11  4 13 34 34.720 1.9   1
   148939  37.284713 -121.668278     2.534      173.7     -623.3    -1110.7     11.4     10.9     43.3 1989 12 13  5 33 46.080 1.6   1
   158154  37.286568 -121.671777     2.810     -136.5     -417.4     -834.4     14.9     12.0     29.6 1990  5 23 11 11 37.580 1.0   1
   160503  37.285274 -121.669035     2.671      106.6     -560.7     -973.2     11.5      9.5     20.3 1990  7  5 20  4 42.800 1.7   1
   208364  37.287614 -121.669938     2.628       26.4     -301.0    -1016.5     17.7     11.6     34.3 1991  3 22 11 23 27.560 1.0   1
   215747  37.284314 -121.668424     2.587      160.9     -667.7    -1057.7     10.7     10.3     30.7 1991  5 29  9 45 22.620 1.8   1
   227435  37.285502 -121.669971     1.879       23.7     -535.6    -1765.7     15.1     13.1      8.1 1991  8 10 17  6  5.760 1.2   1
   238704  37.285482 -121.668392     2.520      163.9     -537.8    -1124.8      7.9      6.9     26.9 1991 12  3  5 24 24.980 2.0   1
   238790  37.284985 -121.668530     2.603      151.4     -592.9    -1040.9      8.9      8.0     28.5 1991 12  4  0  8 49.550 1.9   1
   314921  37.283305 -121.667261     2.688      264.5     -779.6     -956.8     43.1     28.6    101.6 1992  9 11  1 22 13.650 1.1   1
