    17842  37.286462 -121.664323     2.697      524.5     -428.9     -947.2     56.2     49.8     32.8 1984  4 25  4 35 19.170 1.9   1
    21644  37.288053 -121.665804     3.046      393.3     -252.6     -598.1     58.4     50.5    423.6 1984  6 27 14 50 38.140 1.6   1
    28475  37.288806 -121.667757     3.151      219.8     -168.8     -493.7    111.9    100.4     21.7 1984  9 23  8 43 14.720 1.1   1
    35109  37.288017 -121.665706     2.719      402.1     -256.7     -925.2     58.6     50.5    306.1 1984 12 22  4 43 44.710 1.6   1
    42349  37.286446 -121.664347     2.605      522.2     -431.0    -1039.7     55.3     49.7    170.7 1985  2 28  1  9 58.300 0.8   1
    42555  37.286357 -121.664185     2.565      536.6     -440.6    -1079.4     55.9     49.8    408.0 1985  3  2  6 53 56.010 1.7   1
    42559  37.287036 -121.664852     2.416      477.8     -365.5    -1228.2     56.1     50.0    342.5 1985  3  2  8 55  3.470 1.9   1
    42643  37.286637 -121.664640     2.146      496.4     -409.5    -1498.6     58.2     50.4    426.5 1985  3  2  8 55 29.590 2.1   1
    42560  37.287366 -121.665194     2.535      447.3     -328.7    -1109.0     56.1     50.0    232.7 1985  3  2  8 58  0.480 1.2   1
    49626  37.288737 -121.667342     3.034      256.6     -176.4     -610.5    111.7    100.5     23.3 1985  6 15  1 38 57.380 0.9   1
    54084  37.287048 -121.665063     2.663      459.2     -364.2     -981.6     55.9     49.9     44.7 1985  8 28 20 35 10.100 1.6   1
    62514  37.286532 -121.664591     2.716      500.5     -421.3     -928.2     56.1     49.7     29.8 1985 12 31 15 50 52.230 1.7   1
    62520  37.286414 -121.664364     2.717      520.9     -434.4     -927.6     56.1     49.7     28.3 1985 12 31 18  3  3.480 1.6   1
    88698  37.288782 -121.667578     3.105      236.1     -171.7     -539.8    111.7    100.5     19.1 1986 11 25 13  0 35.660 1.0   1
   101361  37.287524 -121.664217     1.047      533.7     -311.0    -2597.6    257.6    242.7   2269.6 1987  6  3  6 56  7.740 1.9   1
   101362  37.286743 -121.664233     1.859      532.7     -397.7    -1785.3    203.6    185.2    296.3 1987  6  3  6 58 51.320 1.7   1
   102776  37.288770 -121.667562     3.098      237.2     -172.9     -546.7    111.7    100.5     18.9 1987  7  7  1 44 26.990 1.0   1
   103138  37.286820 -121.664673     2.684      493.3     -389.5     -960.8    126.2    107.3    245.1 1987  7 14 19  2 57.020 1.7   1
   112868  37.288794 -121.667513     3.081      241.7     -170.4     -563.6    111.7    100.5     16.8 1988  2 25 10  0 17.780 0.9   1
   126189  37.287044 -121.664990     2.530      465.4     -364.6    -1114.3     56.0     49.9    211.6 1988 11  2  3  9 12.610 1.9   1
   126389  37.286959 -121.662972     2.567      644.7     -373.8    -1077.7    935.9    790.5   1456.0 1988 11  4 13 34 34.720 1.9   1
   158154  37.288761 -121.667692     3.212      225.7     -173.8     -432.2    111.7    100.6     20.1 1990  5 23 11 11 37.580 1.0   1
   160503  37.287089 -121.665365     2.871      432.6     -359.4     -772.9     57.0     50.4     18.5 1990  7  5 20  4 42.800 1.7   1
   208364  37.288692 -121.667529     3.161      240.2     -181.5     -483.7    111.7    100.6     19.4 1991  3 22 11 23 27.560 1.0   1
   215747  37.286283 -121.664290     2.708      527.6     -449.0     -935.9    251.3    207.3    526.4 1991  5 29  9 45 22.620 1.8   1
   238704  37.287174 -121.665454     2.837      424.2     -350.0     -807.2     56.4     50.0     37.0 1991 12  3  5 24 24.980 2.0   1
   238790  37.286812 -121.665007     2.826      463.7     -390.3     -818.7    126.6    107.3    230.6 1991 12  4  0  8 49.550 1.9   1
   314921  37.286511 -121.664608     2.877      499.5     -423.5     -767.1     57.2     49.9     22.0 1992  9 11  1 22 13.650 1.1   1
