    17842  37.284436 -121.668628     2.641      142.9     -653.9    -1003.3     20.4     31.0     42.5 1984  4 25  4 35 19.170 1.9   1
    21644  37.285921 -121.669743     2.633       43.9     -489.0    -1011.5     22.0     31.6     68.3 1984  6 27 14 50 38.140 1.6   1
    28475  37.287781 -121.672607     3.317     -210.0     -282.8     -327.8     42.8     41.8    336.5 1984  9 23  8 43 14.720 1.1   1
    35109  37.285901 -121.669702     2.610       47.5     -491.5    -1034.8     22.6     31.7    480.0 1984 12 22  4 43 44.710 1.6   1
    42349  37.284395 -121.668774     2.580      130.0     -658.6    -1064.2     20.9     31.1    310.5 1985  2 28  1  9 58.300 0.8   1
    42555  37.284347 -121.668644     2.586      141.5     -664.0    -1058.3     18.7     30.9    224.6 1985  3  2  6 53 56.010 1.7   1
    42559  37.285046 -121.669043     2.540      106.4     -586.4    -1104.6     19.5     30.9     42.5 1985  3  2  8 55  3.470 1.9   1
    42643  37.284725 -121.669100     2.771      101.4     -621.7     -873.7     18.8     30.9    186.7 1985  3  2  8 55 29.590 2.1   1
    42560  37.285339 -121.669670     2.551       50.4     -553.4    -1093.0     20.0     31.2    470.3 1985  3  2  8 58  0.480 1.2   1
    49626  37.286483 -121.670581     2.925      -30.5     -426.6     -719.6     23.3     32.4     35.3 1985  6 15  1 38 57.380 0.9   1
    54084  37.285030 -121.669141     2.610       97.5     -588.1    -1034.0     19.3     30.9     41.1 1985  8 28 20 35 10.100 1.6   1
    57770  37.284741 -121.670882     2.013      -57.0     -620.0    -1631.7    132.4    239.9    250.9 1985 10 28  3 55 38.130 1.3   1
    62514  37.284448 -121.668953     2.803      114.4     -652.7     -841.1     18.7     30.9    154.9 1985 12 31 15 50 52.230 1.7   1
    62520  37.284367 -121.668677     2.661      138.6     -661.6     -982.8     19.7     30.9     36.6 1985 12 31 18  3  3.480 1.6   1
    67820  37.285921 -121.669629     1.999       54.3     -489.3    -1645.1     21.5     32.4     18.3 1986  3  8 10 32  4.410 1.6   1
    73786  37.284757 -121.670622     1.905      -33.9     -618.3    -1739.7    190.4    581.1    303.0 1986  6  1 10 51 31.460 1.2   1
    82606  37.286967 -121.669271     2.353       86.2     -372.9    -1291.1    108.0    205.1   2200.3 1986  9 15 20 17 49.920 2.7   1
    88698  37.286568 -121.670321     2.837       -7.3     -417.5     -806.9     24.9     32.2     62.7 1986 11 25 13  0 35.660 1.0   1
   101361  37.285075 -121.669132     1.984       98.1     -583.2    -1659.9     18.7     31.3     11.7 1987  6  3  6 56  7.740 1.9   1
   101362  37.284489 -121.668709     1.987      135.4     -647.9    -1657.1     18.2     30.9      8.6 1987  6  3  6 58 51.320 1.7   1
   102776  37.286556 -121.670410     2.860      -15.2     -418.6     -784.3     25.4     32.3     64.3 1987  7  7  1 44 26.990 1.0   1
   103138  37.284770 -121.668962     1.987      113.6     -616.7    -1657.5     18.1     30.9      8.8 1987  7 14 19  2 57.020 1.7   1
   110939  37.287231 -121.671598     0.978     -120.3     -343.8    -2666.2    347.3    482.0   4509.5 1988  1 15  1 56 42.310 1.4   1
   112868  37.286597 -121.670353     2.849       -9.9     -414.1     -795.8     24.6     32.2     61.9 1988  2 25 10  0 17.780 0.9   1
   126189  37.285059 -121.669043     2.495      105.9     -584.6    -1149.8     19.7     31.0     38.1 1988 11  2  3  9 12.610 1.9   1
   126292  37.284465 -121.668831     4.806      124.8     -650.6     1161.4     18.8     30.9   4398.8 1988 11  3  1 30  4.280 1.7   1
   126389  37.284403 -121.668701     1.993      136.1     -657.3    -1651.5     19.1     31.4     15.2 1988 11  4 13 34 34.720 1.9   1
   148939  37.284521 -121.668783     2.542      129.5     -644.6    -1101.9     18.7     30.8    384.1 1989 12 13  5 33 46.080 1.6   1
   158154  37.286654 -121.670695     3.049      -40.3     -407.7     -595.7     23.0     32.7     29.8 1990  5 23 11 11 37.580 1.0   1
   160503  37.285010 -121.669637     2.827       53.1     -590.3     -817.7     19.5     31.3     33.9 1990  7  5 20  4 42.800 1.7   1
   208364  37.286609 -121.670573     3.011      -29.9     -412.7     -633.7     23.2     32.3     30.9 1991  3 22 11 23 27.560 1.0   1
   215747  37.284558 -121.668644     2.000      141.3     -640.2    -1644.5     18.2     30.9      9.1 1991  5 29  9 45 22.620 1.8   1
   227435  37.284839 -121.670662     2.020      -37.4     -609.1    -1624.4    133.7    240.6    251.1 1991  8 10 17  6  5.760 1.2   1
   238704  37.285120 -121.669613     2.788       55.7     -578.2     -856.0     19.6     30.9     40.2 1991 12  3  5 24 24.980 2.0   1
   238790  37.284749 -121.668896     2.508      119.3     -619.2    -1136.3     18.6     30.8    417.6 1991 12  4  0  8 49.550 1.9   1
   314921  37.284424 -121.669051     2.855      105.5     -655.2     -789.3     22.4     31.0     44.2 1992  9 11  1 22 13.650 1.1   1
