    17842  37.284607 -121.668042     2.547      194.8     -635.1    -1097.0     22.6     23.3     75.3 1984  4 25  4 35 19.170 1.9   1
    21644  37.285978 -121.670288     2.636       -4.1     -482.6    -1008.0     24.7     20.9     87.9 1984  6 27 14 50 38.140 1.6   1
    28475  37.287240 -121.670500     1.819      -23.4     -342.7    -1825.6     31.2     39.5     31.4 1984  9 23  8 43 14.720 1.1   1
    35109  37.286320 -121.669873     2.322       32.8     -444.8    -1321.9     20.4     18.6    114.4 1984 12 22  4 43 44.710 1.6   1
    42349  37.283228 -121.668384     2.787      164.3     -788.1     -857.3     35.8     25.2     81.2 1985  2 28  1  9 58.300 0.8   1
    42555  37.284355 -121.668604     2.647      145.0     -663.0     -997.0     20.6     19.5     67.8 1985  3  2  6 53 56.010 1.7   1
    42559  37.285042 -121.669116     2.444       99.6     -586.8    -1200.8     17.6     16.7     75.6 1985  3  2  8 55  3.470 1.9   1
    42643  37.284501 -121.668758     2.388      131.5     -646.7    -1256.3     20.8     20.2    114.2 1985  3  2  8 55 29.590 2.1   1
    42560  37.285311 -121.669840     2.645       35.0     -556.7     -999.5     24.0     20.7     88.0 1985  3  2  8 58  0.480 1.2   1
    49626  37.286820 -121.670312     2.686       -6.6     -389.5     -958.7     32.8     31.5    141.9 1985  6 15  1 38 57.380 0.9   1
    54084  37.285144 -121.669067     2.536      103.8     -575.2    -1108.7     18.1     17.4     68.6 1985  8 28 20 35 10.100 1.6   1
    57770  37.285368 -121.672013     2.391     -157.4     -550.5    -1253.4     42.6     37.6    114.7 1985 10 28  3 55 38.130 1.3   1
    62514  37.284290 -121.668009     2.550      198.0     -670.1    -1094.2     25.3     27.8     86.2 1985 12 31 15 50 52.230 1.7   1
    62520  37.284444 -121.668783     2.618      128.9     -653.1    -1026.3     24.6     31.1    101.4 1985 12 31 18  3  3.480 1.6   1
    67820  37.285933 -121.671281     2.513      -92.4     -487.9    -1131.5     31.1     27.9    134.3 1986  3  8 10 32  4.410 1.6   1
    73786  37.285494 -121.668359     1.802      166.8     -536.6    -1842.8     26.1     32.9     20.3 1986  6  1 10 51 31.460 1.2   1
    82606  37.286654 -121.670736     2.689      -43.9     -408.0     -954.9     26.7     22.7     57.0 1986  9 15 20 17 49.920 2.7   1
    83805  37.286365 -121.669800     2.489       38.9     -439.8    -1154.9     19.1     17.4     81.9 1986  9 25 12  1 52.830 1.4   1
    88698  37.285596 -121.673055     3.466     -249.4     -525.1     -178.8    131.5    173.9    195.1 1986 11 25 13  0 35.660 1.0   1
   101361  37.285409 -121.668864     2.529      121.6     -545.9    -1115.4     22.6     21.7     85.7 1987  6  3  6 56  7.740 1.9   1
   101362  37.284395 -121.669344     2.556       79.6     -658.3    -1088.7     21.5     20.3     74.3 1987  6  3  6 58 51.320 1.7   1
   102776  37.286853 -121.670410     2.606      -15.4     -385.9    -1038.0     77.6    111.9    345.0 1987  7  7  1 44 26.990 1.0   1
   103138  37.284794 -121.669181     2.426       94.1     -614.4    -1218.5     18.3     17.1     77.8 1987  7 14 19  2 57.020 1.7   1
   110939  37.286210 -121.670492     1.826      -22.5     -456.8    -1818.7     28.2     25.9     21.4 1988  1 15  1 56 42.310 1.4   1
   112868  37.287231 -121.672054     3.395     -160.9     -343.5     -249.8     27.5     27.8     34.2 1988  2 25 10  0 17.780 0.9   1
   126189  37.283537 -121.672184     2.959     -172.6     -753.6     -685.1    213.1    132.7    123.8 1988 11  2  3  9 12.610 1.9   1
   126292  37.285124 -121.668579     2.235      147.3     -577.6    -1409.3     20.1     21.2    131.7 1988 11  3  1 30  4.280 1.7   1
   126389  37.284054 -121.669303     2.631       82.9     -696.4    -1013.4     26.6     22.6     53.9 1988 11  4 13 34 34.720 1.9   1
   148939  37.284623 -121.668921     2.538      116.6     -633.2    -1106.3     25.3     25.4     95.3 1989 12 13  5 33 46.080 1.6   1
   158154  37.286658 -121.671370     2.767     -100.2     -407.4     -877.3     32.8     28.6     71.3 1990  5 23 11 11 37.580 1.0   1
   160503  37.285559 -121.668384     2.580      164.5     -529.1    -1064.3     20.6     21.7     73.8 1990  7  5 20  4 42.800 1.7   1
   208364  37.287622 -121.669808     2.611       38.0     -300.5    -1033.3     37.5     27.4     77.7 1991  3 22 11 23 27.560 1.0   1
   215747  37.284058 -121.668945     2.663      115.1     -695.8     -981.1     26.4     25.1     50.4 1991  5 29  9 45 22.620 1.8   1
   227435  37.285754 -121.668945     1.844      114.5     -507.7    -1799.9     31.7     36.7     19.7 1991  8 10 17  6  5.760 1.2   1
   238704  37.285360 -121.668831     2.549      125.0     -551.5    -1095.5     17.7     16.6     62.6 1991 12  3  5 24 24.980 2.0   1
   238790  37.284871 -121.668848     2.645      123.3     -605.8     -999.4     23.4     19.7     48.2 1991 12  4  0  8 49.550 1.9   1
   314921  37.283651 -121.666675     2.561      316.2     -741.0    -1083.4     87.3     62.9    384.6 1992  9 11  1 22 13.650 1.1   1
