    17842  37.284578 -121.668091     2.567      190.8     -638.0    -1077.5     17.0     17.5     57.8 1984  4 25  4 35 19.170 1.9   1
    21644  37.285893 -121.670532     2.646      -25.8     -492.1     -998.2     23.5     16.3     43.1 1984  6 27 14 50 38.140 1.6   1
    28475  37.287134 -121.670361     1.820      -11.1     -354.4    -1824.5     24.1     29.4     23.7 1984  9 23  8 43 14.720 1.1   1
    35109  37.286279 -121.669922     2.345       28.1     -449.3    -1299.3     15.4     13.9     90.3 1984 12 22  4 43 44.710 1.6   1
    42349  37.283187 -121.667765     2.891      219.5     -792.7     -753.7     37.6     21.6     53.9 1985  2 28  1  9 58.300 0.8   1
    42555  37.284371 -121.668555     2.646      149.4     -661.2     -998.2     15.2     14.5     49.5 1985  3  2  6 53 56.010 1.7   1
    42559  37.285038 -121.669108     2.445      100.4     -586.9    -1199.1     12.8     12.3     55.9 1985  3  2  8 55  3.470 1.9   1
    42643  37.284465 -121.668791     2.401      128.1     -650.9    -1243.0     15.4     15.0     73.7 1985  3  2  8 55 29.590 2.1   1
    42560  37.285099 -121.670361     2.651      -11.2     -580.4     -993.0     24.7     17.1     43.5 1985  3  2  8 58  0.480 1.2   1
    49626  37.286633 -121.670728     2.618      -43.0     -410.0    -1026.8     37.1     26.6     68.7 1985  6 15  1 38 57.380 0.9   1
    54084  37.285209 -121.669010     2.524      109.1     -568.2    -1120.5     13.4     12.9     51.0 1985  8 28 20 35 10.100 1.6   1
    57770  37.285689 -121.671639     2.214     -124.3     -514.9    -1430.7     33.3     28.5    118.1 1985 10 28  3 55 38.130 1.3   1
    62514  37.284550 -121.668294     2.559      172.6     -641.3    -1085.7     19.7     20.7     62.7 1985 12 31 15 50 52.230 1.7   1
    62520  37.284448 -121.668701     2.611      136.7     -652.6    -1033.3     18.6     23.5     72.0 1985 12 31 18  3  3.480 1.6   1
    67820  37.285954 -121.671126     2.507      -78.7     -485.6    -1137.1     24.1     20.9     91.1 1986  3  8 10 32  4.410 1.6   1
    73786  37.285315 -121.668368     1.807      165.7     -556.4    -1837.4     19.8     24.7     15.0 1986  6  1 10 51 31.460 1.2   1
    82606  37.286617 -121.670744     2.698      -44.8     -412.0     -946.1     20.5     17.1     43.0 1986  9 15 20 17 49.920 2.7   1
    83805  37.286361 -121.669800     2.494       38.8     -440.3    -1150.3     14.2     12.9     59.0 1986  9 25 12  1 52.830 1.4   1
    88698  37.285677 -121.673210     3.510     -263.3     -516.0     -134.5    100.0    129.3    147.9 1986 11 25 13  0 35.660 1.0   1
   101361  37.285404 -121.668831     2.537      124.8     -546.3    -1107.1     16.9     16.2     66.9 1987  6  3  6 56  7.740 1.9   1
   101362  37.284440 -121.669206     2.553       91.7     -653.4    -1091.2     17.0     15.7     57.6 1987  6  3  6 58 51.320 1.7   1
   102776  37.286943 -121.670467     2.683      -20.5     -375.9     -961.6     59.5     82.6    220.5 1987  7  7  1 44 26.990 1.0   1
   103138  37.284823 -121.669092     2.420      101.6     -610.9    -1224.4     13.5     12.6     58.5 1987  7 14 19  2 57.020 1.7   1
   110939  37.286186 -121.670451     1.827      -19.0     -459.7    -1817.3     21.0     19.4     15.7 1988  1 15  1 56 42.310 1.4   1
   112868  37.287113 -121.672396     3.423     -191.6     -356.7     -221.6     22.4     21.5     26.7 1988  2 25 10  0 17.780 0.9   1
   126189  37.283883 -121.671305     2.810      -94.3     -715.2     -834.2     43.6     30.3     46.9 1988 11  2  3  9 12.610 1.9   1
   126292  37.285132 -121.668538     2.243      150.7     -576.7    -1400.9     14.8     15.7    103.7 1988 11  3  1 30  4.280 1.7   1
   126389  37.284074 -121.669279     2.584       85.5     -694.0    -1060.1     17.2     16.4     55.2 1988 11  4 13 34 34.720 1.9   1
   148939  37.284644 -121.668791     2.538      128.4     -630.8    -1106.7     19.1     19.1     76.8 1989 12 13  5 33 46.080 1.6   1
   158154  37.286629 -121.671460     2.774     -108.1     -410.6     -870.8     24.9     21.4     53.9 1990  5 23 11 11 37.580 1.0   1
   160503  37.285449 -121.668636     2.621      142.4     -541.4    -1023.6     16.0     16.3     53.8 1990  7  5 20  4 42.800 1.7   1
   208364  37.287622 -121.669857     2.611       33.7     -300.2    -1033.3     29.5     20.7     62.1 1991  3 22 11 23 27.560 1.0   1
   215747  37.284106 -121.668815     2.656      126.1     -690.4     -987.9     20.2     18.8     38.8 1991  5 29  9 45 22.620 1.8   1
   227435  37.285742 -121.669279     1.852       85.1     -508.9    -1792.8     25.5     23.9     14.8 1991  8 10 17  6  5.760 1.2   1
   238704  37.285368 -121.668758     2.546      131.4     -550.5    -1098.6     13.0     12.3     47.7 1991 12  3  5 24 24.980 2.0   1
   238790  37.284892 -121.668799     2.619      127.9     -603.3    -1025.1     14.9     14.2     49.4 1991 12  4  0  8 49.550 1.9   1
   314921  37.283496 -121.666895     2.645      296.5     -758.2     -999.4     70.4     49.4    209.7 1992  9 11  1 22 13.650 1.1   1
