    17842  37.284688 -121.667822     2.569      214.5     -625.7    -1075.8     56.4     60.1    188.1 1984  4 25  4 35 19.170 1.9   1
    21644  37.286230 -121.669954     2.535       24.9     -454.6    -1109.1     59.8     52.8    230.6 1984  6 27 14 50 38.140 1.6   1
    28475  37.287427 -121.670671     1.817      -38.1     -322.0    -1827.1     76.8     97.4     88.9 1984  9 23  8 43 14.720 1.1   1
    35109  37.286471 -121.669564     2.351       60.2     -428.0    -1293.1     49.9     47.2    279.4 1984 12 22  4 43 44.710 1.6   1
    42349  37.283500 -121.667977     2.593      200.7     -758.0    -1051.1     86.7     62.5    149.9 1985  2 28  1  9 58.300 0.8   1
    42555  37.284481 -121.668343     2.644      168.3     -648.8    -1000.7     58.1     51.4    127.5 1985  3  2  6 53 56.010 1.7   1
    42559  37.285152 -121.668840     2.449      124.3     -574.4    -1195.2     42.7     42.2    190.0 1985  3  2  8 55  3.470 1.9   1
    42643  37.284631 -121.668563     2.327      148.5     -632.1    -1316.9     51.9     51.9    282.0 1985  3  2  8 55 29.590 2.1   1
    42560  37.285547 -121.669043     2.517      106.0     -530.7    -1127.6     67.8     53.4    145.0 1985  3  2  8 58  0.480 1.2   1
    49626  37.287134 -121.669775     2.550       41.0     -354.4    -1094.1     77.7     78.8    387.3 1985  6 15  1 38 57.380 0.9   1
    54084  37.285221 -121.668880     2.542      120.9     -566.6    -1102.8     44.0     43.8    174.8 1985  8 28 20 35 10.100 1.6   1
    57770  37.284595 -121.673071     2.540     -251.2     -636.1    -1104.0     89.0     83.1    261.5 1985 10 28  3 55 38.130 1.3   1
    62514  37.284159 -121.667692     2.523      225.8     -684.4    -1121.0     60.5     66.5    222.0 1985 12 31 15 50 52.230 1.7   1
    62520  37.284530 -121.668685     2.573      138.1     -643.4    -1070.9     61.8     80.8    266.9 1985 12 31 18  3  3.480 1.6   1
    67820  37.286169 -121.671338     2.456      -97.7     -461.6    -1188.1     74.8     71.1    362.3 1986  3  8 10 32  4.410 1.6   1
    73786  37.285783 -121.668132     1.786      186.9     -504.4    -1858.7     64.5     82.3     52.7 1986  6  1 10 51 31.460 1.2   1
    82606  37.286784 -121.670508     2.714      -23.7     -393.1     -930.7     65.4     58.1    142.4 1986  9 15 20 17 49.920 2.7   1
    83805  37.286491 -121.669539     2.477       62.0     -425.8    -1167.0     47.0     44.1    206.0 1986  9 25 12  1 52.830 1.4   1
    88698  37.285107 -121.673429     3.462     -283.1     -579.2     -181.9    306.0    413.7    491.1 1986 11 25 13  0 35.660 1.0   1
   101361  37.285551 -121.668620     2.576      143.9     -530.3    -1068.8     56.4     55.7    216.2 1987  6  3  6 56  7.740 1.9   1
   101362  37.284456 -121.669206     2.574       91.3     -651.5    -1070.1     51.8     51.2    193.2 1987  6  3  6 58 51.320 1.7   1
   102776  37.286719 -121.670256     2.484       -1.7     -400.5    -1160.5    194.0    256.7   1467.4 1987  7  7  1 44 26.990 1.0   1
   103138  37.284892 -121.668970     2.438      112.5     -603.4    -1206.0     44.7     43.2    195.1 1987  7 14 19  2 57.020 1.7   1
   110939  37.286491 -121.670874     1.840      -56.0     -426.0    -1804.0     66.4     64.9     67.8 1988  1 15  1 56 42.310 1.4   1
   112868  37.287467 -121.671549     3.382     -116.3     -317.5     -262.0     65.7     70.0     85.0 1988  2 25 10  0 17.780 0.9   1
   126189  37.281075 -121.677230     3.436     -619.9    -1026.9     -208.2     61.0     55.7     72.1 1988 11  2  3  9 12.610 1.9   1
   126292  37.285258 -121.668286     2.257      173.0     -562.8    -1387.3     50.1     54.6    299.2 1988 11  3  1 30  4.280 1.7   1
   126389  37.284078 -121.669287     2.677       84.5     -693.7     -966.8     67.0     58.5    143.2 1988 11  4 13 34 34.720 1.9   1
   148939  37.284639 -121.668864     2.607      121.8     -631.4    -1037.0     64.0     66.2    246.5 1989 12 13  5 33 46.080 1.6   1
   158154  37.286800 -121.671354     2.781      -99.1     -391.6     -863.7     82.2     74.1    187.6 1990  5 23 11 11 37.580 1.0   1
   160503  37.285767 -121.667839     2.571      212.9     -506.1    -1072.8     57.8     57.4    130.5 1990  7  5 20  4 42.800 1.7   1
   208364  37.287655 -121.670036     2.685       17.7     -296.7     -959.7     94.2     71.4    213.9 1991  3 22 11 23 27.560 1.0   1
   215747  37.284062 -121.668896     2.706      118.9     -695.4     -938.3     66.3     65.1    132.7 1991  5 29  9 45 22.620 1.8   1
   227435  37.285311 -121.668302     1.848      171.8     -557.0    -1796.4     73.0     79.1     52.0 1991  8 10 17  6  5.760 1.2   1
   238704  37.285437 -121.668693     2.574      136.8     -543.0    -1070.6     42.8     41.8    161.1 1991 12  3  5 24 24.980 2.0   1
   238790  37.284912 -121.668758     2.680      131.1     -601.2     -964.3     58.6     50.7    127.1 1991 12  4  0  8 49.550 1.9   1
   314921  37.283765 -121.667106     2.351      278.1     -728.3    -1293.0    212.7    159.8    956.2 1992  9 11  1 22 13.650 1.1   1
