    17842  37.284253 -121.671940     2.789     -150.8     -674.4     -855.8    306.1    308.2    111.1 1984  4 25  4 35 19.170 1.9   1
    16751  37.304887 -121.647201     4.629     2042.9     1615.6      984.5   6148.5   4966.7  12839.6 1984  4 27  7 48 23.500 1.0   1
    21644  37.285832 -121.674194     2.875     -350.6     -498.8     -769.7    306.1    306.9    107.8 1984  6 27 14 50 38.140 1.6   1
    22280  37.385571 -121.648454    32.031     1930.6    10570.6    28386.2   3750.7  11271.6  30769.8 1984  7  7  2 35  4.060 1.5   1
    23190  37.316040 -121.667049     7.606      282.6     2853.7     3962.1   2396.0   7529.2  11999.7 1984  7 17 16 24 49.440 1.9   1
    25096  37.285372 -121.673486     2.591     -287.6     -549.9    -1053.7    309.5    309.7    126.6 1984  8  7  9  7  6.330 1.2   1
    28475  37.286820 -121.674569     2.655     -383.9     -389.3     -989.4    308.6    311.9    148.1 1984  9 23  8 43 14.720 1.1   1
    32049  37.287516 -121.668066     2.750      192.3     -312.1     -894.3   2456.0   2578.1   7442.9 1984 11 18  0 28 55.240 1.7   1
    35109  37.285925 -121.673706     2.736     -307.1     -488.6     -908.5    304.5    304.5    108.6 1984 12 22  4 43 44.710 1.6   1
    42349  37.283036 -121.672437     2.898     -194.5     -809.4     -746.1    308.7    309.4    110.4 1985  2 28  1  9 58.300 0.8   1
    42555  37.283984 -121.672542     2.777     -204.4     -704.1     -867.6    304.1    306.4    107.4 1985  3  2  6 53 56.010 1.7   1
    42559  37.284631 -121.672982     2.738     -243.0     -632.2     -906.6    303.6    304.5    104.5 1985  3  2  8 55  3.470 1.9   1
    42643  37.284102 -121.672632     2.731     -212.2     -690.8     -913.2    304.4    305.8    111.6 1985  3  2  8 55 29.590 2.1   1
    42560  37.285055 -121.673600     2.870     -298.0     -585.5     -774.0    304.5    306.4    108.5 1985  3  2  8 58  0.480 1.2   1
    49626  37.286076 -121.675431     2.935     -460.4     -471.8     -709.4    311.6    313.3    120.1 1985  6 15  1 38 57.380 0.9   1
    54084  37.284745 -121.673022     2.765     -246.6     -619.8     -878.9    303.9    305.0    105.5 1985  8 28 20 35 10.100 1.6   1
    57770  37.284180 -121.677100     2.825     -608.7     -682.6     -819.2    303.3    308.0    116.2 1985 10 28  3 55 38.130 1.3   1
    62514  37.283809 -121.671704     2.803     -130.2     -723.4     -841.4    306.3    309.3    112.4 1985 12 31 15 50 52.230 1.7   1
    62520  37.284155 -121.672778     2.830     -225.5     -685.2     -814.0    305.4    310.6    119.9 1985 12 31 18  3  3.480 1.6   1
    67820  37.285551 -121.675553     2.699     -470.9     -530.1     -945.3    305.5    305.6    125.0 1986  3  8 10 32  4.410 1.6   1
    73786  37.284920 -121.672087     2.511     -163.6     -600.3    -1133.3    307.1    308.2    124.6 1986  6  1 10 51 31.460 1.2   1
    77218  37.298547 -121.670361     5.685      -10.7      912.2     2040.3   2674.2   4821.2  11054.8 1986  7 25  9 22 50.290 2.3   1
    77296  37.297404 -121.661540     2.919      771.4      785.5     -725.6   3082.9   3707.9   7007.7 1986  7 25 16  1 52.100 1.1   1
    82606  37.286292 -121.674577     2.753     -384.7     -448.1     -891.5    306.1    304.7    118.5 1986  9 15 20 17 49.920 2.7   1
    83805  37.285978 -121.673706     2.767     -307.3     -482.9     -877.7    304.8    304.6    106.8 1986  9 25 12  1 52.830 1.4   1
    88698  37.287642 -121.676090     3.154     -518.8     -298.0     -490.0    389.6    473.1    626.1 1986 11 25 13  0 35.660 1.0   1
   101361  37.285067 -121.672827     2.765     -229.6     -583.9     -879.2    306.7    304.5    122.1 1987  6  3  6 56  7.740 1.9   1
   101362  37.283870 -121.673348     2.716     -275.4     -716.7     -928.3    303.0    305.7    106.8 1987  6  3  6 58 51.320 1.7   1
   102776  37.286316 -121.674349     2.792     -364.5     -445.5     -852.6    348.7    374.3    262.0 1987  7  7  1 44 26.990 1.0   1
   103138  37.284334 -121.673063     2.719     -250.2     -665.2     -925.6    303.3    304.4    106.1 1987  7 14 19  2 57.020 1.7   1
   110939  37.285657 -121.674919     2.650     -414.6     -518.4     -994.0    305.2    304.8    120.0 1988  1 15  1 56 42.310 1.4   1
   112868  37.288733 -121.675399     3.081     -457.7     -177.1     -563.4    310.7    320.5    162.0 1988  2 25 10  0 17.780 0.9   1
   126189  37.282186 -121.681917     2.816    -1035.2     -903.6     -828.6    299.0    304.7    142.3 1988 11  2  3  9 12.610 1.9   1
   126292  37.284627 -121.672396     2.676     -191.5     -632.6     -968.8    305.0    306.0    109.6 1988 11  3  1 30  4.280 1.7   1
   126389  37.283663 -121.673381     2.780     -278.8     -739.7     -864.1    304.0    303.7    118.7 1988 11  4 13 34 34.720 1.9   1
   148939  37.284212 -121.673161     2.848     -258.8     -678.8     -795.9    305.5    307.9    117.8 1989 12 13  5 33 46.080 1.6   1
   158154  37.286292 -121.675968     3.004     -508.3     -448.2     -640.7    308.7    311.7    116.6 1990  5 23 11 11 37.580 1.0   1
   160503  37.285295 -121.672225     2.834     -175.9     -558.6     -810.1    305.7    307.9    107.1 1990  7  5 20  4 42.800 1.7   1
   208364  37.287354 -121.674162     2.891     -347.8     -330.2     -753.3    310.7    309.3    123.8 1991  3 22 11 23 27.560 1.0   1
   215747  37.283622 -121.672941     2.789     -239.4     -744.3     -855.1    303.6    307.5    107.0 1991  5 29  9 45 22.620 1.8   1
   227435  37.284737 -121.672233     2.718     -176.5     -620.3     -926.4    308.7    310.1    115.9 1991  8 10 17  6  5.760 1.2   1
   238704  37.284969 -121.672868     2.783     -233.2     -594.8     -861.4    304.3    305.2    104.1 1991 12  3  5 24 24.980 2.0   1
   238790  37.284501 -121.672892     2.828     -235.1     -646.6     -816.4    304.4    306.3    106.5 1991 12  4  0  8 49.550 1.9   1
   261841  37.296061 -121.660229     2.986      887.8      636.4     -658.0   4003.2   3229.2   7165.9 1992  4  6  9 39 49.410 0.9   1
   314921  37.283464 -121.671289     2.913      -92.8     -761.7     -731.2    353.5    333.6    237.2 1992  9 11  1 22 13.650 1.1   1
   389286  37.287203 -121.667375     2.623      254.1     -347.0    -1021.7   2601.8   2702.4   8726.3 1993 12 20 22 35  7.800 1.8   1
 30062741  37.290621 -121.667733     2.810      222.5       32.5     -834.0   2563.9   3572.1   9009.6 1994 11 16 16 50 58.150 2.0   1
 30062748  37.296851 -121.666309     3.211      348.9      723.7     -433.5   3158.9   4243.8   9938.4 1994 11 16 18  3 42.360 1.3   1
 30069218  37.290125 -121.665999     2.984      376.1      -22.8     -660.1   3142.1   3683.0  10631.5 1995  3  3  9 38 49.200 1.2   1
 30069457  37.289771 -121.665763     2.868      396.8      -61.8     -776.0   2861.3   3306.2   9419.6 1995  3  7 13 19 41.960 1.3   1
 30073191  37.305831 -121.632446     5.149     3350.6     1720.5     1504.6   7590.2   4428.9   9924.2 1995  5 14 11 18 47.000 1.0   1
   478141  37.312773 -121.669751     8.638       43.4     2490.8     4993.5   4749.9   6216.6  12537.9 1996  9  2 20 36  3.960 1.4   1
