    17842  37.286475 -121.664559     2.683      503.6     -427.5     -961.1    139.9    408.3     51.5 1984  4 25  4 35 19.170 1.9   1
    21644  37.288094 -121.665877     2.859      386.5     -248.0     -785.3    140.1    411.2     44.6 1984  6 27 14 50 38.140 1.6   1
    28475  37.288757 -121.666707     3.166      313.1     -174.3     -478.5    139.7    411.6     57.7 1984  9 23  8 43 14.720 1.1   1
    35109  37.288041 -121.665812     2.611      392.4     -253.9    -1033.7    138.4    411.0    257.0 1984 12 22  4 43 44.710 1.6   1
    42349  37.286454 -121.664559     2.621      503.7     -429.7    -1023.2    140.3    408.3     56.9 1985  2 28  1  9 58.300 0.8   1
    42555  37.286405 -121.664494     2.626      509.5     -435.5    -1018.7    138.8    408.4    128.7 1985  3  2  6 53 56.010 1.7   1
    42559  37.287142 -121.665137     2.648      452.4     -353.6     -996.6    138.4    408.7    140.0 1985  3  2  8 55  3.470 1.9   1
    42643  37.286800 -121.664884     2.524      475.1     -391.6    -1119.9    138.6    408.3    141.5 1985  3  2  8 55 29.590 2.1   1
    42560  37.287455 -121.665535     2.617      416.8     -318.7    -1027.4    138.3    408.4    231.5 1985  3  2  8 58  0.480 1.2   1
    49626  37.288668 -121.666366     3.073      343.3     -184.3     -571.6    139.4    411.9     60.2 1985  6 15  1 38 57.380 0.9   1
    54084  37.287122 -121.665218     2.698      445.2     -355.8     -946.5    139.4    408.6     49.6 1985  8 28 20 35 10.100 1.6   1
    62514  37.286536 -121.664852     2.707      477.9     -421.0     -937.1    139.9    408.1     50.1 1985 12 31 15 50 52.230 1.7   1
    62520  37.286426 -121.664624     2.708      498.1     -433.3     -936.2    140.1    408.3     50.6 1985 12 31 18  3  3.480 1.6   1
    67820  37.288049 -121.665739     1.993      398.8     -252.7    -1651.1    138.0    411.0     11.4 1986  3  8 10 32  4.410 1.6   1
    88698  37.288708 -121.666357     3.065      343.9     -179.8     -579.2    139.4    412.0     56.8 1986 11 25 13  0 35.660 1.0   1
   101361  37.287179 -121.664998     1.992      464.7     -349.6    -1652.4    138.2    409.3      6.4 1987  6  3  6 56  7.740 1.9   1
   101362  37.286556 -121.664624     1.992      497.8     -418.4    -1651.9    138.7    408.4      6.8 1987  6  3  6 58 51.320 1.7   1
   102776  37.288713 -121.666366     3.066      343.8     -179.3     -578.8    139.3    412.0     57.5 1987  7  7  1 44 26.990 1.0   1
   103138  37.286829 -121.664868     1.989      476.2     -388.2    -1655.5    138.5    408.6      6.1 1987  7 14 19  2 57.020 1.7   1
   112868  37.288733 -121.666300     3.042      348.9     -176.9     -602.2    139.3    412.1     57.9 1988  2 25 10  0 17.780 0.9   1
   126189  37.287150 -121.665169     2.659      449.6     -352.8     -985.0    139.2    408.6    182.8 1988 11  2  3  9 12.610 1.9   1
   126389  37.286422 -121.664551     1.982      504.7     -433.6    -1662.6    138.7    408.4      6.8 1988 11  4 13 34 34.720 1.9   1
   148939  37.338611 -121.721053     1.156    -4504.2     5358.7    -2487.9   4042.2  11874.9   1179.3 1989 12 13  5 33 46.080 1.6   1
   158154  37.288684 -121.666479     3.170      333.6     -182.5     -474.2    139.4    412.3     58.1 1990  5 23 11 11 37.580 1.0   1
   160503  37.287154 -121.665609     2.893      410.6     -352.1     -751.8    142.5    408.6     41.9 1990  7  5 20  4 42.800 1.7   1
   208364  37.288623 -121.666317     3.119      348.1     -189.4     -525.4    139.4    412.3     58.1 1991  3 22 11 23 27.560 1.0   1
   215747  37.286723 -121.666097     3.232      367.2     -400.3     -412.5    147.5    406.2     76.5 1991  5 29  9 45 22.620 1.8   1
   238704  37.287227 -121.665658     2.873      406.3     -344.3     -770.9    141.9    408.4     42.8 1991 12  3  5 24 24.980 2.0   1
   238790  37.286796 -121.665072     1.982      458.6     -392.1    -1662.1    138.7    408.4      7.2 1991 12  4  0  8 49.550 1.9   1
   314921  37.286511 -121.664909     2.898      472.9     -423.6     -746.3    143.5    408.2     42.8 1992  9 11  1 22 13.650 1.1   1
