    17842  37.284566 -121.668709     2.656      135.9     -639.3     -988.5     16.9     19.2     44.1 1984  4 25  4 35 19.170 1.9   1
    21644  37.286064 -121.669881     2.649       31.9     -473.3     -995.4     20.1     20.0     74.0 1984  6 27 14 50 38.140 1.6   1
    28475  37.286621 -121.669710     4.404       47.0     -411.3      760.0     22.8     21.7   4597.8 1984  9 23  8 43 14.720 1.1   1
    35109  37.286015 -121.669751     2.405       43.5     -478.6    -1239.7     20.7     20.3    418.8 1984 12 22  4 43 44.710 1.6   1
    42349  37.284534 -121.668587     2.561      146.1     -643.2    -1083.0     19.9     19.5     61.1 1985  2 28  1  9 58.300 0.8   1
    42555  37.284481 -121.668652     2.521      140.7     -648.8    -1123.0     14.6     19.1    262.2 1985  3  2  6 53 56.010 1.7   1
    42559  37.285116 -121.669653     2.819       51.9     -578.7     -824.9     14.7     19.2     19.6 1985  3  2  8 55  3.470 1.9   1
    42643  37.284855 -121.668929     2.586      116.2     -607.2    -1058.7     16.0     19.0     38.5 1985  3  2  8 55 29.590 2.1   1
    42560  37.285465 -121.669621     2.398       54.9     -539.6    -1246.5     16.5     19.6    398.6 1985  3  2  8 58  0.480 1.2   1
    49626  37.286584 -121.670459     2.924      -19.6     -415.5     -720.0     21.9     21.2     33.9 1985  6 15  1 38 57.380 0.9   1
    54084  37.285128 -121.669653     2.859       51.9     -577.2     -784.9     14.6     19.1     20.6 1985  8 28 20 35 10.100 1.6   1
    57770  37.284705 -121.671077     1.978      -74.2     -624.1    -1666.8     29.3     40.0     25.0 1985 10 28  3 55 38.130 1.3   1
    62514  37.284578 -121.668921     2.649      116.8     -638.1     -994.9     15.4     18.9     34.3 1985 12 31 15 50 52.230 1.7   1
    62520  37.284509 -121.668693     2.668      137.0     -645.8     -976.2     14.5     19.1    199.2 1985 12 31 18  3  3.480 1.6   1
    67820  37.286039 -121.669661     1.796       50.9     -476.0    -1848.8     20.7     20.6    790.5 1986  3  8 10 32  4.410 1.6   1
    73786  37.285067 -121.670833     1.888      -53.0     -584.0    -1756.5    166.9    585.0    240.5 1986  6  1 10 51 31.460 1.2   1
    82606  37.286951 -121.671761     2.537     -134.9     -374.6    -1106.9    363.9    234.2    637.2 1986  9 15 20 17 49.920 2.7   1
    88698  37.286666 -121.670280     2.861       -3.6     -406.3     -783.6     21.1     21.1     27.8 1986 11 25 13  0 35.660 1.0   1
   101361  37.285246 -121.668970     1.557      112.5     -564.2    -2087.2     14.5     19.1    476.7 1987  6  3  6 56  7.740 1.9   1
   101362  37.284648 -121.668726     1.993      134.3     -630.6    -1651.6     14.0     19.1      9.7 1987  6  3  6 58 51.320 1.7   1
   102776  37.286641 -121.670337     2.883       -8.9     -409.0     -761.6     21.6     21.3     30.7 1987  7  7  1 44 26.990 1.0   1
   103138  37.284920 -121.668953     1.992      114.1     -600.2    -1652.4     13.9     19.1      9.6 1987  7 14 19  2 57.020 1.7   1
   110939  37.284835 -121.670825     4.399      -52.0     -609.5      754.4     26.9     38.5   5339.5 1988  1 15  1 56 42.310 1.4   1
   112868  37.286686 -121.670321     2.870       -7.3     -404.4     -774.7     21.3     21.0     30.5 1988  2 25 10  0 17.780 0.9   1
   126189  37.285173 -121.669360     2.711       77.6     -572.0     -933.3     15.8     19.2    277.6 1988 11  2  3  9 12.610 1.9   1
   126292  37.284599 -121.668823     2.017      125.6     -635.7    -1627.8     14.4     19.0    986.8 1988 11  3  1 30  4.280 1.7   1
   126389  37.284558 -121.668636     1.239      141.8     -640.2    -2405.8     14.6     19.1   1280.2 1988 11  4 13 34 34.720 1.9   1
   148939  37.284648 -121.668750     2.256      131.8     -630.3    -1388.8     14.5     18.9    335.0 1989 12 13  5 33 46.080 1.6   1
   158154  37.286536 -121.670443     3.007      -18.3     -421.0     -637.4     22.7     23.8     37.7 1990  5 23 11 11 37.580 1.0   1
   160503  37.285148 -121.669727     2.867       45.4     -574.8     -777.5     15.9     19.7     35.7 1990  7  5 20  4 42.800 1.7   1
   208364  37.286507 -121.670321     2.970       -7.0     -424.1     -674.8     22.7     22.1     37.1 1991  3 22 11 23 27.560 1.0   1
   215747  37.284692 -121.668644     1.963      141.8     -625.3    -1681.8     14.3     19.0    481.5 1991  5 29  9 45 22.620 1.8   1
   227435  37.284814 -121.670833     1.988      -52.8     -611.9    -1656.6     28.4     40.3     23.9 1991  8 10 17  6  5.760 1.2   1
   238704  37.285254 -121.669759     2.893       42.6     -563.3     -751.2     15.8     19.0     40.4 1991 12  3  5 24 24.980 2.0   1
   238790  37.284880 -121.668864     2.242      122.3     -604.5    -1402.7     14.5     18.9    316.2 1991 12  4  0  8 49.550 1.9   1
   314921  37.284562 -121.669124     2.870       98.5     -640.1     -774.0     19.6     19.3     47.1 1992  9 11  1 22 13.650 1.1   1
