    17842  37.288208 -121.666463     2.621      335.0     -235.2    -1023.3    135.7    505.8     68.7 1984  4 25  4 35 19.170 1.9   1
    21644  37.289738 -121.667741     2.623      221.4      -65.6    -1021.5    131.9    509.0     93.7 1984  6 27 14 50 38.140 1.6   1
    28475  37.290548 -121.668685     3.104      137.8       24.4     -540.6    132.8    509.7     74.7 1984  9 23  8 43 14.720 1.1   1
    35109  37.289754 -121.667692     2.791      225.6      -63.5     -853.5    129.2    509.3    359.1 1984 12 22  4 43 44.710 1.6   1
    42349  37.288171 -121.666642     2.703      318.7     -239.3     -941.7    132.0    505.6    318.1 1985  2 28  1  9 58.300 0.8   1
    42555  37.288127 -121.666479     2.626      333.6     -244.2    -1018.6    133.2    505.8    218.6 1985  3  2  6 53 56.010 1.7   1
    42559  37.288839 -121.666911     2.572      295.2     -165.1    -1072.1    133.6    506.3     64.8 1985  3  2  8 55  3.470 1.9   1
    42643  37.288513 -121.666911     2.784      295.1     -201.3     -860.8    132.4    505.9    231.1 1985  3  2  8 55 29.590 2.1   1
    42560  37.289144 -121.667497     2.618      242.9     -131.5    -1026.3    130.7    506.0    357.8 1985  3  2  8 58  0.480 1.2   1
    49626  37.290454 -121.668400     3.010      163.2       13.9     -634.0    131.2    509.8     72.4 1985  6 15  1 38 57.380 0.9   1
    54084  37.288786 -121.667424     2.804      249.4     -171.3     -840.7    135.9    506.7     53.8 1985  8 28 20 35 10.100 1.6   1
    62514  37.288232 -121.666772     2.831      307.7     -232.6     -813.1    132.6    505.7    196.3 1985 12 31 15 50 52.230 1.7   1
    62520  37.288147 -121.666528     2.643      329.1     -242.2    -1001.2    135.6    505.6     66.7 1985 12 31 18  3  3.480 1.6   1
    67820  37.289734 -121.667562     1.997      237.1      -65.7    -1646.9    130.5    509.5     20.6 1986  3  8 10 32  4.410 1.6   1
    82606  37.173222 -121.734855     1.507    -5734.1   -12996.7    -2137.0   3954.7  15213.2   1362.7 1986  9 15 20 17 49.920 2.7   1
    88698  37.290531 -121.668254     2.962      176.3       22.6     -682.4    131.3    509.8     67.4 1986 11 25 13  0 35.660 1.0   1
   101361  37.288900 -121.666895     1.991      296.3     -158.4    -1653.3    132.2    506.8     11.6 1987  6  3  6 56  7.740 1.9   1
   101362  37.288273 -121.666536     1.986      328.5     -227.9    -1658.2    133.1    505.6     10.6 1987  6  3  6 58 51.320 1.7   1
   102776  37.290515 -121.668319     2.976      170.3       20.9     -667.9    131.1    509.6     70.1 1987  7  7  1 44 26.990 1.0   1
   103138  37.288554 -121.666772     1.987      307.1     -196.7    -1657.5    132.5    505.8     10.7 1987  7 14 19  2 57.020 1.7   1
   112868  37.290544 -121.668302     2.972      171.6       23.9     -671.9    131.0    509.8     71.2 1988  2 25 10  0 17.780 0.9   1
   126189  37.288839 -121.666813     2.524      303.6     -165.1    -1120.0    135.3    506.8     64.3 1988 11  2  3  9 12.610 1.9   1
   126389  37.288192 -121.666496     1.992      332.3     -237.0    -1652.1    133.3    505.7     11.9 1988 11  4 13 34 34.720 1.9   1
   148939  37.288293 -121.666577     2.387      324.4     -225.7    -1257.8    132.4    505.7    284.6 1989 12 13  5 33 46.080 1.6   1
   158154  37.290633 -121.668547     3.140      150.4       33.8     -504.5    131.0    510.3     69.7 1990  5 23 11 11 37.580 1.0   1
   160503  37.288802 -121.667497     2.820      243.2     -169.2     -824.7    132.8    505.7     59.4 1990  7  5 20  4 42.800 1.7   1
   208364  37.290576 -121.668433     3.103      159.9       27.7     -541.5    131.2    510.2     70.7 1991  3 22 11 23 27.560 1.0   1
   215747  37.288342 -121.666463     2.002      335.0     -220.2    -1642.5    133.1    505.9     11.2 1991  5 29  9 45 22.620 1.8   1
   238704  37.288904 -121.667513     2.817      241.9     -157.9     -827.4    132.5    505.7     62.5 1991 12  3  5 24 24.980 2.0   1
   238790  37.288534 -121.666699     2.415      313.6     -199.1    -1229.4    132.2    505.7    276.6 1991 12  4  0  8 49.550 1.9   1
   314921  37.288200 -121.666935     2.844      293.0     -236.4     -800.2    134.4    505.4     68.5 1992  9 11  1 22 13.650 1.1   1
