    17842  37.284709 -121.667806     2.608      216.1     -623.4    -1036.2     55.6     59.4    233.0 1984  4 25  4 35 19.170 1.9   1
    21644  37.286259 -121.669963     2.547       24.9     -451.8    -1097.2     59.1     52.2    227.1 1984  6 27 14 50 38.140 1.6   1
    28475  37.287480 -121.670581     1.554      -30.2     -316.3    -2089.9     76.9     95.0    645.8 1984  9 23  8 43 14.720 1.1   1
    35109  37.286495 -121.669548     2.392       61.7     -425.4    -1252.4     49.4     46.7    298.7 1984 12 22  4 43 44.710 1.6   1
    42349  37.283378 -121.668205     2.741      180.4     -771.5     -903.2     79.6     59.8    199.8 1985  2 28  1  9 58.300 0.8   1
    42555  37.284477 -121.668359     2.729      166.6     -649.4     -915.4     50.6     49.4    201.0 1985  3  2  6 53 56.010 1.7   1
    42559  37.285173 -121.668840     2.493      124.4     -572.3    -1151.3     42.2     41.8    206.1 1985  3  2  8 55  3.470 1.9   1
    42643  37.284648 -121.668563     2.368      148.5     -630.4    -1276.3     51.4     51.4    258.5 1985  3  2  8 55 29.590 2.1   1
    42560  37.285441 -121.669409     2.643       73.5     -542.2    -1001.7     55.7     51.1    222.6 1985  3  2  8 58  0.480 1.2   1
    49626  37.287166 -121.669775     2.521       41.3     -351.0    -1123.6     76.7     77.9    390.2 1985  6 15  1 38 57.380 0.9   1
    54084  37.285234 -121.668864     2.583      121.8     -565.3    -1061.0     43.4     43.3    184.3 1985  8 28 20 35 10.100 1.6   1
    57770  37.284615 -121.673096     2.552     -253.3     -634.2    -1092.7     87.9     82.1    249.6 1985 10 28  3 55 38.130 1.3   1
    62514  37.284176 -121.667700     2.549      225.5     -682.6    -1095.5     59.8     65.7    225.6 1985 12 31 15 50 52.230 1.7   1
    62520  37.284550 -121.668685     2.588      137.8     -641.5    -1056.7     61.0     79.7    252.1 1985 12 31 18  3  3.480 1.6   1
    67820  37.286190 -121.671354     2.446      -98.5     -459.2    -1198.5     73.9     70.2    351.2 1986  3  8 10 32  4.410 1.6   1
    73786  37.285795 -121.668140     1.794      186.3     -503.2    -1850.7     63.6     81.1     53.1 1986  6  1 10 51 31.460 1.2   1
    82606  37.286861 -121.670272     2.819       -3.1     -384.8     -825.0     56.9     55.8    245.3 1986  9 15 20 17 49.920 2.7   1
    83805  37.286507 -121.669523     2.521       63.2     -424.0    -1123.4     46.5     43.6    219.7 1986  9 25 12  1 52.830 1.4   1
    88698  37.284774 -121.673381     3.381     -278.5     -616.4     -263.2    302.9    410.6    485.1 1986 11 25 13  0 35.660 1.0   1
   101361  37.285571 -121.668595     2.620      146.0     -527.7    -1024.8     55.7     55.0    244.9 1987  6  3  6 56  7.740 1.9   1
   101362  37.284481 -121.669198     2.600       92.7     -649.0    -1043.9     51.2     50.6    211.8 1987  6  3  6 58 51.320 1.7   1
   102776  37.286764 -121.670256     2.261       -1.5     -395.6    -1383.3    191.8    254.6    851.7 1987  7  7  1 44 26.990 1.0   1
   103138  37.284912 -121.668962     2.484      113.3     -601.3    -1160.4     44.2     42.7    206.8 1987  7 14 19  2 57.020 1.7   1
   110939  37.286458 -121.670825     1.267      -51.9     -429.5    -2377.7     66.0     63.2    476.4 1988  1 15  1 56 42.310 1.4   1
   112868  37.287528 -121.671541     3.402     -115.1     -310.9     -242.7     64.9     68.3     87.4 1988  2 25 10  0 17.780 0.9   1
   126189  37.280815 -121.677620     3.612     -654.4    -1055.9      -32.7     61.0     54.1     81.6 1988 11  2  3  9 12.610 1.9   1
   126292  37.285282 -121.668262     2.314      175.2     -560.0    -1330.3     49.6     54.1    286.4 1988 11  3  1 30  4.280 1.7   1
   126389  37.284135 -121.669181     2.687       93.7     -687.3     -957.5     57.6     56.0    216.8 1988 11  4 13 34 34.720 1.9   1
   148939  37.284668 -121.668831     2.635      125.1     -628.2    -1009.2     63.1     65.3    240.6 1989 12 13  5 33 46.080 1.6   1
   158154  37.286816 -121.671370     2.783     -100.3     -389.7     -861.7     79.9     72.8    178.7 1990  5 23 11 11 37.580 1.0   1
   160503  37.285718 -121.668001     2.663      198.4     -511.6     -981.7     48.7     54.9    221.3 1990  7  5 20  4 42.800 1.7   1
   208364  37.287764 -121.669792     2.628       39.8     -284.6    -1016.5     76.4     67.2    318.3 1991  3 22 11 23 27.560 1.0   1
   215747  37.284135 -121.668750     2.733      132.3     -687.2     -910.8     56.5     62.1    195.9 1991  5 29  9 45 22.620 1.8   1
   227435  37.285303 -121.668294     1.680      172.3     -557.7    -1964.2     72.6     77.4    496.9 1991  8 10 17  6  5.760 1.2   1
   238704  37.285457 -121.668685     2.614      137.8     -540.6    -1030.4     42.2     41.2    168.9 1991 12  3  5 24 24.980 2.0   1
   238790  37.284961 -121.668660     2.714      140.0     -595.8     -930.6     50.2     48.5    194.7 1991 12  4  0  8 49.550 1.9   1
   314921  37.283752 -121.667122     2.371      276.6     -729.7    -1273.6    209.9    157.7    626.8 1992  9 11  1 22 13.650 1.1   1
