    17842  37.288590 -121.665088     2.649      457.1     -192.9     -994.9    102.1     41.9     27.2 1984  4 25  4 35 19.170 1.9   1
    21644  37.290210 -121.666423     2.841      338.6      -13.3     -803.8    103.3     43.1     19.8 1984  6 27 14 50 38.140 1.6   1
    28475  37.290885 -121.667375     3.150      253.8       61.9     -494.1    104.1     43.6     31.2 1984  9 23  8 43 14.720 1.1   1
    35109  37.290149 -121.666292     2.544      349.8      -20.0    -1100.4    102.2     43.1     62.5 1984 12 22  4 43 44.710 1.6   1
    42349  37.288562 -121.665194     2.674      447.5     -195.8     -970.6    101.5     42.0    208.1 1985  2 28  1  9 58.300 0.8   1
    42555  37.288517 -121.665015     2.593      463.2     -201.1    -1051.1    101.4     41.9    141.9 1985  3  2  6 53 56.010 1.7   1
    42559  37.289250 -121.665641     2.585      408.0     -119.6    -1059.0    102.0     42.2     30.2 1985  3  2  8 55  3.470 1.9   1
    42643  37.288912 -121.665430     2.561      426.5     -157.2    -1083.6    101.4     42.1    134.0 1985  3  2  8 55 29.590 2.1   1
    42560  37.289559 -121.666081     2.556      368.9      -85.4    -1087.9    101.6     42.5    239.4 1985  3  2  8 58  0.480 1.2   1
    49626  37.290784 -121.667033     3.055      284.2       50.5     -589.1    103.2     43.5     35.1 1985  6 15  1 38 57.380 0.9   1
    54084  37.289225 -121.665747     2.655      398.5     -122.2     -988.9    102.0     42.2     30.0 1985  8 28 20 35 10.100 1.6   1
    62514  37.288639 -121.665356     2.669      432.9     -187.5     -975.2    102.0     41.9     23.7 1985 12 31 15 50 52.230 1.7   1
    62520  37.288534 -121.665145     2.677      451.7     -199.2     -967.7    102.1     41.9     24.0 1985 12 31 18  3  3.480 1.6   1
    67820  37.290153 -121.666333     1.990      346.5      -19.3    -1654.2    102.4     43.4     12.7 1986  3  8 10 32  4.410 1.6   1
    88698  37.290824 -121.666960     3.025      291.0       55.0     -619.5    103.2     43.6     29.7 1986 11 25 13  0 35.660 1.0   1
   101361  37.289290 -121.665552     1.991      415.7     -115.1    -1653.4    101.6     42.3      6.7 1987  6  3  6 56  7.740 1.9   1
   101362  37.288656 -121.665153     1.989      450.8     -185.5    -1655.3    101.5     41.8      7.2 1987  6  3  6 58 51.320 1.7   1
   102776  37.290824 -121.666984     3.030      289.0       55.1     -614.5    103.2     43.6     31.8 1987  7  7  1 44 26.990 1.0   1
   103138  37.288940 -121.665397     1.988      429.0     -154.0    -1656.1    101.5     42.0      6.3 1987  7 14 19  2 57.020 1.7   1
   112868  37.290845 -121.666911     3.008      295.1       57.4     -636.8    103.2     43.6     32.1 1988  2 25 10  0 17.780 0.9   1
   126189  37.289262 -121.665609     2.538      410.5     -118.3    -1106.2    102.1     42.3     42.3 1988 11  2  3  9 12.610 1.9   1
   126389  37.288546 -121.665072     1.985      458.3     -197.8    -1659.8    101.4     41.8      7.2 1988 11  4 13 34 34.720 1.9   1
   148939  37.277303 -121.705086     1.867    -3090.4    -1445.5    -1777.8   2961.7   1226.8    446.4 1989 12 13  5 33 46.080 1.6   1
   158154  37.290865 -121.667106     3.153      277.5       59.5     -491.0    103.2     43.7     33.3 1990  5 23 11 11 37.580 1.0   1
   160503  37.289242 -121.666178     2.869      360.0     -120.4     -775.6    104.8     43.4     13.3 1990  7  5 20  4 42.800 1.7   1
   208364  37.290788 -121.666960     3.101      291.2       51.2     -543.7    103.2     43.6     34.3 1991  3 22 11 23 27.560 1.0   1
   215747  37.288818 -121.666536     3.194      328.5     -167.4     -450.8    108.0     41.7     48.2 1991  5 29  9 45 22.620 1.8   1
   238704  37.289315 -121.666219     2.842      356.3     -112.3     -802.2    101.9     42.2     28.4 1991 12  3  5 24 24.980 2.0   1
   238790  37.288936 -121.665405     1.989      428.8     -154.4    -1655.5    101.6     42.0      7.5 1991 12  4  0  8 49.550 1.9   1
   314921  37.288611 -121.665495     2.877      420.7     -190.5     -766.9    105.3     42.6     16.0 1992  9 11  1 22 13.650 1.1   1
