    17842  37.284578 -121.668799     2.663      127.5     -638.2     -981.4     13.7     24.1    226.4 1984  4 25  4 35 19.170 1.9   1
    21644  37.286047 -121.669889     2.638       31.2     -474.9    -1006.3     18.4     24.4     62.8 1984  6 27 14 50 38.140 1.6   1
    28475  37.286833 -121.669238     2.044       88.5     -387.8    -1600.4     20.3     26.4     18.9 1984  9 23  8 43 14.720 1.1   1
    35109  37.286039 -121.669808     2.532       38.2     -475.8    -1112.1     18.6     24.8    484.9 1984 12 22  4 43 44.710 1.6   1
    42349  37.284460 -121.669425     2.812       72.1     -651.4     -832.5     15.4     24.5     27.0 1985  2 28  1  9 58.300 0.8   1
    42555  37.284477 -121.668750     2.489      131.9     -649.3    -1155.7     13.7     24.0    212.5 1985  3  2  6 53 56.010 1.7   1
    42559  37.285205 -121.669474     2.935       68.0     -568.4     -709.0     14.4     24.0    305.9 1985  3  2  8 55  3.470 1.9   1
    42643  37.284863 -121.669206     2.721       91.8     -606.4     -923.0     13.6     23.9    287.0 1985  3  2  8 55 29.590 2.1   1
    42560  37.285482 -121.669556     2.523       60.4     -537.7    -1121.2     17.1     24.1     55.6 1985  3  2  8 58  0.480 1.2   1
    49626  37.286658 -121.670581     3.084      -30.5     -407.1     -560.0     21.0     25.2     61.6 1985  6 15  1 38 57.380 0.9   1
    54084  37.285189 -121.669466     2.965       68.9     -570.3     -679.3     14.1     24.0    233.8 1985  8 28 20 35 10.100 1.6   1
    57770  37.284908 -121.670915     1.980      -60.0     -601.5    -1664.4     80.6    144.0    152.3 1985 10 28  3 55 38.130 1.3   1
    62514  37.284587 -121.669051     2.690      105.5     -637.3     -954.3     13.4     23.9    197.5 1985 12 31 15 50 52.230 1.7   1
    62520  37.284505 -121.668791     2.610      128.8     -646.1    -1034.1     13.5     23.9    205.6 1985 12 31 18  3  3.480 1.6   1
    67820  37.286060 -121.669743     2.279       43.9     -473.8    -1364.8     18.4     24.8    387.2 1986  3  8 10 32  4.410 1.6   1
    73786  37.284509 -121.670418     1.924      -15.7     -645.9    -1720.0    165.8    572.0    252.8 1986  6  1 10 51 31.460 1.2   1
    82606  37.286121 -121.669979     3.082       23.4     -467.1     -562.4     55.0     72.5   1168.5 1986  9 15 20 17 49.920 2.7   1
    83805  37.286145 -121.669694     2.022       48.0     -464.2    -1622.4     18.1     24.9    357.9 1986  9 25 12  1 52.830 1.4   1
    88698  37.286523 -121.669938     2.928       27.0     -422.0     -716.1     21.1     26.4     33.9 1986 11 25 13  0 35.660 1.0   1
   101361  37.285266 -121.669222     2.243       90.1     -561.8    -1401.6     13.5     24.1    216.4 1987  6  3  6 56  7.740 1.9   1
   101362  37.284639 -121.668742     1.899      132.4     -631.3    -1745.6     13.3     23.9    221.0 1987  6  3  6 58 51.320 1.7   1
   102776  37.286759 -121.670557     3.114      -28.5     -396.1     -530.8     20.6     25.4     57.8 1987  7  7  1 44 26.990 1.0   1
   103138  37.284937 -121.669027     1.995      107.6     -598.6    -1649.3     13.2     23.8    262.6 1987  7 14 19  2 57.020 1.7   1
   110939  37.285038 -121.670679     2.002      -38.8     -587.2    -1642.3     80.5    144.2    152.2 1988  1 15  1 56 42.310 1.4   1
   112868  37.286519 -121.669857     2.903       34.2     -422.5     -741.5     20.8     26.2     30.9 1988  2 25 10  0 17.780 0.9   1
   126189  37.285197 -121.669189     2.501       92.7     -569.2    -1143.8     16.0     23.8     39.3 1988 11  2  3  9 12.610 1.9   1
   126292  37.284603 -121.668945     2.109      114.8     -635.4    -1535.2     13.3     23.9    536.2 1988 11  3  1 30  4.280 1.7   1
   126389  37.284566 -121.668742     2.100      132.8     -639.6    -1544.6     13.6     23.9    225.3 1988 11  4 13 34 34.720 1.9   1
   148939  37.284660 -121.668880     2.330      120.7     -629.3    -1314.3     13.5     23.9    209.1 1989 12 13  5 33 46.080 1.6   1
   158154  37.286755 -121.671313     3.405      -95.1     -396.5     -239.0     20.2     25.8     56.4 1990  5 23 11 11 37.580 1.0   1
   160503  37.285148 -121.669808     2.838       38.3     -574.9     -806.3     15.0     24.4     35.8 1990  7  5 20  4 42.800 1.7   1
   208364  37.286731 -121.671110     3.387      -77.5     -399.4     -257.7     20.7     25.4     59.9 1991  3 22 11 23 27.560 1.0   1
   215747  37.284705 -121.668766     2.242      130.8     -624.2    -1402.5     13.2     23.9    199.5 1991  5 29  9 45 22.620 1.8   1
   227435  37.285022 -121.670679     1.990      -39.1     -589.0    -1653.9     80.9    144.0    152.1 1991  8 10 17  6  5.760 1.2   1
   238704  37.285266 -121.669458     2.676       69.0     -561.8     -968.8     14.2     24.0    262.3 1991 12  3  5 24 24.980 2.0   1
   238790  37.284888 -121.669010     2.356      109.2     -603.8    -1288.4     13.5     23.9    188.9 1991 12  4  0  8 49.550 1.9   1
   314921  37.284554 -121.669263     2.884       86.5     -640.8     -760.5     18.8     24.1     47.8 1992  9 11  1 22 13.650 1.1   1
