    17842  37.284794 -121.667635     2.461      230.6     -614.3    -1183.5    308.8    300.3    199.6 1984  4 25  4 35 19.170 1.9   1
    21644  37.286247 -121.670003     2.529       20.8     -453.0    -1115.6    302.5    297.5    191.9 1984  6 27 14 50 38.140 1.6   1
    23190  37.308854 -121.678133     7.255     -700.2     2056.1     3610.9   3514.8   5764.1  18239.0 1984  7 17 16 24 49.440 1.9   1
    25096  37.286031 -121.669873     1.892       32.3     -476.9    -1752.0    296.4    303.7    331.7 1984  8  7  9  7  6.330 1.2   1
    28475  37.287537 -121.670247     2.341       -0.8     -309.6    -1303.3    313.7    308.7    283.4 1984  9 23  8 43 14.720 1.1   1
    32049  37.287341 -121.670825     2.964      -52.0     -331.3     -679.8   4016.4   2176.5  15731.2 1984 11 18  0 28 55.240 1.7   1
    35109  37.286548 -121.669255     2.352       87.6     -419.7    -1292.5    304.1    297.5    207.6 1984 12 22  4 43 44.710 1.6   1
    42349  37.283419 -121.668278     2.589      174.2     -766.8    -1055.3    307.8    298.6    186.4 1985  2 28  1  9 58.300 0.8   1
    42555  37.284489 -121.668424     2.533      161.2     -648.2    -1110.9    304.4    297.5    196.3 1985  3  2  6 53 56.010 1.7   1
    42559  37.285225 -121.668644     2.420      141.2     -566.3    -1224.8    302.8    296.6    191.7 1985  3  2  8 55  3.470 1.9   1
    42643  37.284713 -121.668294     2.398      172.3     -623.0    -1246.7    304.8    297.9    202.0 1985  3  2  8 55 29.590 2.1   1
    42560  37.285486 -121.669368     2.511       77.1     -537.2    -1133.5    302.7    297.3    186.9 1985  3  2  8 58  0.480 1.2   1
    49626  37.287158 -121.669759     2.501       42.4     -351.7    -1143.3    303.5    300.5    217.7 1985  6 15  1 38 57.380 0.9   1
    54084  37.285234 -121.668872     2.508      121.6     -565.5    -1135.8    302.9    296.7    189.6 1985  8 28 20 35 10.100 1.6   1
    57770  37.284623 -121.673104     2.564     -254.0     -633.1    -1080.3    295.4    297.8    198.7 1985 10 28  3 55 38.130 1.3   1
    62514  37.284224 -121.667586     2.512      235.6     -677.5    -1132.8    308.6    300.5    196.5 1985 12 31 15 50 52.230 1.7   1
    62520  37.284477 -121.668896     2.608      119.3     -649.5    -1036.2    305.8    302.4    204.3 1985 12 31 18  3  3.480 1.6   1
    67820  37.286218 -121.671257     2.451      -90.3     -456.3    -1193.2    301.9    298.7    234.0 1986  3  8 10 32  4.410 1.6   1
    73786  37.285632 -121.668392     1.676      163.7     -521.1    -1968.6    295.5    302.0    355.4 1986  6  1 10 51 31.460 1.2   1
    77218  37.291764 -121.686092     7.498    -1405.7      159.2     3853.5   6860.5   3000.9  12448.0 1986  7 25  9 22 50.290 2.3   1
    77296  37.293335 -121.670605     2.903      -32.3      333.8     -741.2   7126.8   3723.8  22285.1 1986  7 25 16  1 52.100 1.1   1
    82606  37.286808 -121.670492     2.556      -22.7     -390.5    -1088.6    302.8    298.1    216.7 1986  9 15 20 17 49.920 2.7   1
    83805  37.286519 -121.669442     2.453       71.0     -422.6    -1191.3    303.3    297.1    196.8 1986  9 25 12  1 52.830 1.4   1
    88698  37.285380 -121.673617     3.453     -299.6     -549.2     -191.8    407.3    481.7    501.5 1986 11 25 13  0 35.660 1.0   1
   101361  37.285543 -121.668669     2.508      139.4     -531.0    -1136.2    306.3    299.1    210.4 1987  6  3  6 56  7.740 1.9   1
   101362  37.284473 -121.669222     2.510       90.2     -650.0    -1134.1    302.2    296.6    201.4 1987  6  3  6 58 51.320 1.7   1
   102776  37.286764 -121.670256     2.525       -1.3     -395.4    -1119.2    365.8    380.7    439.4 1987  7  7  1 44 26.990 1.0   1
   103138  37.284941 -121.668783     2.427      129.0     -597.9    -1217.0    302.9    296.3    195.5 1987  7 14 19  2 57.020 1.7   1
   110939  37.286442 -121.670272     2.272       -3.0     -431.3    -1372.1    302.3    298.3    229.3 1988  1 15  1 56 42.310 1.4   1
   112868  37.287093 -121.671834     3.174     -141.1     -358.9     -469.9    306.8    303.8    149.6 1988  2 25 10  0 17.780 0.9   1
   126189  37.280770 -121.677563     3.202     -649.6    -1060.9     -442.6    271.6    285.4    186.8 1988 11  2  3  9 12.610 1.9   1
   126292  37.285392 -121.667847     2.325      212.3     -547.9    -1319.7    307.5    299.5    210.7 1988 11  3  1 30  4.280 1.7   1
   126389  37.284102 -121.669312     2.539       82.5     -691.0    -1105.1    302.6    297.2    196.7 1988 11  4 13 34 34.720 1.9   1
   148939  37.284505 -121.669246     2.631       88.2     -646.1    -1013.3    305.5    299.5    207.6 1989 12 13  5 33 46.080 1.6   1
   158154  37.286625 -121.671891     2.802     -146.6     -410.9     -842.0    303.4    300.8    149.9 1990  5 23 11 11 37.580 1.0   1
   160503  37.285767 -121.667920     2.470      205.3     -506.4    -1174.1    306.8    300.1    195.0 1990  7  5 20  4 42.800 1.7   1
   208364  37.287708 -121.669979     2.552       23.1     -290.8    -1092.8    309.4    301.8    227.1 1991  3 22 11 23 27.560 1.0   1
   215747  37.284082 -121.668921     2.572      116.6     -693.0    -1072.6    303.5    298.5    192.9 1991  5 29  9 45 22.620 1.8   1
   227435  37.285539 -121.667489     2.216      243.9     -531.6    -1428.8    311.7    304.2    217.1 1991  8 10 17  6  5.760 1.2   1
   238704  37.285409 -121.668799     2.539      127.4     -545.9    -1105.3    303.7    297.1    188.6 1991 12  3  5 24 24.980 2.0   1
   238790  37.284932 -121.668791     2.555      128.1     -599.0    -1089.6    303.8    297.5    190.2 1991 12  4  0  8 49.550 1.9   1
   261841  37.298324 -121.683008     6.552    -1132.1      887.5     2907.3   5290.9   4369.4  17202.3 1992  4  6  9 39 49.410 0.9   1
   314921  37.283618 -121.667627     2.660      231.5     -744.9     -984.7    391.7    332.0    405.9 1992  9 11  1 22 13.650 1.1   1
 30062741  37.290926 -121.672241     3.192     -177.6       66.3     -452.6   4706.9   3198.6  16516.5 1994 11 16 16 50 58.150 2.0   1
 30062748  37.301485 -121.676343     5.274     -541.2     1238.3     1629.9   3589.4   4776.7  11290.8 1994 11 16 18  3 42.360 1.3   1
 30069218  37.290177 -121.671102     3.162      -76.5      -16.8     -482.7   3325.2   3208.7   9400.9 1995  3  3  9 38 49.200 1.2   1
 30069457  37.289771 -121.670736     3.077      -44.3      -62.0     -567.5   3079.9   3088.1   8760.4 1995  3  7 13 19 41.960 1.3   1
 30073191  37.302511 -121.690389     4.272    -1786.4     1352.2      627.7   8483.7   5771.9  44465.8 1995  5 14 11 18 47.000 1.0   1
   478141  37.313831 -121.683366    11.977    -1163.6     2608.5     8332.5   4000.8   6517.5  23830.5 1996  9  2 20 36  3.960 1.4   1
