    17842  37.287016 -121.669710     3.599       47.2     -367.7      -45.0    353.2    312.4     73.5 1984  4 25  4 35 19.170 1.9   1
    16751  37.296700 -121.670540     2.942      -26.5      707.2     -701.9   5037.2   5330.6  12458.4 1984  4 27  7 48 23.500 1.0   1
    21644  37.288786 -121.671859     3.669     -143.4     -171.2       24.8    352.4    309.7     83.0 1984  6 27 14 50 38.140 1.6   1
    22280  37.309639 -121.668449     3.661      159.1     2143.1       17.0   3969.8   8317.9  13056.5 1984  7  7  2 35  4.060 1.5   1
    23190  37.293359 -121.669743     3.634       44.1      336.2      -10.1   2578.8   4484.0   7560.5 1984  7 17 16 24 49.440 1.9   1
    25096  37.288273 -121.671102     3.402      -76.1     -228.0     -242.5    353.5    311.4    105.4 1984  8  7  9  7  6.330 1.2   1
    28475  37.289087 -121.672754     3.519     -223.1     -137.6     -125.1    361.9    316.0    176.1 1984  9 23  8 43 14.720 1.1   1
    32049  37.288460 -121.669149     3.275       96.5     -207.3     -369.8   2379.3   2436.4   6962.1 1984 11 18  0 28 55.240 1.7   1
    35109  37.288656 -121.671655     3.545     -125.6     -185.7      -99.1    353.7    310.8     72.5 1984 12 22  4 43 44.710 1.6   1
    42349  37.285868 -121.670060     3.677       15.7     -495.0       32.3    351.2    307.1     89.3 1985  2 28  1  9 58.300 0.8   1
    42555  37.286784 -121.670361     3.608      -11.1     -393.2      -36.6    352.3    310.2     72.3 1985  3  2  6 53 56.010 1.7   1
    42559  37.287467 -121.670646     3.535      -35.9     -317.6     -109.5    348.8    306.8     72.2 1985  3  2  8 55  3.470 1.9   1
    42643  37.286910 -121.670329     3.531       -8.0     -379.4     -113.8    351.0    307.6     84.5 1985  3  2  8 55 29.590 2.1   1
    42560  37.287911 -121.671379     3.664     -101.0     -268.2       19.7    351.1    306.4     90.8 1985  3  2  8 58  0.480 1.2   1
    49626  37.289775 -121.672005     3.753     -156.4      -61.2      108.6    357.5    313.1    125.6 1985  6 15  1 38 57.380 0.9   1
    54084  37.287606 -121.670695     3.564      -40.7     -302.0      -79.8    348.2    305.8     74.8 1985  8 28 20 35 10.100 1.6   1
    57770  37.287040 -121.674959     3.657     -418.8     -365.1       12.2    354.3    309.0    112.1 1985 10 28  3 55 38.130 1.3   1
    62514  37.286658 -121.669336     3.593       79.8     -407.2      -51.6    350.7    307.0     90.7 1985 12 31 15 50 52.230 1.7   1
    62520  37.286967 -121.670508     3.623      -23.6     -373.0      -21.2    350.1    308.5    108.2 1985 12 31 18  3  3.480 1.6   1
    67820  37.288359 -121.673291     3.494     -270.4     -218.8     -150.3    354.5    312.2    103.4 1986  3  8 10 32  4.410 1.6   1
    73786  37.287736 -121.669759     3.336       42.6     -287.7     -308.6    350.8    307.2    100.5 1986  6  1 10 51 31.460 1.2   1
    77218  37.291215 -121.670378     3.797      -12.0       98.6      152.3   2565.3   4728.3  10774.1 1986  7 25  9 22 50.290 2.3   1
    77296  37.289433 -121.662402     1.219      695.1      -99.5    -2424.9   5842.6   4459.9  18924.0 1986  7 25 16  1 52.100 1.1   1
    81017  37.293237 -121.667977     2.704      200.5      322.9     -940.2   4070.2   6006.0  16833.3 1986  9  2  7 24 15.870 0.8   1
    82606  37.289901 -121.672404     3.485     -191.8      -47.3     -159.3    353.2    318.3    123.5 1986  9 15 20 17 49.920 2.7   1
    83805  37.288871 -121.671460     3.570     -108.3     -161.9      -74.7    350.8    308.2     76.4 1986  9 25 12  1 52.830 1.4   1
    88698  37.289653 -121.672013     4.258     -157.4      -74.8      614.0    428.1    476.1    651.2 1986 11 25 13  0 35.660 1.0   1
   101361  37.288786 -121.670711     3.364      -41.7     -171.2     -280.4    354.0    318.5    118.4 1987  6  3  6 56  7.740 1.9   1
   101362  37.286727 -121.671134     3.613      -79.3     -399.7      -31.8    352.0    312.1     70.3 1987  6  3  6 58 51.320 1.7   1
   102776  37.289437 -121.672021     3.619     -157.7      -98.8      -24.8    391.3    373.9    294.8 1987  7  7  1 44 26.990 1.0   1
   103138  37.287166 -121.670744     3.525      -44.5     -350.8     -119.3    349.5    307.1     73.0 1987  7 14 19  2 57.020 1.7   1
   110939  37.288542 -121.672624     3.481     -211.4     -198.1     -163.0    349.2    304.3    108.5 1988  1 15  1 56 42.310 1.4   1
   112868  37.290328 -121.672428     4.276     -193.9       -0.2      631.8    356.1    322.4    128.9 1988  2 25 10  0 17.780 0.9   1
   120788  37.295658 -121.671460     4.254     -108.2      591.8      610.0   3369.2   6302.7  13087.5 1988  7 23 10 42 21.740 1.5   1
   126189  37.283984 -121.678296     4.024     -714.6     -703.9      379.9    353.6    313.8     72.6 1988 11  2  3  9 12.610 1.9   1
   126292  37.287472 -121.670085     3.495       13.9     -316.9     -149.3    349.4    308.8     72.0 1988 11  3  1 30  4.280 1.7   1
   126389  37.287248 -121.671387     3.382     -101.6     -342.0     -261.9    352.8    316.9    115.5 1988 11  4 13 34 34.720 1.9   1
   148939  37.286947 -121.670825     3.617      -51.7     -375.2      -27.2    354.3    314.9     86.0 1989 12 13  5 33 46.080 1.6   1
   158154  37.289697 -121.672949     3.770     -240.6      -70.1      125.3    352.0    310.9    108.4 1990  5 23 11 11 37.580 1.0   1
   160503  37.288062 -121.669954     3.611       24.9     -251.5      -33.2    354.8    312.4     71.5 1990  7  5 20  4 42.800 1.7   1
   208364  37.290295 -121.671851     3.655     -142.8       -3.7       11.0    359.3    314.8     99.1 1991  3 22 11 23 27.560 1.0   1
   215747  37.286442 -121.670760     3.648      -45.8     -431.1        3.5    353.0    314.2     71.1 1991  5 29  9 45 22.620 1.8   1
   227435  37.287602 -121.669873     3.513       32.4     -302.4     -131.5    354.1    310.8     94.9 1991  8 10 17  6  5.760 1.2   1
   238704  37.287817 -121.670540     3.582      -26.9     -278.5      -62.7    347.8    307.0     70.1 1991 12  3  5 24 24.980 2.0   1
   238790  37.287313 -121.670622     3.641      -34.2     -334.4       -3.6    353.2    311.8     69.1 1991 12  4  0  8 49.550 1.9   1
   261841  37.292411 -121.667236     1.467      266.1      231.3    -2176.8   3653.2   2599.5  11049.8 1992  4  6  9 39 49.410 0.9   1
   312743  37.292391 -121.669954     2.807       25.6      229.1     -837.5   3720.9   3494.6   9265.0 1992  8 29 17  4 29.020 1.6   1
   314921  37.286145 -121.668628     3.586      143.0     -464.3      -58.5    394.0    339.1    220.5 1992  9 11  1 22 13.650 1.1   1
   331552  37.291439 -121.668856     2.401      122.8      123.2    -1243.4   3966.7   3339.6  11489.1 1993  1  9 17 48 38.720 1.0   1
   331635  37.291736 -121.669141     2.339       97.4      156.1    -1305.6   4913.3   3295.1  11301.3 1993  1 10 22 13  9.440 1.2   1
   389286  37.288167 -121.668994     3.144      110.2     -240.0     -500.1   2505.0   2584.2   7873.7 1993 12 20 22 35  7.800 1.8   1
   399980  37.290682 -121.666699     2.269      313.7       39.4    -1375.4   5802.6   4296.7  14553.3 1994  4  6  4 11 34.960 1.4   1
 30062741  37.290686 -121.669141     3.167       97.1       39.5     -477.8   2466.8   3412.2   7944.5 1994 11 16 16 50 58.150 2.0   1
 30062748  37.294198 -121.669100     3.161      101.2      429.5     -483.2   3020.4   4163.0   9026.3 1994 11 16 18  3 42.360 1.3   1
 30069218  37.289575 -121.668416     3.199      161.5      -83.7     -445.8   3020.0   3430.3   9463.5 1995  3  3  9 38 49.200 1.2   1
 30069222  37.286121 -121.670272     2.571       -3.1     -467.0    -1073.1   2866.6  10247.9  28720.4 1995  3  3 12 30 15.850 1.8   1
 30069457  37.289368 -121.668237     3.130      177.3     -106.6     -514.5   2735.9   3058.2   8644.7 1995  3  7 13 19 41.960 1.3   1
 30073191  37.294019 -121.666130     1.912      364.6      409.8    -1732.1   6913.8   3806.4  13226.5 1995  5 14 11 18 47.000 1.0   1
 30092060  37.285982 -121.670589     2.472      -30.9     -482.4    -1172.3   2682.5   9399.7  27300.6 1995 12 15 18 53 39.820 1.8   1
   478141  37.343880 -121.662118    18.001      720.2     5943.5    14356.9   3905.8  24969.2  64212.1 1996  9  2 20 36  3.960 1.4   1
