    17842  37.288298 -121.665983     2.650      377.5     -225.6     -994.7     85.8     65.7     32.6 1984  4 25  4 35 19.170 1.9   1
    21644  37.289889 -121.667358     2.851      255.3      -48.5     -793.2     86.9     66.5     22.5 1984  6 27 14 50 38.140 1.6   1
    28475  37.290576 -121.668441     3.146      159.8       27.3     -498.0     87.5     66.8     31.8 1984  9 23  8 43 14.720 1.1   1
    35109  37.289848 -121.667212     2.645      268.2      -53.2     -999.0     86.4     66.4     77.4 1984 12 22  4 43 44.710 1.6   1
    42349  37.288265 -121.665983     2.587      377.6     -228.8    -1057.4     86.3     65.7     46.4 1985  2 28  1  9 58.300 0.8   1
    42555  37.288216 -121.665902     2.561      384.6     -234.4    -1083.6     85.8     65.5    149.6 1985  3  2  6 53 56.010 1.7   1
    42559  37.288949 -121.666561     2.662      325.9     -153.2     -982.2     86.2     65.6    169.3 1985  3  2  8 55  3.470 1.9   1
    42643  37.288603 -121.666300     2.605      349.3     -191.3    -1039.0     85.7     65.7     30.2 1985  3  2  8 55 29.590 2.1   1
    42560  37.289254 -121.666951     2.552      291.7     -119.4    -1092.0     86.9     65.6    268.7 1985  3  2  8 58  0.480 1.2   1
    49626  37.290466 -121.667920     2.989      205.6       15.6     -654.9     87.4     66.8     31.5 1985  6 15  1 38 57.380 0.9   1
    54084  37.288920 -121.666642     2.661      319.0     -156.3     -982.9     85.6     65.8     33.2 1985  8 28 20 35 10.100 1.6   1
    62514  37.288330 -121.666252     2.664      353.8     -221.9     -980.8     85.7     65.6     29.1 1985 12 31 15 50 52.230 1.7   1
    62520  37.288232 -121.666048     2.684      371.7     -232.6     -960.6     85.8     65.6     32.7 1985 12 31 18  3  3.480 1.6   1
    67820  37.289848 -121.667131     1.995      275.9      -53.1    -1649.2     85.4     66.7     15.1 1986  3  8 10 32  4.410 1.6   1
    88698  37.290511 -121.667904     2.975      207.1       20.3     -669.1     87.2     66.8     24.6 1986 11 25 13  0 35.660 1.0   1
   101361  37.288989 -121.666414     1.992      338.9     -148.4    -1652.6     85.5     66.0      7.6 1987  6  3  6 56  7.740 1.9   1
   101362  37.288350 -121.666040     1.986      372.4     -219.6    -1658.5     85.3     65.7      7.8 1987  6  3  6 58 51.320 1.7   1
   102776  37.290523 -121.667863     2.964      210.7       21.5     -680.5     87.3     66.8     26.3 1987  7  7  1 44 26.990 1.0   1
   103138  37.288635 -121.666284     1.988      350.8     -187.7    -1656.7     85.4     65.8      7.2 1987  7 14 19  2 57.020 1.7   1
   112868  37.290544 -121.667798     2.937      216.8       23.7     -707.8     87.3     66.8     25.5 1988  2 25 10  0 17.780 0.9   1
   126189  37.288953 -121.666602     2.662      322.6     -152.6     -982.1     87.1     65.6    208.3 1988 11  2  3  9 12.610 1.9   1
   126389  37.288261 -121.665942     1.989      380.8     -229.2    -1655.4     85.4     65.7      8.1 1988 11  4 13 34 34.720 1.9   1
   148939  37.286304 -121.679582     2.105     -828.3     -446.5    -1539.8   2484.7   1907.4    547.5 1989 12 13  5 33 46.080 1.6   1
   158154  37.290507 -121.667920     3.054      205.3       19.8     -590.6     87.5     66.9     31.2 1990  5 23 11 11 37.580 1.0   1
   160503  37.288912 -121.667114     2.871      277.3     -157.2     -773.6     85.7     65.9     27.9 1990  7  5 20  4 42.800 1.7   1
   208364  37.290434 -121.667773     3.004      218.4       11.7     -639.9     87.5     66.8     29.9 1991  3 22 11 23 27.560 1.0   1
   215747  37.288472 -121.667065     3.149      281.3     -205.9     -495.6     92.1     65.6     49.4 1991  5 29  9 45 22.620 1.8   1
   238704  37.289006 -121.667114     2.846      277.3     -146.6     -798.3     85.6     65.8     31.1 1991 12  3  5 24 24.980 2.0   1
   238790  37.288656 -121.666211     1.991      357.4     -185.5    -1653.1     85.5     65.8      8.8 1991 12  4  0  8 49.550 1.9   1
   314921  37.288289 -121.666463     2.880      334.5     -226.3     -764.5     86.3     65.6     35.6 1992  9 11  1 22 13.650 1.1   1
