    17842  37.284546 -121.668156     2.583      184.5     -641.9    -1061.4     12.0     11.6     45.1 1984  4 25  4 35 19.170 1.9   1
    21644  37.285848 -121.670703     2.673      -41.0     -497.1     -970.9     15.7     10.4     32.1 1984  6 27 14 50 38.140 1.6   1
    28475  37.287142 -121.670231     1.822        0.4     -353.6    -1822.5     16.3     18.5     16.2 1984  9 23  8 43 14.720 1.1   1
    35109  37.286214 -121.670020     2.389       19.5     -456.5    -1255.1     10.8      9.2     64.6 1984 12 22  4 43 44.710 1.6   1
    42349  37.283134 -121.667285     2.989      262.2     -798.4     -655.5     28.4     14.5     35.6 1985  2 28  1  9 58.300 0.8   1
    42555  37.284460 -121.668400     2.626      163.0     -651.1    -1018.1     10.2      9.3     40.0 1985  3  2  6 53 56.010 1.7   1
    42559  37.285083 -121.669027     2.449      107.5     -582.0    -1195.6      8.7      8.0     47.5 1985  3  2  8 55  3.470 1.9   1
    42643  37.284452 -121.668815     2.417      126.0     -651.9    -1227.7     10.7      9.8     56.0 1985  3  2  8 55 29.590 2.1   1
    42560  37.284717 -121.671305     2.749      -94.7     -622.8     -895.5     16.0     10.9     30.2 1985  3  2  8 58  0.480 1.2   1
    49626  37.286239 -121.671720     2.730     -131.2     -453.9     -913.9     29.8     19.5     53.2 1985  6 15  1 38 57.380 0.9   1
    54084  37.285295 -121.668905     2.519      118.2     -558.8    -1125.4      9.2      8.4     44.6 1985  8 28 20 35 10.100 1.6   1
    57770  37.286112 -121.670687     1.815      -40.0     -467.8    -1829.6     23.0     17.4    835.6 1985 10 28  3 55 38.130 1.3   1
    62514  37.284623 -121.668368     2.577      165.7     -632.9    -1067.8     12.7     12.6     47.2 1985 12 31 15 50 52.230 1.7   1
    62520  37.284505 -121.668481     2.616      155.7     -646.4    -1028.5     12.4     15.1     53.1 1985 12 31 18  3  3.480 1.6   1
    67820  37.286047 -121.670931     2.495      -61.6     -475.1    -1148.9     16.9     13.8     68.1 1986  3  8 10 32  4.410 1.6   1
    73786  37.285217 -121.668254     1.811      176.4     -567.3    -1833.8     13.5     15.8     10.7 1986  6  1 10 51 31.460 1.2   1
    82606  37.286613 -121.670695     2.708      -40.7     -412.1     -935.9     15.0     11.6     32.4 1986  9 15 20 17 49.920 2.7   1
    83805  37.286397 -121.669694     2.506       48.3     -436.3    -1138.7      9.6      8.3     48.5 1986  9 25 12  1 52.830 1.4   1
    88698  37.285592 -121.673348     3.492     -276.0     -525.8     -152.0     68.4     83.6     95.1 1986 11 25 13  0 35.660 1.0   1
   101361  37.285425 -121.668660     2.539      140.3     -544.1    -1105.4     11.8     10.6     51.1 1987  6  3  6 56  7.740 1.9   1
   101362  37.284607 -121.668831     2.512      124.9     -635.2    -1132.3     12.9     11.0     48.0 1987  6  3  6 58 51.320 1.7   1
   102776  37.287215 -121.670785     2.656      -48.1     -345.4     -987.9     58.0     53.0    104.7 1987  7  7  1 44 26.990 1.0   1
   103138  37.284912 -121.668880     2.406      120.4     -601.2    -1238.3      9.1      8.2     51.0 1987  7 14 19  2 57.020 1.7   1
   110939  37.286190 -121.670378     1.832      -12.4     -459.1    -1812.4     14.0     12.4     11.1 1988  1 15  1 56 42.310 1.4   1
   112868  37.286772 -121.673161     3.485     -259.3     -394.8     -159.7     17.5     15.0     21.1 1988  2 25 10  0 17.780 0.9   1
   126189  37.283993 -121.671021     2.791      -69.5     -703.2     -853.8     29.1     19.6     36.5 1988 11  2  3  9 12.610 1.9   1
   126292  37.285213 -121.668384     2.209      164.8     -567.8    -1435.3      9.9     10.1     89.7 1988 11  3  1 30  4.280 1.7   1
   126389  37.284155 -121.669027     2.571      107.7     -684.9    -1073.8     11.6     10.7     45.2 1988 11  4 13 34 34.720 1.9   1
   148939  37.284692 -121.668416     2.537      161.9     -625.5    -1107.4     13.0     12.5     57.0 1989 12 13  5 33 46.080 1.6   1
   158154  37.286580 -121.671712     2.806     -130.3     -416.0     -838.3     17.5     13.9     38.2 1990  5 23 11 11 37.580 1.0   1
   160503  37.285282 -121.669027     2.667      107.9     -559.9     -977.5     13.6     11.1     29.4 1990  7  5 20  4 42.800 1.7   1
   208364  37.287626 -121.669914     2.624       28.6     -299.8    -1020.5     20.5     13.4     44.6 1991  3 22 11 23 27.560 1.0   1
   215747  37.284269 -121.668530     2.599      151.8     -672.3    -1045.5     12.0     11.9     41.9 1991  5 29  9 45 22.620 1.8   1
   227435  37.285531 -121.669881     1.877       31.6     -532.4    -1767.4     18.2     15.3     10.5 1991  8 10 17  6  5.760 1.2   1
   238704  37.285449 -121.668506     2.534      153.4     -541.4    -1110.7      9.0      7.9     41.5 1991 12  3  5 24 24.980 2.0   1
   238790  37.284969 -121.668604     2.609      144.9     -595.0    -1035.6     10.1      9.2     41.2 1991 12  4  0  8 49.550 1.9   1
   314921  37.283329 -121.667212     2.677      268.5     -776.8     -967.4     48.7     32.7    121.6 1992  9 11  1 22 13.650 1.1   1
