    17842  37.286466 -121.664404     2.701      517.4     -428.6     -943.5     53.1     46.7     32.3 1984  4 25  4 35 19.170 1.9   1
    21644  37.288021 -121.665731     2.730      399.5     -255.9     -914.8     54.8     47.4    288.4 1984  6 27 14 50 38.140 1.6   1
    28475  37.288778 -121.667773     3.153      218.6     -172.1     -491.5    113.9    102.1     20.1 1984  9 23  8 43 14.720 1.1   1
    35109  37.287984 -121.665666     2.467      405.4     -260.1    -1177.7     55.0     47.3    356.9 1984 12 22  4 43 44.710 1.6   1
    42349  37.286442 -121.664404     2.576      517.1     -431.3    -1067.9     52.2     46.7    163.8 1985  2 28  1  9 58.300 0.8   1
    42555  37.286365 -121.664233     2.482      532.6     -439.7    -1162.4     52.7     46.8    353.6 1985  3  2  6 53 56.010 1.7   1
    42559  37.287044 -121.664909     2.355      473.0     -364.6    -1289.6     53.1     46.9    328.7 1985  3  2  8 55  3.470 1.9   1
    42643  37.286674 -121.664738     2.126      488.1     -405.4    -1518.8     61.0     49.3   1354.8 1985  3  2  8 55 29.590 2.1   1
    42560  37.287378 -121.665275     2.523      440.4     -327.5    -1121.1     52.8     46.9    220.4 1985  3  2  8 58  0.480 1.2   1
    49626  37.288708 -121.667367     3.037      254.6     -179.9     -607.1    113.9    102.2     25.7 1985  6 15  1 38 57.380 0.9   1
    54084  37.287040 -121.665120     2.664      453.8     -364.8     -980.5     52.9     46.8     35.4 1985  8 28 20 35 10.100 1.6   1
    62514  37.286532 -121.664673     2.719      493.3     -421.3     -925.1     52.9     46.7     28.7 1985 12 31 15 50 52.230 1.7   1
    62520  37.286414 -121.664437     2.719      514.5     -434.6     -925.6     53.0     46.6     27.1 1985 12 31 18  3  3.480 1.6   1
    88698  37.288741 -121.667562     3.097      237.3     -176.0     -547.5    113.8    102.2     19.1 1986 11 25 13  0 35.660 1.0   1
   101361  37.287533 -121.664307     0.909      525.8     -310.3    -2735.8    107.3    118.6   5730.3 1987  6  3  6 56  7.740 1.9   1
   101362  37.286926 -121.663883     1.850      563.3     -377.5    -1794.7    347.3    294.0    239.8 1987  6  3  6 58 51.320 1.7   1
   102776  37.288737 -121.667578     3.099      235.8     -176.4     -545.0    113.8    102.2     20.0 1987  7  7  1 44 26.990 1.0   1
   103138  37.287061 -121.664258     3.071      530.2     -362.7     -573.0    104.5     95.1   3371.1 1987  7 14 19  2 57.020 1.7   1
   112868  37.288761 -121.667529     3.080      240.4     -173.7     -563.9    113.8    102.2     20.3 1988  2 25 10  0 17.780 0.9   1
   126189  37.287048 -121.665039     2.503      461.1     -364.1    -1141.5     53.0     46.8    205.3 1988 11  2  3  9 12.610 1.9   1
   126389  37.286495 -121.663314     2.841      614.3     -425.4     -803.2    768.4    615.4    876.9 1988 11  4 13 34 34.720 1.9   1
   158154  37.288733 -121.667684     3.207      226.5     -177.0     -437.6    113.8    102.2     22.1 1990  5 23 11 11 37.580 1.0   1
   160503  37.287089 -121.665438     2.875      425.6     -359.3     -769.5     53.6     47.2     16.9 1990  7  5 20  4 42.800 1.7   1
   208364  37.288664 -121.667529     3.158      240.0     -184.8     -486.0    113.8    102.2     21.7 1991  3 22 11 23 27.560 1.0   1
   215747  37.286324 -121.664185     2.649      536.5     -444.6     -995.6    263.1    217.9    522.6 1991  5 29  9 45 22.620 1.8   1
   238704  37.287142 -121.665560     2.847      415.1     -353.6     -797.0     53.6     47.0     17.5 1991 12  3  5 24 24.980 2.0   1
   238790  37.287052 -121.664575     3.152      502.3     -363.5     -492.8    104.5     94.9   1742.3 1991 12  4  0  8 49.550 1.9   1
   314921  37.286515 -121.664681     2.882      492.6     -423.0     -761.8     53.9     46.8     20.1 1992  9 11  1 22 13.650 1.1   1
