    17842  37.288228 -121.666414     2.639      339.4     -232.8    -1004.9     10.7      5.0     41.5 1984  4 25  4 35 19.170 1.9   1
    21644  37.289815 -121.667676     2.914      227.0      -57.1     -730.7     12.6      7.1    282.5 1984  6 27 14 50 38.140 1.6   1
    28475  37.290515 -121.668823     3.165      125.2       21.0     -479.7     19.5     10.0     38.6 1984  9 23  8 43 14.720 1.1   1
    35109  37.289775 -121.667619     2.721      232.1      -61.3     -922.9     13.5      6.9    319.8 1984 12 22  4 43 44.710 1.6   1
    42349  37.288196 -121.666561     2.703      325.9     -236.5     -941.0     11.3      5.7    282.2 1985  2 28  1  9 58.300 0.8   1
    42555  37.288147 -121.666398     2.597      340.9     -242.2    -1047.0      8.4      4.9    169.5 1985  3  2  6 53 56.010 1.7   1
    42559  37.288871 -121.666903     2.554      296.0     -161.5    -1090.5      9.4      4.6     43.7 1985  3  2  8 55  3.470 1.9   1
    42643  37.288534 -121.666805     2.630      304.4     -199.2    -1014.6      8.7      4.8    172.7 1985  3  2  8 55 29.590 2.1   1
    42560  37.289176 -121.667375     2.554      253.8     -127.7    -1090.5     10.7      5.8    323.1 1985  3  2  8 58  0.480 1.2   1
    49626  37.290393 -121.668465     3.063      157.3        7.0     -581.6     15.0      8.4     41.3 1985  6 15  1 38 57.380 0.9   1
    54084  37.288851 -121.667017     2.619      285.5     -164.0    -1025.7      9.1      4.7     37.6 1985  8 28 20 35 10.100 1.6   1
    62514  37.288257 -121.666642     2.624      318.8     -229.7    -1020.7      8.9      4.5     30.2 1985 12 31 15 50 52.230 1.7   1
    62520  37.288175 -121.666455     2.758      335.4     -239.1     -886.2      8.3      4.7    153.5 1985 12 31 18  3  3.480 1.6   1
    67820  37.289766 -121.667513     1.992      241.8      -62.4    -1652.2     11.4      8.4     15.0 1986  3  8 10 32  4.410 1.6   1
    88698  37.290446 -121.668384     3.032      164.2       12.9     -612.8     14.6      8.2     36.0 1986 11 25 13  0 35.660 1.0   1
   101361  37.288916 -121.666895     1.989      296.5     -156.6    -1655.4      8.0      5.3      8.5 1987  6  3  6 56  7.740 1.9   1
   101362  37.288273 -121.666536     1.984      328.2     -228.1    -1659.9      7.6      5.0      8.3 1987  6  3  6 58 51.320 1.7   1
   102776  37.290442 -121.668408     3.036      162.4       12.8     -608.2     14.5      8.3     38.6 1987  7  7  1 44 26.990 1.0   1
   103138  37.288562 -121.666764     1.985      308.0     -196.0    -1659.0      7.5      4.8      7.9 1987  7 14 19  2 57.020 1.7   1
   112868  37.290470 -121.668351     3.019      167.1       15.7     -625.7     14.3      8.0     38.8 1988  2 25 10  0 17.780 0.9   1
   126189  37.288879 -121.666886     2.553      297.3     -160.6    -1091.7     12.1      4.9    107.0 1988 11  2  3  9 12.610 1.9   1
   126389  37.288196 -121.666455     1.988      335.8     -236.7    -1656.7      7.8      5.3      9.0 1988 11  4 13 34 34.720 1.9   1
   148939  37.288298 -121.666577     1.603      324.8     -225.4    -2040.9      9.2      4.6    520.7 1989 12 13  5 33 46.080 1.6   1
   158154  37.290535 -121.668571     3.180      147.7       23.1     -464.4     14.3      9.1     39.0 1990  5 23 11 11 37.580 1.0   1
   160503  37.288831 -121.667489     2.829      243.8     -166.3     -815.7      9.5      6.3     29.4 1990  7  5 20  4 42.800 1.7   1
   208364  37.290466 -121.668449     3.135      158.9       15.3     -509.3     14.5      8.2     40.2 1991  3 22 11 23 27.560 1.0   1
   215747  37.288330 -121.667326     3.152      258.6     -221.8     -491.9    107.3     34.3    202.0 1991  5 29  9 45 22.620 1.8   1
   238704  37.288936 -121.667480     2.803      244.7     -154.5     -841.8      9.5      4.6     35.6 1991 12  3  5 24 24.980 2.0   1
   238790  37.288550 -121.666634     1.982      320.0     -197.4    -1662.4      8.7      4.5    302.9 1991 12  4  0  8 49.550 1.9   1
   314921  37.288212 -121.666878     2.843      297.8     -234.9     -801.6     13.0      5.2     37.2 1992  9 11  1 22 13.650 1.1   1
