    17842  37.288257 -121.666585     2.784      323.7     -229.6     -860.7      8.4      5.4    176.8 1984  4 25  4 35 19.170 1.9   1
    21644  37.289775 -121.667619     2.576      232.6      -61.5    -1068.1     13.7      7.1     81.3 1984  6 27 14 50 38.140 1.6   1
    28475  37.290487 -121.668970     3.150      112.8       17.5     -494.3     17.8     11.0     38.9 1984  9 23  8 43 14.720 1.1   1
    35109  37.289758 -121.667546     2.556      238.5      -63.4    -1087.9     13.3      7.1    118.5 1984 12 22  4 43 44.710 1.6   1
    42349  37.288216 -121.666431     2.523      337.4     -234.5    -1121.7     14.0      6.1     56.1 1985  2 28  1  9 58.300 0.8   1
    42555  37.288167 -121.666463     2.589      335.2     -239.7    -1055.2     10.5      5.0     36.9 1985  3  2  6 53 56.010 1.7   1
    42559  37.288896 -121.667106     2.711      278.0     -159.2     -933.1      9.1      5.2    203.4 1985  3  2  8 55  3.470 1.9   1
    42643  37.288546 -121.666740     2.568      310.4     -197.6    -1076.4     10.2      4.9     46.5 1985  3  2  8 55 29.590 2.1   1
    42560  37.289193 -121.667285     2.499      262.2     -126.1    -1145.6     12.4      6.1     50.1 1985  3  2  8 58  0.480 1.2   1
    49626  37.290369 -121.668351     2.954      167.7        4.7     -690.7     16.6      9.3     34.2 1985  6 15  1 38 57.380 0.9   1
    54084  37.288863 -121.667106     2.644      277.7     -162.5     -999.9      9.6      5.1     37.7 1985  8 28 20 35 10.100 1.6   1
    62514  37.288269 -121.666683     2.630      315.2     -228.3    -1014.2      9.6      4.8     50.5 1985 12 31 15 50 52.230 1.7   1
    62520  37.288184 -121.666536     2.618      328.2     -238.0    -1026.4      9.8      4.8     34.3 1985 12 31 18  3  3.480 1.6   1
    67820  37.289766 -121.667554     1.995      237.9      -62.2    -1649.7     15.7      9.7     17.8 1986  3  8 10 32  4.410 1.6   1
    88698  37.290426 -121.668351     2.950      167.1       10.8     -694.0     15.7      9.1     26.0 1986 11 25 13  0 35.660 1.0   1
   101361  37.288928 -121.666968     1.988      289.9     -155.2    -1656.8      7.7      5.8      9.3 1987  6  3  6 56  7.740 1.9   1
   101362  37.288298 -121.666634     1.983      319.5     -225.5    -1661.6      7.5      5.2      8.7 1987  6  3  6 58 51.320 1.7   1
   102776  37.290430 -121.668311     2.933      171.3       11.4     -711.3     15.9      9.2     28.0 1987  7  7  1 44 26.990 1.0   1
   103138  37.288582 -121.666862     1.983      299.4     -193.8    -1661.5      7.3      5.1      8.6 1987  7 14 19  2 57.020 1.7   1
   112868  37.290458 -121.668237     2.908      177.2       14.5     -735.9     15.7      8.9     25.8 1988  2 25 10  0 17.780 0.9   1
   126189  37.288888 -121.667277     2.893      262.4     -160.0     -751.3     10.4      5.4    246.8 1988 11  2  3  9 12.610 1.9   1
   126389  37.288220 -121.666569     1.987      325.1     -234.1    -1657.1      7.7      5.6      9.6 1988 11  4 13 34 34.720 1.9   1
   148939  37.288318 -121.666650     2.161      318.1     -223.3    -1483.4      8.8      4.9    279.0 1989 12 13  5 33 46.080 1.6   1
   158154  37.290426 -121.668368     3.023      166.3       10.8     -621.2     17.0     12.3     34.4 1990  5 23 11 11 37.580 1.0   1
   160503  37.288843 -121.667521     2.808      240.7     -164.6     -836.4      9.7      6.7     32.0 1990  7  5 20  4 42.800 1.7   1
   208364  37.290344 -121.668237     2.979      177.2        2.0     -665.2     16.8     10.2     32.6 1991  3 22 11 23 27.560 1.0   1
   215747  37.288379 -121.666561     3.331      326.1     -216.3     -313.7      7.4      4.8    635.6 1991  5 29  9 45 22.620 1.8   1
   238704  37.288957 -121.667537     2.805      239.7     -152.2     -839.1      9.7      5.0     35.4 1991 12  3  5 24 24.980 2.0   1
   238790  37.288566 -121.666764     2.298      308.0     -195.5    -1346.4      8.4      4.8    245.2 1991 12  4  0  8 49.550 1.9   1
   314921  37.288232 -121.666927     2.818      293.5     -232.6     -826.7     13.8      5.5     41.8 1992  9 11  1 22 13.650 1.1   1
