    17842  37.286450 -121.664510     2.685      508.1     -430.5     -959.5     29.6     24.4     24.6 1984  4 25  4 35 19.170 1.9   1
    21644  37.287992 -121.665918     2.837      382.9     -259.1     -807.6     32.8     25.9     34.0 1984  6 27 14 50 38.140 1.6   1
    28475  37.288741 -121.667179     3.162      271.0     -176.3     -482.7     47.2     32.4     16.9 1984  9 23  8 43 14.720 1.1   1
    35109  37.287980 -121.665926     2.595      382.1     -260.7    -1049.0     54.7     29.6    473.3 1984 12 22  4 43 44.710 1.6   1
    42349  37.286418 -121.664575     2.620      502.4     -433.8    -1024.5     29.8     24.5    162.7 1985  2 28  1  9 58.300 0.8   1
    42555  37.286361 -121.664396     2.510      518.0     -440.2    -1134.7     29.3     24.4    100.6 1985  3  2  6 53 56.010 1.7   1
    42559  37.287061 -121.665137     2.616      452.7     -362.6    -1028.4     29.6     24.5     31.7 1985  3  2  8 55  3.470 1.9   1
    42643  37.286731 -121.664803     2.350      481.8     -399.4    -1294.5     29.6     24.5    181.8 1985  3  2  8 55 29.590 2.1   1
    42560  37.287382 -121.665527     2.629      417.8     -326.8    -1015.5     29.8     24.6    197.1 1985  3  2  8 58  0.480 1.2   1
    49626  37.288660 -121.666764     3.044      307.8     -185.2     -599.9     47.1     32.3     23.4 1985  6 15  1 38 57.380 0.9   1
    54084  37.287032 -121.665243     2.681      442.9     -365.9     -963.1     29.5     24.4     32.7 1985  8 28 20 35 10.100 1.6   1
    62514  37.286507 -121.664803     2.712      482.2     -423.8     -932.1     29.5     24.4     24.1 1985 12 31 15 50 52.230 1.7   1
    62520  37.286389 -121.664575     2.712      502.4     -437.3     -932.7     29.5     24.4     21.4 1985 12 31 18  3  3.480 1.6   1
    67820  37.287760 -121.665861     2.017      388.0     -285.0    -1627.3    231.2    238.4    386.0 1986  3  8 10 32  4.410 1.6   1
    88698  37.288696 -121.666903     3.083      295.7     -181.2     -561.6     47.0     32.3     15.4 1986 11 25 13  0 35.660 1.0   1
   101361  37.287618 -121.664478     2.144      511.0     -300.7    -1500.5     92.2     82.4    153.1 1987  6  3  6 56  7.740 1.9   1
   101362  37.287004 -121.664087     2.143      545.8     -368.9    -1501.1     92.2     82.2    153.1 1987  6  3  6 58 51.320 1.7   1
   102776  37.288692 -121.666911     3.085      295.2     -181.3     -558.9     47.0     32.3     16.9 1987  7  7  1 44 26.990 1.0   1
   103138  37.287272 -121.664347     2.141      522.4     -339.2    -1503.8     92.1     82.2    153.0 1987  7 14 19  2 57.020 1.7   1
   112868  37.288721 -121.666862     3.065      299.8     -178.5     -579.7     46.9     32.2     17.3 1988  2 25 10  0 17.780 0.9   1
   126189  37.287052 -121.665161     2.583      450.2     -363.5    -1061.2     29.7     24.5     35.0 1988 11  2  3  9 12.610 1.9   1
   126389  37.286808 -121.664046     2.125      549.0     -390.7    -1519.1     92.3     82.3    153.2 1988 11  4 13 34 34.720 1.9   1
   158154  37.288684 -121.667025     3.192      285.3     -182.5     -452.0     47.0     32.5     20.5 1990  5 23 11 11 37.580 1.0   1
   160503  37.287052 -121.665560     2.876      414.9     -363.6     -768.1     30.2     25.1     22.3 1990  7  5 20  4 42.800 1.7   1
   208364  37.288615 -121.666862     3.143      299.3     -190.3     -501.3     47.0     32.4     19.8 1991  3 22 11 23 27.560 1.0   1
   215747  37.285905 -121.665096     2.876      455.8     -490.9     -768.6    240.6    238.8    463.2 1991  5 29  9 45 22.620 1.8   1
   238704  37.287134 -121.665658     2.853      406.3     -354.6     -791.5     30.2     24.6     21.6 1991 12  3  5 24 24.980 2.0   1
   238790  37.287227 -121.664673     2.126      493.4     -344.0    -1518.6     92.0     82.1    153.1 1991 12  4  0  8 49.550 1.9   1
   314921  37.286487 -121.664836     2.884      479.3     -426.1     -760.4     30.9     24.8     26.1 1992  9 11  1 22 13.650 1.1   1
