    17842  37.286479 -121.664290     2.694      527.6     -427.4     -949.8     57.0     50.0     32.8 1984  4 25  4 35 19.170 1.9   1
    21644  37.288025 -121.665519     2.568      418.5     -255.5    -1076.6     59.7     51.3    361.6 1984  6 27 14 50 38.140 1.6   1
    28475  37.288770 -121.667782     3.153      217.6     -172.8     -491.4    113.6    101.8     21.8 1984  9 23  8 43 14.720 1.1   1
    35109  37.288017 -121.665747     2.723      398.5     -256.6     -921.4     78.6     53.9    633.8 1984 12 22  4 43 44.710 1.6   1
    42349  37.286458 -121.664307     2.581      525.8     -429.5    -1063.8     56.0     50.0    171.2 1985  2 28  1  9 58.300 0.8   1
    42555  37.286377 -121.664103     2.429      543.8     -438.4    -1215.8     56.1     50.0    269.6 1985  3  2  6 53 56.010 1.7   1
    42559  37.287048 -121.664787     2.397      483.8     -364.1    -1247.6     56.7     50.2    404.2 1985  3  2  8 55  3.470 1.9   1
    42643  37.286662 -121.664681     2.529      492.9     -407.1    -1114.8     75.4     57.4   2755.7 1985  3  2  8 55 29.590 2.1   1
    42560  37.287382 -121.665145     2.612      451.6     -326.9    -1032.0     56.7     50.3    282.9 1985  3  2  8 58  0.480 1.2   1
    49626  37.288700 -121.667367     3.034      254.7     -180.6     -609.9    113.5    101.9     23.6 1985  6 15  1 38 57.380 0.9   1
    54084  37.287056 -121.665007     2.657      463.7     -362.9     -987.4     56.6     50.2     46.9 1985  8 28 20 35 10.100 1.6   1
    62514  37.286544 -121.664567     2.715      502.9     -419.9     -929.1     56.9     50.0     30.9 1985 12 31 15 50 52.230 1.7   1
    62520  37.286426 -121.664331     2.714      523.8     -433.1     -930.0     56.9     50.0     29.3 1985 12 31 18  3  3.480 1.6   1
    88698  37.288745 -121.667586     3.103      235.0     -175.7     -541.4    113.5    101.9     19.4 1986 11 25 13  0 35.660 1.0   1
   101361  37.287476 -121.664315     0.759      525.2     -316.5    -2885.6    246.3    230.3   1765.8 1987  6  3  6 56  7.740 1.9   1
   101362  37.286975 -121.663981     1.696      554.6     -372.3    -1948.3    196.9    171.7   1801.0 1987  6  3  6 58 51.320 1.7   1
   102776  37.288733 -121.667586     3.098      235.3     -176.9     -546.2    113.5    101.9     19.2 1987  7  7  1 44 26.990 1.0   1
   103138  37.286853 -121.665023     2.968      462.8     -385.5     -676.4    131.3    111.1    241.7 1987  7 14 19  2 57.020 1.7   1
   112868  37.288757 -121.667537     3.081      239.9     -174.2     -563.7    113.5    101.9     17.1 1988  2 25 10  0 17.780 0.9   1
   126189  37.287056 -121.664925     2.529      471.0     -363.0    -1115.1     56.8     50.2    251.5 1988 11  2  3  9 12.610 1.9   1
   126389  37.286723 -121.663208     2.683      623.5     -400.2     -961.7    960.8    797.4   1313.8 1988 11  4 13 34 34.720 1.9   1
   158154  37.288725 -121.667700     3.208      225.2     -177.7     -436.3    113.5    101.9     20.2 1990  5 23 11 11 37.580 1.0   1
   160503  37.287101 -121.665332     2.871      435.0     -357.9     -773.8     57.7     50.6     18.2 1990  7  5 20  4 42.800 1.7   1
   208364  37.288660 -121.667546     3.159      238.7     -185.3     -484.9    113.5    101.9     19.6 1991  3 22 11 23 27.560 1.0   1
   215747  37.286357 -121.664111     2.684      543.2     -440.8     -960.4    199.2    198.0    721.2 1991  5 29  9 45 22.620 1.8   1
   238704  37.287187 -121.665413     2.835      427.7     -348.7     -809.8     57.2     50.3     37.5 1991 12  3  5 24 24.980 2.0   1
   238790  37.286849 -121.665373     3.115      431.2     -386.1     -529.6    129.8    110.9     78.1 1991 12  4  0  8 49.550 1.9   1
   314921  37.286528 -121.664583     2.877      501.8     -421.9     -767.7     57.9     50.2     22.2 1992  9 11  1 22 13.650 1.1   1
