    17842  37.284558 -121.668123     2.579      187.5     -640.5    -1065.8     13.6     13.6     43.6 1984  4 25  4 35 19.170 1.9   1
    21644  37.285864 -121.670654     2.662      -36.6     -495.6     -981.9     18.2     12.4     32.3 1984  6 27 14 50 38.140 1.6   1
    28475  37.287138 -121.670256     1.819       -1.7     -353.9    -1825.0     18.9     21.9     18.0 1984  9 23  8 43 14.720 1.1   1
    35109  37.286243 -121.669971     2.373       23.6     -453.6    -1271.6     12.4     10.8     64.9 1984 12 22  4 43 44.710 1.6   1
    42349  37.283122 -121.667480     2.964      244.3     -799.8     -680.6     31.8     16.9     38.1 1985  2 28  1  9 58.300 0.8   1
    42555  37.284416 -121.668473     2.637      156.9     -655.9    -1007.6     11.8     11.0     37.5 1985  3  2  6 53 56.010 1.7   1
    42559  37.285067 -121.669051     2.445      105.4     -583.8    -1199.3     10.1      9.4     42.1 1985  3  2  8 55  3.470 1.9   1
    42643  37.284452 -121.668807     2.412      126.9     -651.9    -1232.7     12.2     11.5     54.5 1985  3  2  8 55 29.590 2.1   1
    42560  37.284835 -121.671021     2.718      -69.0     -609.9     -925.9     20.2     13.5     33.2 1985  3  2  8 58  0.480 1.2   1
    49626  37.286479 -121.671126     2.663      -78.4     -427.1     -980.9     31.5     21.6     57.3 1985  6 15  1 38 57.380 0.9   1
    54084  37.285270 -121.668921     2.515      116.9     -561.5    -1128.9     10.6      9.9     39.5 1985  8 28 20 35 10.100 1.6   1
    57770  37.285966 -121.671167     1.957      -82.0     -484.3    -1687.1     28.1     22.4    157.5 1985 10 28  3 55 38.130 1.3   1
    62514  37.284611 -121.668384     2.569      164.3     -634.6    -1074.9     15.1     15.0     47.2 1985 12 31 15 50 52.230 1.7   1
    62520  37.284481 -121.668563     2.611      149.0     -649.0    -1033.1     14.4     17.8     55.0 1985 12 31 18  3  3.480 1.6   1
    67820  37.286003 -121.671012     2.501      -68.6     -479.9    -1143.4     19.3     16.2     70.3 1986  3  8 10 32  4.410 1.6   1
    73786  37.285225 -121.668311     1.809      171.4     -566.5    -1834.9     15.7     18.7     11.4 1986  6  1 10 51 31.460 1.2   1
    82606  37.286601 -121.670736     2.706      -44.0     -413.6     -938.1     16.7     13.4     32.8 1986  9 15 20 17 49.920 2.7   1
    83805  37.286385 -121.669727     2.497       45.3     -437.5    -1146.9     11.1      9.8     44.2 1986  9 25 12  1 52.830 1.4   1
    88698  37.285640 -121.673307     3.508     -272.2     -520.3     -136.0     79.1     99.1    112.2 1986 11 25 13  0 35.660 1.0   1
   101361  37.285421 -121.668734     2.538      133.7     -544.7    -1106.0     13.4     12.5     50.4 1987  6  3  6 56  7.740 1.9   1
   101362  37.284517 -121.669019     2.538      108.3     -645.0    -1105.9     14.3     12.6     45.3 1987  6  3  6 58 51.320 1.7   1
   102776  37.287093 -121.670654     2.656      -36.5     -359.1     -988.3     64.3     65.7    116.5 1987  7  7  1 44 26.990 1.0   1
   103138  37.284875 -121.668970     2.413      112.4     -605.2    -1231.3     10.5      9.7     44.9 1987  7 14 19  2 57.020 1.7   1
   110939  37.286190 -121.670410     1.829      -15.1     -459.4    -1815.5     16.3     14.7     11.9 1988  1 15  1 56 42.310 1.4   1
   112868  37.286963 -121.672762     3.454     -223.9     -373.3     -190.7     19.2     17.2     21.7 1988  2 25 10  0 17.780 0.9   1
   126189  37.283940 -121.671143     2.796      -79.9     -708.9     -848.0     34.0     23.1     39.0 1988 11  2  3  9 12.610 1.9   1
   126292  37.285173 -121.668449     2.228      159.0     -572.0    -1416.0     11.6     12.0     76.3 1988 11  3  1 30  4.280 1.7   1
   126389  37.284123 -121.669132     2.577       97.9     -688.8    -1067.6     13.5     12.6     44.2 1988 11  4 13 34 34.720 1.9   1
   148939  37.284668 -121.668587     2.538      146.5     -628.1    -1105.9     15.1     14.7     58.7 1989 12 13  5 33 46.080 1.6   1
   158154  37.286613 -121.671566     2.788     -117.6     -412.2     -856.5     19.8     16.4     40.9 1990  5 23 11 11 37.580 1.0   1
   160503  37.285339 -121.668880     2.660      120.9     -553.8     -984.8     12.9     12.6     38.9 1990  7  5 20  4 42.800 1.7   1
   208364  37.287638 -121.669881     2.617       31.6     -298.7    -1027.0     23.4     15.8     47.3 1991  3 22 11 23 27.560 1.0   1
   215747  37.284196 -121.668652     2.617      140.4     -680.3    -1027.4     13.7     14.0     39.0 1991  5 29  9 45 22.620 1.8   1
   227435  37.285624 -121.669645     1.866       52.9     -522.2    -1778.4     21.6     18.3     11.6 1991  8 10 17  6  5.760 1.2   1
   238704  37.285409 -121.668620     2.541      143.5     -545.8    -1103.5     10.3      9.4     36.4 1991 12  3  5 24 24.980 2.0   1
   238790  37.284932 -121.668685     2.614      137.9     -598.6    -1030.5     11.7     10.9     38.6 1991 12  4  0  8 49.550 1.9   1
   314921  37.283378 -121.667098     2.677      278.5     -771.2     -967.6     56.1     38.2    144.9 1992  9 11  1 22 13.650 1.1   1
