 % This stores fret (the f-value) and iter (number of iterations to converge)
  -3274.57287150795        513.000000000000     
  -3274.57287151966        575.000000000000     
  -3274.57287151906        539.000000000000     
  -3274.57287151778        493.000000000000     
  -3274.57287151695        425.000000000000     
  -3274.57287149059        702.000000000000     
  -3274.57287151738        563.000000000000     
  -3274.57287151354        415.000000000000     
  -3274.57287151902        514.000000000000     
  -3274.57287150942        596.000000000000     
  -3274.57287150642        379.000000000000     
  -3274.57287151641        403.000000000000     
  -3274.57287151040        529.000000000000     
  -3274.57287151474        707.000000000000     
  -3274.57287151888        688.000000000000     
  -3274.57287151935        513.000000000000     
  -3274.57287151600        486.000000000000     
  -3274.57287151570        550.000000000000     
  -3274.57287151976        441.000000000000     
  -3274.57287150736        370.000000000000     
  -3274.57287151660        565.000000000000     
  -3274.57287151067        527.000000000000     
  -3274.57287150700        571.000000000000     
  -3274.57287151992        429.000000000000     
  -3274.57287151822        363.000000000000     
  -3274.57287151272        543.000000000000     
  -3274.57287151794        482.000000000000     
  -3274.57287150267        531.000000000000     
  -3274.57287151838        557.000000000000     
  -3274.57287151974        483.000000000000     
