          30 % nrand - number of ransom starts used
          97 %np number of parameters
 % format is i = 1,j=1:np then i=2,j=1:np and so on until i =nrand and j = np
  -23.3491309672311     
   15.0803733781716     
   15.2230366222599     
 -0.853242906709464     
  -1.04877408953733     
   46.6940717847888     
   21.7658414447382     
   22.7204591041746     
  -27.2766643772363     
  0.749243218093379     
   10.2194677153931     
  -49.9056928864382     
  -22.1133406414779     
   26.6377440241272     
  -42.8673299365766     
  -3.37408025169152     
  -3.94029434334154     
   9.76363269148466     
  0.260507748925876     
   26.5224850557279     
  -43.1138014139393     
   30.1919894665701     
  -44.4374987242700     
   21.6788771377388     
  -22.9087825990550     
  -38.5312211037512     
  -21.5542541304300     
  -8.47113579413821     
  -8.47047656132624     
   44.3302603938725     
   15.1868475381607     
   44.2519280461483     
   15.7104340760817     
 -0.949234519773858     
   13.6507998584836     
   39.0170627588876     
  -10.3904687406826     
  -44.2787808954362     
  -17.0005059491822     
  -3.39987274171559     
   17.0299892721875     
   26.6306325013308     
  -42.8501528281763     
  -45.2944458521288     
  -4.07418699708777     
  -28.8649977178690     
   15.0816622083993     
  -31.0343440524729     
  -12.3090869245082     
  -26.5527981377129     
  -3.00052136393063     
   9.89938205808407     
   2.75613913096781     
  -26.4023567199857     
  -11.3104906219654     
  -28.7405738954795     
  -7.99075673222092     
  -48.8217261596074     
  -20.7367309760350     
   25.7017317378751     
  -44.1944867896755     
  -1.59471201951739     
 -0.553378582541432     
   30.6200288329605     
  -45.6659267604864     
   4.31733390912435     
   27.1747235304306     
  -17.4571511384365     
  -43.9679273961624     
   42.1350319930056     
   15.9400901836342     
   8.42074157456886     
   19.8425494151094     
  -38.7731446231743     
  -23.9985103153393     
   18.4509358349551     
  -27.3339309733747     
   46.3553765672741     
   21.7985122131646     
  -33.3814479067273     
   61.2156504902688     
   21.8464748199990     
  -41.4133921177263     
 -0.171686977182541     
   26.9663243057966     
   41.7428895599799     
   15.6883898444016     
  -1.26531395726348     
  -9.46219099917192     
   28.3003752506757     
   15.7541971689579     
  -1.73358505847412     
   1.57242177662907     
  -6.59137134855288     
   44.6309941775232     
  -42.8481002847296     
  -33.6703551408607     
   23.3495926668268     
  -15.0814649875112     
  -15.2210642821616     
  0.853649923518578     
   1.04913271964115     
  -46.6957966743260     
  -21.7607894394491     
  -22.7174587701772     
   27.2793850519338     
 -0.749872019972584     
  -10.2188463010722     
   49.9082350817454     
   22.1090838491591     
  -26.6332157360379     
   42.8704459297455     
   3.37480580616847     
   3.94049382346569     
  -9.76331023247529     
 -0.259117396351712     
  -26.5179318909434     
   43.1169155217892     
  -30.1873266839330     
   44.4409676997246     
  -21.6763083156829     
   22.9114079247657     
   38.5337023635315     
   21.5511261119915     
   8.47229931358975     
   8.47022614504711     
  -44.3313391305814     
  -15.1820631098697     
  -44.2530668063565     
  -15.7056527664731     
  0.948285116983787     
  -13.6503103493266     
  -39.0156945904072     
   10.3947638410001     
   44.2808149846686     
   16.9968559032892     
   3.39861279521955     
  -17.0297110065416     
  -26.6261098041298     
   42.8532808724911     
   45.2952097583849     
   4.07054809159734     
   28.8639805224581     
  -15.0836420071165     
   31.0358703287641     
   12.3067520844334     
   26.5533197372030     
   2.99896616096645     
  -9.89929277010287     
  -2.75472095189600     
   26.4037958848106     
   11.3085764143620     
   28.7416364612739     
   7.98873640230395     
   48.8241383972475     
   20.7326005533074     
  -25.6970653061914     
   44.1975296018815     
   1.59509360224574     
  0.553632991915373     
  -30.6152464909563     
   45.6694342055556     
  -4.31954591890064     
  -27.1737489026224     
   17.4618724715797     
   43.9667707666128     
  -42.1361919001980     
  -15.9355145097622     
  -8.42226234758681     
  -19.8411940909923     
   38.7758719847068     
   23.9953206929240     
  -18.4479308550592     
   27.3362544029160     
  -46.3570982299107     
  -21.7934950373582     
   33.3762970729932     
  -61.2180441361644     
  -21.8420762851840     
   41.4160582042429     
  0.169508187883359     
  -26.9657532094256     
  -41.7440301286754     
  -15.6838541051895     
   1.26656974338073     
   9.46259275620816     
  -28.3015203779268     
  -15.7509527059441     
   1.73371428157370     
  -1.57216944593826     
   6.58752018253919     
  -44.6310203030433     
   42.8518392994548     
   33.6666646345556     
  -23.3496100387730     
   15.0810065356912     
   15.2215054881944     
 -0.853647800671307     
  -1.04910632000774     
   46.6951555854244     
   21.7620804631073     
   22.7180642866795     
  -27.2787657268807     
  0.749557856994488     
   10.2189262967704     
  -49.9077411777164     
  -22.1102878399775     
   26.6341834006978     
  -42.8697760432256     
  -3.37475919138259     
  -3.94053733420128     
   9.76323911929752     
  0.259402565370818     
   26.5189231837449     
  -43.1162117737789     
   30.1882997759711     
  -44.4401877732207     
   21.6768103456597     
  -22.9108145378360     
  -38.5332304994238     
  -21.5520276414096     
  -8.47214568393847     
  -8.47040024773914     
   44.3308726037793     
   15.1832410898767     
   44.2525781725872     
   15.7068301090896     
 -0.948682798977448     
   13.6503585354157     
   39.0158713980411     
  -10.3937248719009     
  -44.2804512770134     
  -16.9979045498687     
  -3.39910334443141     
   17.0296992898268     
   26.6270773379758     
  -42.8526015602034     
  -45.2951750091667     
  -4.07161883899818     
  -28.8644108422188     
   15.0830089917941     
  -31.0356340696936     
  -12.3074677334319     
  -26.5533406955717     
  -2.99946630051195     
   9.89915078574222     
   2.75501918470739     
  -26.4035775861411     
  -11.3091809983967     
  -28.7415254997570     
  -7.98936579976033     
  -48.8236817117469     
  -20.7337663371015     
   25.6980583451250     
  -44.1968455906475     
  -1.59515641031867     
 -0.553630438373387     
   30.6162517199857     
  -45.6686422747589     
   4.31878792451444     
   27.1739295237812     
  -17.4608088098718     
  -43.9671750490518     
   42.1356899414543     
   15.9366453870544     
   8.42169843761163     
   19.8414831819485     
  -38.7753391356120     
  -23.9962337979663     
   18.4485387141548     
  -27.3357475223178     
   46.3564513920979     
   21.7947845147140     
  -33.3785149588432     
   61.2169512122094     
   21.8430279905679     
  -41.4154839926201     
 -0.170242788556405     
   26.9658247807339     
   41.7435615616791     
   15.6849861045289     
  -1.26637705699001     
  -9.46258212348166     
   28.3010450829366     
   15.7517382587800     
  -1.73380597206233     
   1.57218050062593     
  -6.58872213189098     
   44.6309281577514     
  -42.8510814983303     
  -33.6676432430214     
  -23.3498364157933     
   15.0818302163565     
   15.2201206376634     
 -0.853872143901716     
  -1.04938246692043     
   46.6964482318685     
   21.7585219637048     
   22.7161571790874     
  -27.2806550738488     
  0.750065731819278     
   10.2184501189430     
  -49.9092845783696     
  -22.1076561210067     
   26.6312798458967     
  -42.8719166076792     
  -3.37516944404220     
  -3.94070522203128     
   9.76310176799106     
  0.258426670549157     
   26.5159873737198     
  -43.1183709810973     
   30.1853009133114     
  -44.4425853461271     
   21.6751881050475     
  -22.9126336150210     
  -38.5347362896100     
  -21.5500898884110     
  -8.47282918248928     
  -8.47025986510708     
   44.3317413021007     
   15.1798680974147     
   44.2534782990262     
   15.7034732639653     
 -0.947970537891554     
   13.6499820995786     
   39.0150426719131     
  -10.3967261863783     
  -44.2816627545851     
  -16.9956416422378     
  -3.39818182154820     
   17.0294870006596     
   26.6241664661698     
  -42.8547412831762     
  -45.2955785071877     
  -4.06934268204108     
  -28.8636415634567     
   15.0843017520205     
  -31.0365267192740     
  -12.3060216266874     
  -26.5536005202100     
  -2.99849436118063     
   9.89917721911138     
   2.75402167270092     
  -26.4044234005321     
  -11.3079949667147     
  -28.7421403379408     
  -7.98810306464760     
  -48.8251245233242     
  -20.7311953969656     
   25.6950684288249     
  -44.1989505023012     
  -1.59531282196510     
 -0.553821354436548     
   30.6131524694551     
  -45.6710629273724     
   4.32034460126919     
   27.1732251116123     
  -17.4637287961671     
  -43.9665297227862     
   42.1365981814138     
   15.9334059586120     
   8.42280498356869     
   19.8405299613024     
  -38.7770051125680     
  -23.9942693082586     
   18.4466372344170     
  -27.3373595623382     
   46.3577554219400     
   21.7912469255188     
  -33.3751196381332     
   61.2184249175007     
   21.8402126833640     
  -41.4173397967479     
 -0.168731570824537     
   26.9653870658669     
   41.7444426338361     
   15.6817690458550     
  -1.26712639952493     
  -9.46290200860093     
   28.3019251466110     
   15.7494660717752     
  -1.73381356589102     
   1.57196905320051     
  -6.58616482165048     
   44.6308620992457     
  -42.8533379666305     
  -33.6654688329304     
   23.3498386339859     
  -15.0805707960259     
   15.2218614688953     
  0.853800435350904     
  -1.04907414608920     
  -46.6946058918456     
   21.7628669145524     
  -22.7181949283862     
  -27.2783243007716     
 -0.749208572945316     
   10.2190846569289     
   49.9076911499559     
  -22.1107614277751     
  -26.6345205953231     
  -42.8692486375427     
   3.37487979729670     
  -3.94047326207459     
  -9.76301439788189     
  0.259661143585668     
  -26.5192498872343     
  -43.1157132216168     
  -30.1886631664722     
  -44.4396315966474     
  -21.6768826917594     
  -22.9103860219628     
   38.5331785162352     
  -21.5523568578350     
   8.47224626904355     
  -8.47035859420488     
  -44.3304242001341     
   15.1840015963838     
  -44.2521301763800     
   15.7075945427680     
  0.949099713056126     
   13.6505000178550     
  -39.0157805261121     
  -10.3930654293542     
   44.2804688614652     
  -16.9983126287438     
   3.39957790153676     
   17.0298225981820     
  -26.6274142737554     
  -42.8520781240728     
   45.2953624352975     
  -4.07204993155480     
   28.8648512211932     
   15.0828107852370     
   31.0357084055465     
  -12.3076927375037     
   26.5535563156104     
  -2.99960530520590     
  -9.89890331768081     
   2.75527350111197     
   26.4036604610985     
  -11.3093490957395     
   28.7416540638286     
  -7.98955771057864     
   48.8236445759532     
  -20.7342337823507     
  -25.6984218489974     
  -44.1963571293072     
   1.59530839668182     
 -0.553582652391919     
  -30.6166229934692     
  -45.6680849299929     
  -4.31815384027776     
   27.1741432771888     
   17.4604661700192     
  -43.9672335877656     
  -42.1352442975258     
   15.9373732363929     
  -8.42118008861921     
   19.8417455543557     
   38.7752540425466     
  -23.9965629632300     
  -18.4486680710658     
  -27.3353500377698     
  -46.3559132185023     
   21.7955748964003     
   33.3795047736371     
   61.2167276712883     
  -21.8433480254649     
  -41.4150387614303     
  0.170882516122567     
   26.9659826026689     
  -41.7430953108539     
   15.6856920608909     
   1.26646016600628     
  -9.46245213445541     
  -28.3005942321881     
   15.7522751851116     
   1.73400590134844     
   1.57230729218636     
   6.58967308543976     
   44.6309840022612     
   42.8508521385457     
  -33.6680849861944     
  -23.3501410136683     
   15.0833241397455     
  -15.2174378995415     
 -0.854250219556373     
   1.04998099538960     
   46.6987314990893     
  -21.7521645763865     
   22.7128372605433     
   27.2842453139943     
  0.750982144767545     
  -10.2174146749823     
  -49.9119786589412     
   22.1031332727623     
   26.6261681537497     
   42.8759837584349     
  -3.37588772127706     
   3.94122025279562     
   9.76290134565466     
 -0.256485359594025     
   26.5108469941460     
   43.1224341849488     
   30.1799967698890     
   44.4470591926707     
   21.6723631489608     
   22.9160901636903     
  -38.5373669410601     
   21.5468817219406     
  -8.47403578815262     
   8.47028387459651     
   44.3332960016282     
  -15.1737128302715     
   44.2550800704004     
  -15.6973254023887     
 -0.946665233205221     
  -13.6490896967312     
   39.0136248061978     
   10.4022546402336     
  -44.2837890251806     
   16.9918351112670     
  -3.39649390809216     
  -17.0288158857482     
   26.6190660215497     
   42.8588149887169     
  -45.2962631963407     
   4.06555325207455     
  -28.8621830204488     
  -15.0862974732798     
  -31.0380989424148     
   12.3036883321199     
  -26.5540373241030     
   2.99696794993331     
   9.89925343966663     
  -2.75204692172610     
  -26.4058932727874     
   11.3061514339256     
  -28.7431666860330     
   7.98611861663228     
  -48.8276826658958     
   20.7268419651916     
   25.6898246849405     
   44.2029201798246     
  -1.59562691209490     
  0.554306873823647     
   30.6077235585984     
   45.6755968042765     
   4.32318717763491     
  -27.1717048688899     
  -17.4688071780362     
   43.9656646338961     
   42.1382204209698     
  -15.9275416958759     
   8.42480480917422     
  -19.8385830475878     
  -38.7799027892401     
   23.9909915391575     
   18.4433156842371     
   27.3404464617790     
   46.3600306854230     
  -21.7849228165433     
  -33.3678932682104     
  -61.2213488842123     
   21.8352960474827     
   41.4208561095463     
 -0.165921983077109     
  -26.9643757175011     
   41.7460344315966     
  -15.6759197547582     
  -1.26841084868165     
   9.46370293439166     
   28.3034980544575     
  -15.7452242771313     
  -1.73377627018386     
  -1.57142452009731     
  -6.58133842705405     
  -44.6305316127936     
  -42.8573205031065     
   33.6617351112033     
  -23.3491073481035     
   15.0813398960664     
   15.2217447131608     
 -0.853297485753147     
  -1.04899925275315     
   46.6954622026290     
   21.7625936457774     
   22.7189206148634     
  -27.2784107804656     
  0.749893704978257     
   10.2190279113121     
  -49.9069055728744     
  -22.1109299432167     
   26.6352729349399     
  -42.8693324803402     
  -3.37427685437868     
  -3.94045859404779     
   9.76370576991320     
  0.259600401748216     
   26.5200028225930     
  -43.1157970488516     
   30.1894259515513     
  -44.4397221662361     
   21.6775956448479     
  -22.9104734345965     
  -38.5324035864208     
  -21.5524913300401     
  -8.47157099492669     
  -8.47038149403560     
   44.3312526353695     
   15.1837470824986     
   44.2529520024428     
   15.7073496126289     
 -0.948378877401971     
   13.6504292673322     
   39.0165157670620     
  -10.3932212750517     
  -44.2796962580472     
  -16.9984526551027     
  -3.39881376351009     
   17.0297486534632     
   26.6281661025548     
  -42.8521717109727     
  -45.2946015580376     
  -4.07214268710361     
  -28.8640886311586     
   15.0827763844827     
  -31.0349648932590     
  -12.3077869202575     
  -26.5528275654171     
  -2.99966402786176     
   9.89960645667179     
   2.75521638366928     
  -26.4029284298411     
  -11.3094365596767     
  -28.7409191985804     
  -7.98963585823538     
  -48.8228605310250     
  -20.7343930238329     
   25.6991926513399     
  -44.1964414698578     
  -1.59470214193384     
 -0.553547020136440     
   30.6173834298225     
  -45.6681705429076     
   4.31899606102474     
   27.1740543115288     
  -17.4596487510455     
  -43.9673717581319     
   42.1360578948175     
   15.9371294505427     
   8.42197370770501     
   19.8416440200681     
  -38.7744753424464     
  -23.9967178072868     
   18.4493913184429     
  -27.3354276102385     
   46.3567603727908     
   21.7952797748938     
  -33.3787616872934     
   61.2166068340112     
   21.8441028305267     
  -41.4151146395278     
 -0.170047885149234     
   26.9659081652612     
   41.7439169720321     
   15.6854618157049     
  -1.26580662210400     
  -9.46249812897234     
   28.3013846858474     
   15.7520980175968     
  -1.73342148232030     
   1.57218670375124     
  -6.58870363895069     
   44.6309261206572     
  -42.8500198080431     
  -33.6682714926568     
  -23.3498275189194     
   15.0823646274121     
  -15.2192448671304     
 -0.853934591675693     
   1.04959837050925     
   46.6972386778631     
  -21.7565286962182     
   22.7152902679293     
   27.2817966900177     
  0.750406936236172     
  -10.2180764417921     
  -49.9099719055119     
   22.1064288520641     
   26.6298874504581     
   42.8731833206700     
  -3.37530977701998     
   3.94092546561120     
   9.76313373694714     
 -0.257781196971170     
   26.5145894142409     
   43.1196450334942     
   30.1838375318957     
   44.4439746138744     
   21.6744579141841     
   22.9137328110443     
  -38.5353974947585     
   21.5492499096857     
  -8.47310918992344     
   8.47034660656746     
   44.3322932221655     
  -15.1779641013326     
   44.2540468643197     
  -15.7015793415882     
 -0.947499836928001     
  -13.6496423553590     
   39.0147364757207     
   10.3984270457377     
  -44.2821852816905     
   16.9946104005357     
  -3.39759023633028     
  -17.0291962419032     
   26.6227847702683     
   42.8560167193316     
  -45.2956745621690     
   4.06829808040633     
  -28.8631420998842     
  -15.0848101330988     
  -31.0369003050468     
   12.3054230897528     
  -26.5536488269631     
   2.99809447855568     
   9.89928764379399     
  -2.75336744152777     
  -26.4047624110551     
   11.3075540830590     
  -28.7423477118577     
   7.98759952287378     
  -48.8257678715264     
   20.7300217272427     
   25.6936529314460     
   44.2002038577322     
  -1.59533406571082     
  0.554011483060734     
   30.6116892211532     
   45.6724622235578     
   4.32128196022584     
  -27.1726826765060     
  -17.4650946965386     
   43.9663644410025     
   42.1371879396526     
  -15.9316045277120     
   8.42348860100154     
  -19.8398549778482     
  -38.7777422834438     
   23.9934077690039     
   18.4457608719739     
   27.3383476483256     
   46.3585286337407     
  -21.7892659307896     
  -33.3722780757913     
  -61.2195112437066     
   21.8388897073994     
   41.4184413661934     
 -0.167792137533209     
  -26.9650110329487     
   41.7450214167867     
  -15.6799819660131     
  -1.26742396753461     
   9.46322049974250     
   28.3024791448802     
  -15.7481234146255     
  -1.73371602685148     
  -1.57175109557631     
  -6.58456782342903     
  -44.6306938359226     
  -42.8543885516894     
   33.6644980394209     
   23.3494346054445     
  -15.0820881923416     
   15.2202668379914     
  0.853599254428052     
  -1.04930864648910     
  -46.6966668461291     
   21.7589499336878     
  -22.7168262401703     
  -27.2804119708084     
 -0.750317358387476     
   10.2184969439982     
   49.9086557505480     
  -22.1081275810986     
  -26.6321237990870     
  -42.8716159221798     
   3.37481109594481     
  -3.94068992047259     
  -9.76347343286877     
  0.258542466834653     
  -26.5168296690570     
  -43.1180774602050     
  -30.1861570401286     
  -44.4422345265890     
  -21.6758019726210     
  -22.9123919304427     
   38.5341137931502     
  -21.5504568893584     
   8.47240169591698     
  -8.47031956453330     
  -44.3320180014457     
   15.1802944082201     
  -44.2537424098983     
   15.7038795800608     
  0.947732097835024     
   13.6499989263092     
  -39.0155536868712     
  -10.3963240960779     
   44.2811119452283     
  -16.9960389696623     
   3.39795459607633     
   17.0294620080180     
  -26.6250206127132     
  -42.8544456382871     
   45.2951335093613     
  -4.06975086985918     
   28.8633978051434     
   15.0840533147680     
   31.0360347412620     
  -12.3062903165592     
   26.5532053133824     
  -2.99865887820380     
  -9.89952313322954     
   2.75413637964391     
   26.4039339681059     
  -11.3082336426727     
   28.7416751350253     
  -7.98834333145959     
   48.8245165175932     
  -20.7316625659878     
  -25.6959410867219     
  -44.1986674430127     
   1.59499699310656     
 -0.553791910179259     
  -30.6140352389025     
  -45.6707069392572     
  -4.32051893579176     
   27.1732678932936     
   17.4628577350738     
  -43.9666838179034     
  -42.1368823490138     
   15.9338150491710     
  -8.42302353779813     
   19.8406039141274     
   38.7763512004103     
  -23.9946342381173     
  -18.4472995206137     
  -27.3371457724451     
  -46.3579591819026     
   21.7916731766597     
   33.3747642629075     
   61.2183863823130     
  -21.8410478175102     
  -41.4170859956166     
  0.168533958592505     
   26.9654102153068     
  -41.7447121190263     
   15.6821700035303     
   1.26668768016249     
  -9.46289150761364     
  -28.3021698699167     
   15.7497299157458     
   1.73351234791148     
   1.57193935455963     
   6.58603019682934     
   44.6308409884179     
   42.8525933571748     
  -33.6658917673334     
  -23.3494564776287     
   15.0800833859655     
   15.2229704433428     
 -0.853476904457292     
  -1.04884475170478     
   46.6938112977523     
   21.7656782368679     
   22.7200166462376     
  -27.2767637360831     
  0.748980879940616     
   10.2194390729537     
  -49.9061364309371     
  -22.1131406873990     
   26.6372170453683     
  -42.8674723711193     
  -3.37436427056269     
  -3.94033238544172     
   9.76332144937918     
  0.260440684070391     
   26.5219536212253     
  -43.1139370108779     
   30.1914608771667     
  -44.4376594630734     
   21.6784525645316     
  -22.9088990143341     
  -38.5316647829686     
  -21.5540940576537     
  -8.47146141910638     
  -8.47047663446946     
   44.3299574375840     
   15.1866888343911     
   44.2516305258233     
   15.7102779904169     
 -0.949500458277069     
   13.6507836206409     
   39.0166754293925     
  -10.3906356623995     
  -44.2791989705142     
  -17.0003542093764     
  -3.40015300779863     
   17.0299875794878     
   26.6301077565804     
  -42.8502994214428     
  -45.2947959105156     
  -4.07406618713821     
  -28.8652755238588     
   15.0817074370555     
  -31.0347254939429     
  -12.3089799284665     
  -26.5531258611676     
  -3.00046416967991     
   9.89907822322054     
   2.75607012795086     
  -26.4027289227747     
  -11.3103987091427     
  -28.7409398748847     
  -7.99067136952438     
  -48.8221605914634     
  -20.7365424103409     
   25.7011983665906     
  -44.1946112477332     
  -1.59497910062303     
 -0.553425708551674     
   30.6194944772935     
  -45.6660856476632     
   4.31707815589953     
   27.1746966222107     
  -17.4577024680771     
  -43.9678645574720     
   42.1347423935952     
   15.9399387651110     
   8.42046350966187     
   19.8425070649487     
  -38.7736020410451     
  -23.9983403938262     
   18.4504979199662     
  -27.3340265984882     
   46.3550920401498     
   21.7983678458451     
  -33.3820845584666     
   61.2154957905295     
   21.8459606214193     
  -41.4135075054384     
 -0.171948006399253     
   26.9663109797661     
   41.7426021397301     
   15.6882399537187     
  -1.26563807135428     
  -9.46220380230794     
   28.3000900948702     
   15.7540883418970     
  -1.73384015951496     
   1.57243926737900     
  -6.59162011181820     
   44.6309836373684     
  -42.8486485314389     
  -33.6701061438304     
  -23.3494993946771     
   15.0798778412057     
   15.2232714125527     
 -0.853488384990191     
  -1.04877306573689     
   46.6934995215166     
   21.7663380632444     
   22.7202716580069     
  -27.2763797120839     
  0.748820971307723     
   10.2195807312563     
  -49.9059556693812     
  -22.1135519831636     
   26.6376263564164     
  -42.8670418238308     
  -3.37434401566410     
  -3.94026874954546     
   9.76327051495963     
  0.260674688514141     
   26.5223755847553     
  -43.1135188575344     
   30.1918694132528     
  -44.4371897147650     
   21.6786679480378     
  -22.9085197736712     
  -38.5314737992351     
  -21.5543862082875     
  -8.47141853215307     
  -8.47045221083142     
   44.3297409430117     
   15.1873184192685     
   44.2514044733314     
   15.7109006730291     
 -0.949702902806264     
   13.6509074944050     
   39.0167502866097     
  -10.3900963130049     
  -44.2790683332093     
  -17.0006833359204     
  -3.40038988849648     
   17.0300913934990     
   26.6305124589655     
  -42.8498599454548     
  -45.2948155495409     
  -4.07439838608815     
  -28.8655055322206     
   15.0815526576865     
  -31.0346448686428     
  -12.3091768221942     
  -26.5531581393441     
  -3.00058375682594     
   9.89901363653133     
   2.75630866098964     
  -26.4026543311513     
  -11.3105525652835     
  -28.7408983010526     
  -7.99083248329331     
  -48.8219741705787     
  -20.7369474050047     
   25.7016238505816     
  -44.1942025993937     
  -1.59500517115545     
 -0.553354471839189     
   30.6199174813491     
  -45.6656047351505     
   4.31670748128564     
   27.1748900008658     
  -17.4572948017638     
  -43.9679096321755     
   42.1345113174097     
   15.9405500492572     
   8.42019607082667     
   19.8427378274894     
  -38.7733692572345     
  -23.9986458465411     
   18.4507448515359     
  -27.3336915014699     
   46.3547958398467     
   21.7990169207008     
  -33.3831703757139     
   61.2150830789346     
   21.8463531655613     
  -41.4131350096285     
 -0.172311926851724     
   26.9664524675100     
   41.7423704199881     
   15.6888447271974     
  -1.26558483703445     
  -9.46209942545567     
   28.2998665620728     
   15.7545423608220     
  -1.73390791557725     
   1.57253123618620     
  -6.59217169996433     
   44.6310564050424     
  -42.8482982592266     
  -33.6704769165515     
   23.3494012417729     
  -15.0807807339928     
   15.2221667444180     
  0.853478282474109     
  -1.04895176425565     
  -46.6947488546654     
   21.7636183951641     
  -22.7190438422408     
  -27.2778716898844     
 -0.749448450951019     
   10.2191894021114     
   49.9069061903379     
  -22.1114466116949     
  -26.6356371835873     
  -42.8687204657882     
   3.37446791619968     
  -3.94039227331440     
  -9.76341370838990     
  0.259894435905297     
  -26.5203667616137     
  -43.1151895595669     
  -30.1898063148930     
  -44.4390506892656     
  -21.6776504474343     
  -22.9099568442565     
   38.5324142283532     
  -21.5528428142065     
   8.47171709339119     
  -8.47038662567694     
  -44.3306580745382     
   15.1847179583490     
  -44.2523417533653     
   15.7083074380003     
  0.948887410225546     
   13.6505841215464     
  -39.0163574808546     
  -10.3924233423601     
   44.2797694478061     
  -16.9988881023359     
   3.39938863059481     
   17.0298695882181     
  -26.6285289756267     
  -42.8515515386176     
   45.2948710085762     
  -4.07266218867240     
   28.8646292082683     
   15.0825042473633     
   31.0351071004837     
  -12.3080524102645     
   26.5531026458523     
  -2.99983601719318     
  -9.89926673326421     
   2.75551001522559     
   26.4030764100585     
  -11.3096408114207     
   28.7411251881238     
  -7.98986681668806     
   48.8228792286518     
  -20.7348948036230     
  -25.6995572016946     
  -44.1958548706295     
   1.59494520967062     
 -0.553503940343755     
  -30.6177876453967     
  -45.6675012776246     
  -4.31822488289552     
   27.1743043910949     
   17.4593360996442     
  -43.9674087947082     
  -42.1354516846234     
   15.9380613402206     
  -8.42133974110431     
   19.8419555544875     
   38.7744483022498     
  -23.9970421091701     
  -18.4495129018758     
  -27.3349734812495     
  -46.3560486073001     
   21.7963102754156     
   33.3795472701980     
   61.2165489709503     
  -21.8444277066204     
  -41.4145713776960     
  0.170806393141670     
   26.9660845568747     
  -41.7433183713951     
   15.6863778505108     
   1.26593634880731     
  -9.46236918852541     
  -28.3008008370115     
   15.7527652524069     
   1.73370615562399     
   1.57233304935907     
   6.58978014275209     
   44.6309963242205     
   42.8498605589184     
  -33.6686950788290     
   23.3493633407749     
  -15.0802748197842     
   15.2228731995422     
  0.853413851577505     
  -1.04884458218648     
  -46.6940344492069     
   21.7653917213806     
  -22.7200035923496     
  -27.2768824781402     
 -0.749114471911557     
   10.2194157127592     
   49.9061128549101     
  -22.1130009626328     
  -26.6371458827274     
  -42.8675938814474     
   3.37430315561197     
  -3.94033047559054     
  -9.76342114562164     
  0.260394522045366     
  -26.5218813196747     
  -43.1140659111624     
  -30.1913828077009     
  -44.4377968849207     
  -21.6784625888132     
  -22.9090061552069     
   38.5316388114844     
  -21.5539893837842     
   8.47141468006147     
  -8.47046326641767     
  -44.3301637710601     
   15.1864388600356     
  -44.2518387347396     
   15.7100206243844     
  0.949342914243842     
   13.6507544654427     
  -39.0167561985561     
  -10.3908123049888     
   44.2791609847364     
  -17.0002168090678     
   3.39996584033900     
   17.0299634931451     
  -26.6300375747590     
  -42.8504203630752     
   45.2947165276984     
  -4.07394739875360     
   28.8651232804338     
   15.0817988368134     
   31.0346769281806     
  -12.3088923424915     
   26.5530405440688     
  -3.00040126569698     
  -9.89919065827681     
   2.75602308952797     
   26.4026776850003     
  -11.3103285874558     
   28.7408648738470     
  -7.99059184806503     
   48.8221355463999     
  -20.7364024061858     
  -25.7011201700554     
  -44.1947472462533     
   1.59489971675956     
 -0.553417769489078     
  -30.6194062976421     
  -45.6662209960935     
  -4.31731538353934     
   27.1746371905391     
   17.4578129766129     
  -43.9678010987403     
  -42.1349399401142     
   15.9396968379814     
  -8.42067400839075     
   19.8424369655061     
   38.7735818343962     
  -23.9982336417730     
  -18.4504753825756     
  -27.3341265758562     
  -46.3553321539696     
   21.7980724379841     
   33.3816985543090     
   61.2155837545302     
  -21.8458856970625     
  -41.4136161990048     
  0.171717300788405     
   26.9662705530391     
  -41.7427991058230     
   15.6879993663387     
   1.26560145392526     
  -9.46221842121975     
  -28.3002815686662     
   15.7539271888019     
   1.73375617739244     
   1.57242019463423     
   6.59135869954831     
   44.6309680941519     
   42.8486178017790     
  -33.6700731822375     
  -23.3498869454171     
   15.0821627540766     
   15.2194896063888     
 -0.853958335515353     
  -1.04953962306837     
   46.6969591469804     
   21.7570652956868     
   22.7154309624624     
  -27.2814903663821     
  0.750262904819241     
   10.2181938524706     
  -49.9098617630333     
  -22.1067832655900     
   26.6301537118143     
  -42.8728754844175     
  -3.37532548853280     
  -3.94086139353206     
   9.76307340829576     
  0.257958977978681     
   26.5148670647984     
  -43.1193161692632     
   30.1841229355413     
  -44.4436142887659     
   21.6745666790643     
  -22.9134396623623     
  -38.5353003012014     
  -21.5494696219269     
  -8.47309030064661     
  -8.47031755594327     
   44.3320853112302     
   15.1784710505739     
   44.2538339691385     
   15.7020753426253     
 -0.947688819928509     
   13.6497470897537     
   39.0147407562863     
  -10.3979866042651     
  -44.2821095588007     
  -16.9948762241591     
  -3.39781236368540     
   17.0292821933617     
   26.6230507833585     
  -42.8557049959335     
  -45.2957027052014     
  -4.06858831308764     
  -28.8633399765311     
   15.0846669183176     
  -31.0368763496042     
  -12.3055778173779     
  -26.5536898057721     
  -2.99818594330832     
   9.89920002640840     
   2.75356064961918     
  -26.4047404398996     
  -11.3076596988132     
  -28.7423495698676     
  -7.98772559199567     
  -48.8256690706894     
  -20.7303519591444     
   25.6939151680211     
  -44.1998779688497     
  -1.59538437600865     
 -0.553955418171503     
   30.6119594135632     
  -45.6721191094225     
   4.32098016675437     
   27.1728363655956     
  -17.4648475832396     
  -43.9663813749739     
   42.1369844441766     
   15.9320867142080     
   8.42324462559835     
   19.8400418190216     
  -38.7776218834336     
  -23.9936479383300     
   18.4459031583748     
  -27.3380806959845     
   46.3582519485403     
   21.7898000530942     
  -33.3735933629554     
   61.2189607052697     
   21.8391439980493     
  -41.4181586953670     
 -0.168103001304953     
   26.9651348430833     
   41.7448043266552     
   15.6804553269538     
  -1.26739741933944     
  -9.46313157385510     
   28.3022741604373     
   15.7484790996652     
  -1.73379167068563     
   1.57182366234517     
  -6.58504744399572     
   44.6307557331186     
  -42.8541762781479     
  -33.6647540166219     
  -23.3496570194892     
   15.0814585511594     
   15.2205340307422     
 -0.853765383926767     
  -1.04942869617288     
   46.6958890080871     
   21.7599170142959     
   22.7171800838750     
  -27.2800027791222     
  0.749826258662850     
   10.2184352962710     
  -49.9083153483110     
  -22.1096289782457     
   26.6328180741875     
  -42.8711406856243     
  -3.37493824103372     
  -3.94085779463979     
   9.76320533588108     
  0.258685345378598     
   26.5175491355265     
  -43.1176127580679     
   30.1868846023687     
  -44.4416956819696     
   21.6760611619668     
  -22.9120135341489     
  -38.5338144330026     
  -21.5515923817679     
  -8.47243930822803     
  -8.47060166317514     
   44.3313969251126     
   15.1811737207918     
   44.2531154907041     
   15.7047685671267     
 -0.948315539477305     
   13.6499061418311     
   39.0155130714006     
  -10.3955731365526     
  -44.2809015157983     
  -16.9973574366204     
  -3.39863379427075     
   17.0293169764481     
   26.6257116330255     
  -42.8539685627072     
  -45.2953044569453     
  -4.07102871604285     
  -28.8640449290671     
   15.0832363268940     
  -31.0359894085877     
  -12.3071656318894     
  -26.5534451632694     
  -2.99927759063062     
   9.89919992814208     
   2.75428384221847     
  -26.4039136498606     
  -11.3089841105964     
  -28.7417601544321     
  -7.98912133311554     
  -48.8242147137324     
  -20.7331317258444     
   25.6966724147666     
  -44.1982142956532     
  -1.59520601167023     
 -0.553901533917706     
   30.6147894139977     
  -45.6701611698771     
   4.31957790256150     
   27.1732840159375     
  -17.4620294100972     
  -43.9672643668267     
   42.1362343017677     
   15.9346595122744     
   8.42226912124693     
   19.8407257307587     
  -38.7759857258677     
  -23.9957954399649     
   18.4476629236270     
  -27.3368382063302     
   46.3571838501684     
   21.7925917109278     
  -33.3771933000813     
   61.2171352273565     
   21.8417311549140     
  -41.4167089368950     
 -0.169488765303093     
   26.9653210540981     
   41.7440690889190     
   15.6830012402785     
  -1.26668683200478     
  -9.46300598432823     
   28.3015388031950     
   15.7502801467464     
  -1.73376325633149     
   1.57188270932396     
  -6.58746318720490     
   44.6305750613220     
  -42.8519400425461     
  -33.6671958898848     
  -23.3494280483501     
   15.0819390362458     
  -15.2205672714420     
 -0.853569261616897     
   1.04921722051293     
   46.6964519993387     
  -21.7595761748146     
   22.7170770336979     
   27.2800363920441     
  0.750224084492896     
  -10.2186487106546     
  -49.9084752237391     
   22.1083555320425     
   26.6325067277325     
   42.8712232933450     
  -3.37473742753344     
   3.94057495796936     
   9.76346753038653     
 -0.258770086186382     
   26.5172287177779     
   43.1176911416924     
   30.1865588359424     
   44.4418321377019     
   21.6760021970153     
   22.9120503535218     
  -38.5339274727649     
   21.5506296149538     
  -8.47230685108880     
   8.47023399894634     
   44.3318432061915     
  -15.1808626745128     
   44.2535701368926     
  -15.7044684745364     
 -0.947846431526664     
  -13.6501300402395     
   39.0156424146970     
   10.3957749683053     
  -44.2809626094846     
   16.9962740687029     
  -3.39808776535909     
  -17.0295610491561     
   26.6253991562773     
   42.8540530870337     
  -45.2950880301843     
   4.06996103590926     
  -28.8635269337699     
  -15.0839496410537     
  -31.0359075335060     
   12.3064121888460     
  -26.5531784037730     
   2.99874464434412     
   9.89950163791865     
  -2.75437219201545     
  -26.4038274707146     
   11.3083190567478     
  -28.7415883464285     
   7.98846587295611     
  -48.8243648280576     
   20.7319251014677     
   25.6963515959594     
   44.1982681044881     
  -1.59497199653142     
  0.553711819653000     
   30.6144490345459     
   45.6703059908992     
   4.32026407549144     
  -27.1734786997219     
  -17.4624668086665     
   43.9666709009658     
   42.1367192264329     
  -15.9343738173555     
   8.42285717465391     
  -19.8408177476594     
  -38.7761404222596     
   23.9947978089274     
   18.4475543378665     
   27.3368173593087     
   46.3577327423074     
  -21.7922953808366     
  -33.3757493997074     
  -61.2180558511688     
   21.8414405814120     
   41.4167198777309     
 -0.168826788441714     
  -26.9655702782124     
   41.7445520124673     
  -15.6827203025425     
  -1.26660006607622     
   9.46273133436359     
   28.3020291460758     
  -15.7501406159919     
  -1.73351751312327     
  -1.57202483054097     
  -6.58645714277677     
  -44.6309396315778     
  -42.8522741701232     
   33.6660787669456     
   23.3492026087890     
  -15.0809609502936     
   15.2220638104458     
  0.853353954587098     
  -1.04898553570496     
  -46.6949682202193     
   21.7634701323076     
  -22.7192738292270     
  -27.2779523911832     
 -0.749614233639527     
   10.2191002211162     
   49.9066425185069     
  -22.1116866479147     
  -26.6358965458876     
  -42.8688093394578     
   3.37430679448149     
  -3.94047066659770     
  -9.76359435884107     
  0.259812515866329     
  -26.5206377200725     
  -43.1152826970780     
  -30.1900762196503     
  -44.4391335681237     
  -21.6778777445427     
  -22.9100387439148     
   38.5321525678307     
  -21.5530699994680     
   8.47153311270117     
  -8.47047424556668     
  -44.3308653833362     
   15.1846008388032     
  -44.2525615354540     
   15.7081904093876     
  0.948716866790481     
   13.6504822699877     
  -39.0165828025405     
  -10.3924723986658     
   44.2795232586053     
  -16.9991079950692     
   3.39921906695378     
   17.0297625897229     
  -26.6287869312031     
  -42.8516322698888     
   45.2946554918760     
  -4.07278488436749     
   28.8644413453501     
   15.0824053742154     
   31.0348788602552     
  -12.3082301049913     
   26.5529157713694     
  -2.99995606463305     
  -9.89944351897975     
   2.75543363656004     
   26.4028547162381     
  -11.3098084427624     
   28.7409162256036     
  -7.99001949520884     
   48.8226211201579     
  -20.7351308907480     
  -25.6998348121174     
  -44.1959293264885     
   1.59479170895310     
 -0.553546698510747     
  -30.6180611152312     
  -45.6675760113957     
  -4.31841649433675     
   27.1741854036086     
   17.4590294104455     
  -43.9675838277633     
  -42.1356694359527     
   15.9379389493032     
  -8.42151912571609     
   19.8418511590568     
   38.7741782460082     
  -23.9972990946914     
  -18.4497471893209     
  -27.3350507303226     
  -46.3562611960994     
   21.7961663746455     
   33.3793460866310     
   61.2164270643335     
  -21.8446933549026     
  -41.4146704395101     
  0.170617451413643     
   26.9659663669061     
  -41.7435176757567     
   15.6862575124057     
   1.26575479800168     
  -9.46246927003214     
  -28.3009910468032     
   15.7526573755739     
   1.73354398683145     
   1.57222428546734     
   6.58956833088491     
   44.6308920714054     
   42.8495670633529     
  -33.6689257766115     
  -23.3497579769391     
   15.0822145593466     
   15.2194816823378     
 -0.853881819622849     
  -1.04956450048295     
   46.6969861382977     
   21.7571886275199     
   22.7156908482542     
  -27.2814527065364     
  0.750323194342027     
   10.2181352987074     
  -49.9096204130083     
  -22.1070597374197     
   26.6305042313063     
  -42.8727907072928     
  -3.37520767020060     
  -3.94091968610547     
   9.76318182903931     
  0.257949333108845     
   26.5152100719290     
  -43.1192577264111     
   30.1844871223126     
  -44.4435336293650     
   21.6748035065406     
  -22.9134060862363     
  -38.5350604387578     
  -21.5497157412640     
  -8.47294690477131     
  -8.47040438535070     
   44.3321565534957     
   15.1785961067490     
   44.2538839813980     
   15.7021886624051     
 -0.947629032159155     
   13.6496799433252     
   39.0149174953486     
  -10.3978676656883     
  -44.2819088775550     
  -16.9951557092799     
  -3.39777193436227     
   17.0292034291985     
   26.6233971372351     
  -42.8556155129025     
  -45.2955692229189     
  -4.06885190797706     
  -28.8632956879805     
   15.0844796462506     
  -31.0367010236654     
  -12.3057662698081     
  -26.5535915724871     
  -2.99834347736989     
   9.89929913770945     
   2.75353871415249     
  -26.4045718862532     
  -11.3078389431529     
  -28.7421757509253     
  -7.98791092170199     
  -48.8254503427555     
  -20.7306337573472     
   25.6942784140057     
  -44.1998111841145     
  -1.59528705655397     
 -0.553984731401775     
   30.6123300247637     
  -45.6720252782892     
   4.32097030352532     
   27.1727854459057     
  -17.4644947789475     
  -43.9665386222564     
   42.1370270105810     
   15.9321873098454     
   8.42327348148746     
   19.8400147051767     
  -38.7773693300788     
  -23.9938953007378     
   18.4461693410515     
  -27.3380613612438     
   46.3583026699197     
   21.7899088214204     
  -33.3733040250848     
   61.2189919345512     
   21.8394852653514     
  -41.4181113088887     
 -0.168102516177485     
   26.9650524732495     
   41.7448557796571     
   15.6805497668601     
  -1.26725128461586     
  -9.46318677552102     
   28.3023275426581     
   15.7485324322851     
  -1.73370311574037     
   1.57175993232250     
  -6.58512095782350     
   44.6306554629189     
  -42.8538798517900     
  -33.6650384757940     
  -23.3496356979585     
   15.0811479919040     
  -15.2212082884507     
 -0.853702820073527     
   1.04920459972055     
   46.6953790997491     
  -21.7614158227113     
   22.7177829525592     
   27.2791344991741     
  0.749631845613949     
  -10.2187876777214     
  -49.9079535698516     
   22.1100058090324     
   26.6337852690885     
   42.8701585349688     
  -3.37482168948652     
   3.94062031136858     
   9.76321498359959     
 -0.259189663919841     
   26.5185085759353     
   43.1166181306292     
   30.1878935454693     
   44.4406263849176     
   21.6765709022350     
   22.9111765237370     
  -38.5334105695916     
   21.5518610566062     
  -8.47224627432555     
   8.47042700309957     
   44.3310391977456     
  -15.1825777145209     
   44.2527546345594     
  -15.7061738227118     
 -0.948580550152215     
  -13.6502311575289     
   39.0157462575198     
   10.3943141872286     
  -44.2806139202679     
   16.9976699109549     
  -3.39896512375055     
  -17.0296039407550     
   26.6266767708133     
   42.8529821134120     
  -45.2952172481972     
   4.07135862982695     
  -28.8642847466437     
  -15.0831416766684     
  -31.0357527627169     
   12.3073303479526     
  -26.5533822253389     
   2.99937462034975     
   9.89916037283206     
  -2.75479818469429     
  -26.4036889405471     
   11.3090822025277     
  -28.7416031843959     
   7.98925703665794     
  -48.8238724600341     
   20.7334966729259     
   25.6976643608271     
   44.1972347216859     
  -1.59515503496832     
  0.553709483002510     
   30.6158324164922     
   45.6690834051804     
   4.31902992925793     
  -27.1737420487672     
  -17.4612009242707     
   43.9671604293602     
   42.1358662651410     
  -15.9360098510148     
   8.42187358267364     
  -19.8412486271141     
  -38.7755329331742     
   23.9960852966795     
   18.4482645583434     
   27.3360691497409     
   46.3566838953521     
  -21.7941273290656     
  -33.3776819480488     
  -61.2172681881283     
   21.8426446247960     
   41.4158322069548     
 -0.170025691020931     
  -26.9656898209296     
   41.7437110931820     
  -15.6843441998618     
  -1.26648923591451     
   9.46268928236811     
   28.3011978162269     
  -15.7512782516662     
  -1.73379672085237     
  -1.57210380507299     
  -6.58835968964334     
  -44.6308328885623     
  -42.8513188495491     
   33.6675189981551     
   23.3498851287464     
  -15.0827885969318     
  -15.2186051405717     
  0.853995565922194     
   1.04972777920928     
  -46.6978460008454     
  -21.7549736199658     
  -22.7144517625472     
   27.2826523957647     
 -0.750686507326265     
  -10.2178614041023     
   49.9106454992353     
   22.1052236313455     
  -26.6286069660261     
   42.8741854996157     
   3.37543537798269     
   3.94100730276305     
  -9.76311568805216     
 -0.257346769163138     
  -26.5133049294145     
   43.1206373359663     
  -30.1825095549541     
   44.4450679073471     
  -21.6737543063662     
   22.9145545238084     
   38.5360469935782     
   21.5483650475915     
   8.47338042425273     
   8.47028648077502     
  -44.3327342102390     
  -15.1764597022895     
  -44.2544985240557     
  -15.7001125249755     
  0.947121213162775     
  -13.6494561014179     
  -39.0143955643822     
   10.3997777183677     
   44.2827094603247     
   16.9935904642229     
   3.39711912165400     
  -17.0290740107360     
  -26.6215024979940     
   42.8570106325343     
   45.2958459302193     
   4.06727882716853     
   28.8627428388788     
  -15.0853443716554     
   31.0372563478007     
   12.3047690244648     
   26.5537172834749     
   2.99765420281342     
  -9.89935861932922     
  -2.75291607275721     
   26.4050962229605     
   11.3070210876992     
   28.7425875974410     
   7.98704083663806     
   48.8264099038462     
   20.7288556690361     
  -25.6923444516565     
   44.2011608473357     
   1.59537329879263     
  0.554106344605467     
  -30.6103070262018     
   45.6735974887922     
  -4.32202291929067     
  -27.1723495025038     
   17.4664329796352     
   43.9660671608179     
  -42.1376652251975     
  -15.9301590614595     
  -8.42403685567622     
  -19.8394063733630     
   38.7784593589578     
   23.9925126518908     
  -18.4449324198339     
   27.3390817903040     
  -46.3591864873082     
  -21.7876988108571     
   33.3708173306238     
  -61.2201290260807     
  -21.8376426158445     
   41.4193104159710     
  0.167004944578144     
  -26.9648006950361     
  -41.7454629008675     
  -15.6785319188028     
   1.26771512168718     
   9.46334518889956     
  -28.3029209965221     
  -15.7470959608003     
   1.73368148167635     
  -1.57163149684294     
   6.58336290708667     
  -44.6306722991478     
   42.8553793820862     
   33.6635039572497     
   23.3494882617679     
  -15.0823755827803     
   15.2196859536732     
  0.853675484911508     
  -1.04945691067188     
  -46.6971137065310     
   21.7576190865269     
  -22.7161744955544     
  -27.2811749016555     
 -0.750499354097030     
   10.2182418600426     
   49.9091932398987     
  -22.1072433826021     
  -26.6311126217050     
  -42.8724884836445     
   3.37494837764155     
  -3.94082464082394     
  -9.76343189410797     
  0.258106502997422     
  -26.5158122866081     
  -43.1189380642319     
  -30.1850999222966     
  -44.4431887717170     
  -21.6752535466674     
  -22.9131355289062     
   38.5346286932274     
  -21.5498537579698     
   8.47263491219576     
  -8.47035282911335     
  -44.3323157776306     
   15.1790064817799     
  -44.2540634493654     
   15.7026059639551     
  0.947468992277332     
   13.6497752093045     
  -39.0152607398098     
  -10.3975252570432     
   44.2815162468232     
  -16.9953176330401     
   3.39761403850472     
   17.0292846402901     
  -26.6240030187211     
  -42.8553071075494     
   45.2952660986212     
  -4.06899957100294     
   28.8630919971907     
   15.0844458611480     
   31.0363343681715     
  -12.3058686880850     
   26.5532885325942     
  -2.99839032899256     
  -9.89954024713459     
   2.75369724147286     
   26.4042182355915     
  -11.3079042745652     
   28.7418737172410     
  -7.98798670163044     
   48.8250301724953     
  -20.7308226518259     
  -25.6949087974009     
  -44.1994966303449     
   1.59505829126603     
 -0.553913001409599     
  -30.6129538703804     
  -45.6716799217926     
  -4.32108432703008     
   27.1729160521791     
   17.4639755009200     
  -43.9665133961936     
  -42.1371913805773     
   15.9325875473440     
  -8.42341910121690     
   19.8401751418657     
   38.7769199865223     
  -23.9940379474595     
  -18.4466440091154     
  -27.3378098883567     
  -46.3584159378628     
   21.7903487924174     
   33.3730371251155     
   61.2191117696695     
  -21.8400791828904     
  -41.4178271313824     
  0.167987106945913     
   26.9651600054973     
  -41.7450144977998     
   15.6809503199503     
   1.26693994926231     
  -9.46308539174445     
  -28.3024836966805     
   15.7488307687160     
   1.73350175042793     
   1.57180224801936     
   6.58506503140467     
   44.6307342497677     
   42.8533783767043     
  -33.6651885199997     
   23.3494470826444     
  -15.0801794292900     
   15.2227049012598     
  0.853495598486363     
  -1.04894860881724     
  -46.6939286739322     
   21.7652082401025     
  -22.7198674213001     
  -27.2770867308318     
 -0.749028131320640     
   10.2192711490706     
   49.9062063644323     
  -22.1131292606811     
  -26.6369856069701     
  -42.8678135726938     
   3.37440117526428     
  -3.94046679228503     
  -9.76332487118365     
  0.260244089848767     
  -26.5217315393555     
  -43.1142860899831     
  -30.1912083282177     
  -44.4380223166905     
  -21.6783391603963     
  -22.9091997050432     
   38.5317400975809     
  -21.5541131724841     
   8.47150417735307     
  -8.47060464731740     
  -44.3300614790433     
   15.1862349571907     
  -44.2517339364573     
   15.7098191846500     
  0.949432065489275     
   13.6506145974490     
  -39.0166314986431     
  -10.3910687610755     
   44.2792607587588     
  -17.0003441128924     
   3.40004917269220     
   17.0298321269492     
  -26.6298731486581     
  -42.8506301782685     
   45.2948084837420     
  -4.07404950238193     
   28.8652205109629     
   15.0816589589522     
   31.0347741605278     
  -12.3090223027265     
   26.5531412303603     
  -3.00050118817627     
  -9.89909604180619     
   2.75587246808814     
   26.4027752388209     
  -11.3104570407278     
   28.7409594188741     
  -7.99071269164780     
   48.8222336469575     
  -20.7365284561624     
  -25.7009631141691     
  -44.1949632057689     
   1.59499350450732     
 -0.553524182662948     
  -30.6192360742982     
  -45.6664466160315     
  -4.31721464955591     
   27.1744858831522     
   17.4578752973546     
  -43.9679823693676     
  -42.1348384667073     
   15.9395019269488     
  -8.42058737984367     
   19.8422932234815     
   38.7736910364771     
  -23.9983549358110     
  -18.4503482872899     
  -27.3343181404393     
  -46.3552293753470     
   21.7978977062769     
   33.3817535812360     
   61.2154628461563     
  -21.8457391421921     
  -41.4138129013700     
  0.171806204662221     
   26.9661378154292     
  -41.7426990651712     
   15.6878027196384     
   1.26569522778437     
  -9.46238093063659     
  -28.3001885775055     
   15.7537483857235     
   1.73381961493720     
   1.57232890762509     
   6.59135460704061     
   44.6308461704481     
   42.8487661792549     
  -33.6701172439314     
   23.3491521743534     
  -15.0802366958551     
  -15.2231487946030     
  0.853261743550414     
   1.04877400145387     
  -46.6939124225114     
  -21.7661480966347     
  -22.7205697785155     
   27.2765282272013     
 -0.749162093511662     
  -10.2195124748447     
   49.9056225949780     
   22.1135698695126     
  -26.6379129929132     
   42.8671618774865     
   3.37409493388233     
   3.94030219309465     
  -9.76359326252457     
 -0.260588051499560     
  -26.5226616100823     
   43.1136315544306     
  -30.1921787281533     
   44.4373419422462     
  -21.6789499428918     
   22.9086476363328     
   38.5311645085079     
   21.5544149777388     
   8.47113381520945     
   8.47049168650683     
  -44.3301251903323     
  -15.1871306705964     
  -44.2517940505342     
  -15.7107055430674     
  0.949340254753014     
  -13.6508161040258     
  -39.0170739217507     
   10.3902192294809     
   44.2787472968198     
   17.0007144315214     
   3.40001261122894     
  -17.0300044479998     
  -26.6308043469343     
   42.8499857762941     
   45.2944680589422     
   4.07442471339672     
   28.8651129775359     
  -15.0815289610183     
   31.0343160335487     
   12.3092135185384     
   26.5528403488924     
   3.00061413968912     
  -9.89933024028383     
  -2.75621498743272     
   26.4023277526474     
   11.3106039985477     
   28.7405824591120     
   7.99088040522467     
   48.8216702287052     
   20.7369647902489     
  -25.7018976850913     
   44.1943298723321     
   1.59473848417033     
  0.553377956053236     
  -30.6202062387579     
   45.6657381972818     
  -4.31714235933782     
  -27.1747891417003     
   17.4569893686531     
   43.9679812653987     
  -42.1348919266877     
  -15.9403547215706     
  -8.42058805195758     
  -19.8426299336917     
   38.7730702881429     
   23.9986674296607     
  -18.4510280528786     
   27.3337895411804     
  -46.3551878019295     
  -21.7988028480942     
   33.3825136105961     
  -61.2151392590304     
  -21.8466331187970     
   41.4132445353270     
  0.171875663828457     
  -26.9663530235609     
  -41.7427512957852     
  -15.6886481484515     
   1.26529519305224     
   9.46216883890772     
  -28.3002445765161     
  -15.7543855811459     
   1.73362955826050     
  -1.57244230244548     
   6.59164845933873     
  -44.6309950114952     
   42.8480145684420     
   33.6704920794053     
   23.3496560719064     
  -15.0812365800064     
  -15.2210476600087     
  0.853726581069252     
   1.04923188092061     
  -46.6955395641809     
  -21.7609810094816     
  -22.7175649566057     
   27.2793756730141     
 -0.749697697786764     
  -10.2187172980336     
   49.9081226027366     
   22.1096880548991     
  -26.6334030160183     
   42.8704382112217     
   3.37486756473473     
   3.94066019627270     
  -9.76319959931217     
 -0.259075309794407     
  -26.5181316318535     
   43.1168827347305     
  -30.1874952536889     
   44.4409295008933     
  -21.6763705027451     
   22.9113926986365     
   38.5336232536202     
   21.5515780522756     
   8.47234018730702     
   8.47046059066260     
  -44.3311228975156     
  -15.1822033091918     
  -44.2528568756024     
  -15.7057980918382     
  0.948500052380520     
  -13.6501871340783     
  -39.0156568601122     
   10.3946843186785     
   44.2807676368746     
   16.9974158891738     
   3.39885952761512     
  -17.0295630833290     
  -26.6262951875076     
   42.8532602982061     
   45.2952608432897     
   4.07111818597969     
   28.8642070017836     
  -15.0832758398754     
   31.0358630129276     
   12.3071468804123     
   26.5534265709325     
   2.99927555279874     
  -9.89916522735296     
  -2.75467288551763     
   26.4037965373783     
   11.3089365653432     
   28.7416809017345     
   7.98910614618631     
   48.8240358230610     
   20.7331962623354     
  -25.6972673281690     
   44.1975029031090     
   1.59517628113888     
  0.553740959472511     
  -30.6154088710653     
   45.6693904615945     
  -4.31921507459719     
  -27.1736486791425     
   17.4615810162077     
   43.9671131460980     
  -42.1359873394967     
  -15.9356516403392     
  -8.42199425389078     
  -19.8411395419251     
   38.7757754635756     
   23.9958061952341     
  -18.4480236154110     
   27.3362547678112     
  -46.3568344043984     
  -21.7936839933913     
   33.3771893540187     
  -61.2174834341120     
  -21.8422905667746     
   41.4160622953870     
  0.169828337005350     
  -26.9656273900966     
  -41.7438156457176     
  -15.6839841596852     
   1.26659857105349     
   9.46272284572180     
  -28.3012958378250     
  -15.7510146604086     
   1.73378705215803     
  -1.57206180674757     
   6.58803959275341     
  -44.6308292594403     
   42.8516962560979     
   33.6671464774831     
  -23.3493198417637     
   15.0811539928884     
  -15.2216078315276     
 -0.853455062239334     
   1.04910102721476     
   46.6953012834552     
  -21.7623881033835     
   22.7186470441769     
   27.2785676177358     
  0.749712583083827     
  -10.2189226866461     
  -49.9071401680598     
   22.1110068014533     
   26.6349549578376     
   42.8695189199112     
  -3.37448649003355     
   3.94055551601145     
   9.76350690680451     
 -0.259482217984784     
   26.5196892190817     
   43.1159843932430     
   30.1890873731124     
   44.4399135536108     
   21.6773331562126     
   22.9106288471003     
  -38.5326359082989     
   21.5525702287923     
  -8.47179068365931     
   8.47047409356693     
   44.3310744225363     
  -15.1835543635739     
   44.2527737098729     
  -15.7071496669187     
 -0.948557861522829     
  -13.6503287260595     
   39.0162720865814     
   10.3934186503470     
  -44.2799227342046     
   16.9985032288907     
  -3.39899318528699     
  -17.0296499828559     
   26.6278494209612     
   42.8523428685683     
  -45.2948178456658     
   4.07211941515523     
  -28.8642659641049     
  -15.0827479819488     
  -31.0352014948491     
   12.3078463854486     
  -26.5530488258961     
   2.99970104537397     
   9.89939885303396     
  -2.75509792567020     
  -26.4031574980507     
   11.3095040668133     
  -28.7411594884643     
   7.98969399669185     
  -48.8230897517525     
   20.7344668157074     
   25.6988654369293     
   44.1966200680123     
  -1.59489536396337     
  0.553635508932189     
   30.6170574908668     
   45.6683573147852     
   4.31883140475728     
  -27.1739320231781     
  -17.4599446585255     
   43.9674452608343     
   42.1358789540227     
  -15.9369373757175     
   8.42180346886617     
  -19.8415186016493     
  -38.7747079636815     
   23.9968003994961     
   18.4491153666684     
   27.3355811724081     
   46.3565866633809     
  -21.7950894111055     
  -33.3781831988867     
  -61.2169215828192     
   21.8437910661956     
   41.4152853220487     
 -0.170211585034350     
  -26.9657975807706     
   41.7437323682140     
  -15.6852670407813     
  -1.26602756768375     
   9.46260077065669     
   28.3012103526786     
  -15.7519315348915     
  -1.73358630316036     
  -1.57213902769179     
  -6.58885434811208     
  -44.6308247371103     
  -42.8502273684503     
   33.6684422084258     
  -23.3496236268467     
   15.0802038468193     
  -15.2225111693758     
 -0.853606338236065     
   1.04898643100356     
   46.6939957873606     
  -21.7646927496525     
   22.7193674983801     
   27.2773870716263     
  0.749003335414564     
  -10.2192307036939     
  -49.9066757241567     
   22.1124802929486     
   26.6362700215172     
   42.8681589076616     
  -3.37458344872098     
   3.94047525750024     
   9.76316720715057     
 -0.260101204750045     
   26.5210332469787     
   43.1146500931511     
   30.1904636298542     
   44.4384108245546     
   21.6778892602310     
   22.9094869907568     
  -38.5321936472774     
   21.5536665633388     
  -8.47176905734693     
   8.47054856969472     
   44.3300586254696     
  -15.1857181187667     
   44.2517173292369     
  -15.7093048942989     
 -0.949418604816619     
  -13.6505935026916     
   39.0163363332487     
   10.3915342403370     
  -44.2796518767059     
   16.9997985338336     
  -3.40000818189901     
  -17.0298491461272     
   26.6291622706007     
   42.8509886328722     
  -45.2950368537176     
   4.07351598531188     
  -28.8652248752021     
  -15.0819048059124     
  -31.0350921673417     
   12.3086761422045     
  -26.5533254334273     
   3.00027439144686     
   9.89896307182241     
  -2.75572716487236     
  -26.4030783600347     
   11.3101732916029     
  -28.7412176367468     
   7.99040990371162     
  -48.8226811422897     
   20.7359048735360     
   25.7002466888342     
   44.1952984491441     
  -1.59512868582230     
  0.553547126376499     
   30.6184758064802     
   45.6668436348905     
   4.31736394694712     
  -27.1744043141562     
  -17.4586504111406     
   43.9677570025677     
   42.1348529497282     
  -15.9390007282582     
   8.42064954709968     
  -19.8421590766168     
  -38.7741744061705     
   23.9978822496998     
   18.4498423163975     
   27.3345726333123     
   46.3552923487680     
  -21.7973428420020     
  -33.3812318594094     
  -61.2158067037062     
   21.8450629435457     
   41.4141147726033     
 -0.171655924318364     
  -26.9660981580343     
   41.7426905497289     
  -15.6873163659674     
  -1.26595428367760     
   9.46240114292290     
   28.3002024335064     
  -15.7534024261481     
  -1.73393989364582     
  -1.57232716646987     
  -6.59105534899559     
  -44.6308843456539     
  -42.8493874085067     
   33.6695873944517     
  -23.3495208588601     
   15.0808501087852     
   15.2218152982908     
 -0.853597496321074     
  -1.04906638197432     
   46.6949095947951     
   21.7628375654869     
   22.7185944052943     
  -27.2783398892783     
  0.749461164553294     
   10.2190145973922     
  -49.9072514065850     
  -22.1111433643367     
   26.6349956568002     
  -42.8692465747842     
  -3.37461247402400     
  -3.94051771736323     
   9.76330475286444     
  0.259612427222011     
   26.5197214838391     
  -43.1157224472004     
   30.1891415476121     
  -44.4396183366236     
   21.6772647907396     
  -22.9104054389662     
  -38.5327493595830     
  -21.5526456756115     
  -8.47192739308101     
  -8.47044222625417     
   44.3307518656890     
   15.1839554627061     
   44.2524296048839     
   15.7075460861013     
 -0.948824523279564     
   13.6504339896622     
   39.0161270058209     
  -10.3930813916907     
  -44.2800566482260     
  -16.9986361049874     
  -3.39931164222317     
   17.0297360689076     
   26.6278887614059     
  -42.8520744079115     
  -45.2950161036811     
  -4.07234952058191     
  -28.8645796522579     
   15.0826392880929     
  -31.0353423384704     
  -12.3079038521154     
  -26.5532355256860     
  -2.99974922231740     
   9.89919923750425     
   2.75524080278830     
  -26.4033002669512     
  -11.3095338365928     
  -28.7413237281020     
  -7.98973910345342     
  -48.8232072452324     
  -20.7346053825484     
   25.6989110363269     
  -44.1963602915659     
  -1.59506287535483     
 -0.553600356535754     
   30.6171143924530     
  -45.6680731159482     
   4.31843030973538     
   27.1740725971243     
  -17.4599471864364     
  -43.9674156987700     
   42.1355473419376     
   15.9373318058626     
   8.42145367750803     
   19.8416858482911     
  -38.7748316381942     
  -23.9968621900373     
   18.4490680365558     
  -27.3353724174659     
   46.3562133590308     
   21.7955401847487     
  -33.3794268447611     
   61.2164873169939     
   21.8438192594001     
  -41.4150440552688     
 -0.170609383936333     
   26.9659005300662     
   41.7434040464125     
   15.6856528592293     
  -1.26614970337382     
  -9.46251478725632     
   28.3008829907745     
   15.7522299981168     
  -1.73375050307703     
   1.57222122342675     
  -6.58941207212010     
   44.6308901156828     
  -42.8503618502827     
  -33.6683919830616     
  -23.3490961535238     
   15.0800792559331     
  -15.2232943059264     
 -0.853221031933922     
   1.04879841272785     
   46.6936356797432     
  -21.7667062066557     
   22.7209903538872     
   27.2762612408671     
  0.749028858868381     
  -10.2194746930085     
  -49.9052186927918     
   22.1144735004367     
   26.6385644349719     
   42.8668527679999     
  -3.37399203910320     
   3.94037885111002     
   9.76362601473033     
 -0.260678768864511     
   26.5233099219110     
   43.1133303710967     
   30.1928460377653     
   44.4369485763718     
   21.6792908831533     
   22.9083981018863     
  -38.5307877721499     
   21.5551112373293     
  -8.47096942722279     
   8.47067178738059     
   44.3299424827236     
  -15.1876514773690     
   44.2516167681727     
  -15.7112237950010     
 -0.949496867893557     
  -13.6507539887687     
   39.0172585727127     
   10.3897658631157     
  -44.2784167170293     
   17.0015171587105     
  -3.40020580341775     
  -17.0299090104503     
   26.6314422117792     
   42.8496695212382     
  -45.2943971869785     
   4.07513374584200     
  -28.8653066347515     
  -15.0810548227082     
  -31.0340971516880     
   12.3097237060674     
  -26.5527813022547     
   3.00097245894761     
   9.89931325265131     
  -2.75631826019231     
  -26.4021309439567     
   11.3110431079548     
  -28.7404295386882     
   7.99132333099505     
  -48.8212891941866     
   20.7378545514223     
   25.7025757091974     
   44.1940335342027     
  -1.59471498190297     
  0.553422780011578     
   30.6209036097915     
   45.6653747273187     
   4.31682218455628     
  -27.1747751644368     
  -17.4563210888142     
   43.9682843105484     
   42.1347110063442     
  -15.9408694308599     
   8.42035137488420     
  -19.8426874551882     
  -38.7726649648383     
   23.9993572759442     
   18.4514436270513     
   27.3335883301338     
   46.3549429495559     
  -21.7993794889455     
  -33.3837191958259     
  -61.2144025547522     
   21.8472420265586     
   41.4130016942381     
 -0.172209716548229     
  -26.9662917367377     
   41.7425529073450     
  -15.6891517801772     
  -1.26513575959109     
   9.46223685020210     
   28.3000551203605     
  -15.7547194555967     
  -1.73361701839771     
  -1.57239935823614     
  -6.59228123170902     
  -44.6308305480107     
  -42.8474231692324     
   33.6712367120665     
   23.3492473398069     
  -15.0821659079192     
   15.2204391231594     
  0.853443152262658     
  -1.04924559282042     
  -46.6967010941825     
   21.7593103762780     
  -22.7172122414510     
  -27.2801675861054     
 -0.750406582636002     
   10.2185724264203     
   49.9082926639167     
  -22.1084614630943     
  -26.6326481032443     
  -42.8713298848330     
   3.37460637225487     
  -3.94063125002234     
  -9.76364523893657     
  0.258663335032492     
  -26.5173599233304     
  -43.1177963223239     
  -30.1867108656535     
  -44.4419520027451     
  -21.6761544141190     
  -22.9121737075332     
   38.5337654861228     
  -21.5506766588280     
   8.47216209877522     
  -8.47028716097268     
  -44.3320989998099     
   15.1806549956012     
  -44.2538505604035     
   15.7042370039222     
  0.947655026670745     
   13.6500573149978     
  -39.0158284406071     
  -10.3959940865423     
   44.2807729810469     
  -16.9963344289953     
   3.39787964867439     
   17.0295022616473     
  -26.6255377262140     
  -42.8541479897094     
   45.2949286822199     
  -4.06992416314794     
   28.8632842483489     
   15.0839712699598     
   31.0357557405961     
  -12.3064309916736     
   26.5530138843039     
  -2.99874888429159     
  -9.89967628397896     
   2.75426842800489     
   26.4036658998355     
  -11.3083444797825     
   28.7414232766832     
  -7.98846585963404     
   48.8241606549923     
  -20.7320002672240     
  -25.6964892970970     
  -44.1983912361195     
   1.59485750548745     
 -0.553722331132462     
  -30.6145978995163     
  -45.6704082509041     
  -4.32054600019085     
   27.1733605764746     
   17.4623291199538     
  -43.9667619193793     
  -42.1369653982220     
   15.9341700921767     
  -8.42307564612610     
   19.8407340700914     
   38.7759869219041     
  -23.9948629551159     
  -18.4476907180201     
  -27.3369316807192     
  -46.3580342602126     
   21.7920243768001     
   33.3742486306459     
   61.2186371931944     
  -21.8415683120782     
  -41.4168374339119     
  0.168516066824181     
   26.9654800269614     
  -41.7447850340322     
   15.6825106874365     
   1.26644533678393     
  -9.46282398472317     
  -28.3022470375392     
   15.7499817611346     
   1.73337389894010     
   1.57197108220397     
   6.58611703729808     
   44.6308722437350     
   42.8521297278786     
  -33.6661368538546     
  -23.3493560952475     
   15.0815909779203     
   15.2208922013719     
 -0.853532949601581     
  -1.04923496561985     
   46.6959514913265     
   21.7606776222944     
   22.7177960286208     
  -27.2795233828287     
  0.750007697216495     
   10.2186442177177     
  -49.9078499342234     
  -22.1097930569375     
   26.6336464003245     
  -42.8705869727219     
  -3.37463712581757     
  -3.94068773129526     
   9.76349650147751     
  0.258968414204030     
   26.5183674809584     
  -43.1170430262728     
   30.1877601075991     
  -44.4410981658382     
   21.6766237406155     
  -22.9115478583871     
  -38.5333146026922     
  -21.5517250847407     
  -8.47206035449560     
  -8.47048454782986     
   44.3315339756343     
   15.1819200778203     
   44.2532556747499     
   15.7055105110367     
 -0.948183116536350     
   13.6500798227856     
   39.0159486957831     
  -10.3948481564555     
  -44.2804587295142     
  -16.9975038891959     
  -3.39850235348657     
   17.0294771644029     
   26.6265393995555     
  -42.8534106436345     
  -45.2949526519996     
  -4.07116807393237     
  -28.8638552021680     
   15.0831807196654     
  -31.0355717326449     
  -12.3072388175367     
  -26.5531127485753     
  -2.99929972413356     
   9.89946749123543     
   2.75457672971506     
  -26.4035017867411     
  -11.3090216499467     
  -28.7413769219660     
  -7.98917078004768     
  -48.8237260159053     
  -20.7333125455825     
   25.6975117060424     
  -44.1976708710614     
  -1.59494502929786     
 -0.553751642482296     
   30.6156823211718     
  -45.6695623581414     
   4.31958200685888     
   27.1735256389340     
  -17.4613099386405     
  -43.9672190062278     
   42.1363637201625     
   15.9353700216546     
   8.42235723623596     
   19.8410018892675     
  -38.7754599065358     
  -23.9959133878498     
   18.4482720401908     
  -27.3364045246091     
   46.3572580144140     
   21.7933892737215     
  -33.3768577306814     
   61.2174011713827     
   21.8425103591286     
  -41.4162222736076     
 -0.169451246700644     
   26.9655173645567     
   41.7441929801040     
   15.6836928876124     
  -1.26632120522501     
  -9.46281873437988     
   28.3016566011327     
   15.7508141232424     
  -1.73354222509838     
   1.57197464186272     
  -6.58754819341216     
   44.6307557056919     
  -42.8513391449654     
  -33.6673646714181     
