   9.1165746e+01   8.2052558e+01   9.8079482e+01   9.8810969e+00   8.9443067e+01   3.5744252e+01   9.1851305e+01   4.4399049e+01   9.5076080e+01   5.8093060e+01   1.4860536e+00   8.1367491e+01   5.3794786e+01   2.8716742e+01   8.4239258e+01   8.2657669e+01   6.4350249e+00   7.6876603e+01   9.8339918e+01   7.5088208e+01   2.2194995e+01   9.0608897e+00   4.7291099e+01   9.0822306e+01   3.0087147e+01   8.9477923e+01   3.3820265e+01   7.8998123e+01   1.2728515e+01   6.9613743e+01
  -9.3285078e+01  -6.2893680e+01   8.2822433e+01  -9.5275746e+01  -6.6290580e+00   3.7589693e+01   9.3958001e+01  -5.2947572e+01  -3.9402556e+01  -8.8844112e+01   4.3394572e+01  -7.4009788e+01  -3.8691222e+01  -9.9551088e+01  -9.8170709e+01   3.9283119e+01  -7.4538949e+01  -6.1460599e+01  -1.2351840e+01  -8.4128628e+01  -9.2992877e+01   8.6847378e+01   9.6980590e+01   6.7148508e+01  -3.1934343e+01  -6.4959536e+01   6.1502882e+01   6.0990078e+01   6.5802379e+01  -3.3521389e+01
  -3.7927654e+00   7.5496812e+01  -5.7757854e+01   4.2972096e+01  -1.8738471e+01   3.8553367e+01  -3.2866670e+01   9.6951177e+00   8.4555865e+01  -6.7024213e+01   4.6125716e+01  -1.1744100e+01   1.8145315e+01   6.2993332e+01  -7.9370322e+01   7.4342847e+01  -5.5282880e+01   2.5921146e+01   8.0123633e+01   3.4086777e+01   8.9229304e+01   4.9779876e+01   5.6330491e+01  -1.3532133e+01   6.7516153e+01   4.4854962e+01   5.2457112e+01  -3.2379064e+00   5.6871282e+01  -3.6214546e+01
   3.5492419e+01   4.5404723e+00  -6.5458169e+01   9.2577833e+00  -7.1119035e+01   2.4196541e+01   1.1489867e+01   3.1806087e+01  -1.4472876e+01   1.8495709e+01  -8.8500159e+01  -1.4161784e+01  -6.6477127e+01  -3.5008990e+01   4.1578502e+01   3.3861656e+01  -5.7024044e+01   4.1019968e+01   1.4204250e+01   3.6095990e+00   8.0312700e+01   6.8748041e+01  -9.5113830e+00   4.1688150e+01   2.9968515e+01   9.7133033e+01  -2.5365821e+01  -5.1855363e+01   4.7947938e+00   6.6300542e+01
  -8.6477314e+01   9.8110311e+01  -1.9121548e+01  -5.9793172e+01   8.9418271e+01  -7.0678273e+01  -7.3984774e+01   2.6184814e+01  -9.6996822e+01   4.9674008e+01  -5.2915468e+01  -9.8324570e+01  -6.8551943e+01  -4.3157275e+00   1.8089816e+00  -1.6560102e+01   1.5740066e+01  -6.7486273e+01  -2.3230765e+01  -2.9623873e+01  -4.0826271e+01  -8.1265664e+01  -4.4578125e+01   4.2197547e+01   8.1689911e+01   5.4190328e+01   4.4707791e+01  -3.6774398e+01  -5.0631072e+01   9.3225671e+01
  -8.6856744e+01   7.2237111e+01  -1.5561162e+01   7.1267299e+01   2.2962716e+01   1.5436285e+01   8.7414154e+01   3.4022123e+01   6.6486989e+01  -6.2646255e+01   6.9176447e+01  -1.5103524e+01   7.8345432e+01   8.7068879e+01  -8.0335643e+01   1.9768394e+01  -7.0158883e+01  -6.5320184e+01   5.2087588e+01  -4.3575362e+00  -8.6912729e+01  -2.2744536e+01   8.0358048e+01  -3.1665115e+01  -6.7917385e+01  -3.6844883e+01  -5.1000912e+01   5.8191469e+01   1.1315790e+01   6.3276243e+01
   7.3043183e+01   8.4263507e+01  -4.1478188e+00  -4.5640800e+01  -6.8628308e+01   5.0300710e+01  -9.4594212e+01   1.5435301e+01   5.3874899e+01   2.8258820e+01  -8.6048791e+01   5.3708487e+01  -1.5516014e+01   9.5712432e+01  -5.8031693e+01  -3.7972166e+01   6.1159227e+01   2.6768393e+01   6.0055135e+00   4.9873317e+01  -9.5291379e+00   7.1074984e+01   2.8781648e+01   1.3916538e+01   3.2820613e+01  -9.6185202e+01  -5.5863589e+01  -4.3697035e+01   6.5131570e+00  -8.2373074e+01
  -3.0856893e+01  -1.2428737e+01   2.9232806e+01   9.2252369e+01  -5.7995384e+01   8.2414159e+01   8.3175369e+01   9.5700631e+01  -4.7889535e+01  -6.8079858e+01  -7.0406189e+01   3.6243851e+01  -7.9133718e+01   7.5335689e+01  -2.8920619e+01   4.3911539e+00   4.4025597e-01  -4.6697162e+01   7.2840489e+01  -6.9610070e+01   1.2188620e+01  -3.4319723e+01  -7.6665418e+01   5.1312060e+01   8.0948619e+01   1.7714448e+01  -7.0715784e+01  -4.6082581e+01  -7.2326040e+01   5.5026120e+01
  -8.4048977e+00   3.7390235e+01  -7.7397216e+01   9.6191458e+01  -7.3635208e+01  -1.0213811e+01   7.0028612e+01   4.8518576e+01  -6.1090719e+01  -2.5053169e+01   3.4013582e+01  -1.1739445e+01  -1.8740786e+00  -3.8599071e+01   1.5196228e+00   9.8090489e+01  -9.6775684e+01   6.9504690e+01  -7.8948082e+01   5.6186697e+01  -2.0128265e+01   1.2278792e+01   8.8183299e+01  -8.3198119e+01   3.6057422e+01  -7.7374747e+01  -7.1801814e+00  -4.3994795e+01  -8.1581034e+01  -1.5552570e+01
  -4.0613888e+01  -5.6924715e+00  -8.0543870e+01  -7.7661913e+01  -6.0465597e+01   3.3721123e+01   5.4391453e+01   7.4455227e+01  -9.5475043e+01  -7.6272820e+01   3.1962249e+01   9.9998437e+00   5.0618747e+01  -4.5374064e+00   1.9526373e+01   6.2675687e+01   2.3035226e-01  -4.1166885e+01   1.1558592e+01   5.6440670e+01   6.3886498e+01  -7.3466899e+01   9.5170505e+01  -1.9522299e+01  -1.1833927e+01  -5.7383522e+01  -8.9928910e+01   7.4191203e+00  -2.2208544e+01  -2.5414651e+01
   1.4466279e+01   3.6782593e+01   7.8820063e+01   4.7248037e+00  -8.2723587e+01  -2.3023251e+00  -7.0831432e+01  -2.8356076e+01  -2.9858302e+01   7.2521258e+01   4.9662048e+01   7.2502127e+01   2.1220751e+01   5.6326600e+01   3.3950131e+01   9.5857149e+01  -2.6952487e+01  -2.0784889e+01  -9.2878696e+01   4.0388680e+01   3.1374382e+01   6.8819478e+01   3.6922847e+01   1.7221933e+01  -4.9366530e+01   6.3094604e+01  -6.9159905e+01   8.8219331e+01   8.0017131e+01  -5.4391907e-01
   3.6015827e+01   5.9797593e+01   7.6778909e+01  -2.1552180e+01  -5.6781304e+01  -4.7071030e+01   2.1310856e+00   8.4169088e+01  -4.7891855e+01   4.1189336e+01   1.4235689e+01   8.0769039e+01   5.5855971e+01  -3.0193743e+01  -6.4213157e+01  -3.4974182e+01  -2.3263331e+01  -3.0990909e+01   7.5380453e+01  -9.7561537e+01  -2.7006802e+00  -6.6806740e+00  -6.8807834e+01   9.6559479e+01  -8.4189967e+00   5.1294472e+01   6.1108115e-01   7.1073084e+01   4.6696387e+00   9.9594133e+01
   2.6627040e+01   6.2526144e+01  -9.5045418e+01   9.5963541e+01  -1.7236198e+01   3.1085099e+01   5.6317012e+01   4.4102506e+01   6.4098846e+01   6.5041500e+01  -6.6989630e+01   7.1710692e+01  -5.3109677e+01  -6.9448554e-02   8.1505640e+01   4.4790640e+01  -1.9147918e+01  -9.1951990e+01  -7.2274406e+01   1.7842007e+01   5.5170813e+01   2.5132674e+01   5.5172244e+01  -9.6542062e+01  -4.5684553e+01   7.2869765e+01   8.8994013e+01  -1.2843592e+01   2.5101742e+01  -9.0262776e+01
  -7.6546170e+00  -6.2282500e+01  -3.3393109e+01  -8.0185217e+01   4.3210200e+01  -1.3041281e+01   4.4711089e+01   2.0422899e+00   2.0217417e+01  -8.3946662e+01  -5.9200686e+01  -2.3900637e+01  -3.2755827e+01   4.2381659e+01  -4.4330743e+01   7.3290533e+00  -8.2699903e+01  -2.0177924e+01   5.1595680e+01  -3.0877922e+01   2.3214551e+01   9.4147407e+01  -7.2120717e+01   3.9664360e+01  -9.1957751e+01  -8.9365365e+01  -4.4889782e+00   1.0169172e+01   1.7653534e+01  -9.1739765e+01
   7.5360280e+01   5.9618339e+01   7.0778882e+01  -8.1149497e+01  -3.8858980e-01   2.4179154e+01   2.2870374e+01   7.9082141e+01   2.6989400e+01  -2.3217464e+01  -1.4494594e+01   7.7631743e+01   5.0223134e+01  -3.7341529e+01  -4.9320376e+01  -6.3906017e+01  -6.1836229e+01   8.3836608e+01  -2.9146104e+01   6.6163655e+01   3.7231509e+01  -6.1377851e+01  -1.2296166e+01  -1.6761567e+01  -1.7300438e+01  -1.2603437e+01  -7.0569815e+01  -3.5429208e+01   4.6782455e+01  -6.6748715e+01
  -6.2695406e+01  -6.7509540e+01  -6.8463025e+01  -3.9422693e+01  -4.7113062e+01   3.6497904e+01  -9.1513931e+01  -6.9081067e+01  -1.2720838e+01  -1.8935151e+01  -6.3409602e+01   1.5895899e+01  -9.4655358e+01  -9.6976708e+01  -4.8876223e+01  -9.7495578e+01   3.9674514e+01   3.2210863e+01   7.7675226e+01   8.0487825e+00   4.3363870e+01  -9.8434481e+01   9.9333065e+01   7.1628906e+01   2.1439664e+01  -8.2608684e+00  -7.0504107e+01   8.8205089e-01   3.7355339e+01   5.2509682e+01
   9.0384323e+01   9.7017868e+01  -5.6903839e+01   1.2158575e+01   8.0578506e+01  -1.9216638e+00  -3.0823340e+01  -6.0835534e+01  -4.7316942e+01   6.5306159e+01   9.6419190e+01  -5.5227473e+01   3.6996272e+01   7.4580553e+01  -2.5759185e+01  -7.2503291e+01   7.7097261e+01  -3.7568396e+01  -3.6515150e+01  -1.8370817e-01   2.2535739e+01  -8.0073680e+01  -7.3583114e+01  -9.4429914e+01   4.8670951e+01  -2.7075105e+01   1.2166837e+01   8.5687881e+01  -5.4542556e+01  -7.9380020e+01
  -4.7672610e+01   2.3607895e+01  -1.9280032e+01   8.0533568e+01   1.6826564e+01   3.7237308e+01   1.6969241e+01   9.6371256e+01   5.9306326e+01  -9.2782791e+01  -2.8955909e-01   5.1674668e-01  -3.3024808e+01  -6.9237614e+01  -9.9157842e+01  -6.7729049e+01  -4.2868727e+01  -6.3942376e+01   9.4509361e+01   7.1048713e+01   9.3969907e+01  -4.6501162e+01  -8.9043756e+01   5.8372219e+01   4.4629882e+01  -7.6908170e+01   5.4799821e+01   4.7783084e+01   2.7938508e+01   3.3033440e+01
  -7.8748710e+01   6.9903043e+01   2.6427182e+00   4.5713547e+01  -3.1497049e+01   8.2522325e+01   4.7707513e+01   3.7989474e+01  -8.0788446e+00  -6.1666316e+00  -1.1591960e+01   1.5944184e+01   4.6215346e+01  -7.4113586e+01   2.0006411e+00   6.6154886e+01   6.7275957e+01  -2.6092407e+01  -7.0547176e+00   7.4067028e+01   1.4942701e+00   4.9204525e+01  -1.8858691e+01   2.6680691e+01  -7.5409954e+01   6.9066192e+01   5.0731105e+00   4.3648026e+01   1.6475812e+01  -4.7120484e+01
   7.9591436e+01  -3.5898977e+01   5.2788131e+01  -9.5320884e+01   8.9043777e+01   3.1648545e+01   2.4478123e+00  -7.4948731e+01  -7.5361638e+01   4.3503351e+01   3.9179556e+01   3.6741399e+00  -9.4248670e+01   8.7499034e+01  -2.3388360e+01   8.6067548e+01   8.3263135e+01  -9.2474794e+01   6.8422838e+01   6.5304891e+01  -5.2407732e+01   5.1161899e+01  -5.3600000e+01   9.1919385e+01  -3.2359224e+01   7.8263721e+01   5.0347030e+01   8.1919693e+01  -2.3281919e+01  -4.2833919e+01
   6.6129656e+00  -3.6970669e+01   2.3496594e+01   5.6008086e+01   7.6339367e+01  -9.8093140e+00   4.5614746e+01  -8.9598868e+01  -4.5520715e+01   3.8090482e+01   5.7101503e+01  -5.8189688e+01  -5.5739921e+01   1.8121502e+01   7.1236539e+01  -9.2048885e+01  -9.4550541e+01  -1.5453912e+01   4.1867616e+01   2.4118336e+01   2.3887787e+01   3.7102444e+01   6.3701769e+01  -5.9606051e+01  -4.3548845e+01  -5.3633124e+01  -8.2266302e+01  -8.6613998e+01   6.7131192e+01   5.6288889e+01
   1.5312746e+01   9.7700739e+01  -1.2581184e+01   2.7371640e+01   5.2565912e+01   9.2319587e+00  -3.0528229e+01   5.0620578e+01   7.4853877e+01   5.3788475e+01  -9.2213323e+01  -5.7497240e+01   2.8184779e+01   4.9071435e+01  -9.5093620e+01   9.0615962e+01   8.8876964e+01  -9.2105365e+01   3.6475903e+01   1.4736111e+01   2.6283618e+01   1.3520698e+01   7.4165744e+01  -8.3804043e+01   9.2056941e+01  -2.8541625e+01  -3.4143827e+01   8.0197205e+01   5.2307850e+01   3.6516939e+01
   3.6700126e+01  -6.9347145e+01   1.1410370e+01  -2.6883924e+01  -6.5325532e+01  -5.5461021e+01   8.5300648e+01  -6.8101382e+01  -7.6966323e+01  -8.9003829e+01   4.5087026e+01   9.9997798e+01   7.6766670e+01  -3.5945451e+01   3.9226109e+01  -1.2128959e+01  -3.9869604e+01  -4.3357654e+01  -3.4003157e+01  -3.6523992e+01  -9.7192667e+01  -5.0475566e+01   7.6891433e+00  -4.9328095e+01   2.1631856e+00   7.7104627e+01  -8.1984905e+01   5.0979702e+01  -8.2080135e+01   8.1850315e+01
  -8.8783610e+01  -7.4287044e+01   2.1179964e+01  -6.5944753e+00  -1.3604320e+01  -4.5224007e+01   1.5206938e+01   6.0838795e+01  -3.4501609e+01   5.5260094e+01   1.6091594e+01   2.2283678e+01   4.6053255e+01   8.7463141e+01  -3.8200543e+01  -9.0493957e+01  -8.8750785e+01  -2.9849048e+01   2.9200408e+01   2.2042066e+01   9.3286717e+01   9.1839326e+01  -7.0380461e+01   2.0830035e+01  -7.9421285e+01   9.4310251e+01   6.9352095e+01   3.2055606e+01   9.7164651e+01  -1.5567906e+01
  -3.9722931e+01  -2.4575062e+01   2.5960026e+01   2.6079747e+01   2.2101193e+01  -3.4174424e+01  -3.0332907e+01  -7.4628383e+01   7.7058128e+01  -9.7178261e-01   2.6430713e+01  -7.5680955e+01  -3.1942210e+01  -1.7338139e+01  -4.8079061e+01   7.1114235e+01   1.0137168e+01  -3.5779818e+01   5.6154744e+01   5.4452508e+01  -1.4514975e+01  -3.9607787e+00  -5.0648272e+01  -1.1640124e+01  -5.0635637e+00   7.1241556e+01  -9.4875703e+01   3.0664967e+01  -5.3788548e+01   3.0465729e+01
  -6.1835215e+01  -3.4729032e+01  -9.7470715e+01   7.4727869e+01  -9.5017129e+01  -8.8946223e+00   7.0746510e+01   7.4297803e+00   4.2028202e+00  -8.2511142e-01   1.9319245e+01  -5.8357946e+01  -7.4572008e+01   4.6943331e+00   5.1876802e+00   5.5827653e+01  -9.3062781e+01  -8.8724779e+01   3.7279311e+01  -3.5936117e+01   1.0226273e+01   1.8560702e+01  -3.7813682e+01  -8.5119062e+01   6.9933474e+01  -4.3024727e+01  -8.4683788e+01   4.5228024e+00   7.0534752e+01  -8.8015423e+01
   7.7523244e+01  -1.1227210e+01  -6.4708232e+01  -8.7109714e+01   5.0006878e+00  -7.0460247e+01  -2.2343257e+01   9.6669898e+01   5.4053588e+01   1.2251552e+01  -9.1200497e+01  -4.9668679e+01   1.4461973e+01  -1.9177466e+01  -5.9620628e+01  -3.5607015e+01  -6.7480013e+01   3.9800619e+01  -1.2902872e+01  -4.5904765e+01   4.9303319e+01   4.9228036e+01   9.0487901e+00  -5.1478577e+01  -8.1891259e+01   4.7917973e+01  -7.5116798e+01   5.9268589e+01   6.5232395e+01  -5.5502688e+00
  -5.0865601e+01   2.4001220e+01   4.8473223e+01   4.9089200e+01  -8.7076001e+01  -6.1405119e+01   4.0129129e+00   9.7754345e+01   6.5167716e+01   6.3464280e+01  -5.4004139e+00  -6.9547460e+01   4.0108082e+01  -3.9659118e+01  -9.0035770e+01  -4.5856343e+01   6.9742814e+01  -3.5886270e+01   2.9330737e+01  -9.7453692e+01   7.3188970e+01   3.0658186e+00   8.7929572e+01  -5.9605120e+01  -8.8891522e+01   8.6193479e+01   8.4393781e+01  -5.2203232e+01  -5.0935400e+01   5.0825004e+01
   5.6172322e+01   1.6000988e+01  -4.1994647e+01  -2.9701181e+01  -8.7721853e+01  -2.4370212e+01  -5.4802975e+01  -3.4576568e+01  -3.8172759e+01  -1.6412321e+01   1.2464462e+01   1.4746013e+01   4.6684660e+01  -5.3159811e+01   6.3488607e+01   6.1466151e+01  -9.1360649e+01   5.1061512e+01  -2.4555415e+01   1.0417393e+01  -3.2656903e+01  -3.2554446e+01  -9.1501297e+01   9.3627757e+01  -1.0843028e+01  -9.1266634e+01  -4.8071268e+01   4.8758032e+01  -7.6636316e+01  -4.4568671e+01
  -8.2416670e+01   5.2541430e+01   8.7266168e+01  -8.3303545e+00   6.0759800e+00   3.9608319e+01   1.6751093e+01  -1.0717501e+01   4.5498553e+01  -7.2587383e+01   8.9404376e+00  -8.3809832e+00  -2.7395973e+01  -1.0524621e+01  -5.8864574e+01   3.6067088e+01  -5.9035201e+01  -1.5875657e+01  -5.3759137e+00  -2.6088884e+01   6.6186980e+01   2.5458143e-01   7.7920860e+01  -5.1069026e+01   9.5806923e+01  -3.9351826e+01   8.7338862e+01   7.2637394e+01   3.7237088e+01  -4.0798731e+01
  -5.3042171e+01  -3.8772364e+00  -8.2102667e+01   6.1208700e+01   6.5809783e+01   9.7198228e+01   2.9364210e+01  -1.4407276e+00  -5.4316729e+01  -4.4305884e+00  -5.5011257e+01  -6.6228005e+01  -7.0949717e+01  -2.2298750e+00   8.5316140e+01   4.4543075e+01  -3.2167932e+01   2.5838303e+01   9.8709296e+01   8.8926199e+01   8.0148702e+01   5.7678921e+01   9.7920228e+01   1.1141817e+01  -3.4250974e+00   3.2532498e+01  -3.7893183e+01  -2.8910399e+01   3.3212603e+01   2.6297460e+01
   3.5472672e+01   1.0992876e+01  -4.6829065e+01  -8.5034048e+01  -1.3872917e+01  -3.9106110e+01   1.1744818e+01  -3.3224518e+01  -5.8276749e+01  -5.8039080e+01   6.4514975e+01  -8.6967705e+01  -3.8890078e+01   6.8023256e+01  -1.6131213e+01  -3.4686899e+01   8.1102803e+01  -2.3609392e+01  -6.7643053e+01   2.1048573e+01   3.9181836e+01   4.3646798e+01   4.0525081e+01   3.9484480e+01   7.9545845e+01   4.8700918e+01  -2.5167478e+01  -4.0859081e+01   5.1200445e+01  -9.2225803e+01
  -5.2920644e+01  -1.0502848e+01  -1.4933369e+01   6.3201214e+01   5.9190349e+01   4.9192203e+01   2.3807749e+01  -4.2374409e+01  -4.9556771e+01  -6.0578342e+01  -8.7239241e+01   2.1053712e+01   9.4997410e+01  -3.4689101e+01   8.9113998e+01   5.0746424e+01   6.5590848e+01   8.7569487e+01  -8.7773584e+01  -8.3132583e+00   3.7877319e+01  -6.6734591e+01  -5.7333909e+01  -5.2354880e+01  -1.7370034e+01   6.4547261e+01   3.2040886e+01   8.2129157e+01   5.5335966e+01   5.5476433e+01
  -5.6374587e+01   1.1450837e+01  -6.2739320e+01  -2.4707727e+01   4.5988876e+01   7.2543023e+01  -5.8319359e+00   6.2241307e+01  -6.7211823e+01   7.9167098e+01  -5.5522973e+01   4.3699573e+01   9.3401886e+01   6.7574930e+01  -2.7728780e+01  -6.5958084e+01  -5.1078666e-01  -8.0414658e+01  -8.6073100e+01  -2.9306729e+01  -9.5693947e+01  -4.3216014e+01  -2.4151448e+01   8.6204331e+01   4.9691703e+01  -1.7117562e+01   7.7385211e+01  -7.9238451e+01   8.9759898e+01   8.5095206e+01
   7.8535214e+01  -4.6363366e+01  -5.4937427e+01  -9.6032980e+01   2.8558663e+01   3.8300399e+01  -5.2492936e+00  -7.2328843e+01  -8.4628462e+01   2.9998124e+01   3.8455596e+01   7.8252558e+01   3.7512041e+01   9.2319023e+00  -5.5825850e+01   7.6822707e+01   4.8365744e+01   1.5407233e+00  -8.1566157e+01   3.8867752e+01  -5.3763093e+01   1.1204600e+00  -4.1920763e+01   2.5327768e+01  -4.4953334e+01  -2.0360549e+01  -5.6848928e+01  -8.6613882e+01  -8.7916411e+01  -1.1875220e+01
  -9.2331005e+01   9.7531583e+01   4.6200462e+01  -6.3223810e+01  -7.1413130e+01   6.9577488e+01   2.3423331e+01   6.3582611e+01   9.8129754e+01   4.7372641e+01  -8.0169093e+01  -4.9724485e+01  -6.6137122e+01  -1.8539710e+01   5.7480065e+00  -6.9283189e+01  -4.0635682e+01   1.6859275e+01  -2.3350119e+01  -1.5436144e+01   7.9566510e+00  -7.7571670e+01   2.6953804e+01  -8.5483249e+01  -8.9367061e+01  -1.1736333e+01   3.6963500e+01  -7.9606053e+01   5.0836334e+01  -9.0883193e+01
  -7.5290609e+01  -1.8382488e+01   3.7167452e+01  -7.3921988e+01  -9.6396726e+01   3.7996599e+01  -2.8674797e+01  -5.1287979e+01  -4.3430140e+01   4.9890224e+01  -3.7760497e+01  -8.2489771e+01   3.6665376e+01   5.6054339e+01  -5.6071136e+01   3.1014311e-01   7.9406566e+01   1.8835479e+01  -1.2447146e+01  -3.0947595e+01  -6.0630589e+01   6.3235759e+01  -9.4317516e+01   8.6291710e+01   4.8642257e+01  -6.1733192e+01  -7.2245743e+01   8.9852168e+01  -1.8318656e+01  -9.9931220e+01
  -2.6337102e+01  -2.5351093e+01   7.8598820e+01  -4.5009408e+01   8.2747574e+01  -1.0587756e+01   9.3063307e+01   1.7973842e+01  -8.3931773e+01   5.6993132e+01   5.4381517e+01   4.0157362e+01  -1.5317628e+01   7.5671242e+01   7.9309191e+01  -9.1193820e+01  -8.0464954e+00  -8.1547437e+01   1.4362954e+01   8.7548021e+01   7.4572761e+01   5.3904159e+01  -4.7449549e+01   5.1154631e+01   9.0210737e+01  -2.4926912e+01   7.0767598e+01   9.7857936e+01  -8.7569492e+01  -3.0347284e+01
  -1.2401123e+01  -9.1051460e+01  -6.4219320e+01  -5.2199038e+01  -4.9767396e+01  -1.4120824e+01   6.4961618e+01   1.9689655e+01  -8.0952513e+01  -4.7730277e+01  -4.6683158e+01   3.5855133e+00  -4.4313854e+01   7.8561704e+00  -5.3752186e+01  -1.8607287e+01  -9.6722963e+00   8.5505510e+01   4.1119545e+01   3.8020979e+01   1.1206303e+01   7.4969928e+01   7.0440016e+01   2.4369175e+01   4.1604169e+01   4.5054672e+01   9.0478135e+01   2.8096923e+01  -6.0593747e-01   1.4617854e+01
   2.7213163e+01  -3.6457038e+01  -7.5559617e+01   5.9554901e+01   5.4728037e+01   4.1700153e+01  -2.4922781e+01  -1.4406240e+01  -8.3401208e+01   5.8829984e+01   6.8985571e+01   8.9837027e+01  -4.7873136e+01   3.2785782e+00  -5.9374743e+01   2.3578359e+01  -4.3716246e+01  -5.5525974e+01   3.9161856e+01  -4.3595319e+01  -7.4060936e+00   9.7118051e+01  -6.4035739e+01   9.9320680e+01   8.8760216e+01  -1.2401476e+01   8.7848294e+01   1.4296847e+01  -8.0681283e+01  -9.6936301e+01
  -8.1980822e+01  -4.7250557e+01   2.6306438e+01   4.2100035e+00   6.7035306e+01   7.7133254e+01  -9.4361621e+01   2.7174473e+01  -8.6715273e+01  -5.9781854e+00  -1.9000073e+01   7.1438598e+01  -2.5290516e+01  -9.0809989e+01   4.7025252e+01   3.8386960e+01   7.6783892e+01  -4.2138015e+01  -8.1744910e+01  -6.7666380e+00  -6.4884391e+01   9.3294460e+01   9.4280311e+01  -7.1864924e+01  -1.7061614e+01   6.5580736e+01   7.1052936e+01   2.4138388e+01  -6.6317926e+01   7.7790590e-01
   4.4671172e+01   6.1434613e+01   6.9605066e+01   5.7680308e+01  -8.2736821e+01  -5.8754981e+01   6.2154387e+01   8.7754487e+00   9.1568489e+01  -2.1082354e+01  -7.9761789e+01  -5.2051672e+01   1.0678385e+01   5.5963831e+01  -5.9057322e+01   4.7232199e+01   3.2576076e+01   9.9580079e+01   9.3598102e+01   1.4279645e+01   7.8870894e+01  -9.8093450e+01  -5.3250059e+01   6.6688137e+01   1.6980135e+01   9.7579319e+01  -7.4182921e+00  -7.3185920e-02  -7.5163276e+01  -3.2979909e+01
  -8.3290739e+01   5.1214850e+01  -3.4700319e+01  -8.1045303e+01  -6.2432733e+00   9.3140077e+00  -2.8686242e+01   8.5039839e+01  -3.9732174e+01   8.6859653e+01  -7.5316621e+01  -6.3309149e+01  -1.2726476e+00  -8.1118827e+01   3.4830827e+00  -8.5298934e+01   3.7340286e+01  -2.9996810e+01  -1.1375467e+01   5.4230205e+01   5.6860116e+01   8.5568009e+00  -1.1093613e+01   6.0584413e+01  -9.3736233e+01  -8.7691457e+01  -5.1432217e+01   2.1704482e+01   7.5132266e+01   5.9255855e+01
  -2.3332709e+01  -5.8333438e+01   5.4817324e+01  -3.3807192e+01  -2.1247854e+01  -1.7492672e+01  -4.5696605e+01   1.1707802e+01  -9.5883615e+01   5.1858276e+01   1.6580530e+01  -3.5093063e+01  -7.3316112e+01   9.8026459e+01  -4.3134519e+01   8.7193745e+01   4.2100706e+01   5.3779053e+01   3.6537161e+01   3.2048487e+00  -4.3349790e+01   9.3339026e+01   5.9459135e+01  -6.8479319e+01  -7.4982368e+01   5.8749378e+01   5.2217427e+01   2.9522128e+01   2.7233319e+01   5.8696602e+01
  -6.2785793e+01  -5.6913720e+01  -9.7614218e+01  -6.0752989e+01   7.1667025e+01  -5.6899074e+01   8.1197748e+01   9.7699308e+01  -8.4780406e+01  -1.3212960e+01  -6.9195506e+01  -3.4995705e+01  -2.6983926e+01  -3.0478653e+01  -3.5710436e+01   1.4187722e+01  -8.5766679e+01   5.2773414e+01   8.9204350e+01  -6.4929478e+01   2.1894124e+01  -5.2287638e+01  -2.5392258e+01   2.7040759e+00   4.5360644e+01   2.6561711e+01   9.8966396e+01  -3.9498539e+01   9.5407032e+01   5.2369371e+01
   7.5774773e+01  -8.5930658e+00   7.1091800e+01   8.6472246e+01   7.8819711e+01   9.0525399e+01  -5.5808834e+01   4.4779258e-01  -5.3889408e+01  -8.2302849e+01   5.4860485e+01  -3.0916995e+01  -7.5486718e+01  -7.9358319e+00   2.2694536e+01   6.5543567e+01  -1.6386585e+01   7.4628073e+01  -9.9861338e+01  -9.2010638e+01  -4.1335033e+01  -4.9259433e+01   7.0931075e+01   6.4013036e+01   1.7932566e+01  -5.3424564e+00   1.8721305e+01   2.5656211e+01  -9.6848246e+01  -7.0058102e+01
  -4.0082029e+01  -2.9786910e+01  -3.9501731e+01  -2.4983047e+01  -2.1192792e+01   1.8897892e+01   1.5475392e+01   6.5514878e+01   6.8331475e+01   8.7676811e+00   9.5714542e-03  -3.4147930e+01   3.8357412e+01  -9.1823530e+01   4.0062804e+01  -1.1954418e+01  -4.4688117e+01   1.3693348e-01  -6.0017681e+01   8.3531972e+01   2.4302227e+01  -7.7403089e+01  -2.2789129e+01  -1.6703662e+00   6.6137776e+01  -9.6850922e+01  -1.5500607e+01   6.8065203e+01   1.9884415e+01  -9.1340805e+01
   9.6487284e+01  -2.9788049e+01   5.7853690e+01  -1.5188494e+01   6.1036618e+01   4.2015915e+01   9.5752415e+01  -2.3080206e+01   1.3383801e+01  -5.6421479e+01   9.6082089e+01  -4.3290034e+01   1.6019373e+01   9.1357535e+01  -6.5345966e+00  -5.7424126e+01   5.0562358e+01  -5.9211003e+00   9.1709935e+01   4.7070308e+01  -1.3140196e+01  -3.5094376e+01   7.4031189e+01  -5.5980261e+01   4.6567671e+00   4.7715095e+01  -6.1372532e+01  -4.8750866e+00   8.2850896e+01   9.3949955e+01
  -3.9928225e+01  -8.6918083e+01   5.9987471e+01  -4.8606158e+01   6.9221684e+00  -5.3593020e+01   6.0051936e+01  -9.7188342e+01   3.6118106e+01   5.2825264e+01   8.0595160e+01  -5.0270118e+01  -5.2900272e+01  -7.6312069e+01  -4.5253502e+01   3.2298396e+01   9.7065236e+01   7.1754790e+01  -7.6030759e+01  -7.9677654e+01   7.8127548e+01  -9.6987267e+01   8.0973359e+01  -9.6474837e+01   6.9325195e+01  -1.8487780e+01   4.2848321e+01  -7.1736459e+01   5.8931083e+01  -7.1415009e+01
   4.6288144e+00  -4.0922142e+01  -4.9406501e+01  -4.7294777e+01   1.2602028e+01  -2.6092265e+01  -5.6495245e+01   3.0803721e+00  -4.7746017e+00   8.8423049e+01   8.7239369e+01   9.6211433e+01   1.6450324e+01   5.3564428e+01   1.0633778e+01  -4.3689430e+01   2.5119468e+01   3.9179396e+01  -6.3719825e+01   3.2808031e+01  -5.7266171e+00  -8.9485783e+01  -4.8097964e+01  -7.4527926e+01   7.1230558e+01   3.5574367e+01  -4.1910071e+01   7.3644438e+01  -3.4798555e+01  -1.0578016e+00
   6.0226149e+01   1.1240357e+01  -5.6804632e+01   7.8757920e+01   1.1547748e+00   1.2667343e+01   6.3806935e+01  -5.0445286e+01  -3.8831312e+01   2.7289867e+01   8.3057073e+01   8.2510018e+01  -1.0004072e+00  -1.8321447e+01  -6.0497287e+00   8.7547188e+01   3.7815211e+01  -5.7580171e+01   7.7902662e+01   5.3243388e+01  -7.1793187e+01  -9.5506889e+01   8.5181763e+01   4.6957842e+01   4.7780576e+01  -9.8373167e+01   5.8841094e+01   7.3572492e+01   2.8377726e+01  -7.6026336e+01
   1.4494861e+01  -6.0725801e+01   3.2711430e+01  -5.2749856e+01   3.1960568e+01  -6.0654625e+01   6.6302831e+01  -2.6673243e+01  -9.6000021e+01   7.5217047e+01   1.1374054e+01   8.5527724e+01  -4.7825800e+01  -2.8906264e+01  -1.5034794e+01  -3.9370996e+01   5.8842208e+01   4.1505785e+01   8.9387456e+01   4.5703399e+01  -4.7839441e+01  -8.5510407e+01   9.8338232e+01   2.9521369e+01  -3.2741910e+01   4.6880827e+01  -5.5371195e+01  -4.9664365e+01   3.4950189e+01  -9.7005213e+00
   8.8875070e+01   4.5005934e+01  -2.8270507e+01  -3.5068929e+01  -6.8821587e+01   5.0266584e+01   2.9054940e+01   2.0611071e+01  -7.0892231e+00  -6.8468475e+01  -7.0794971e+01  -8.5667137e+01  -7.8537160e+01  -9.3767541e+01  -2.0198105e+01   2.4084629e+01   4.2885461e+01  -4.3350293e+01   6.7232542e+01  -4.1014178e+01   7.6522203e+00   6.6736983e+01   3.0136281e+01   8.4161873e+01   9.0606198e+01  -3.0812485e+01  -9.2615717e+01  -6.3222039e+01   9.8094345e+01   9.0959147e+01
  -4.1113969e+00  -5.2519749e+01   7.4254534e+01  -9.4513958e+01   6.6172204e+00  -4.7971113e+00  -4.6211821e+01  -5.1197218e+01   3.6098571e+01  -9.3644115e+01   2.7499750e+01   5.2368330e+01   5.8085389e+01   6.2026855e+01   5.4615945e+01  -4.6084042e+01  -2.9472450e-01   4.6492880e+00   9.4157022e+01  -4.4771226e+01  -9.6326160e+01  -3.1676563e+01  -2.5811882e+01  -8.4384477e+00   4.9790136e+01   8.2364559e-01   8.0511949e+01  -8.8623495e+01  -8.6943432e+01   9.6302606e+01
   4.2846011e+01   7.3779032e+01   2.9292377e+01   5.0272074e+01  -7.2837066e+01   1.3465306e+01  -1.4296337e+01   5.2895544e+01  -2.6537056e+01  -1.3336459e+01   6.4051627e+01   3.6268364e+01  -3.9922248e+01  -1.4145453e+01   7.8000087e+01  -4.8188252e+01   4.9634878e+00   5.6110635e+01  -7.7643990e+01   6.0828243e+01   3.4473597e+01   3.8407842e+01   7.6720476e+01  -7.0482853e+01  -7.4063095e+01  -5.8467748e+00  -6.7124831e+01   9.1864716e+01   3.3443695e+01   2.3285658e+01
  -8.4147599e+01  -2.7731394e+01  -6.2577202e+01  -7.6508747e+00   6.1193064e+01   8.2903841e+01   8.8936648e+01   2.7030878e+01  -1.6480497e+01  -3.6096229e+01   8.5622559e+01  -9.7199322e+01   1.5515397e+01   1.1382345e+01   7.7454345e+01  -3.8130087e+00  -6.0618859e+01  -6.8394360e+01   1.7288605e+01  -9.7559520e+01  -9.2423517e+01  -8.2628683e+01  -7.4612956e+01   5.4749219e+01  -5.7029701e+01   1.7886179e+01   9.3437506e+00  -5.6589070e+01   7.9862057e+01   1.4340553e+01
   7.8671720e+01  -7.1714910e+01  -8.1492994e+01  -8.6553975e+00  -9.0995635e+00   2.3515303e+01   2.3788667e+01  -7.1679653e+01   1.7467105e+01  -4.0442034e+01  -9.3486915e+01  -6.3400980e+01  -4.2271743e+01  -9.0536735e+01   7.0265136e+01  -3.4558212e+01  -2.6881397e+01  -2.4765917e+01   1.1654822e+01  -8.7637800e+01   6.8666830e+01  -5.8638857e+01  -1.8827688e+01  -4.2675184e+01  -5.3785984e+01  -3.8867759e+01  -9.7789853e+01   4.0451080e+01  -6.3412186e+01  -4.0888306e+01
  -4.8827501e+01   2.2339505e+01  -3.4348333e+00  -4.9995868e+01  -8.0848124e+01   1.8315201e+01   6.6737283e+01  -7.3110658e+01   9.2121054e+01  -4.0581268e+01  -8.0179847e+01  -1.8210059e+01  -6.9396138e+01  -8.1788713e+00   8.6620507e+01   9.9589815e+01  -9.5268029e+01   6.8114391e+01   4.5368898e+01   7.3988039e+01  -2.5469351e+01  -6.8687111e+01   7.7522455e+00  -4.3105478e+00   1.9053767e+01  -6.8300395e+01   5.0911056e+01  -5.2018639e+01  -3.8021844e+01  -1.5846287e+01
  -6.1206693e+01   8.2323927e+01   7.6333780e+01  -7.4326840e+00   5.1379613e+00   5.8361395e+01  -1.6587142e+00  -8.1490138e+01  -5.6477690e+01   5.0896441e+01  -9.1517030e+01  -1.9471306e+01   7.1844379e+01   8.1476121e+01   4.4784838e+00   4.7931955e+01   9.6602810e+00  -4.4211934e+01  -6.6110287e+01  -4.2040032e+01   7.9965991e+01  -2.6895976e+01   2.0824719e+01   3.6763553e+01  -3.1273715e+01  -2.6061592e+00   8.9017945e+01   2.9820818e+01   4.6631333e+01   6.7858980e+01
   3.2671916e+01   6.8721518e+01  -8.0435596e+01  -8.7068286e+01   2.8616420e+01   1.4317805e+00  -3.5351628e+01  -3.5460956e+01  -5.7193712e+01   7.5703506e+01  -7.8990757e+01   3.7178045e+01  -8.7043483e+01  -9.5789444e+01   2.0517551e+01   9.8583991e+01   2.8875668e+01   9.3342061e+01   2.6182605e+01   2.4379071e+01  -4.5832318e+01   1.8050190e+00   5.9447725e+01  -1.0948012e+01   1.4478040e+01  -5.4234186e+01  -7.6516446e+01  -5.0741415e+01   2.4044657e+01   7.5496738e+01
   2.3870445e+01   7.2173499e+01   8.8105872e+00  -5.1678061e+01  -5.8354805e+01  -8.4295651e+01   6.5067090e+01  -8.5206731e+01  -5.4645343e+01  -7.7961224e+01   5.0309851e+01   2.5090914e+01   1.8811002e+01  -6.5559848e+01   1.0755979e+01  -6.2757664e+01   3.7249650e+01   6.1510171e+01   4.5999421e+01  -4.3001041e+01   3.1296704e+01   9.3090469e+01   7.6664595e+01   1.0049884e+01   2.4722444e+01  -8.7344776e+00  -1.8680112e+01  -2.6896297e+01   5.5076459e+01   7.8195225e+01
   6.4245251e+01  -5.2614051e+01   7.6351974e+01   5.6042932e+01   4.9160130e+01   7.9393969e+01   7.9196628e+01   6.0604950e+01  -1.0165083e+01  -3.2371760e+01   2.6107183e+01   8.6975486e+00   8.4185964e+01   2.7680740e+01  -5.6664884e+01   9.5947032e+01  -8.2705861e+01   8.9505755e+01  -6.6350386e+01   4.5259137e+01   6.5646612e-02   6.9585751e+01  -1.8982296e+01   2.0039296e+01  -6.8485375e+01   2.1294568e+01  -3.9841089e+01  -6.2601382e+01   1.2219810e+01   7.4658803e+01
  -5.1724670e+01  -3.9871136e+01   6.3808896e+01  -9.8612719e+01   2.5445728e+01  -7.2600810e+01   5.2419859e+01   3.8264516e+01   4.1390290e+01   6.6360658e+01  -2.7425369e+01   7.9814142e+01  -5.2772789e+01  -3.8473609e+01  -6.1209784e+01   1.5314818e+01   8.0748230e+01   6.8959854e+01   2.7989333e+01   8.6147524e+01   4.3852780e+01   9.3295197e+01   1.9279244e+01  -2.4254787e+01  -9.7502693e+01   4.4976815e+01  -2.2401955e+01   5.6244431e+01  -2.0622548e+01   5.4374413e+01
   8.0203748e+01   2.6902432e+01   2.0129193e+01   4.5126842e+01   5.7100966e+01   8.1394319e+01  -4.7612892e+01  -5.8877186e+01   9.3335217e+01  -4.7659820e+01  -7.6267770e+01   1.3633326e+01  -7.8520510e+01  -9.4568829e+01   7.6011753e+01   4.2735479e+01  -7.0714207e+01   4.3465863e+01   1.5735105e+01   8.8451671e+01  -4.1742637e+01  -1.6537898e+00   2.2646419e+01  -6.9988300e+01  -1.5992568e+01   9.4872359e+01  -6.3470506e+01   6.2504495e+01  -2.0379253e+01  -7.0302813e+01
   8.4367827e+01   4.1032949e+01  -3.2796124e+01  -8.4565633e+01  -4.3814891e+01   8.9595217e+01  -9.5416196e+01   5.5591084e+01   8.6850898e+01   1.6993002e+01  -4.4882443e+01  -5.8940078e+01  -9.9253761e+01   1.8589808e+00  -3.6121682e+01  -4.2725818e+01   6.0402876e+01  -3.1985520e+01   4.0442797e+01   9.4192949e+01  -3.7874177e+01  -2.5448738e+01   7.6563406e+01  -8.9624227e+01  -7.8825676e+01  -3.2524032e+01  -6.0640775e+01  -4.7781673e+01   5.5742937e+01   9.7201127e+01
   9.9408297e+01   6.8564879e+01   3.9525377e+01  -2.9359030e+01  -6.3612738e+01  -5.2253681e-03  -5.9015803e+01  -9.7458075e+01   2.9310192e+01  -3.2508425e+01  -5.6636764e+01  -2.0793277e+01  -6.3366358e+01   2.8880785e+01  -1.6332892e+01   5.0902012e+01  -6.7108387e+01  -6.1968319e+01   9.3618035e+01  -1.4776088e+01   4.9156557e+01  -3.6646573e+01   8.6509911e+01  -1.6259266e+01   3.6705276e+01   9.3658575e+01   6.9570081e+01  -5.0308707e+01   5.3938114e+01  -9.1856394e+00
   2.4555022e+01  -6.8768227e+01  -1.7816429e+01  -8.5433431e+01   1.7420150e+01  -2.5283079e+01  -3.3284447e+01   6.9140278e+01  -9.9054369e+01  -9.5194005e+01   3.5027017e+01   4.8869775e+01   1.1586096e+01   3.6857943e+01  -3.9121985e+01  -7.4806950e+01   2.2849301e+01  -3.1071696e+01  -9.5572790e+01   3.8166832e+01   1.4303589e+01  -5.3941557e+01   5.8289340e+01  -4.7710241e+01   2.0506591e+01  -2.5366018e+01   1.3847873e+01   9.2358195e+01  -4.3337605e+01   4.3622077e+01
   7.3349995e+01   8.9616690e+01  -2.4894161e+01   7.1658207e+01   3.8942523e+01  -1.7675433e+01   9.2608314e+01   9.9191969e+01  -9.6870657e+01   6.0135494e+01   7.4848443e+01   7.4967028e+01   1.7826464e+01  -5.7247480e-01  -9.6355049e+01   7.6133081e+01  -5.9408128e+01   4.1423759e+01  -3.6787728e+01   4.8383570e+01   2.9540719e+01  -6.7855917e+01  -6.0891414e+01   5.5810321e+01  -9.5880232e+01   4.2377435e+01  -8.0006892e+01   2.9091536e+01  -2.7052428e+01  -1.7174481e+01
  -2.8692836e+01   8.3104357e+01  -7.2744156e+01   8.8686439e+01  -1.4238192e+01   1.2276719e+01  -7.2340770e+01  -1.8051794e+01  -3.3674886e+01  -5.2987563e+01  -9.8449734e+01  -3.2481105e+01   8.5247110e+01   5.9689500e+01   7.7716155e+01  -1.4911756e+01   4.1664230e+01  -9.1031579e+01   6.4529013e+01  -7.2766018e+01   8.9296100e+01  -6.7027285e+01  -5.8175594e+01  -5.8829344e+01   8.1159618e+01  -1.2663808e+00  -6.4350723e+01   2.7989297e+01   1.3569225e+01   1.1036601e+01
  -4.2731431e+01   5.0017856e+01  -7.6325680e+01  -9.7613377e+01   1.4013078e+01   5.4187840e+01  -4.2536391e+01  -8.6321116e+00   1.2666232e+01  -6.7445420e+01   5.8316518e+01  -3.5252742e+01  -8.6499442e+01  -5.1492502e+01  -9.6034055e+01  -8.9817950e+01   5.0365194e+01  -9.4749902e+01  -5.3990318e+01  -4.2708497e+01   3.7391939e+01  -4.0521933e+01  -1.2548301e+01  -6.1016977e+01  -4.0759117e+01   9.5693719e+00  -5.8668839e+01   4.8406316e+01   8.6803681e+01   1.4651498e+01
  -6.8169817e+01  -1.2267458e+01  -9.4608040e+01  -9.9941966e+01   7.1749126e+01  -6.4337863e+01  -6.5958841e+01   8.6660930e+00   4.7167723e+01   2.3266692e+01   9.4820810e+00   2.4487176e+01  -7.1551014e+01   4.7756878e+01  -9.9505381e+01   7.2727906e+01   2.2020094e+01  -3.8556745e+01   2.6788142e+01   6.8745666e+01   4.6088951e+01  -1.4848652e+01  -7.6750537e+01   6.7267950e+00   3.7083292e+01   2.6502109e+01  -8.9797050e+01   9.1430209e+00  -7.8791891e+01  -1.7887445e+01
   2.0468061e+01   1.1994064e+01   4.1225836e+01  -8.2248734e+01  -6.9156955e+01   4.7012687e+01   8.3444586e+01  -8.0956073e+01  -6.2424863e+01  -4.5925449e+01  -3.8887603e+01  -4.4636935e+01   9.0916115e+01  -7.3428703e+01  -6.0562332e+01  -3.9076633e+01   5.3957627e+01  -7.1573506e+01   7.8780984e+01   1.2277500e+01  -9.8423164e+00   8.7559783e+00  -4.2132652e+01  -5.0434353e+00  -2.7619392e+01  -5.0936180e+01   3.9921591e+01   8.4121479e+01   5.7186933e+01   2.8084162e+01
   5.4080367e+01   2.2785984e+01  -2.0445791e+00   9.4838689e+01  -2.1584218e+01  -5.9242326e+01  -8.4647201e+01   6.5729694e+01  -3.6022563e+01   5.0202201e+01   1.1709414e+01   8.7138531e+01  -5.2771105e+01  -6.5671564e+01  -5.6136294e+01  -6.5896265e+01  -4.5629881e+01   1.8974272e+00  -4.2733310e+01  -1.2294102e+01  -7.4710497e+01  -3.6783634e+01  -2.0768622e+01   5.3872222e+01   8.0282345e+01  -8.9361420e+00   1.1233382e+01   1.8668731e+01   7.2368961e+01  -2.1686657e+00
  -1.0578765e+01  -8.7864512e+01  -9.3207222e+01  -6.6226081e+01   3.2103217e+01  -3.6739250e+01   2.8724026e+01   2.7741740e+01   1.9002118e+01   7.8567491e+01  -2.3958659e+00  -8.1486974e+01  -5.6835663e+01   7.6803005e+00  -2.5788792e+01   8.1825743e+01  -5.8427798e+01  -8.9609335e+01   9.3701162e+01  -3.7069981e+01  -5.4237670e+01  -9.4922158e+01  -8.9226013e+01   5.7042170e+00  -4.2410325e+00  -8.5040537e+01   8.8951366e+01  -4.0499002e+01  -6.4566614e+01  -9.7816178e+01
  -4.9880915e+01   9.4169527e+01   5.6348520e+01  -5.5704784e+01  -4.2770130e+01   4.7272163e+01   6.9192831e+01   4.6309067e+01   6.9995876e+01  -4.5966274e+01  -4.7252898e+01   8.2391243e+01   1.8965315e+01  -4.3193765e+01   5.8296914e+00   9.5225556e+01  -8.4519419e+01  -2.1329166e+01   8.4188505e+01   8.6186021e+01  -3.8461625e+01   2.9907988e+01  -5.9297583e+00   6.9754311e+01  -9.1794629e+01  -1.1635857e+01   4.7844960e+01  -1.0051464e+01  -1.3716775e+01  -4.8279693e+01
   4.5005177e+01  -9.5315030e-01   8.3064833e+00   9.8547722e+01   1.4082646e+01   8.5865833e+01   6.9531508e+01   2.7508806e+01  -6.1257035e+01   6.0503947e+01   7.6534608e+01  -4.5442201e+01   5.5360528e+01  -5.2107411e+01  -1.4467210e+00  -7.8333774e+01  -9.2441970e+01  -1.2991096e+01   3.1623981e+01  -1.4040415e+00  -4.2365889e+01   9.3689405e+01   1.2495565e+01   2.0723293e+00   7.0121961e+01   3.1794320e+01   1.5060074e+01  -1.6183713e+01   2.3032987e+01   7.0530201e+01
   4.5426946e-01   8.4277774e+01   7.4479714e+01  -7.6402253e+01   9.4325210e+01  -1.5489914e+01   1.4638083e+01   7.5293989e+01   4.7738044e+01  -1.3171302e+01  -4.0947056e+01  -4.4354070e+01   5.1069862e+01   5.8050916e+01  -5.3734509e+01  -2.3373554e+01  -4.2518136e+00   2.6112793e+01  -7.5645174e+01  -6.0982500e+01   5.3679278e+01   9.2705693e+01   5.8419363e+01  -1.1403594e+01  -2.9955529e+01  -8.9165627e+01  -1.3191917e+01  -2.3689387e+01  -3.6051712e+01  -1.5866160e+01
  -9.6894570e+01  -2.5563164e+01   4.0497325e+01   2.4718869e+01   4.9587061e+01   2.8237750e+01   5.0333184e+01   8.7207501e+00   3.5595296e+01   8.5494284e+01   9.7796769e+01  -7.0127548e+01   5.5726859e+01  -6.7689871e+01   8.4278841e+01   9.8159227e+01   6.8861486e+01   9.4930499e+01  -7.4601741e+01   6.2871258e+01   5.6493416e+01  -2.2120310e+01   5.6122427e+01   7.6273790e+01  -3.4734621e+01   9.7718696e+01  -5.6429164e+00   5.4915859e+01  -7.4064497e+01  -3.7809418e+01
  -3.9010111e+01   6.8966515e+01   5.1154900e+01  -1.5051117e+01  -5.0301677e+01   8.3205696e+01   7.9585988e+01   3.8427428e+01  -2.7278568e+01  -7.6126646e+01  -7.9325833e+01   3.9611177e+01  -2.0726547e+01  -4.9707098e+01   7.3095008e+01  -5.0913927e+01  -3.4125773e-01  -5.1943542e+01  -5.0831671e+01  -4.9975756e+01   4.8182435e+01   5.1369454e+00  -4.5555580e+01  -6.8486457e+01   2.1101791e+01  -6.8406355e+01  -1.0945018e+00   8.4730934e+01  -3.9593334e+01   8.2363157e+01
   9.7871126e+01  -6.5817257e+01   4.4106552e+01  -6.9618918e+01  -2.3691982e+01   3.8327922e+01   4.3651098e+01  -8.8171141e+01   6.5157171e+01  -1.2912823e+01   4.0811053e+00   6.0205358e+01   9.4161846e+01   3.9891082e+01  -3.8385083e+01   7.5340014e+01  -5.0860520e+01  -4.8674083e+01   7.9799798e+01   5.5624824e+01   1.0003040e+01   6.7853071e+01   1.0307310e+01  -8.1949981e+00   4.6606908e+00   8.3409440e+01   5.1100991e+01  -5.3137286e+01  -8.2973258e+01   5.6413294e+01
   5.5338924e+01  -5.8259136e+01   1.1503055e+00  -5.3398059e+01   6.9864821e+01   8.8953594e+01  -5.9976289e+01   8.0199803e+01  -9.9896001e+01   6.7347004e+01  -6.0019313e+01  -6.5353515e+01   9.8986356e+00   8.2136762e+01  -1.7908925e+01  -2.6620841e+01  -5.2389716e+01  -9.1389587e+01  -2.5489628e+01   5.5677099e+01   7.1187682e+01  -9.4961841e+01   3.3876569e+01  -4.1266693e+01  -3.1869217e+01   4.5105949e+01   2.0508320e+01   9.0309998e+01   7.0879389e+01  -1.4528500e+01
  -6.4989293e+01   7.5051951e+01   8.7072725e+01   7.4664387e+01  -8.2982638e+01  -9.7761938e+00   9.3246107e+01   7.1136699e+01   7.5340617e+01  -7.7826658e+01  -9.5796282e+01   3.2724844e+01   5.6833585e+01   3.8713618e+01   1.0239030e+01   6.3485521e+01  -7.4853633e+00   1.8729074e+01   6.6090097e+01   4.6965858e+01  -6.0540911e+01   4.7952260e+01  -6.0909629e+01  -1.4451591e+01  -5.3108385e+01   1.6760371e+01  -1.7763337e+01  -3.6471516e+01  -4.6163344e+01   8.6711749e+01
   1.6669314e+01   9.0521280e+01   6.6595367e+01   5.7292669e+01  -4.2758911e+01   7.2654482e+01  -8.9901058e+01   5.9051951e+01  -6.8627523e+00  -1.8378250e+01   2.8347709e+01  -6.0060831e+01  -4.1899192e+01  -4.5815293e+00  -5.7112086e+01  -8.5690347e+01  -1.8482682e+01  -4.8804107e+01  -1.3498831e+01   3.4176015e+01  -5.3315980e+01  -1.8104890e+01   8.8071700e+01   8.9963673e+01  -9.3755567e+01  -8.6590979e+01  -7.1421340e+01  -5.0891409e+01   8.9965194e+01   3.1747163e+01
   7.2627048e+01  -6.4865587e+01   6.5975447e+01  -6.5091572e+01   4.8827811e+01  -5.7748802e+01   6.7450250e+01   8.6996630e+01  -7.5358881e+01   4.1568847e+01  -5.2964952e+01  -5.8997590e+00  -1.0481446e+00   1.0360150e+01  -9.2176642e+01   3.1719956e+01  -8.1355954e+01   2.0942393e+01  -3.6068791e+01   2.5352545e+01  -7.4585901e+00   1.7232397e+01  -7.9266128e+01  -5.4408230e+01  -7.4264873e+01  -8.5049575e+01   1.0540468e+01  -7.6636539e+00   2.4799981e+01  -3.3799590e+00
  -9.7832797e+01  -7.9175360e+01  -6.1880662e+01  -2.7148641e+01  -2.8941462e+01  -8.9195583e+01  -4.1841045e+01   6.8800925e+01  -6.0520679e+01   5.4321191e+01  -7.6448573e+01  -1.6976273e+01  -6.5011843e+01  -9.8484553e+01  -5.5098372e+01  -9.6377758e+01   2.0838363e+01   8.2459625e+01  -3.3462823e+00   3.1253927e+01   4.3275422e+01   6.2527738e+01  -9.6863603e+01   5.2878124e+01   2.2018496e+01  -6.6000973e+01   2.1641544e+01  -9.6999056e+01  -2.4652855e+01   8.1379942e+01
  -7.3824706e+01  -1.0609508e+01   3.6189973e+01  -4.3589214e+01  -8.2263640e+01   4.4982877e+01   7.8232364e+01  -8.9490442e+01  -2.6373013e+01   4.2270210e+01  -1.8535124e+01  -3.4152953e+01  -8.6662939e+01   7.5480805e+00  -2.8675322e+00  -7.9581461e+01  -1.3325089e+01   2.8426743e+01  -8.1293226e+01  -9.8252824e+01  -2.6431826e+01  -9.6483450e+01  -2.8235185e+01   3.0906740e+01  -8.2702852e+01  -4.1992408e+01   4.1424142e+01   9.6458413e+01   1.9064572e+01   5.8227377e+01
   2.4370162e+01   7.5218878e+01   7.6772831e+01  -5.8036845e+01  -2.6710942e+00  -6.0017586e+01  -1.2582306e+01   3.5289412e+01  -2.3583923e+01   1.7441193e+01  -7.4249830e+01   3.3201696e+01   7.0033764e+01   6.7707615e+01   7.7942830e+01  -9.0598564e+01  -5.4395923e+01   2.1419611e+00  -6.4597322e+01   2.3084978e+01   7.1513308e+00   3.4209577e+01   3.1282337e+01   8.2996060e+01   1.1491447e+01   1.9708143e+01  -9.7244356e+01  -4.8279075e+01  -2.1863147e+01  -6.5765190e+01
  -8.6216252e+01  -3.4314979e+01   3.5579897e+01  -4.1220713e+01   6.2031280e+01  -6.5700670e+00   9.2193900e+01  -1.6471037e+01  -4.7643813e+01   9.9898865e+00   7.0334000e+01  -5.3021289e+00  -9.1379266e+01  -8.6701730e+01   5.4655028e+01  -1.8919576e+01  -3.8327189e+01  -4.3119625e+01  -8.9175756e+01   7.1141834e+01   4.5839460e+01  -4.3112042e+01  -5.6659274e+01  -1.1179280e+01   6.0207667e+01   6.3696743e+01   5.0391840e+00  -5.2668165e+01   5.8435070e+00   4.3874594e+01
   1.8785903e+01   1.9116616e+01  -1.2044514e+01   4.0027649e+01   9.3549492e+00   4.7504953e+01   8.5230528e+01   8.2289172e+00  -2.5568468e+01  -6.7479397e+01   1.7519763e+01   4.7742319e+01  -2.4396727e+01  -8.7069361e+00   1.0229901e+01  -8.1405946e+00  -9.2676624e+01  -5.9217874e+01  -4.0762670e+01   4.0265880e+01  -7.7687247e+01   9.3698383e+01  -5.4538081e+01  -9.1672488e+01  -7.9684869e+01  -3.5375053e+01  -3.1267888e+01   2.8521681e+01  -7.1841742e+00   2.1371532e-01
   4.2847057e-01  -5.7597160e+01  -4.1606794e+01   8.8959391e+01  -7.4424607e+01   4.6172498e+00   6.9376054e+01   5.9282147e+01   1.7821097e+01   8.2306540e+01   4.8248697e+01   9.3917320e+01  -1.5817433e+00  -5.6408403e+01  -7.7757781e+01  -1.3141473e-01  -1.2129881e+01   8.3641929e+01  -4.4835821e+01  -2.0943848e+01  -4.8426415e+00  -4.0146682e+00   3.5690777e+01   5.6246309e+01   8.1497358e+01   9.7542880e+01  -1.2082140e+01  -4.5693511e+00  -6.6493836e+01  -4.3916477e+01
   8.6614680e+01  -5.5579680e+01   8.8004110e+01  -4.1159451e+00  -9.3426071e+01  -8.7794447e+01   2.2366062e+01   5.2136736e+01  -1.9932200e+01   2.1701618e+01   9.8851471e+01  -5.5061002e+01  -4.1714237e+01   4.5985213e+01  -2.0662655e+01  -8.7692988e+01   2.6260233e+01   3.5244537e+01   5.8403892e+01  -5.9306975e+01   1.9403769e+01  -1.6513175e+01  -6.5189601e+01   1.6470909e+01   6.0162372e+01   7.6818861e+01   3.3486413e+01  -3.4681527e+01  -3.8129509e+00   9.5812119e+00
  -9.4986749e+01  -5.1997729e+01   5.9729425e+01  -8.4566400e+00  -4.7204216e+01  -1.1319484e+01  -9.3979198e+01   6.5545063e+00   1.7002416e+01  -8.1078205e+01  -1.9705512e+01   7.7314626e+01   1.0561505e+01   7.4861198e+01  -1.0308747e+01   6.9090052e+01  -5.9738450e+01   6.4516794e+01   9.7424840e+01   1.6978148e+01   8.6808148e+01  -6.0319167e+01   1.6655181e+01   3.4774019e+01   8.7797317e+01  -8.5446040e+01  -2.7552661e+01   4.0960267e+01  -9.6318240e+01   4.0681675e-01
  -2.0215238e+01  -5.2291393e+01  -3.8968232e+01  -8.5030545e+01   3.8125792e+01   6.9811889e+00   8.3780219e+01   1.7662558e+01   1.3957404e+01   3.0002708e+01   6.8985873e+01  -2.3498702e+00   8.1725438e+01   6.0336323e+01   4.6955753e+01  -2.6811436e+01  -3.2347488e+01   5.1937461e+01  -4.4370514e+01   9.0026315e+01  -2.0084001e+01  -6.0685881e+01  -2.4419225e+01   4.1588487e+00   1.7140894e+01   2.3326523e+01  -2.9913413e+01  -8.9609303e+01  -7.9406677e+01  -2.0981522e+01
  -4.8137326e+01  -9.7812031e+01   6.5366411e+01   9.1153258e+01   9.0135236e+01  -9.6207123e+01   8.5046028e+01  -2.4865730e+01   5.3556210e+01  -3.6522954e+01  -7.1058036e+01  -4.6233540e+01   9.0104242e+01   6.7104394e+01   4.7017517e+01  -3.4015854e+01   8.8826906e+01   2.7337955e+01   1.5293805e+01  -9.2210989e+01   9.3764599e+00   7.9944191e+01  -5.3835076e+01  -6.5561851e+01   9.1464958e+01   1.9809868e+01  -2.4796529e+00  -9.3594615e+01   2.0257237e+01  -8.7482564e+01
  -9.4989135e+01  -6.5749103e+01   8.6016475e+01   7.1607744e+01   5.9489470e+01  -1.4115261e+00  -7.9077146e+00  -2.7376847e+01   2.6196764e+01  -5.3059301e+01  -5.1849875e+01  -3.5928859e+01   8.6202309e+00  -3.5735170e+00  -5.6858068e+01  -9.2588342e+01   2.6144252e+01  -2.0789421e+01   5.2210325e+01  -3.1142975e+01   8.9156780e+01  -3.1915165e+01   2.1104848e+01   3.3469168e+01   6.4530372e+01  -3.7061164e+01  -5.1172610e+01  -9.5318762e+01  -2.4062656e+01  -3.8911746e+01
   2.0211889e+01   9.4597255e+01   2.6347889e+01  -9.7429933e+01  -5.5014852e+01   4.0052285e+01  -7.5675953e+00  -6.7848445e+01   1.9841130e+01  -4.8778803e+01  -8.3080190e+01  -6.5447388e+01   8.7277598e+01   5.6756624e+01  -7.3748506e+01  -2.8203797e+01   3.3307163e+01  -6.7150492e+01  -7.5213807e+01   1.5408917e+01   9.4393386e+01   8.5054402e+01   4.2292575e+01  -8.3322698e+01   7.6411187e+01   2.2541380e+01   6.2676020e+01   3.7182090e+01  -6.0693177e+01   2.6754284e+00
  -7.8909958e+01  -2.0246417e-01   5.2454528e+00  -5.2246952e+01   5.2559973e+00  -7.2771596e+01  -4.2378731e+01  -4.8261971e+01   5.9679540e+01   9.3076463e+01  -4.5443265e+01  -1.5244339e+01   4.3573681e+01   5.4612189e+01   1.7551900e+01  -8.2801990e+01   9.4784150e+01  -1.2021172e+01   6.8465086e+01   4.1107606e+01  -4.6382577e+01   4.9818292e+01   6.6368927e+00   4.0269460e+01  -5.6108615e+01  -1.1887407e+01  -5.3510154e+01  -9.7576775e+01  -3.0781989e+01  -3.1674138e+01
