 % This stores fret (the f-value) and iter (number of iterations to converge)
  -1300.74496481492        1200.00000000000     
  -1304.91299836460        874.000000000000     
  -1304.91299836699        1092.00000000000     
  -1302.64223040645        1200.00000000000     
  -1302.64221420727        1200.00000000000     
  -1302.64221278112        1200.00000000000     
  -1304.91299836730        1200.00000000000     
  -1304.91299836906        868.000000000000     
  -1304.91299836875        821.000000000000     
  -1304.91299836903        837.000000000000     
  -1304.91299836648        773.000000000000     
  -1304.91299836597        1129.00000000000     
  -1302.64214156675        1200.00000000000     
  -1304.91299836817        1018.00000000000     
  -1302.64223067099        1200.00000000000     
  -1304.91299836874        881.000000000000     
  -1304.91299836773        783.000000000000     
  -1304.91299836821        872.000000000000     
  -1304.91299836701        953.000000000000     
  -1304.91299836865        853.000000000000     
  -1302.64222629918        1200.00000000000     
  -1304.91299836764        1103.00000000000     
  -1304.91299836524        818.000000000000     
  -1300.74640713055        1148.00000000000     
  -1304.91299836857        984.000000000000     
  -1304.91299836473        1174.00000000000     
  -1304.91299836786        854.000000000000     
  -1302.64220635633        1200.00000000000     
  -1304.91299836494        1020.00000000000     
  -1302.64220844231        1200.00000000000     
