          30 % nrand - number of ransom starts used
          97 %np number of parameters
 % format is i = 1,j=1:np then i=2,j=1:np and so on until i =nrand and j = np
  -25.6228116146742     
   13.9065166403325     
   11.4098232461797     
  -6.57810373047087     
  -1.79844194648805     
   37.1621580927969     
   19.9264825353339     
   17.3001470372087     
  -27.4236345303408     
  -1.32086750023036     
 -0.373171367702127     
  -59.2567237856361     
  0.101935340844692     
   38.9262992088074     
  -34.2418676713149     
  -7.76775594180996     
  -1.73729946267097     
   8.60815270810714     
   1.63103916490539     
   38.8317497572170     
  -34.2869337292678     
   29.4919351481598     
  -38.1773677494554     
   29.1134036819412     
  -13.2051443992393     
  -42.1764282614164     
   9.25801613775376     
  -6.91516970634855     
  -3.18607550231139     
   36.2866597394140     
   18.0479861175595     
   38.0840857521004     
   18.1663274296771     
  -13.1778792149084     
  -15.1706798228790     
   38.6947939189656     
   2.78798736716357     
  -48.8791911179354     
   1.26178533455551     
  -13.2419847113012     
  -15.1231195322202     
   24.6148202981460     
  -36.9418960745824     
  -49.5075354509645     
 -0.668220737121976     
  -33.6119484228959     
  -11.6327533598538     
  -34.0564191431247     
  0.163989272837450     
  -32.9245142476725     
  -1.29952377562923     
   8.72566036780865     
   1.94545749166691     
  -30.6489019939151     
   3.44294180363681     
  -34.0358746989086     
  0.188686982653577     
  -55.6809981749432     
  0.879108759886223     
   38.8374762262901     
  -34.2900434976961     
  -1.31489811470341     
 -0.361173185504869     
   39.1683241008428     
  -34.2457549157085     
  -5.11255546146795     
  -24.0301274453275     
  -36.1465880776345     
  -22.6375595383752     
   34.6674975598191     
   17.7105957003847     
   13.9258182886016     
   11.5664821830188     
  -41.6970463272081     
   9.46632370193777     
   14.4238478007144     
  -22.5465224047942     
   36.1179531152204     
   18.1050212727645     
  -36.2971803894007     
  -60.1209586175836     
   16.6781753537307     
  -36.9646302509140     
  -14.1832594908202     
  -29.3336274422779     
   36.2866595993100     
   18.0479859448020     
  -2.48204851739840     
  -4.74112695250978     
   22.8962008131830     
   13.1506869011138     
 -0.915762925897723     
  0.428285439725146     
  -18.2401693368929     
  -39.6888648476871     
  -52.5340901560424     
  -17.1542699801174     
   25.4638917871098     
  -12.2715388009243     
  -13.1519242242691     
   7.60005024107520     
   3.09974614979735     
  -40.4173810692103     
  -20.1755863873419     
  -20.5937433632841     
   27.6958382950988     
   1.77459357188860     
  -6.10921992826592     
   51.6600626441465     
   32.4109659650194     
  -25.9163984574028     
   44.6143567151016     
   9.33794145612157     
   3.85925182830007     
  -8.34151206531194     
  -2.01154178565051     
  -25.8952139480687     
   44.6183804042473     
  -30.4134075184766     
   38.8059696989262     
  -20.8478638674534     
   21.1858907941699     
   40.5165774228749     
   26.0406532285485     
   6.88007435087507     
   7.72975626298584     
  -38.2739739266167     
  -16.7749735812546     
  -39.3387304244593     
  -17.3302123741677     
   12.2994366389500     
  -19.7943374963168     
  -38.1957268088899     
   3.69803793246433     
   46.3026972880207     
   16.0055660671436     
   12.5801335157716     
  -19.7782206639951     
  -25.8024249774372     
   37.4715740905622     
   48.7204378123573     
   4.31778190135814     
   32.4516897449072     
  -13.1935457124506     
   33.6310835925201     
   9.86221601760326     
   32.9020377404041     
   3.91049826630930     
  -8.75710967479312     
  -3.56913682588056     
   30.7192141903457     
   15.9196491851129     
   33.6129965782533     
   9.84825857320407     
   51.7320162524988     
   25.5618300415136     
  -25.8953625794061     
   44.6642622535850     
  0.871946349046670     
 -3.520857190374842E-003
  -29.3741315184448     
   45.8799965551395     
   7.86557566273944     
  -30.8902975431885     
   26.6481865795988     
   42.8445015231709     
  -37.5938918695913     
  -17.1041738524997     
  -12.6228277576665     
  -14.9320012333863     
   40.5058045161672     
   26.0479616305599     
  -12.1562530245073     
   26.8068324325898     
  -35.7025281382820     
  -22.7629314227008     
   40.6455516868708     
  -57.5216189599862     
  -21.6685478442697     
   37.8920647553526     
   9.77708512483249     
  -31.2504118208267     
  -38.1412283146521     
  -17.2411088409956     
   2.73985276614005     
   14.8525134306542     
  -24.4794606414500     
  -16.1838991806584     
  0.915709582376201     
 -0.238835286029518     
   14.4930630904291     
  -42.3843035412879     
   44.2465407041231     
   37.6577146534017     
  -25.4640926838825     
   12.2710346547416     
  -13.1523544323029     
  -7.60015389458522     
   3.09983383515225     
   40.4166339795787     
  -20.1768426575977     
   20.5943204849759     
   27.6952112931296     
  -1.77492533320822     
  -6.10927616169049     
  -51.6593515943712     
   32.4122253828514     
   25.9174559300953     
   44.6135077529417     
  -9.33802429209858     
   3.85938247320820     
   8.34131117697244     
  -2.01182083078262     
   25.8962733266340     
   44.6175306358675     
   30.4142275789418     
   38.8050773267325     
   20.8482588033322     
   21.1851946783790     
  -40.5160201901730     
   26.0416579055227     
  -6.87999177334247     
   7.72986031214021     
   38.2733181591376     
  -16.7761488012236     
   39.3381068896943     
  -17.3314034079965     
  -12.3002021121530     
  -19.7941157518638     
   38.1956487518665     
   3.69687023087558     
  -46.3024305614586     
   16.0066456367662     
  -12.5808907326996     
  -19.7779916671277     
   25.8032181375170     
   37.4708008576901     
  -48.7205198994528     
   4.31901538515719     
  -32.4522287979169     
  -13.1928401294069     
  -33.6310080121886     
   9.86296650935696     
  -32.9021149311701     
   3.91129315296221     
   8.75687498011009     
  -3.56946172323171     
  -30.7189585400688     
   15.9204149393437     
  -33.6129226176509     
   9.84900944340177     
  -51.7314980174132     
   25.5631271457769     
   25.8964247828764     
   44.6634140152679     
 -0.872049603720016     
 -3.524841631180846E-003
   29.3752542997088     
   45.8790626252190     
  -7.86661953503256     
  -30.8902012895245     
  -26.6469870237584     
   42.8452925386545     
   37.5932185938015     
  -17.1053399166367     
   12.6222796536679     
  -14.9324947574454     
  -40.5052469770012     
   26.0489674411172     
   12.1568037634222     
   26.8064030271886     
   35.7016957382158     
  -22.7640350330313     
  -40.6474437885070     
  -57.5205325827091     
   21.6692908039775     
   37.8914156978918     
  -9.77816733301488     
  -31.2502642636021     
   38.1405640837423     
  -17.2422641779560     
  -2.73958850073358     
   14.8525060699526     
   24.4788122425672     
  -16.1847006917334     
 -0.915816687776828     
 -0.238860323622729     
  -14.4944509939652     
  -42.3840190730625     
  -44.2456743182895     
   37.6587899981110     
  -25.7051782685686     
   18.7017209518159     
 -0.337977046596416     
  -8.05258531047040     
  0.357804260593615     
   44.4515938842079     
   13.8050441136513     
   4.47080744617971     
   29.4852104766444     
  -1.09401220112385     
   4.29264649010168     
  -55.1034072871478     
  -22.1192583398266     
   18.7173390303815     
  -44.6734025711769     
  -9.99990345865587     
 -0.387779765135930     
   9.39691094915056     
   3.04396123132279     
   18.6497501034612     
  -44.6327928703838     
   13.6205876669063     
   41.1768677211363     
   17.0363635689290     
  -22.1946876730712     
  -44.0257222844239     
  -17.8003307118075     
  -8.84578644315167     
  -1.16597534832408     
   42.1724359621692     
   10.2127222991527     
   44.3511864621125     
   9.50622737643600     
  -9.53209534841030     
   23.4670495050398     
   37.0965183567359     
  -1.04263267468464     
  -48.3580439470574     
  -10.1833618594679     
  -9.82504288715005     
   23.5073589793998     
   9.31540213984564     
   38.6407476341780     
  -49.2754216638727     
   4.91878982707578     
  -32.5660510627036     
   16.3182233602279     
  -34.9755186149803     
  -4.14548041387483     
  -33.5181990913802     
   2.67974995901658     
   9.60726016729109     
   3.13223600529243     
  -33.0708601930900     
  -8.10952991315178     
  -34.9236921164555     
  -4.14399192849628     
  -55.3925745313516     
  -15.5906183352740     
   18.6500777065865     
  -44.8488635435548     
  -1.25397542726774     
  0.336557621429186     
   21.7399050160587     
  -46.2276303126200     
  -4.39708653312981     
   32.5079366637921     
  -35.0689199594163     
  -27.3940634916745     
   40.4520155756919     
   11.5226596495364     
   18.9558601062277     
 -0.293999502284069     
  -44.0207055535482     
  -17.8051733183294     
   5.65466793255827     
  -5.52801002474533     
   42.0564007449049     
   12.6798155184934     
  -29.6893636179484     
   64.2310129800673     
 -0.558221216721339     
   38.3589902951440     
  -6.65881281941861     
   34.3975541485810     
   42.1730766337390     
   10.2122461162813     
  -5.73784236162616     
  -3.31907926374249     
   28.2475915743588     
   10.5108033847721     
 -0.601420737920903     
 -0.392885146398322     
  -8.98047297876538     
   46.0955660681407     
  -51.2514276012919     
  -20.7696001402531     
   25.6858837776148     
  -18.7015721498055     
 -0.483075261589110     
   8.04429330648450     
  0.353311529273809     
  -44.5417784129069     
   13.4703850989271     
  -4.64796332994638     
   29.4294510602791     
   1.06167736183454     
   4.24701034062005     
   55.2589091530107     
  -21.7948908800887     
  -18.4407754939173     
  -44.8361388045005     
   10.0023334888513     
 -0.383937926372188     
  -9.41747709772248     
   2.95496864123893     
  -18.3726635076945     
  -44.7951683043783     
  -13.8558117568868     
   41.0648530439334     
  -16.8929919641700     
  -22.3497210376785     
   44.1387183735232     
  -17.5712808381270     
   8.84832117287133     
  -1.14352826353985     
  -42.2364096677192     
   9.90394253025612     
  -44.4082839417119     
   9.18292747912565     
   9.37935176278378     
   23.4803558797594     
  -37.0915535955605     
  -1.32489131652095     
   48.4049754203388     
  -9.94063045424152     
   9.67186442392945     
   23.5231230662065     
  -9.54011913785316     
   38.5584786801362     
   49.2402424261311     
   5.18858127602048     
   32.4587973437548     
   16.4483370010294     
   34.9879045305642     
  -4.00198045601865     
   33.4961732564049     
   2.83848442630677     
  -9.62479039062295     
   3.04084966313453     
   33.1179460371233     
  -7.94851865771278     
   34.9347725851712     
  -4.00031311703682     
   55.4859147633924     
  -15.2858447490962     
  -18.3709776219381     
  -45.0091226426117     
   1.24646772251248     
  0.329645543760455     
  -21.4598172864420     
  -46.4102966662332     
   4.19159668319245     
   32.4819853162817     
   35.2293321627195     
  -27.2220916069812     
  -40.5282304303056     
   11.2207206473242     
  -18.9580237746118     
 -0.440048023400659     
   44.1330988235133     
  -17.5764631290130     
  -5.61974410578767     
  -5.59595971339070     
  -42.1457645529476     
   12.3549710961276     
   29.2659220718550     
   64.3738663214235     
  0.339563488663276     
   38.3419798731542     
   6.44321709645921     
   34.3836877102532     
  -42.2370008264969     
   9.90347006307615     
   5.76225001191561     
  -3.31488593326252     
  -28.3170972536862     
   10.2863232863174     
  0.612649624097335     
 -0.402391967256527     
   8.68802087059228     
   46.0960803393889     
   51.3989520280406     
  -20.4637173954364     
   25.6821415655439     
  -18.7046782770868     
  0.496444645797012     
   8.04294122284132     
 -0.354064966777268     
  -44.5509179785603     
  -13.4449671930368     
  -4.65372419796055     
  -29.4284747439505     
   1.05385013854104     
  -4.25220849869070     
   55.2555541633417     
   21.7877087572293     
  -18.4075720094133     
   44.8568675235974     
   9.99671679525496     
  0.380799733264006     
  -9.41861398861109     
  -2.95195363346466     
  -18.3395904483391     
   44.8160374865118     
  -13.8670853796872     
  -41.0591015464328     
  -16.8838971936576     
   22.3702378282282     
   44.1470723671702     
   17.5478305171853     
   8.85178355091752     
   1.13165002021646     
  -42.2471555625205     
  -9.87274297939963     
  -44.4179483208737     
  -9.15418745182071     
   9.36220811702451     
  -23.4738364917912     
  -37.0870491109310     
   1.34599849964545     
   48.4095216532930     
   9.93287951059050     
   9.65502618755952     
  -23.5157589774215     
  -9.54862443634109     
  -38.5526324768312     
   49.2335088207178     
  -5.20755481183558     
   32.4457608344858     
  -16.4601445004382     
   34.9864142356135     
   3.98862165942384     
   33.4900686956934     
  -2.85008460465441     
  -9.63085375476379     
  -3.03871428573345     
   33.1232671988332     
   7.93188275738184     
   34.9354219741085     
   3.98796464038461     
   55.4924079625663     
   15.2558657132942     
  -18.3379701507732     
   45.0345080348169     
   1.24303652985890     
 -0.331986227367404     
  -21.4164174114453     
   46.4351145149679     
   4.16446606260676     
  -32.4815493694297     
   35.2656569441884     
   27.1864697519463     
  -40.5369993145483     
  -11.1893332078405     
  -18.9626029062886     
  0.453641975587018     
   44.1420287678216     
   17.5527710661635     
  -5.60786145855057     
   5.59676406563304     
  -42.1489076837700     
  -12.3430310411301     
   29.2537768646384     
  -64.3750497127360     
  0.319208712253604     
  -38.3300082669034     
   6.41480147016499     
  -34.3823619122830     
  -42.2477659194635     
  -9.87225231430179     
   5.76313706255501     
   3.30916733756267     
  -28.3263668922397     
  -10.2658320398680     
  0.609316050000608     
  0.399844465045835     
   8.65579712510397     
  -46.0974559985183     
   51.3988506215481     
   20.4556638213004     
   25.4642318548008     
  -12.2707984303085     
   13.1524622450995     
   7.60031422540124     
  -3.09989045836213     
  -40.4163014938829     
   20.1771371609840     
  -20.5944536865233     
  -27.6950435425605     
   1.77511991797514     
   6.10925697212703     
   51.6591381054630     
  -32.4127475841519     
  -25.9175545085493     
  -44.6133928914187     
   9.33818398995618     
  -3.85943092967455     
  -8.34117120209433     
   2.01188035872412     
  -25.8963603131149     
  -44.6174178096672     
  -30.4144716009917     
  -38.8048127067877     
  -20.8481625159012     
  -21.1850740336936     
   40.5159734995409     
  -26.0419963066786     
   6.88004026070641     
  -7.72994665461815     
  -38.2730291434528     
   16.7764373400618     
  -39.3377910915843     
   17.3317456545560     
   12.3005469173546     
   19.7940080218922     
  -38.1955227312391     
  -3.69659913758249     
   46.3023816583918     
  -16.0070825474909     
   12.5812422465523     
   19.7778849938569     
  -25.8034440089490     
  -37.4705603377206     
   48.7206590185928     
  -4.31943317271156     
   32.4525068767401     
   13.1926089336435     
   33.6310798385212     
  -9.86325771116116     
   32.9022789556382     
  -3.91155187641066     
  -8.75671768008147     
   3.56952000128329     
   30.7190031115820     
  -15.9206512938270     
   33.6129874727853     
  -9.84928275316608     
   51.7313542900336     
  -25.5637734766866     
  -25.8965129378311     
  -44.6632920926738     
  0.872148963960559     
  3.504174884679453E-003
  -29.3753262569366     
  -45.8789296575750     
   7.86704564655223     
   30.8901291274596     
   26.6469553061810     
  -42.8454123653960     
  -37.5928890637070     
   17.1056192500132     
  -12.6220249746606     
   14.9325880973283     
   40.5052013190757     
  -26.0493046366542     
  -12.1568682722139     
  -26.8063061414584     
  -35.7013403996662     
   22.7643090861866     
   40.6480788467092     
   57.5202040702474     
  -21.6695822893508     
  -37.8912098043154     
   9.77860704561073     
   31.2501743287368     
  -38.1402460761068     
   17.2425694633567     
   2.73958737293264     
  -14.8525458353054     
  -24.4785083723761     
   16.1848846994805     
  0.915882321549784     
  0.238884593258540     
   14.4949923382190     
   42.3838896172814     
   44.2454317102217     
  -37.6592537596657     
   25.4638455651449     
  -12.2706086908859     
   13.1530726717479     
   7.59965277650364     
  -3.10017982089997     
  -40.4158617774999     
   20.1791631541277     
  -20.5960748048289     
  -27.6939991274079     
   1.77496772080931     
   6.10925099241439     
   51.6571860887630     
  -32.4150390503917     
  -25.9203928075299     
  -44.6119568850791     
   9.33746806819708     
  -3.85981081361423     
  -8.34145116119594     
   2.01233836626675     
  -25.8992088365353     
  -44.6159807192185     
  -30.4166002416210     
  -38.8033267888750     
  -20.8498805574940     
  -21.1839349553647     
   40.5141513609955     
  -26.0438990087204     
   6.87936825528336     
  -7.73013703382125     
  -38.2726931624053     
   16.7783711904638     
  -39.3374391891635     
   17.3336213836440     
   12.3009777096322     
   19.7934764408586     
  -38.1961863611323     
  -3.69465062606892     
   46.3013307245142     
  -16.0090478859336     
   12.5816679329448     
   19.7773360692422     
  -25.8054874635210     
  -37.4692866137986     
   48.7198757404777     
  -4.32188122129013     
   32.4526201513150     
   13.1912948829361     
   33.6302250980131     
  -9.86457356768444     
   32.9015822972180     
  -3.91309354802399     
  -8.75694095714025     
   3.57000184302906     
   30.7176771810194     
  -15.9221162550776     
   33.6121388442631     
  -9.85061165997636     
   51.7297242722480     
  -25.5660673904488     
  -25.8993634622663     
  -44.6618632597759     
  0.871867655682125     
  3.517930421797866E-003
  -29.3782413383246     
  -45.8773055716459     
   7.86799704432309     
   30.8898516303561     
   26.6444855084275     
  -42.8465985984628     
  -37.5925959865239     
   17.1075047451414     
  -12.6217747933936     
   14.9332575074454     
   40.5033767591612     
  -26.0512081337523     
  -12.1585217201596     
  -26.8056345163884     
  -35.7007726826932     
   22.7660369413219     
   40.6502107221662     
   57.5183821492630     
  -21.6715825002337     
  -37.8901159299846     
   9.77956909896151     
   31.2497910120876     
  -38.1399232781710     
   17.2444257185860     
   2.73851929218293     
  -14.8526195480133     
  -24.4782360227944     
   16.1861216416787     
  0.915714571549638     
  0.238843855918879     
   14.4964871791577     
   42.3832700237061     
   44.2433256649004     
  -37.6611175485365     
  -25.4642391225792     
   12.2697588483740     
  -13.1540714562799     
  -7.60003855480102     
   3.09956529835977     
   40.4145532907665     
  -20.1817109585368     
   20.5969122478348     
   27.6926518672952     
  -1.77562140573695     
  -6.10988148878915     
  -51.6564049996376     
   32.4161228892847     
   25.9214442731130     
   44.6101056693795     
  -9.33781950490259     
   3.85923851507947     
   8.34106264031058     
  -2.01305893736418     
   25.9002605383427     
   44.6141322845748     
   30.4178644941557     
   38.8014611320117     
   20.8500450411971     
   21.1822652492383     
  -40.5137202876963     
   26.0444389080646     
  -6.87930506203913     
   7.73001113514732     
   38.2715400924318     
  -16.7807682115824     
   39.3362383661243     
  -17.3360771416464     
  -12.3022234045037     
  -19.7939760190599     
   38.1958405355697     
   3.69229511915278     
  -46.3011251750249     
   16.0098808146445     
  -12.5829032228666     
  -19.7778238069641     
   25.8067201440780     
   37.4676385004498     
  -48.7202911486847     
   4.32265052651567     
  -32.4535212319174     
  -13.1909772679301     
  -33.6302826354593     
   9.86496941965309     
  -32.9019265967562     
   3.91336796878740     
   8.75650257749084     
  -3.57085680781780     
  -30.7176235558187     
   15.9223097007383     
  -33.6121945358749     
   9.85100684768581     
  -51.7293480983075     
   25.5669832521240     
   25.9004147575407     
   44.6600125902547     
 -0.872091540719155     
 -3.607639285424864E-003
   29.3793347173402     
   45.8753287880893     
  -7.86962011743728     
  -30.8903774867029     
  -26.6433772446461     
   42.8468172931257     
   37.5914050018636     
  -17.1098869282148     
   12.6208401001982     
  -14.9343249975591     
  -40.5029419986740     
   26.0517491065487     
   12.1591607623123     
   26.8044966871322     
   35.6993010763639     
  -22.7683851065031     
  -40.6531127833689     
  -57.5175804194262     
   21.6728403046472     
   37.8886378494899     
  -9.78124990088585     
  -31.2503018389639     
   38.1387337408580     
  -17.2468282649832     
  -2.73830393792110     
   14.8520318929618     
   24.4771190180708     
  -16.1879182371987     
 -0.915923328676361     
 -0.238930219205325     
  -14.4985998450651     
  -42.3836537896240     
  -44.2423441407748     
   37.6619685155809     
  -25.4635901956406     
   12.2706600055006     
  -13.1533857838450     
  -7.59929623783599     
   3.09998642113916     
   40.4159423963364     
  -20.1799048247292     
   20.5967401157300     
   27.6935123299589     
  -1.77477921243189     
  -6.10943867239834     
  -51.6565031408889     
   32.4154876280922     
   25.9211990936774     
   44.6114031588715     
  -9.33708605855435     
   3.85961913649442     
   8.34167017687665     
  -2.01259341338476     
   25.9000146856773     
   44.6154272046299     
   30.4174462817511     
   38.8026720340268     
   20.8504198131799     
   21.1834606409858     
  -40.5134996979732     
   26.0441059059533     
  -6.87904177421169     
   7.73008572005518     
   38.2728031213880     
  -16.7790744791111     
   39.3374593987086     
  -17.3343543958785     
  -12.3008467682480     
  -19.7936420395913     
   38.1965218810241     
   3.69393324109638     
  -46.3009092889746     
   16.0094070229762     
  -12.5815464034224     
  -19.7775025145977     
   25.8063156115346     
   37.4687079742696     
  -48.7195225217234     
   4.32206115524495     
  -32.4524661064049     
  -13.1912172784776     
  -33.6298239946043     
   9.86473661719435     
  -32.9011976349814     
   3.91316011946078     
   8.75714140068890     
  -3.57028816400331     
  -30.7171744120616     
   15.9221726974493     
  -33.6117329278408     
   9.85077346755085     
  -51.7291609530587     
   25.5664154044136     
   25.9001671558442     
   44.6613119205726     
 -0.871700320700774     
 -3.532973027142856E-003
   29.3790461025294     
   45.8767194709310     
  -7.86802588624450     
  -30.8900381739052     
  -26.6436196754405     
   42.8467833006408     
   37.5926994293277     
  -17.1082038914095     
   12.6218039373387     
  -14.9336054157324     
  -40.5027250790817     
   26.0514142884323     
   12.1591618390679     
   26.8052574910927     
   35.7007849678172     
  -22.7666897575893     
  -40.6506673566398     
  -57.5181381457794     
   21.6723973493807     
   37.8895888830935     
  -9.77960433168931     
  -31.2499782730929     
   38.1399992810966     
  -17.2451471539050     
  -2.73810152998462     
   14.8523849835948     
   24.4783417387369     
  -16.1866686577421     
 -0.915611085258131     
 -0.238846419759063     
  -14.4966199359860     
  -42.3834217028463     
  -44.2425433863678     
   37.6614934803144     
   25.4641658633609     
  -12.2693188359006     
  -13.1548312638827     
   7.59981194481603     
   3.09932868738043     
  -40.4138852164160     
  -20.1837445436472     
  -20.5981629852265     
   27.6915168410254     
   1.77577648286408     
  -6.11022265616819     
   51.6550524585427     
   32.4176774360434     
  -25.9234035339400     
   44.6085113921074     
   9.33755538169133     
   3.85904995255440     
  -8.34108300616308     
  -2.01363180120885     
  -25.9022159858287     
   44.6125389972177     
  -30.4195665075785     
   38.7998579165180     
  -20.8510516813173     
   21.1808573667625     
   40.5125580027858     
   26.0454934032391     
   6.87890773205979     
   7.73003703690066     
  -38.2709861902234     
  -16.7827429113444     
  -39.3356248532337     
  -17.3380486219679     
   12.3028868832983     
  -19.7940292190411     
  -38.1961159279720     
   3.69029777225159     
   46.3004526659835     
   16.0112039936305     
   12.5835688723743     
  -19.7778670519550     
  -25.8083310163768     
   37.4662320324104     
   48.7199936291013     
   4.32400791153756     
   32.4539086991713     
  -13.1902973439121     
   33.6298228327423     
   9.86577579626335     
   32.9016646843544     
   3.91410653306678     
  -8.75647332029405     
  -3.57149668859118     
   30.7168673462566     
   15.9230011050907     
   33.6117327065375     
   9.85180794191018     
   51.7280461388787     
   25.5689223112553     
  -25.9023734586603     
   44.6584191501732     
  0.872030084925062     
 -3.653956460804753E-003
  -29.3813470188899     
   45.8735802904844     
   7.87067538089464     
  -30.8905506410338     
   26.6415745399281     
   42.8474257937806     
  -37.5908573755363     
  -17.1118393922599     
  -12.6203301296721     
  -14.9351586840720     
   40.5017826982245     
   26.0528027883330     
  -12.1603395281692     
   26.8036046746599     
  -35.6985488972799     
  -22.7701776230570     
   40.6551277095513     
  -57.5165651622392     
  -21.6744639011019     
   37.8874036001409     
   9.78233269793032     
  -31.2504205295229     
  -38.1381751428895     
  -17.2487638985793     
   2.73760767148422     
   14.8517763251799     
  -24.4766040795734     
  -16.1893310612846     
  0.915932181083935     
 -0.238961416436775     
   14.5000979036215     
  -42.3836357496320     
   44.2406951951529     
   37.6633515821756     
  -25.4640572434722     
   12.2692781735634     
   13.1548865079557     
  -7.59960961431990     
  -3.09972062635611     
   40.4137826717865     
   20.1839657697852     
   20.5985902486844     
  -27.6913895560612     
  -1.77571587747429     
   6.10998318716618     
  -51.6544676976432     
  -32.4185826784181     
   25.9241943382864     
  -44.6084702097593     
  -9.33732423366819     
  -3.85945729670948     
   8.34116127045206     
   2.01364911597631     
   25.9030114547475     
  -44.6124973985907     
   30.4201136896904     
  -38.7996490786285     
   20.8515385690287     
  -21.1809070722987     
  -40.5120153188199     
  -26.0463323925050     
  -6.87872264877156     
  -7.73020759290605     
   38.2709685122168     
   16.7829328692963     
   39.3355873640239     
   17.3382753487582     
  -12.3029674653835     
   19.7935389294308     
   38.1963235726336     
  -3.69010568255517     
  -46.3001019593312     
  -16.0121434043197     
  -12.5836506096227     
   19.7773848260757     
   25.8088890585563     
  -37.4660743441343     
  -48.7197358923323     
  -4.32504732190811     
  -32.4539256213214     
   13.1896799107603     
  -33.6295764945157     
  -9.86639224440939     
  -32.9014395464527     
  -3.91486233273604     
   8.75651720561379     
   3.57146673454922     
  -30.7164586083112     
  -15.9237192322189     
  -33.6114928100579     
  -9.85242738280682     
  -51.7276390248773     
  -25.5696416071797     
   25.9031683392565     
  -44.6583791269562     
 -0.871953995780475     
  3.621727022297817E-003
   29.3821735491102     
  -45.8734889225830     
  -7.87091024117004     
   30.8901924281853     
  -26.6406786529737     
  -42.8481535134864     
   37.5908172974583     
   17.1120340188765     
   12.6202767903772     
   14.9351897575204     
  -40.5012353476501     
  -26.0536430612478     
   12.1608079976121     
  -26.8036326001487     
   35.6983934750181     
   22.7704113835103     
  -40.6556402597399     
   57.5158006910040     
   21.6750095726857     
  -37.8872855477804     
  -9.78259661228772     
   31.2500117105358     
   38.1381461764009     
   17.2489747714400     
  -2.73731917894650     
  -14.8520065481278     
   24.4765422072920     
   16.1894012650777     
 -0.915880759230228     
  0.238941984773316     
  -14.5005066726300     
   42.3831388222851     
  -44.2400281215786     
  -37.6641555108578     
   25.7453820754910     
  -18.6920121320191     
  8.766079673309515E-002
   8.06134911914807     
 -0.362759668786014     
  -44.2962651536599     
  -14.3490580732137     
  -4.14970286539371     
  -29.5735758936303     
   1.14045155774913     
  -4.35794155473874     
   54.8395702651664     
   22.6814091017588     
  -19.1893934194084     
   44.3919963864465     
   10.0015981113147     
  0.402013262850310     
  -9.36496618142392     
  -3.17529353323374     
  -19.1210520064928     
   44.3516893441663     
  -13.1677851374094     
  -41.3630505739827     
  -17.2682364290052     
   21.9315388264952     
   43.8270807043578     
   18.1865895841466     
   8.84405786020117     
   1.21726583092175     
  -42.0511464190035     
  -10.7301109151030     
  -44.2369558280529     
  -10.0440385820262     
   9.76985853479549     
  -23.4558787564695     
  -37.0972084986275     
  0.578716184342379     
   48.3949060098865     
   10.3480772619309     
   10.0648523582871     
  -23.4924944609997     
  -8.89757202727685     
  -38.7819659222447     
   49.3171836653516     
  -4.49541240945460     
   32.7327723964378     
  -16.1136567118744     
   34.9716523713270     
   4.34771380737253     
   33.5566447068557     
  -2.43255386901905     
  -9.57311783036440     
  -3.26474701566028     
   32.9819020578125     
   8.38006919643437     
   34.9173542058169     
   4.34587283321814     
   55.2436823568786     
   16.0595268476657     
  -19.1259580059653     
   44.5672533924999     
   1.26691813880731     
 -0.344120798281423     
  -22.2387549448202     
   45.9128100744552     
   4.72100795417436     
  -32.5433904041444     
   34.7106848044109     
   27.7832106916398     
  -40.3322886200090     
  -12.0103133092972     
  -18.9449189735209     
  3.712521881327972E-002
   43.8220124896923     
   18.1913353360436     
  -5.69537040367169     
   5.43342663278702     
  -41.9249979741636     
  -13.2048377742329     
   30.3084526745970     
  -64.0196805284248     
  0.967587522533159     
  -38.4014268465556     
   7.00103136192938     
  -34.4092953224550     
  -42.0519704735630     
  -10.7292962822961     
   5.70673470637269     
   3.33809425948590     
  -28.1299513347802     
  -10.8789128991394     
  0.588856014147181     
  0.377821355682512     
   9.43717469484013     
  -46.0895419299407     
   50.9897675819691     
   21.3178901234819     
   25.4636815503134     
  -12.2701237864289     
   13.1540086879310     
   7.59926287604471     
  -3.10006995371269     
  -40.4150956597251     
   20.1816590847420     
  -20.5977424329113     
  -27.6926060566411     
   1.77507331552254     
   6.10954465474542     
   51.6553568053908     
  -32.4171618513205     
  -25.9228253779660     
  -44.6102250229750     
   9.33701477137484     
  -3.85976198199048     
  -8.34154825282448     
   2.01301046760286     
  -25.9016409776166     
  -44.6142504689878     
  -30.4188530730320     
  -38.8013598529726     
  -20.8511342777148     
  -21.1824680693587     
   40.5125949391217     
  -26.0453947396702     
   6.87878732613770     
  -7.73022428396117     
  -38.2720878403002     
   16.7807272241936     
  -39.3367501647987     
   17.3360442043387     
   12.3016786389599     
   19.7933671267761     
  -38.1966012312464     
  -3.69230179088326     
   46.3003706176671     
  -16.0109384257102     
   12.5823692776494     
   19.7772119349038     
  -25.8076616804663     
  -37.4675673474294     
   48.7194313114554     
  -4.32376860887075     
   32.4529923617084     
   13.1902933048187     
   33.6295607014761     
  -9.86568649454805     
   32.9011352522065     
  -3.91421091021779     
  -8.75696340396655     
   3.57075037867268     
   30.7166431758261     
  -15.9231569354215     
   33.6114760189597     
  -9.85172369499225     
   51.7282191676148     
  -25.5683413548833     
  -25.9017960596914     
  -44.6601285508780     
  0.871734746930303     
  3.557765607377449E-003
  -29.3807361665348     
  -45.8754017082866     
   7.86923957147705     
   30.8899194736761     
   26.6420128920912     
  -42.8476514577209     
  -37.5919653753522     
   17.1098374834057     
  -12.6212000181246     
   14.9342453879620     
   40.5018209768841     
  -26.0527035629557     
  -12.1600866977938     
  -26.8046366279486     
  -35.6997950827338     
   22.7683035731710     
   40.6529892159304     
   57.5167337970210     
  -21.6737825509936     
  -37.8886055773303     
   9.78083793080981     
   31.2497852557652     
  -38.1392728182076     
   17.2467878972497     
   2.73760251348401     
  -14.8523698306422     
  -24.4776482632459     
   16.1877814790302     
  0.915674590656210     
  0.238866970121021     
   14.4983228891705     
   42.3830444165524     
   44.2411285489760     
  -37.6629918171934     
  -25.7062685234863     
   18.7004991215420     
  0.346464579509354     
  -8.05465265393716     
 -0.358239173019840     
   44.4534297329086     
  -13.7884438285299     
   4.47929986803396     
  -29.4825414420321     
  -1.09470943161723     
  -4.29103010661861     
  -55.1126733242731     
   22.1007681296625     
   18.7008061338134     
   44.6801428689450     
  -10.0024686807452     
  0.386879573214309     
   9.39640882906960     
  -3.03867535863550     
   18.6330239310223     
   44.6397599866005     
   13.6321153613667     
  -41.1714138544874     
   17.0239525522394     
   22.2025607696134     
  -44.0347001647425     
   17.7864457354550     
  -8.84674358818567     
   1.16357333630420     
   42.1736512294163     
  -10.1974437345265     
   44.3530977154349     
  -9.48975461265053     
  -9.52670218247826     
  -23.4677721669453     
   37.0934606766664     
   1.05586403594168     
  -48.3635262562462     
   10.1666131889937     
  -9.82013954315998     
  -23.5083550549783     
   9.32705838003288     
  -38.6368392542235     
  -49.2775595176567     
  -4.93409248993958     
  -32.5620825173906     
  -16.3260725332080     
  -34.9780250899480     
   4.13596702392520     
  -33.5203103977476     
  -2.68836989853586     
   9.60661983621376     
  -3.12661667785727     
  -33.0768437239416     
   8.09894994322815     
  -34.9259486306024     
   4.13448639106950     
  -55.4025548577162     
   15.5636321646409     
   18.6332820925635     
   44.8559910829011     
  -1.25509236035321     
 -0.336792503348450     
   21.7222889636650     
   46.2348181854392     
  -4.38874621084492     
  -32.5084262794206     
  -35.0818934625019     
   27.3813937647565     
   40.4536608211215     
  -11.5076101880407     
   18.9548036144244     
  0.302804687134430     
  -44.0296237547806     
   17.7913581125161     
   5.65112774266212     
   5.53073928681428     
   42.0585378124261     
  -12.6677135227412     
  -29.6675498697644     
  -64.2410639165151     
 -0.544724204818402     
  -38.3578665821182     
  -6.65035307091384     
  -34.3974974526238     
   42.1742994866811     
  -10.1969623058335     
  -5.74082993787435     
   3.31774302290107     
   28.2491489247805     
  -10.5000068517632     
 -0.602070488535644     
  0.392993115109184     
  -8.96778846520984     
  -46.0960721325423     
  -51.2596672454561     
   20.7538759055696     
   25.4644906913307     
  -12.2698236993595     
   13.1534682037994     
   7.60038726446346     
  -3.09990939839920     
  -40.4147330208756     
   20.1802390341698     
  -20.5959319990570     
  -27.6935233498998     
   1.77574109462568     
   6.10950719571882     
   51.6574077272828     
  -32.4153918327725     
  -25.9202175537583     
  -44.6111906702507     
   9.33818325171216     
  -3.85956236971182     
  -8.34086271342694     
   2.01261115997239     
  -25.8990341520871     
  -44.6152157843588     
  -30.4165481789674     
  -38.8026329117166     
  -20.8493186552224     
  -21.1832321206994     
   40.5145790049335     
  -26.0440654740909     
   6.87972769456275     
  -7.73012790287059     
  -38.2716608529298     
   16.7793754247319     
  -39.3364239425747     
   17.3346727699526     
   12.3020852216046     
   19.7936891555162     
  -38.1954784574728     
  -3.69369045486315     
   46.3016805029160     
  -16.0094038828629     
   12.5827667830867     
   19.7775453816082     
  -25.8054604584220     
  -37.4686896294415     
   48.7206643586367     
  -4.32213466041079     
   32.4535353830306     
   13.1911757299047     
   33.6307673103408     
  -9.86473179055466     
   32.9023019861118     
  -3.91318180916640     
  -8.75633230283717     
   3.57031726454125     
   30.7182602981586     
  -15.9221444931899     
   33.6126777403612     
  -9.85076764546176     
   51.7301496810909     
  -25.5662869467193     
  -25.8991880107092     
  -44.6610957554823     
  0.872277615537738     
  3.553862477177148E-003
  -29.3780765836960     
  -45.8764904044287     
   7.86922461085517     
   30.8900611384484     
   26.6446408201943     
  -42.8466252543148     
  -37.5915344053142     
   17.1085171882664     
  -12.6209431244648     
   14.9336814328780     
   40.5038037141933     
  -26.0513737246904     
  -12.1582649518639     
  -26.8051942642686     
  -35.6995983690999     
   22.7670356399736     
   40.6519854301984     
   57.5180752133543     
  -21.6716105603445     
  -37.8895791559266     
   9.78085886740708     
   31.2500085939285     
  -38.1388799780485     
   17.2454491880394     
   2.73887297645878     
  -14.8523897330999     
  -24.4772249624510     
   16.1868795384642     
  0.916039192009347     
  0.238916997457616     
   14.4979623093813     
   42.3834399506384     
   44.2434459864522     
  -37.6614113455437     
   25.4637921499123     
  -12.2698192245694     
  -13.1544672333309     
   7.59940365147855     
   3.09962518976703     
  -40.4146277366039     
  -20.1827666657668     
  -20.5980858344519     
   27.6919977976735     
   1.77530615346554     
  -6.10993251284710     
   51.6551054152329     
   32.4173464340443     
  -25.9232856265153     
   44.6092548361157     
   9.33716147774170     
   3.85932234544049     
  -8.34141731469118     
  -2.01337067770275     
  -25.9021069894593     
   44.6132797218126     
  -30.4193525447917     
   38.8005323799248     
  -20.8512856150170     
   21.1815306321588     
   40.5124571641628     
   26.0453564130905     
   6.87875517208520     
   7.73011130792728     
  -38.2716622327077     
  -16.7818064946797     
  -39.3362966505754     
  -17.3371122834294     
   12.3021456856383     
  -19.7937849486733     
  -38.1964805465854     
   3.69122745686815     
   46.3002725186932     
   16.0111437084769     
   12.5828253947145     
  -19.7776284231919     
  -25.8081528833436     
   37.4668432694379     
   48.7195309069728     
   4.32374003146634     
   32.4533132522392     
  -13.1903768804107     
   33.6295600585705     
   9.86571292128303     
   32.9012491751073     
   3.91406870236166     
  -8.75681464387733     
  -3.57115414985930     
   30.7166192633668     
   15.9229909385509     
   33.6114713580004     
   9.85174887257308     
   51.7279327672068     
   25.5685887420282     
  -25.9022606222164     
   44.6591618605049     
  0.871811990116878     
 -3.624262466970937E-003
  -29.3812094678487     
   45.8743743303342     
   7.86981525916555     
  -30.8902916373827     
   26.6416059384003     
   42.8475119403211     
  -37.5915510362594     
  -17.1109120824763     
  -12.6208754552311     
  -14.9347634262861     
   40.5016820211922     
   26.0526643310585     
  -12.1603462873546     
   26.8040551998586     
  -35.6993169797501     
  -22.7692924287811     
   40.6537496162097     
  -57.5168398205369     
  -21.6742681195516     
   37.8879390958351     
   9.78144278675901     
  -31.2501892340584     
  -38.1388536785473     
  -17.2478369062615     
   2.73750887664084     
   14.8520251179730     
  -24.4772533889681     
  -16.1886283234382     
  0.915760199062947     
 -0.238895172032435     
   14.4990280730470     
  -42.3834342066819     
   44.2407643480393     
   37.6631872532503     
   25.4638993097366     
  -12.2709738990672     
  -13.1527668909763     
   7.59982797451952     
   3.09967943798076     
  -40.4164549556086     
  -20.1780270371782     
  -20.5950030488148     
   27.6946299354279     
   1.77483076677536     
  -6.10948576958928     
   51.6584676672771     
   32.4130807332410     
  -25.9187363808032     
   44.6125922297813     
   9.33765132009175     
   3.85924904933646     
  -8.34146321952872     
  -2.01213785322133     
  -25.8975477579190     
   44.6166167581246     
  -30.4151476822126     
   38.8042750810928     
  -20.8490700775880     
   21.1843730998095     
   40.5151627340600     
   26.0422385892116     
   6.87968870156632     
   7.72982646444139     
  -38.2732088820954     
  -16.7772835738320     
  -39.3379236340735     
  -17.3324628473038     
   12.3003315438540     
  -19.7941928517680     
  -38.1959675069620     
   3.69575322974522     
   46.3020410756402     
   16.0070906731372     
   12.5810240052764     
  -19.7780602075951     
  -25.8040852240288     
   37.4700973625751     
   48.7200983005647     
   4.31980263570195     
   32.4522443997867     
  -13.1925234802331     
   33.6306156916518     
   9.86328163644776     
   32.9017661240079     
   3.91167019714676     
  -8.75699434248699     
  -3.56981367059915     
   30.7183311154325     
   15.9207436688766     
   33.6125293816857     
   9.84932237506743     
   51.7307759983581     
   25.5638602833966     
  -25.8976994282484     
   44.6624978719990     
  0.871909975071043     
 -3.556695028661466E-003
  -29.3765152799415     
   45.8780502892808     
   7.86698043744272     
  -30.8903273602484     
   26.6462658464844     
   42.8453207820169     
  -37.5931053569876     
  -17.1064560593870     
  -12.6221890238383     
  -14.9329299802760     
   40.5043890038536     
   26.0495478188754     
  -12.1575202265717     
   26.8059095899099     
  -35.7014603406598     
  -22.7650487103282     
   40.6484179979117     
  -57.5199710759057     
  -21.6701471673784     
   37.8907907587004     
   9.77854201708461     
  -31.2503825837118     
  -38.1404392585128     
  -17.2433288680638     
   2.73911666376549     
   14.8523347165033     
  -24.4787275432112     
  -16.1855108269439     
  0.915741768797907     
 -0.238870639771058     
   14.4950519352594     
  -42.3840495567741     
   44.2448342971462     
   37.6593003456472     
  -25.4637874552091     
   12.2712868545313     
   13.1523613094195     
  -7.59982384570063     
  -3.09982384636789     
   40.4169813615483     
   20.1767773935527     
   20.5945407426589     
  -27.6951784128026     
  -1.77464932629347     
   6.10925778959015     
  -51.6589758036589     
  -32.4123807083882     
   25.9177252562857     
  -44.6135645556138     
  -9.33770250137959     
  -3.85937897868999     
   8.34153375879741     
   2.01181655533852     
   25.8965437337391     
  -44.6175867314245     
   30.4145264439883     
  -38.8050345094351     
   20.8485773581377     
  -21.1852388893165     
  -40.5156708036282     
  -26.0417093869662     
  -6.87978538102333     
  -7.72982891034089     
   38.2736033930621     
   16.7761272477403     
   39.3384024783471     
   17.3313520810478     
  -12.2998644776304     
   19.7941054360282     
   38.1959042186345     
  -3.69691087762744     
  -46.3021873610154     
  -16.0066234555144     
  -12.5805552138653     
   19.7779803989932     
   25.8035260364772     
  -37.4707659147885     
  -48.7201329427574     
  -4.31902267249909     
  -32.4519112807887     
   13.1928574382764     
  -33.6307114321511     
  -9.86297010513752     
  -32.9017753825723     
  -3.91128569082224     
   8.75710892248527     
   3.56946831807638     
  -30.7186169263818     
  -15.9204146308594     
  -33.6126241364520     
  -9.84901073918451     
  -51.7312440514269     
  -25.5631911701068     
   25.8966925302808     
  -44.6634695333565     
 -0.871877475635616     
  3.525656611071346E-003
   29.3755054010304     
  -45.8790957669366     
  -7.86629100081159     
   30.8901710661231     
  -26.6469334308043     
  -42.8451968065864     
   37.5935612513111     
   17.1052860627995     
   12.6225415510001     
   14.9324768907537     
  -40.5048961377341     
  -26.0490195155026     
   12.1570510599378     
  -26.8064213432223     
   35.7020023579830     
   22.7640171525867     
  -40.6470304606785     
   57.5205999791202     
   21.6695789452361     
  -37.8913879699860     
  -9.77781570495415     
   31.2502330014518     
   38.1408486595999     
   17.2422233589747     
  -2.73936760493906     
  -14.8524945375298     
   24.4791064496349     
   16.1846789612447     
 -0.915692549035382     
  0.238840802899727     
  -14.4940954309771     
   42.3840069059965     
  -44.2453928500603     
  -37.6588380247594     
   25.4642088720172     
  -12.2705669158198     
  -13.1528719356622     
   7.60020166122785     
   3.09984579816079     
  -40.4158472715318     
  -20.1783774441095     
  -20.5951336064809     
   27.6944357040766     
   1.77525474759573     
  -6.10939823128530     
   51.6583398666266     
   32.4137645880676     
  -25.9187177702595     
   44.6124864675701     
   9.33803370858787     
   3.85941935870349     
  -8.34116699291921     
  -2.01221113574790     
  -25.8975345562959     
   44.6165103840115     
  -30.4153561077986     
   38.8039379916675     
  -20.8487899009655     
   21.1843131366227     
   40.5152760390389     
   26.0427651989935     
   6.87982094839925     
   7.72994861526260     
  -38.2726378640740     
  -16.7776198395708     
  -39.3373979357429     
  -17.3328946883916     
   12.3009832289384     
  -19.7939335516082     
  -38.1956296744380     
   3.69543879420845     
   46.3020144520698     
   16.0079470594966     
   12.5816655720641     
  -19.7778002530488     
  -25.8043140128157     
   37.4698175592221     
   48.7205223097009     
   4.32041788788298     
   32.4527624597487     
  -13.1921074122500     
   33.6308446522474     
   9.86375410502745     
   32.9021409547102     
   3.91212302167380     
  -8.75668697282215     
  -3.56987317964533     
   30.7185618117335     
   15.9211936696385     
   33.6127578844789     
   9.84979286593080     
   51.7307877366946     
   25.5646068787253     
  -25.8976862715351     
   44.6623924978003     
  0.872123989696266     
 -3.545591330572342E-003
  -29.3765295192133     
   45.8779207712563     
   7.86772205961449     
  -30.8901600658764     
   26.6459155564414     
   42.8458868528872     
  -37.5925313545686     
  -17.1067983911037     
  -12.6217619491459     
  -14.9330246366567     
   40.5045034657660     
   26.0500734371570     
  -12.1575429522570     
   26.8058529782542     
  -35.7008276070484     
  -22.7654076462483     
   40.6492566511294     
  -57.5195606589797     
  -21.6704292771437     
   37.8905459863115     
   9.77931987883204     
  -31.2501554897084     
  -38.1398810110189     
  -17.2437206055322     
   2.73922233489595     
   14.8524410144543     
  -24.4781698873186     
  -16.1856896873645     
  0.915889259380730     
 -0.238888835505836     
   14.4959660820419     
  -42.3837843647179     
   44.2445548259075     
   37.6600283693597     
  -25.7036194638414     
   18.7098579318451     
 -0.366625392243303     
  -8.04739368423928     
  0.355990690313073     
   44.4671470117705     
   13.7561600282177     
   4.46512215842810     
   29.4740150759931     
  -1.08444799619790     
   4.28422740292818     
  -55.1197859955483     
  -22.0826371897186     
   18.6860331086869     
  -44.6918757429202     
  -9.99451162341793     
 -0.388990193021234     
   9.39957324914449     
   3.02744268215376     
   18.6190102030086     
  -44.6517107964916     
   13.6020921896271     
   41.1629053464126     
   17.0188700173594     
  -22.2174574228548     
  -44.0399729847594     
  -17.7582685014876     
  -8.84974351766890     
  -1.16638671849736     
   42.1821242942294     
   10.1704871698618     
   44.3516567325320     
   9.46558160467585     
  -9.49825505708902     
   23.4667541417678     
   37.0926328500801     
  -1.07687105719190     
  -48.3775074443223     
  -10.1432238650301     
  -9.79120072931217     
   23.5056156050938     
   9.29705103646387     
   38.6303916445146     
  -49.2615264736772     
   4.97565908508270     
  -32.5356041304265     
   16.3364869056649     
  -34.9711354339002     
  -4.12579324109665     
  -33.5069213764119     
   2.70736000416011     
   9.61006220801891     
   3.11689910735878     
  -33.0741160091069     
  -8.08056652674222     
  -34.9202671230908     
  -4.12511172047861     
  -55.4032361249539     
  -15.5591429365012     
   18.6174722374347     
  -44.8689126960154     
  -1.24959890396716     
  0.333881280326566     
   21.7055923163730     
  -46.2441917096683     
  -4.34127670664373     
   32.4979609406686     
  -35.1083674679689     
  -27.3653345251714     
   40.4667055483274     
   11.4766974824661     
   18.9634858839625     
 -0.322710977307529     
  -44.0349122474857     
  -17.7627934709641     
   5.63070278095330     
  -5.53556279918081     
   42.0715145193486     
   12.6396349283573     
  -29.6210079355797     
   64.2410794678890     
 -0.566078352513598     
   38.3491017613626     
  -6.61767049287315     
   34.3892617604394     
   42.1831864106550     
   10.1697479532815     
  -5.75060352811866     
  -3.31938600561243     
   28.2621784649178     
   10.4774156156914     
 -0.604355042866423     
 -0.395305105605502     
  -8.91684867402003     
   46.0937785271050     
  -51.2547069594050     
  -20.7501232682079     
  -25.4641339905909     
   12.2708957826615     
  -13.1524717123351     
  -7.60018669862652     
   3.09989142792392     
   40.4163552774729     
  -20.1773223251635     
   20.5946082534521     
   27.6949457703847     
  -1.77506494404079     
  -6.10927917588406     
  -51.6589696340052     
   32.4128652568852     
   25.9178228918787     
   44.6132464260698     
  -9.33805041651319     
   3.85945202404292     
   8.34126872851951     
  -2.01193420814661     
   25.8966411334277     
   44.6172695764999     
   30.4146544483817     
   38.8046955568059     
   20.8483686519898     
   21.1849653890759     
  -40.5157611041491     
   26.0421551217101     
  -6.87996740951766     
   7.72989666212168     
   38.2730705168148     
  -16.7765942369977     
   39.3378536227560     
  -17.3318721565147     
  -12.3004879787485     
  -19.7939874820086     
   38.1956351733713     
   3.69641621498754     
  -46.3022519139048     
   16.0073039819394     
  -12.5811932437833     
  -19.7778585975339     
   25.8036177382399     
   37.4705283363770     
  -48.7205697553899     
   4.31956600971214     
  -32.4524517411711     
  -13.1925022139301     
  -33.6309677855174     
   9.86330211183849     
  -32.9021682014948     
   3.91165027408252     
   8.75679939378899     
  -3.56955699482530     
  -30.7188436540984     
   15.9207764363758     
  -33.6128790892982     
   9.84934143944468     
  -51.7312505294726     
   25.5638080968477     
   25.8967909598827     
   44.6631498547604     
 -0.872082306938160     
 -3.520362283803635E-003
   29.3756127969103     
   45.8787658197150     
  -7.86704032792508     
  -30.8901371948428     
  -26.6468340088739     
   42.8454499262463     
   37.5929731907479     
  -17.1057694225719     
   12.6220977337577     
  -14.9326219371952     
  -40.5049869069387     
   26.0494650114430     
   12.1570292083604     
   26.8062394270013     
   35.7014053389723     
  -22.7644491779088     
  -40.6481912226216     
  -57.5200699078404     
   21.6697455207556     
   37.8911246818735     
  -9.77861439692080     
  -31.2501739489693     
   38.1403137105230     
  -17.2427074919272     
  -2.73948476098388     
   14.8525576000748     
   24.4785769066188     
  -16.1849753051272     
 -0.915825345679415     
 -0.238859858847348     
  -14.4950318756783     
  -42.3838652098462     
  -44.2452505366086     
   37.6593756735174     
  -25.4640110202254     
   12.2692189975895     
   13.1549494335272     
  -7.59951651131763     
  -3.09983269599954     
   40.4137301619269     
   20.1842315233483     
   20.5988513515989     
  -27.6912811841640     
  -1.77570563530415     
   6.10990687859955     
  -51.6541442905358     
  -32.4190065318342     
   25.9246161831344     
  -44.6083283951980     
  -9.33722809350718     
  -3.85958703942740     
   8.34119530142149     
   2.01367880521184     
   25.9034375484031     
  -44.6123525995495     
   30.4204651348450     
  -38.7994812483024     
   20.8517746720033     
  -21.1807963920477     
  -40.5117193389125     
  -26.0467008586319     
  -6.87860284575803     
  -7.73026198330664     
   38.2708819396235     
   16.7831815959865     
   39.3355256478249     
   17.3385076507830     
  -12.3030464882065     
   19.7933984536598     
   38.1964282160385     
  -3.68987592779065     
  -46.2998969972012     
  -16.0125498083773     
  -12.5837301349789     
   19.7772403887784     
   25.8092061482150     
  -37.4659307702321     
  -48.7195758157378     
  -4.32545874752587     
  -32.4539729382694     
   13.1894077859652     
  -33.6294475062409     
  -9.86666726286699     
  -32.9013344474726     
  -3.91516480803842     
   8.75654597388823     
   3.57149888979184     
  -30.7162619541164     
  -15.9240057062260     
  -33.6113652175961     
  -9.85270593698359     
  -51.7273277083613     
  -25.5701963207283     
   25.9035941835023     
  -44.6582356260388     
 -0.871919801623595     
  3.611858334760092E-003
   29.3826437569383     
  -45.8733354877891     
  -7.87111315245744     
   30.8900754753929     
  -26.6402908871206     
  -42.8483796480985     
   37.5907399484210     
   17.1122602291760     
   12.6202036832145     
   14.9352683193759     
  -40.5009456034519     
  -26.0540106919776     
   12.1610825903679     
  -26.8035918286834     
   35.6982778244194     
   22.7706276803609     
  -40.6561719462361     
   57.5153208879661     
   21.6753251158303     
  -37.8871759318418     
  -9.78276887351545     
   31.2498786760870     
   38.1380519156359     
   17.2491988902271     
  -2.73713413302503     
  -14.8520789262105     
   24.4764835066288     
   16.1895140520957     
 -0.915839645704927     
  0.238929058605967     
  -14.5007477947321     
   42.3829427006127     
  -44.2397022139501     
  -37.6644929501310     
   25.7470989288679     
  -14.2859719894134     
   10.6221561816394     
   6.74545822500587     
  -1.81853922975053     
  -37.8793063924188     
   18.0551191842985     
  -16.0297781307631     
  -28.3295542686524     
   1.43394399807184     
 -0.458430666694733     
   59.2614299151098     
   2.39524428242884     
  -37.3685724029715     
  -36.1465444958646     
   7.91922075895243     
  -1.72209586354606     
  -8.58913192597612     
   1.11949358046611     
  -37.2712576870464     
  -36.1877742876970     
  -27.7693640174900     
  -39.6187194839423     
  -28.4494453604189     
  -14.7236969568409     
   41.8068511293549     
   10.7262857178983     
   7.13195638256565     
  -3.04933592868499     
  -36.9375431962890     
   16.2208339247657     
  -38.7611374263699     
   16.2684408167290     
   13.8701084683922     
  -14.9438551178233     
  -38.6922700273376     
  0.875835456377038     
   48.8608949477158     
   2.95785765988557     
   13.9304762276510     
  -14.8952698801635     
  -22.9534242146803     
  -38.1689970325412     
   49.5792441908088     
   1.10374527126376     
   34.1497006931662     
  -10.7604458910885     
   34.1171440997686     
   1.10118442325848     
   33.0604336564826     
 -0.306347640640407     
  -8.71705524450724     
   1.42127291928954     
   30.5617324866131     
   4.42101236796655     
   34.1004111891157     
   1.11899597839067     
   55.6913828037146     
   3.01140273781516     
  -37.2766789268071     
  -36.1914509588251     
   1.42095277277598     
 -0.428946742529782     
  -37.6203686653083     
  -36.1607434187055     
   6.13709890859017     
  -24.0918131303142     
   37.1682647710711     
  -21.3482601813991     
  -35.2977414862750     
   15.9471393531115     
  -14.3102332416799     
   10.7679975002334     
   41.3244989069977     
   10.9104840918969     
  -13.3855307075439     
  -23.3549444797840     
  -36.7840602662888     
   16.2789496693008     
   38.9133289464862     
  -58.8228554651687     
  -15.0280598832005     
  -37.8660582710143     
   15.4502669131819     
  -29.0501383807738     
  -36.9375431976393     
   16.2208339233240     
   2.77003625797297     
  -4.83148184842199     
  -23.3463251933376     
   11.9072468794589     
  0.887324783871700     
  0.402582496381291     
   19.9375593157060     
  -39.2306802449488     
   53.3184776173280     
  -15.1166188705539     
   25.4640056188090     
  -12.2707411500692     
  -13.1527265614746     
   7.59992893809726     
   3.10015637834358     
  -40.4161082281683     
  -20.1780807020838     
  -20.5952959267577     
   27.6945672469860     
   1.77500938445391     
  -6.10916276031585     
   51.6581109627529     
   32.4139871096031     
  -25.9189976779951     
   44.6127952989712     
   9.33775974911372     
   3.85974494484053     
  -8.34135078775195     
  -2.01208202462266     
  -25.8978155315521     
   44.6168196412691     
  -30.4155572339909     
   38.8041333962045     
  -20.8491217114386     
   21.1846084702912     
   40.5150254996756     
   26.0430602240123     
   6.87966576927373     
   7.73008945978408     
  -38.2729042273515     
  -16.7773224623496     
  -39.3376662396030     
  -17.3326032836125     
   12.3007185317397     
  -19.7936140477262     
  -38.1958855752070     
   3.69571844385149     
   46.3018060224095     
   16.0081725494986     
   12.5814151504465     
  -19.7774796019340     
  -25.8045037104132     
   37.4699778132939     
   48.7202362038620     
   4.32081004434302     
   32.4525231334993     
  -13.1918334466883     
   33.6306132770276     
   9.86400664105258     
   32.9018765478235     
   3.91246804135995     
  -8.75685846730697     
  -3.56971076259370     
   30.7183064394898     
   15.9215049363552     
   33.6125304211637     
   9.85004950631055     
   51.7305119817475     
   25.5650660283560     
  -25.8979659379697     
   44.6627006279566     
  0.871982632164674     
 -3.500672094431730E-003
  -29.3768028269521     
   45.8782423347281     
   7.86748878249944     
  -30.8898907246158     
   26.6456483256852     
   42.8461297693264     
  -37.5927849381416     
  -17.1064798968214     
  -12.6219406737949     
  -14.9328774137892     
   40.5042472688187     
   26.0503719248432     
  -12.1577376259849     
   26.8060547536509     
  -35.7011060826114     
  -22.7650956177629     
   40.6492386059230     
  -57.5190898122146     
  -21.6706232523168     
   37.8907267969381     
   9.77906654053992     
  -31.2498691728328     
  -38.1401314342865     
  -17.2434370144960     
   2.73903425814079     
   14.8526335602858     
  -24.4784185570889     
  -16.1854227760248     
  0.915781901655176     
 -0.238827384989805     
   14.4957177354616     
  -42.3834521134168     
   44.2443095372828     
   37.6602872488502     
  -25.4639722471781     
   12.2691769991501     
   13.1550018377034     
  -7.59948946580636     
  -3.09985261920232     
   40.4136773350181     
   20.1844061147485     
   20.5989986908694     
  -27.6911544530014     
  -1.77570904991633     
   6.10993279353553     
  -51.6539454941047     
  -32.4192992647407     
   25.9248237675986     
  -44.6082011458225     
  -9.33720930572177     
  -3.85961393138276     
   8.34120484613265     
   2.01372298637270     
   25.9036358541878     
  -44.6122284787987     
   30.4206405170971     
  -38.7993227251315     
   20.8518738231382     
  -21.1807040401784     
  -40.5116042857689     
  -26.0468955895554     
  -6.87859537506514     
  -7.73030457318951     
   38.2707695190728     
   16.7833753203761     
   39.3354500835982     
   17.3387114836483     
  -12.3031205824293     
   19.7933464137382     
   38.1964491320334     
  -3.68967745054206     
  -46.2998055682598     
  -16.0128445266968     
  -12.5838163753753     
   19.7771769393371     
   25.8093832034399     
  -37.4657834041396     
  -48.7196046991815     
  -4.32571896866015     
  -32.4540148691649     
   13.1892628976999     
  -33.6294031108043     
  -9.86683538226200     
  -32.9013239375129     
  -3.91531671105158     
   8.75653815915975     
   3.57154067107881     
  -30.7161919890147     
  -15.9241538606352     
  -33.6113175639714     
  -9.85286886978152     
  -51.7271730386361     
  -25.5705274618864     
   25.9037965427054     
  -44.6581087479519     
 -0.871925815402971     
  3.614178111353158E-003
   29.3828047666396     
  -45.8732153505220     
  -7.87123000472765     
   30.8900796424162     
  -26.6400968797935     
  -42.8485196203278     
   37.5906696987843     
   17.1124225926519     
   12.6201530322427     
   14.9353288144877     
  -40.5008303426542     
  -26.0542053046712     
   12.1611965068175     
  -26.8035148646127     
   35.6982121707124     
   22.7707924246636     
  -40.6564423294006     
   57.5151577980723     
   21.6755433784119     
  -37.8870286845875     
  -9.78290933263083     
   31.2498660898683     
   38.1379532115448     
   17.2493849615464     
  -2.73706388774745     
  -14.8521030562486     
   24.4764124904854     
   16.1896466168018     
 -0.915848787594743     
  0.238930619269416     
  -14.5009760374709     
   42.3828857656650     
  -44.2395043087818     
  -37.6648148741711     
   25.4638105724468     
  -12.2711483209882     
  -13.1526092411877     
   7.59980832296696     
   3.09979412217654     
  -40.4166700915920     
  -20.1775955127659     
  -20.5949716976413     
   27.6947917335037     
   1.77473531635923     
  -6.10936190097699     
   51.6586032687728     
   32.4128169742810     
  -25.9183588194660     
   44.6129922534805     
   9.33765985057292     
   3.85935677218637     
  -8.34154054044983     
  -2.01202089199224     
  -25.8971757142851     
   44.6170154417403     
  -30.4151027838621     
   38.8044897133593     
  -20.8488798692069     
   21.1847431813286     
   40.5153674080076     
   26.0420423301712     
   6.87965536622788     
   7.72985341647879     
  -38.2733751678729     
  -16.7768628087237     
  -39.3381171212764     
  -17.3321186779152     
   12.3001568171730     
  -19.7940981879252     
  -38.1960122321305     
   3.69616334950062     
   46.3020417832957     
   16.0068026795115     
   12.5808344666217     
  -19.7779690323735     
  -25.8040390684090     
   37.4702667596221     
   48.7201527220457     
   4.31954453795219     
   32.4520917018418     
  -13.1926054806392     
   33.6306172098286     
   9.86317016454925     
   32.9017717174551     
   3.91157892330792     
  -8.75709949759150     
  -3.56969585040710     
   30.7184539223224     
   15.9206480762353     
   33.6125309373746     
   9.84920970867570     
   51.7309253937150     
   25.5636436274916     
  -25.8973269956819     
   44.6628960274064     
  0.871861958350831     
 -3.547345151388753E-003
  -29.3761242316410     
   45.8785102695551     
   7.86669239803379     
  -30.8902334190904     
   26.6464783979956     
   42.8452083958341     
  -37.5932587309321     
  -17.1060479408048     
  -12.6223712012901     
  -14.9327581558604     
   40.5045942464088     
   26.0493525013376     
  -12.1574351649011     
   26.8061010722250     
  -35.7017000639699     
  -22.7646653352489     
   40.6479303229945     
  -57.5201296986220     
  -21.6701254196231     
   37.8909523678532     
   9.77826197444178     
  -31.2502917589123     
  -38.1406180795383     
  -17.2429696368454     
   2.73916730278113     
   14.8524134929615     
  -24.4789030591652     
  -16.1851853202032     
  0.915680965500731     
 -0.238847862997548     
   14.4946991975801     
  -42.3839835957417     
   44.2450035675344     
   37.6590796971050     
   25.7253508592425     
  -18.6985213641240     
  0.189604051088452     
   8.05806957666572     
 -0.360133878669686     
  -44.3583930764141     
  -14.1379590910956     
  -4.29677925033607     
  -29.5343065417819     
   1.12822770622024     
  -4.32769527791408     
   54.9639052403965     
   22.4159806069927     
  -19.0007920653121     
   44.5009882589472     
   10.0002900013911     
  0.395689419122067     
  -9.37632690720109     
  -3.12642110300554     
  -18.9331925550861     
   44.4607649167542     
  -13.3836758509501     
  -41.2860576805771     
  -17.1724021418646     
   22.0343567867227     
   43.9130400502353     
   18.0237141219543     
   8.83858570821949     
   1.20017707989863     
  -42.1037883996123     
  -10.5264932063362     
  -44.2903621031163     
  -9.83380747002050     
   9.68248508186745     
  -23.4594437147635     
  -37.1018899470913     
  0.762435898298631     
   48.3090789073200     
   10.4160621221213     
   9.97575336656871     
  -23.4988782714142     
  -9.09489994153966     
  -38.7161599834724     
   49.3085407658191     
  -4.65717612560613     
   32.6703098405260     
  -16.1860742766979     
   34.9591827763201     
   4.29008518283346     
   33.5392019419330     
  -2.52388376034488     
  -9.58634289357539     
  -3.21676050875055     
   33.0210674328335     
   8.26637637194069     
   34.9097610206350     
   4.28812478602143     
   55.2967934173574     
   15.8834861450870     
  -18.9347870217825     
   44.6768325759940     
   1.26111832660631     
 -0.340879668934809     
  -22.0341567624899     
   46.0348949295037     
   4.60398296936269     
  -32.5326446809769     
   34.8931392922398     
   27.5790671065777     
  -40.3735053107851     
  -11.8254172949997     
  -18.9517265094664     
  0.144447067659957     
   43.9080395437687     
   18.0287123580963     
  -5.69399346237049     
   5.46797103339860     
  -41.9701380021277     
  -13.0069683990540     
   30.0965626213133     
  -64.0934507861767     
  0.779310206285857     
  -38.3804085115515     
   6.87794833883471     
  -34.4070006420601     
  -42.1046707334559     
  -10.5258722352416     
   5.71466745637079     
   3.32765429250427     
  -28.1763931917785     
  -10.7369848215738     
  0.592467036585381     
  0.385417064114071     
   9.27310139748375     
  -46.0911109238700     
   51.1153902439920     
   21.0553477380683     
  -25.4642066183119     
   12.2690199646171     
  -13.1550821329224     
  -7.59976971711061     
   3.09960302119835     
   40.4134450927060     
  -20.1844825860138     
   20.5987568778178     
   27.6911096252664     
  -1.77593919318899     
  -6.11009868845067     
  -51.6542878498788     
   32.4189636668935     
   25.9243059372596     
   44.6081026410864     
  -9.33750494616311     
   3.85934942566905     
   8.34101108295713     
  -2.01378636140631     
   25.9031191182144     
   44.6121304648778     
   30.4203606752019     
   38.7992520542277     
   20.8514908349313     
   21.1805391128181     
  -40.5120066096877     
   26.0464983503043     
  -6.87875701337480     
   7.73022361373078     
   38.2705947714611     
  -16.7834438428091     
   39.3352638322088     
  -17.3388039279377     
  -12.3033420589298     
  -19.7936238975042     
   38.1961618979742     
   3.68961425616065     
  -46.3000375925562     
   16.0125610207558     
  -12.5840299933242     
  -19.7774564131211     
   25.8091322262041     
   37.4657325506934     
  -48.7199275549656     
   4.32519747251277     
  -32.4542201895191     
  -13.1895568799539     
  -33.6296449483571     
   9.86659203719001     
  -32.9016119586837     
   3.91495050550660     
   8.75637202998186     
  -3.57162308225285     
  -30.7165428870675     
   15.9238062445352     
  -33.6115588690007     
   9.85262588435075     
  -51.7275076098105     
   25.5701835792601     
   25.9032799858194     
   44.6580126694985     
 -0.872052042192856     
 -3.633577685758300E-003
   29.3822836281829     
   45.8731086619187     
  -7.87139217037529     
  -30.8902797378235     
  -26.6405224548601     
   42.8482519222627     
   37.5904619106219     
  -17.1125213980381     
   12.6200035865678     
  -14.9354222705600     
  -40.5012319725553     
   26.0538058348393     
   12.1608995460994     
   26.8034057670715     
   35.6979843676642     
  -22.7709287058225     
  -40.6564491694582     
  -57.5155296104408     
   21.6752971148443     
   37.8869735846491     
  -9.78306844775696     
  -31.2500876424279     
   38.1377715827106     
  -17.2494680404985     
  -2.73731647020334     
   14.8519107349109     
   24.4762102811859     
  -16.1897651414819     
 -0.915957549173419     
 -0.238967220182537     
  -14.5010904060388     
  -42.3831873248593     
  -44.2397779514417     
   37.6645374702714     
   25.6810801908718     
  -18.7020084290199     
 -0.516690671579822     
   8.04432959227765     
  0.355497800595301     
  -44.5569713827825     
   13.4178100835877     
  -4.68406370454836     
   29.4234019828884     
   1.05877162338802     
   4.25034399866280     
   55.2706282622641     
  -21.7544390377056     
  -18.3872951958242     
  -44.8694505475932     
   9.99739540540749     
 -0.380015328276805     
  -9.42168733980243     
   2.94454859307312     
  -18.3194979842447     
  -44.8280771229048     
  -13.9151871162825     
   41.0480929296395     
  -16.8704458584236     
  -22.3836130118690     
   44.1595149543580     
  -17.5261983436029     
   8.85375198599829     
  -1.12513534361529     
  -42.2500979548412     
   9.84135603504048     
  -44.4245539372469     
   9.11613351702534     
   9.35518410334174     
   23.4744731292326     
  -37.0905785154896     
  -1.36984315844627     
   48.4141978237844     
  -9.90803857683855     
   9.64783768399922     
   23.5163865854642     
  -9.59003489804592     
   38.5445745956381     
   49.2400206871744     
   5.22788074111306     
   32.4392485585670     
   16.4759831644109     
   34.9884411835258     
  -3.97892757001931     
   33.4924108002400     
   2.86414304186593     
  -9.62949609114361     
   3.02975050772193     
   33.1283563875004     
  -7.91679815985535     
   34.9377473835577     
  -3.97811931388699     
   55.4956501945579     
  -15.2495450968864     
  -18.3187013960329     
  -45.0448308386829     
   1.24269904785321     
  0.327722759956294     
  -21.3929542861407     
  -46.4455752243053     
   4.15474996924151     
   32.4812866893322     
   35.3066673378638     
  -27.1472526232256     
  -40.5400495454722     
   11.1652703662970     
  -18.9573291226057     
 -0.475590935796529     
   44.1543074426368     
  -17.5312377036261     
  -5.61272343451606     
  -5.59600007404548     
  -42.1542923329605     
   12.3065706777981     
   29.1970137427193     
   64.3973324724603     
  0.280840413078841     
   38.3299509402741     
   6.40418719473812     
   34.3849405650771     
  -42.2505647040592     
   9.84107440215077     
   5.76286036283385     
  -3.30601295270230     
  -28.3285635681505     
   10.2462015963353     
  0.612400513374076     
 -0.401118681217592     
   8.63661371628993     
   46.1004301947855     
   51.4197486412085     
  -20.4129749753629     
