   8.2746860e+01   7.7371653e+00   5.4040592e+01   2.2019809e+00   9.9921423e+01   3.1705418e+01   9.5574771e+01   6.5432485e+01   3.3860901e+01   4.1919976e+01   5.4543777e+01   2.7997004e+01   7.3921387e+01   7.6968568e+01   9.7844801e+01   6.5026709e+01   4.1978534e+01   3.4135972e+01   4.1145109e+01   4.1649072e+01   3.3189500e+01   8.6077727e+01   2.9537214e+01   6.9233809e+01   9.9310981e+00   9.9639739e+01   4.1904429e+01   3.9211845e+01   3.1966468e+01   4.6299041e+01
  -5.3269685e+01   9.1969847e+01   4.7562816e+01  -2.1409083e+01  -9.3544316e+01   1.3630466e+01   4.6228651e+01  -6.8775801e+01  -3.0364468e+01   8.0225767e+01  -5.3332667e+01   6.5077450e+01   1.7811051e+01  -1.8053907e+01  -4.1374224e+00  -2.2066638e+00   2.0579661e+01  -3.7604077e+01   3.2302114e+01  -2.4927254e+01   9.7747922e+01  -1.5808164e+00  -1.8645877e+01   4.1763745e+01   8.2475263e+01   6.9955326e+01  -9.8542720e+01  -7.7549071e+01   6.1694652e+01   5.8323773e+01
  -5.5490437e+01  -4.8610058e+00  -5.6948531e+01   1.0212447e+00  -9.1876431e+01  -3.6113815e+01  -5.1369427e+01   5.2993480e+01  -6.1630943e+01  -9.0094632e+00  -2.2104903e-01   6.9344566e+01   5.0864193e+01   4.8016127e+01   8.3296263e+00  -9.4996039e+01   9.7652763e+01   9.6815034e+01   7.1596788e+01  -1.6550711e+01  -3.2180826e+01   3.9685340e+01   7.1364997e+01   3.3431655e+01   5.6668462e+01   2.2142480e+01   9.6955791e+01   6.6250767e+01  -2.7084878e+01   5.9327135e+01
  -6.2246149e+01  -6.6586046e+00  -9.9989900e+01  -4.3343821e+01  -9.8884896e+01  -4.4805111e+01  -2.8406530e+00  -1.8230881e+01  -2.8369256e+01   8.5896111e+01   5.9823537e-02   5.6792340e+01  -8.5208655e+01   8.0590978e+00  -3.6242836e+00   4.3162605e+01   8.3886993e+00   8.1216948e+01   2.9594536e+01   9.0700868e+01   3.3995808e+01  -7.4109721e+01   7.2667025e+01  -9.1828417e+01  -4.3356338e+01  -5.2950251e+01   7.1494515e+01  -1.9348514e+01  -4.8464746e+01   1.3433948e+01
   9.6535359e+01   3.7570731e+01  -2.9542757e+01   1.9189697e-01  -2.1057390e+00   4.3653897e+01  -7.2040029e+00   6.3989518e+01   9.1519192e+01  -3.6945188e+01   1.7166759e+01   5.5000704e+01  -5.3715400e+01  -7.9824032e+01  -2.1033874e+01   1.2402998e+00   6.8147051e+01  -7.5709038e+01  -9.0261597e+01   8.2977068e+01   1.0936644e+01  -9.3940782e+01   7.8222953e+01   1.3228339e+01   9.2479402e+01   5.8881157e+01   7.6680533e+01  -6.0785458e+01   5.1197885e+01   8.7647850e+01
  -2.2540996e+01  -3.5609729e+01  -9.2076188e+01   2.5300762e+01  -8.5924436e+01  -8.9971736e+01  -2.9214557e+01   9.6560930e+01   9.7535480e+01  -9.9039611e+01   1.0213214e+01  -3.5800852e+01  -4.3770462e+01   2.2632847e+01   3.5965530e+01   3.5386377e+01  -3.8223165e+01  -7.0598441e+01  -3.8482820e+01  -3.6761504e+01   6.1260112e+01  -4.8743877e+00   1.1026450e-01   6.3909106e+01  -1.5552206e+01  -5.2068402e+01  -5.7501721e+01  -2.5872320e+01   8.4515224e+01  -7.3754166e+01
   3.0317653e+00  -5.8754751e+01   3.8351459e+01   7.5703241e+01   3.1322457e+00   2.8390721e+01  -1.3552106e+01   4.4217474e+01   9.0017129e+01   5.2439383e+01   4.7341603e+01  -5.7927272e+01  -9.7181265e+01   8.8918557e+01   1.0647703e+01  -4.4382444e+01   9.5501564e+01  -9.8629153e+01  -8.9765329e+01   4.2071060e+01  -8.7108057e+01   2.6015857e+01   3.3816464e+01   5.3018837e+00   4.6217709e+01   5.8847748e+01  -3.2782621e+01   7.1098487e+01   2.5830458e+01  -8.5188499e+01
  -5.4995116e+01   2.5986766e+01  -6.1591326e+01  -3.9573391e+01  -3.0343888e+01  -8.7429494e+01   1.8078508e+01   6.4084785e+01  -3.2849814e+01   4.3433181e+01   2.7978186e+01  -1.3636874e+01   7.0335919e+01   1.6069942e+01  -7.1797862e+01  -1.9357769e+01   9.1879139e+01   9.6984361e+01  -9.2844113e+01  -7.8933788e+01  -2.6734763e+01  -8.8360011e+01   1.3570411e+01   9.4217397e+01  -7.0338339e+01  -9.8822536e+00  -9.6708819e+01  -9.5711034e+01   9.4241130e+01   2.4885752e+01
   4.8032812e+01   5.3865965e+01  -5.8757974e+01  -2.1110811e+01   5.7306025e+00   7.9822701e+01   5.0447116e+01   2.7299382e+01   2.0296701e+01  -6.7371133e+01  -8.7750320e+01   7.9809604e+01  -4.2624836e+00  -6.2356725e+01  -5.2917297e+01  -6.0641257e+00   6.4835650e+01  -1.9455756e+01   5.1025544e+00   1.2376420e+01   4.3182807e+00   1.3721940e+01   7.6307300e+01   9.3931791e+01  -4.9177515e+01  -6.9122793e+01  -2.0435817e+00   2.0986595e+01  -8.5477088e+01  -5.5920247e+01
  -5.4846850e+01   5.6534116e+01   8.3190120e+01  -4.0004553e+01  -7.5383734e+01  -7.3268360e+01  -1.8067328e+01  -6.1660603e+01   1.4943711e+01  -6.8129483e+01   4.5724333e+01  -9.2937615e+01   5.9600541e+01   7.1041545e+01   8.0457120e+01   3.9510825e+00  -3.3735927e+01   4.1683688e+01  -3.3287546e+01  -4.1036438e+01   1.4730705e+01   9.0733498e+01   7.9722001e+01   8.9199983e+00  -5.1748361e+01   9.3303536e+01  -4.0205368e+01   4.9900014e+01   9.5482136e+00   1.9789411e+01
  -9.7928814e+01  -6.3090182e-02   7.2686881e-01  -4.4321519e+01   5.8432582e+01  -7.9720316e+01  -9.2752059e+01   7.9085918e+01  -1.8878714e+01   2.1538708e+01   9.8541786e+01  -9.9270657e+01  -5.7292275e+01  -9.2018206e+01  -7.3162658e+01  -9.7509655e+01  -7.4093766e+01  -6.6628248e+01  -4.7949189e+01  -9.5789289e+01   7.6125099e+01   8.7713910e+01   5.4150229e+01   3.3952403e+01  -3.7894667e+01  -4.3369611e+00   5.0234356e+01   2.4187926e+01   8.4984751e+01  -8.0197242e+00
   1.6421468e+01  -4.7833643e+01  -2.8691213e+01   7.2156984e+01  -6.8522798e+01  -1.2004932e+01  -1.4165391e+01   1.1101921e+01   3.2855864e+01   6.0482299e+01   7.3548937e+01  -4.0548438e+01   3.1063795e+01  -6.9101118e+01  -6.5149036e+01  -2.4452194e+01  -5.4882446e+01   2.8036863e+01   3.8053208e+01   2.8273094e+01  -9.8057584e+01  -3.5523298e+01  -4.9049428e+01   7.3298755e+00   1.8160181e+01  -2.8481470e+00   9.8741941e+00  -2.0673136e+01   1.5280674e+01  -4.5219466e+01
   6.5059288e+01   2.1825924e+01   4.6861317e+00   4.4698370e+01   1.9297649e+01   7.5071821e+01  -7.6898210e+01   8.9778869e+00  -1.8370023e+01   2.5503720e+01   6.1766435e+01  -8.5107652e+01   9.0035533e+01  -3.1724681e+01   3.7084547e+01  -2.5980440e+01   2.7516566e-01   6.9362332e+01   5.0505011e+01  -2.0887856e+01   2.6001142e+01   7.2122203e+01  -8.3942570e+01  -3.5444054e+01  -8.1496457e+01   8.4651829e+00   7.3868638e+01  -2.5519495e+01  -7.5622124e+01  -7.3873072e+01
   3.5997408e+01   8.3136518e+01  -8.8711958e+01  -2.0434313e+00  -2.5501998e+01   7.2919658e+01   5.8740835e+01  -5.5705037e+01  -7.2945496e+00   6.6012665e+01   7.3815232e+00  -3.0682456e+01  -5.2224192e+00  -8.9755923e+00  -6.3655544e+01   3.3416120e+01   4.6297692e+01   4.5308456e+01  -9.4178395e+01  -8.6174375e+01  -8.5635027e+01   5.5347729e+01   4.9915489e+01   7.2953570e+01  -7.5037885e+01  -7.4638263e+01   2.1694562e+00  -5.4859352e+01   1.2742440e+01   7.7791590e+01
   7.6071240e+01   4.6180150e+01  -5.7546057e+01  -9.9525985e+01   3.0061755e+01  -3.8008849e+01  -3.9009721e+01   6.8049285e+00   4.4350701e+01   1.4069118e+01   3.7960983e+01   9.8371116e+01   3.5413927e+01   8.0997776e+00  -2.8238568e+01   2.7364093e+01   7.1881634e+01  -3.5037509e+01   9.7153950e+01   2.1724018e+01   6.8234870e+01   4.0473638e+01   5.6332896e+01   9.1196753e+00  -8.7072277e-01   8.8755945e+01  -3.3493315e+01  -2.5084713e+01   9.7408556e+01  -8.6576604e+01
   1.3272691e+01   6.1334686e+01  -4.2286476e+01  -1.0620338e+01   1.4236229e+00  -7.1360135e+01   7.3211071e+01  -4.4309975e+01   6.4591253e+01   2.6190229e+01   5.7323696e+01   1.0718230e+01   6.6559764e+01  -2.4873776e+01  -9.7787496e+01   8.3494611e+01  -1.1773097e+01  -3.1951007e+01   9.5384111e+01   8.5196056e+01   8.9612514e+01  -1.2852590e+01   2.6400179e+01  -6.4116588e+00  -2.3985037e+01   7.9483724e+01   3.1036274e+01   9.6930804e+01  -2.2799904e+01  -7.0132632e+01
   9.2844504e+01   9.0491446e+01   4.5384634e+01   4.2981404e+01   4.9871281e+01   6.8282799e+01   4.4991457e+01   8.6446966e+01  -6.7933100e+01  -7.6935259e+01  -8.9386726e+01  -6.2246981e+01   7.2736420e+01  -4.9812423e+01  -5.6919213e+01   5.3362719e+01   1.8348926e+01   5.8310449e+01  -5.8423532e+01   8.5112455e+01   8.5353375e+01   4.7963425e+01   1.9094621e+01  -5.9281022e+01  -5.1442780e+01  -8.7028483e+01  -9.9741272e+01  -6.7063545e+01  -7.7054872e+01  -6.5521914e+01
   1.2927613e+01   8.2602741e+01   9.1287002e+01  -1.8980448e+00   2.4782227e+01  -7.6174181e+01  -9.1023684e+01  -9.3257355e+01   3.3342628e+01  -7.4986007e+01   8.2466787e+01  -8.4409978e+01   6.4166476e+01   6.5310831e+01  -7.7949826e+01  -8.5035766e+01  -4.8568679e+01  -2.6702567e+01  -8.1801660e-02   6.9108985e+01   4.7783874e+01  -9.9501951e+01   6.3993800e+01  -7.5669435e+01   2.2910974e+01   6.6959293e+01   5.1353333e+01   8.8798416e+01  -1.5040729e+01  -2.7406020e+01
  -9.6794910e+01   6.0257127e+00   2.3961290e+00   7.7387656e+01   2.1006198e+01  -5.1823605e+01   4.8049329e+01  -7.3923749e+01   6.2295888e+01   8.0615832e+01  -4.3881368e+01  -4.1361737e+01   6.3339994e+01  -6.4282789e+01  -7.1671392e+01   4.9743506e+01   5.0613324e+01   8.5276263e+01   6.3209946e+01   7.7942895e+01   1.1301629e+01  -7.5518028e+01   5.9544839e+01  -1.4895545e+01  -7.4635645e+00   1.2398007e+01   9.2579857e+01   7.9415150e+01  -4.0451821e+00  -9.0742349e+01
   5.3040085e+01  -5.7949807e+01  -4.3076006e+01   6.2118657e+01  -4.4528199e+01   9.0767881e+01   8.1203035e+01  -6.8167690e+01   8.5159946e+01   1.5758147e+01  -7.4035553e+01   2.7302510e+01   6.1429352e+01  -6.3976519e+01   1.6615871e+01  -8.4158568e+01   4.3043926e+00  -8.0760492e+01  -5.2179619e-01   4.9825247e+01  -8.0605895e+01  -2.9145043e+01  -4.6112428e+01   2.8505263e+01  -3.2262523e+01   1.7038810e+01   2.7224260e+01   1.6474989e+01  -2.4827477e+01   8.1841673e+01
   6.5819709e+01  -1.7533377e+01  -1.5034882e+01   1.2734956e+01  -5.3352575e+01  -3.2154459e+01   7.4219740e+01   6.8740062e+01   2.6149730e+01   5.5921196e+01  -5.9949367e+01   5.5529005e+01   9.9208452e+01   5.0130534e+01  -4.5492167e+01  -6.5754804e+01   9.0747585e+01  -4.5941962e+01  -6.8434087e+00  -9.0579181e+01  -8.8591404e+01  -4.1003737e-01  -4.1259733e+01  -8.7743431e+01  -5.7945531e+01  -6.9649907e+01   8.3413105e+01  -1.2555327e+01  -3.4926296e+01   1.5785138e+01
   3.2430839e+01   7.3632563e+01   6.9018496e+01   8.8165678e+01   2.0009802e+01  -8.8896230e+01   6.2292852e+01   7.6605972e+01   9.2326009e+01   9.7156658e+01   3.6911235e+00   1.9721388e+01  -3.3227965e+01  -6.0496071e+01  -3.8331118e+01  -1.9992011e+01   7.3395392e+01  -9.8258522e+01  -2.0804392e+01  -4.1135768e+01   6.0571978e+01  -4.3769964e+01   9.0722662e+01  -9.9533309e+01  -6.3266010e+01   2.8853644e+00   5.6339653e+00   6.0159334e+01  -9.7494660e+01  -4.0083717e+01
   2.0853430e+01   3.9239412e+01   7.8705608e+01   6.5280222e+01   4.8897910e+01  -6.1531458e+01   2.7353869e+01  -5.1364224e+01   9.3309269e+01  -2.4644260e+01   4.0537773e+01   8.1850698e+01  -7.6399898e+01   4.8224723e+01   1.8437336e+01  -3.3270403e+01  -8.3181653e+01  -2.0928690e+01  -6.0236629e+00   9.5797461e+01   2.2724929e+01  -5.1907982e+01   1.3546172e+01  -5.7432564e-01  -1.8879830e+01   8.4258750e+01  -3.4734396e+01   4.2472889e+01  -4.7095765e+01   7.3539873e-01
   6.8355643e+01   5.3407625e+01   6.7449450e+01   1.6636202e+01   2.4982646e+01  -7.5654174e+00   6.3504911e+00   9.6936671e+01  -1.3493730e+01   4.5879369e+01   8.7213443e+01  -9.4732942e+01  -1.1485684e+01   4.9859643e+01  -3.5805098e+01  -7.7760610e+01  -6.6495478e+01   9.8935849e+01   4.2517019e+01  -9.6018838e+01  -5.9288124e+01  -7.8749538e+00   7.8456759e+00   7.2410401e+01   5.4748194e+01  -1.8908149e+01   7.5368352e+01  -4.4413882e+01  -2.7388144e+01   8.9175367e+01
  -4.7144830e+01  -6.2472436e+01   8.3905419e+01   3.0752162e+01   2.2686611e+01  -6.3461485e+01   5.2081252e+01   6.7223996e+01   8.9731700e+01   8.1578889e+01  -4.8952842e+01   8.7900053e+01  -5.0295624e+01   2.2163774e+01  -7.8569784e+01   7.8594005e+01   7.3236734e+01  -9.7783875e+01  -6.0634409e+01   2.9070254e+01   9.8774057e+01  -3.8196760e+01  -7.5687705e+01  -7.5627749e+01   1.7987539e+01   3.3251848e+00  -2.7515650e+01  -1.9198736e+01   5.9482911e+00  -3.5765111e+01
   7.4241072e+01   8.2695898e+01   9.5076642e+01   1.4001833e+01  -2.3759625e+01   9.7223246e+01   2.5552235e+01  -4.3813210e+01   2.3613766e+00  -4.0314104e+00   7.4855145e+01  -5.8135277e+01   4.0888047e+01   4.0519128e+01   9.6222125e+01   6.0664253e+01   4.4671178e+01   4.2108919e+01  -2.3730757e+01  -5.3447482e+01   7.7775192e+00  -1.0042422e+01  -9.6693621e+01   4.9981243e+01  -4.9876597e-01  -5.3547302e+01  -4.4697560e+01   7.4921061e+01   7.0505501e+01  -9.9267176e+01
   3.7278421e+01   6.5492252e+01  -9.9820603e+01   4.3165131e+01   1.6639581e+01  -4.8961318e+01  -7.3079581e+01  -1.1376143e+01  -7.4901674e+01   5.3660396e+01   7.3152070e+00  -4.1261838e+01  -9.3949750e+01  -8.3091562e+01  -2.8921310e+01  -1.0553767e+01   7.8030788e+01   6.8567541e+01   8.1058389e+01  -3.9596047e+01  -6.2381228e+01  -4.6027665e+01   8.0936960e+01   3.9825265e+01  -5.0914384e+01  -6.8653456e+01  -4.8892958e+01   4.4570207e+01   6.9790898e+01   6.6354097e+00
  -9.6826635e+01   2.5654242e+01   6.2493441e+01  -5.6471224e+01  -1.8911762e+01   1.3984029e+01  -1.8252649e+00  -7.4118338e+01   1.8186843e+01   7.9692048e+01   1.8859636e+01  -3.9604041e+01   8.8335458e+00  -5.2762895e+01  -6.7892785e+01  -9.3360342e+00   4.8267854e+01   2.0179712e+01   1.6829790e+01  -4.5888246e+01  -8.8998584e+01   3.5117365e+01  -3.8383741e+01  -6.1782226e+01   5.3172863e+01  -5.1751145e+00  -4.8564939e+01  -3.4955416e+01  -8.3105816e+01   3.2367482e+01
   3.2990503e+00  -5.7471105e+01  -2.9998936e+00  -1.7741724e+01  -5.8244098e+01  -5.0966556e+01  -9.2078004e+01   7.7071273e+01  -9.3047213e+01   2.4463789e+01   1.4865114e+00  -4.1615527e+01  -6.3318412e+01  -9.7156639e+00   1.5416418e+01  -2.8229664e+01   4.7708150e+01  -8.2785499e+01  -1.0625680e+01  -5.4540255e+01   3.1885718e+01   8.4671765e+01   4.7544453e+00   7.1099720e+01   3.5548315e+01  -7.4069878e+01  -8.1575397e+01   3.2480872e+01   4.2178230e+01   6.5798196e+01
  -7.2947108e+01  -9.4307932e+01   7.7845639e+01   1.0197989e+01   3.3694390e+01   9.2327212e+01   5.5999249e+01  -4.3286940e+01   5.4358735e+01  -1.5117086e+01  -6.9940605e+01  -7.9358569e+01   3.8889676e+01  -2.2839820e+01   9.9334752e+01  -4.1757808e+01   7.6523293e+01  -9.1913534e+01  -8.9152591e+01   2.8545762e+01   4.9096041e+01   5.2537216e+01   5.6539115e+01   7.6146506e+01  -5.8955659e+01   5.4640954e+01   8.4233846e+01  -6.1014112e+00   1.4308722e+00  -1.9382809e+00
  -6.8989979e+01   2.3922995e+01   5.1629402e+01   2.1338609e+00   8.7669436e+01  -1.9089154e+01   9.9477338e+01  -2.4724599e+01   2.0860473e+01   1.8946396e+01  -2.4281387e+01   6.9587638e+01   8.4282834e+01  -3.0116022e+01   9.3055054e+01   4.0204405e+01   2.4015969e+01   8.6627984e+01  -7.1244067e+01   3.8274524e+01   7.2164900e+01  -1.9372557e+01   5.0275853e+01   2.0704131e+01  -1.7770326e+01   3.1387042e+01  -2.5094279e+01  -1.3500662e+01  -7.8117096e+01   9.7753702e+01
   1.7209744e+01   3.1970700e+01  -2.9713666e+01   6.9899194e+01  -6.4296827e+01  -2.8532967e+01   6.9470525e+00  -8.9035511e+00   1.7797477e+00   6.8236713e+00   3.7200611e+01  -9.7834836e+01   4.1639876e+01   3.0376651e+01   4.9682483e+01  -3.5397518e+01   3.6328328e+01   1.9516103e+01  -7.4347554e+00   5.3566653e+01   1.8049514e+01  -2.0614254e+01  -6.1464596e+01   1.8247515e+01   7.9265943e+01   1.2795911e+01  -8.5537310e+01   3.3879005e+01   8.6835700e+01  -5.4442861e+01
   5.4820502e+00   6.4695585e+01  -4.3512510e+01   2.5899579e+01   3.7546817e+00   1.6425944e+01   6.5098423e+01   6.6219645e+01  -7.6691459e+01   3.0904474e+01   8.3374562e+01  -4.6676579e+01  -7.3320772e+01   4.8769055e+01   5.4735688e+01  -7.1084667e+01  -6.7471336e+01  -5.5637885e+01  -8.8500479e+00   5.2671399e+01   1.3608865e+01  -3.3132659e+01  -6.9914582e+01  -6.5881577e+01  -1.9854251e+01  -9.1511711e+01   4.3111129e+01  -2.9218120e+01   5.4219891e+01   7.7376594e+01
   5.9639033e+01   2.7806093e+01   2.1073062e+01   5.5213573e+00  -5.5713025e+01  -7.5801555e+01  -1.4703050e+01  -7.7319625e+01  -8.8272304e+00  -5.2513769e+01   3.3182172e+01   5.5019736e+01  -1.9608565e+01   3.7731050e+01  -2.0563930e+01  -7.0554549e+01  -2.6472789e+01   5.3740393e+01   6.3662841e+01   6.2178784e+01  -6.0939613e+01   4.7408895e+01   6.8358765e+00  -2.9503216e+01  -9.8812405e+01  -8.4692833e+01   4.6755867e+01   8.9139185e+01   1.9394588e+01   1.5692559e+01
  -3.4308845e+01   1.8495103e+01  -8.6378073e+01   4.7174942e+01   8.8030196e+01   3.1140085e+01   9.9318749e+00  -4.0085530e+01   1.7881470e+00  -9.7282951e+01   1.6071928e+01   7.2909733e+01  -8.2414959e+01  -4.2637874e+01  -2.9123241e+01   4.9060826e+01   3.8744488e+01   2.4072300e+01   2.5117729e+01   1.9677006e+01  -4.8679240e+01  -9.8479930e+01   1.0827852e+01   3.8436270e+01   4.6313444e+01   8.0322662e+01  -4.1439813e+01  -1.6725527e+01   6.4363049e+01   4.3648561e+01
  -7.4389447e+01  -8.7874320e+01  -6.3296566e+00  -6.3660441e+01  -3.5258296e+01  -4.3390468e+01   6.8496162e+01   4.8336670e+01   2.7339391e+00  -6.0836552e+01   6.9904439e+01  -6.7285234e+01   9.6229035e+01  -9.4687197e+00   7.0657305e+01  -3.9460868e+01   9.9045403e+01   6.2180861e+01   5.8530437e+01  -5.7689373e+01   1.7816753e+01   2.6359472e+01   6.6117873e+01   4.1398016e+01  -1.3681537e+01  -3.6042208e+01  -8.9673931e+01  -6.8867564e+01   9.1333287e+01  -1.2526433e+01
  -2.8554377e+01   6.8684240e+00   1.1340010e+01   1.5603117e+01  -8.5142840e+01   9.5481327e+01  -6.8853053e+01   8.8890801e+01   5.1136992e+01   4.9556498e+01  -4.3389549e+01   5.7924436e+01   7.3948750e+01  -9.7558914e+01   6.1165726e+01  -3.7509856e+01   4.4864750e+01   4.7468760e+01   7.2247249e+01   1.3539208e+01  -5.7395915e+01  -5.3957888e+01   7.8814174e+01   5.5241200e+01   9.7171031e+01  -2.7398172e+01  -1.2869029e+00   5.7903681e+01  -6.9660620e+01  -5.8044400e+01
   3.2556266e+01   5.9018880e+00  -4.6627661e+01  -9.5080091e+01  -7.6405608e+01   6.3951499e+01  -5.5191510e+01   9.4131287e+01   8.7342918e+01  -8.9856224e+01  -5.6676495e+01  -1.4461232e+01  -3.8396263e+00   7.8598642e+01  -3.5288585e+01  -8.0981695e+00  -2.2429943e+01   7.7431242e+01  -9.6418094e+01  -9.6058455e+01  -7.2507987e+01  -1.6466228e+01   1.0242162e+01   5.9501360e+01  -2.1111153e+01   4.4547628e+01  -1.2694953e+01   6.5216538e+01   8.2185715e+01  -4.9686710e+01
  -9.9489247e+01   8.4280444e+01  -4.8919544e+01  -9.1669378e+01   4.6053764e+01  -9.4423761e+01  -4.4748426e+01  -7.1106519e+00  -9.7879166e+01  -9.3537341e+00   8.4325666e+01   6.5451530e+01   1.9538549e+01   4.2036192e+01   9.7005520e+01  -9.8312283e+01   1.2411723e+01   2.6369696e+00  -8.9969196e+01   5.2704369e+01  -5.4194548e+01   1.5517254e+01  -6.1397448e+01   1.3752371e-01   2.0192534e+01  -9.6822865e+01  -4.1366321e+01  -9.8879164e+01   5.8519619e+01  -1.9025304e+00
  -9.8098112e+01   8.8316028e+01  -5.2400887e+01   9.7927314e+01   9.1282316e+01   6.5280673e+00   5.5795951e+00  -5.4842059e+01   4.4928730e+01  -1.6784080e+01  -4.2123257e+01   6.7604738e+01   4.3935193e+01   6.1388841e+01  -1.1005172e+01   6.3102146e+01  -9.8444273e+01  -4.9002621e+01   5.8562747e+01  -8.7409771e+01  -8.8849196e+01  -4.6180708e+00  -3.6994764e+01  -8.0927709e+01   2.6624174e+01   5.9708426e+00   9.8834492e+01   3.8836669e+01  -1.2987747e+01  -5.6130180e+01
  -9.3152844e+01  -4.0396749e+01  -1.8463507e+01   6.7215571e+01  -7.2987057e+01  -3.7950574e+01   8.4686001e+01  -4.9314679e+01  -1.6677478e+01   8.1550213e+01   6.8833105e+01   4.7859032e+00  -1.1275249e+01  -8.2296218e+00  -7.9809715e+01  -7.7629760e+01  -9.7387860e+01  -1.9258173e+01  -7.4251242e+01  -9.5052566e+01  -3.6068761e+01   7.3946395e+01   1.0932513e+00   6.9242964e+00   4.3059000e+01  -5.4688934e+01   2.3265398e+01  -9.2808696e+01   5.6163590e+01   4.7973780e+01
  -8.1949625e+00   2.3498080e+01   6.7375663e+01   9.7540147e+01  -5.1802178e+00   6.2226481e+01  -5.9435086e+01   9.4634027e+01   4.7795381e+01   3.4622563e+01  -8.8768370e+01   8.0257842e+01  -3.5745460e+01   6.5662206e+01  -4.5639542e+01   1.7533993e+01  -8.2022162e+00  -6.2260567e+01   9.7989560e+01   1.5469847e+01  -9.3212796e+01   5.4327538e+00   8.5263159e+01   2.2749517e+01  -2.1574129e+01  -1.2134512e+01   1.6857358e+01  -7.7278289e+00  -3.1091498e+01  -3.5789782e+01
   9.6821907e+01   3.4673259e+01   1.6478535e+01   4.9480931e+01  -3.6678574e+01   2.0039385e+01   6.1435259e+01  -1.8173560e+01   4.9797511e+00  -9.1211704e+01   9.1876626e+01   9.5370473e+01   8.5851863e+01  -4.8413901e+01  -1.4081157e+00   4.5888220e+01  -2.4049306e+01   8.9158506e+01   9.9041284e+01  -3.8378715e+00   5.2670902e+01   7.5009366e+01  -6.5179062e+01  -4.9486704e+01  -1.3869857e+01   9.4708432e+01   5.6191461e+01  -6.3092046e+01   2.5010615e+01  -2.1559768e+01
  -1.9722174e+01  -6.9731748e+01   7.5143085e+01  -7.5508206e+01   3.6693693e+01   8.4661287e+01  -1.0277682e+01  -3.9074557e+01  -9.6267513e+01  -3.9849884e+01  -1.4854108e+01  -6.2847659e+01   4.9118584e+00   2.6124080e+01   8.7015190e+01  -5.0283644e+01  -4.8574218e+01  -7.5987517e+01   8.7029280e+01  -7.3459469e+01   4.8850418e+00   8.5936747e+01   6.8550339e+01  -5.6060963e+01  -3.8509333e+01  -9.8257222e+01  -1.6176171e+01   6.4123234e+01  -2.0213890e+01  -2.2304254e+01
   1.6189099e+01  -2.3677311e+01   3.2361685e+01  -2.3297089e+01  -3.1835069e+01  -6.7397491e+01   4.4288949e+01   1.8240125e+01  -7.7761448e+01  -6.4105263e+01   7.9741666e+01   9.3805476e+01  -2.7599338e+01   2.5756695e+01   2.7489706e+01   2.7919864e+01  -8.2321962e+01   2.2851710e+01  -8.4838697e+01   1.5290107e+01   9.5207744e+01   4.5751718e+01   6.5280135e+01  -4.3742331e+01   5.3751597e+01  -1.1805594e+01  -3.7577371e+00  -6.7958106e+01   8.8775156e+01   3.9993599e+01
   9.5565427e+01   9.7121838e+01   9.1796250e+01   9.4421349e+01  -9.8375845e+01  -3.2283583e+01  -4.2245476e+01   7.1773909e+01   2.5867858e+01   1.0287220e+01   8.7634111e+01   3.5517892e+01   7.2557130e+01   5.2578071e+01  -7.5112672e+01   2.2147586e+01  -8.4443190e+01  -1.3257360e+01   4.7273572e+01  -1.2825913e+01  -8.7080712e+01   1.8568239e+01  -3.0880247e+01   3.2003028e+01   1.5576502e+01   1.0509382e+01  -2.5698568e+01  -7.1507047e+01   3.8118388e+01   9.0148414e+01
   1.8059410e-01  -4.0513928e+01   3.1624738e+01  -1.4305377e+00   6.2141740e+00   7.4864632e+01  -8.7049744e+01   5.0515840e+01   9.5206548e+01  -2.4515929e+01  -9.5005935e+01   1.5930107e+01   9.3305535e+01  -1.5719689e+01  -6.9584203e+00   2.8003951e+01  -8.6227115e+01   1.8116113e+01  -5.5112014e+01  -5.5019156e+01   3.5316455e+01  -4.3582726e+01  -4.5418225e+01  -2.5609441e+01   9.7592953e+01   6.3026257e+01  -1.0160612e+01  -6.8507095e+01   2.7229707e+00  -8.6552020e+01
   1.1337750e+01   5.7076845e+01   6.1897318e+01  -1.2225646e+01   3.2695853e+01   8.7684680e+01  -1.8749125e+01   9.0358477e+01   8.8293750e+01  -5.1453174e-01  -2.6214165e+01   5.0925623e+01   7.1011224e+01   3.5759838e+01  -7.9399106e+01  -7.1700111e+01  -3.2608409e+01   2.4435387e+01   9.1800567e+01  -2.4223186e+01  -4.4626848e+01   3.9172257e+01   4.3207971e+01  -2.7554252e+01   1.3930206e+01   6.3690962e+01   1.4821405e+01  -1.2850096e+01   4.2780329e+01   2.8787892e+01
  -4.2268862e+01   6.5012945e+01   3.9265179e+01   1.2610895e+01   3.0599729e+01   7.4544293e+01  -5.3212544e+01  -2.7881263e+01  -6.0860003e+01   7.0079276e+01  -9.2047634e+01   9.4159290e+01  -6.3547527e+01  -3.9642306e+01   7.9547044e+01   5.4353245e+01   5.5062539e+01  -7.8767938e+01  -1.1558923e+01   9.9381175e+01   9.1191785e+01   8.1472165e+01  -7.2782841e+01   9.1887276e+01   4.7359663e+01   1.2414061e+01   3.8399601e+01  -1.3387023e-02   3.8420375e+01  -3.7468346e+01
   7.3038260e+00   2.2395969e+01  -5.1709001e+01   3.5421755e+01   2.9514501e+01   4.9904431e+01  -8.3993177e+01   2.4587928e+01  -5.1790930e+01  -6.4801789e+01  -5.8655258e+01  -1.6760864e+00  -9.2508204e+01  -3.0893767e+01  -8.7401713e+01  -4.8368060e+01   9.7619568e+00   5.2877399e+01  -6.8702901e+01   2.5134135e+01  -2.5720732e+01  -2.5341426e+01  -1.8121341e+01  -7.9826048e-01   4.2027642e+01   6.3189399e+01   6.5561199e+01   6.3297464e+01  -5.7505832e+01   7.0752111e+01
  -4.1426437e+01   4.5562148e+01   5.1049203e+01  -1.8335979e+01   8.0375382e+01  -1.3753661e+01   1.7293866e+01  -4.7640313e+01  -6.9701550e+01  -3.2290070e+01   7.4859029e+01   9.3605140e+01  -9.4801138e+01   8.7626042e+01   3.9550682e+01  -6.2449175e+01   1.5903950e+01   1.3913045e+00  -5.2991439e+01   5.4660326e+01   7.2588349e+01   9.6564074e+01  -3.5506862e+01   7.1010751e+01  -4.1522832e+01   8.9275907e+01  -5.1013936e+01   8.8648740e+01   6.1063993e+01  -6.2687250e+01
   8.6925110e+00  -2.6867061e+01  -1.1127207e+01  -5.6563785e+01   4.7410731e+01   7.2240171e+00   1.8216186e+01  -9.9021062e+01   5.3618056e+01   7.8989542e+01   6.2814016e+01  -3.9788708e+01   9.4376765e+01   9.7518459e+01   6.7615180e+01  -7.6147428e+01   6.7620686e+01   5.8656205e+01  -6.1961397e+01   9.3172696e+01   5.4618006e+01  -8.6387683e+00  -8.6668185e+01  -7.4121452e+01   5.3617930e+01   6.3196378e+01  -2.5265728e+00  -5.3521050e+01  -4.7077763e+01  -4.7696642e+00
   5.9330092e+01   7.6960105e+01  -1.3064438e+01  -3.2450067e+01  -7.9899888e+01   3.8880557e+01  -5.1881341e+01   7.1960872e+01   9.9726862e+01   3.2028764e+01   4.7992601e+01   1.5132459e+01   5.6123165e+01   3.7693273e+01  -2.3956679e+01  -5.9235396e+01  -4.9413889e+01   9.3966171e+01   9.8805561e+01  -1.9730922e-01   6.9657680e+01   3.4582736e+01  -4.1146801e+01  -2.3414168e+01   9.1349059e+01   1.2561213e+01  -8.6250311e+01  -6.3136050e+01  -4.4534299e+01  -1.0221267e+01
   8.8838601e+01  -4.0533429e+01  -4.8038573e-01   4.8305262e+01   6.5697691e+01   8.5460371e+01  -9.4202616e+01   3.7828387e+01  -4.7572612e+01  -2.5416186e+01   2.5563456e+01   3.9612036e+01  -3.1931773e+01  -9.3830323e+01   1.4625570e+01   2.6958707e+01  -2.9408072e+01   5.0475130e+01  -2.9932204e+01  -7.3835805e+01   4.6173352e+01   7.0768876e+01  -9.8598942e+01   8.3163638e+01  -5.3074454e+01   2.6483221e+01  -6.5392696e+01  -5.1805253e+01   6.4689023e+01  -3.7121707e+01
   3.8321848e-01  -3.7862501e+01  -7.8938229e+00   9.1624681e+01  -2.9720696e+01   8.6133397e+01   8.8877556e+01  -9.8701974e+01  -9.4882848e+00   1.5851430e+01   2.1694801e+01   6.0981427e+01  -8.9168118e+01  -6.4155776e+01   9.1517567e+01  -1.6428356e+01  -6.8964793e+01   5.5450116e+01  -5.3472400e+01  -9.9696218e+01  -1.8558939e+01   2.6685234e+01  -4.2057659e+01   2.7295171e+01   3.1481974e+01  -6.0893918e+01  -6.7759586e+01   1.6806581e+01   9.1902503e+01  -3.9685035e+01
   3.2427701e+01   5.2745273e+01   6.5462648e+01   9.2636535e+01  -1.2720084e+01  -1.7753872e+01  -8.5550231e+01  -2.4959957e+01  -1.8464717e+00   8.5373438e+01   6.1090791e+01   4.2783798e+01  -7.3572795e+01  -3.1602767e+01  -7.3484295e+01  -2.3722508e+01  -2.6483289e+01   8.0941046e+01   4.3058663e+01   6.9349225e+01   4.8193452e+00   3.7246546e+00  -2.3245094e+01   5.3109957e+00   5.7757702e+01   7.6641430e+01   1.4173276e+01   4.9660414e+01   2.2810439e+01   2.0144092e+01
   9.0872233e+01   2.8739754e+00   5.3775471e+01   4.9372830e+00  -6.3659790e+01  -5.4407065e+01  -9.6722708e+01   3.9304486e+01   3.2338669e+00   7.5353686e+01  -9.9055573e-01   1.1071977e+01  -9.4530916e+00  -7.3929962e+01   2.2225664e+01  -9.3452956e+01  -6.3785155e+01  -2.7004767e+01  -3.7840187e+01  -3.3988214e+01  -8.0223727e+00  -5.8396089e+01   1.8986055e+01   7.9411642e+01   5.1942667e+01  -3.8140361e+01   3.9795919e+01  -6.3858562e+01   9.4881646e+00   9.6467590e+01
   1.7834851e+01  -5.2667296e+01  -5.5301027e+01  -7.1800929e+01  -8.3852876e+01   6.7652870e+01   7.2324788e+00   5.5566198e+01  -9.8097741e+01   1.1242691e+01  -1.6203702e+01  -3.5669774e+01   9.2131421e+01   8.2850212e+01   3.1920044e+01   9.4666961e+01   8.5011054e+01   2.8718766e+00   3.4483948e+01  -8.7967863e+01  -8.3286883e+01  -7.2558557e+01  -9.3890262e+01   9.5527408e+01   3.5792928e+01  -4.6100851e+01   1.0946497e+01  -6.2218324e+01  -1.0848770e+01  -4.4276240e+01
  -4.7155258e+01   9.4395967e+01  -5.1922652e+01  -4.9862776e+01  -8.9674165e+01   9.4235545e+01   7.4081293e+01   7.7875144e+01   8.6380919e+01  -8.0071529e+00   6.2563933e+01   3.1635605e+01  -4.3762103e+01  -4.7830071e+01   2.6805053e+01   8.0762785e-01   1.7237585e+01  -3.1944098e+01   8.5199508e+01   8.7270446e+01   1.7401739e+01   5.5394545e+01  -5.2621626e+01   4.8542723e+01  -1.4493589e+01   5.6019902e+01  -6.5611156e+01   6.4919671e+01  -9.7212067e+01  -5.2471882e+00
  -3.5074238e+01   7.7651905e+00  -2.1632072e+01  -9.8122189e+01  -1.7973458e+01  -2.7792421e+00   6.5457779e+01  -1.7138962e+01  -2.4389999e+01  -5.7785948e+01   7.9613001e+01   7.2883796e+01  -3.0969205e+01   3.2965862e+01   1.2271403e+01  -2.2656571e+01  -1.2017890e+01  -1.6308540e+01   2.5356834e+00  -8.0992335e+01  -4.1786078e+01   2.8565482e+01   3.8291573e+01   5.1027560e+01   1.1968296e+01   6.5065435e+01   9.2167223e+01   5.2282490e+01   8.4788516e+01   5.2512115e+01
   5.6125314e+01   6.2140969e+01  -9.3110761e+01  -9.8779605e+01   3.6574967e+01  -8.0312094e+01   6.2413941e+01  -7.5618632e+01  -9.2597328e+01   8.0683671e+01   7.8046025e+01   3.6697936e+01   3.2224843e+01  -4.0851441e+01   3.0588178e+01  -9.6521170e+01   3.1753095e+01   3.8850198e+01   6.7840377e+01  -5.4858526e+01   8.8441320e+01   3.7447084e+01   7.2926990e+01  -2.7630526e+01   7.4753904e+01   9.6205506e+01   3.6463431e+01  -9.0780874e+01   1.7299545e+01   3.6004008e+01
   2.5884981e+01  -3.0353984e+01  -5.5843531e-01  -6.8937251e+01   9.9157866e+01  -5.5137957e+01  -8.2397210e+01  -7.7163022e+01   7.0778676e+01  -1.8623931e+01  -3.3955898e+01   1.4617655e+01   4.9521256e+01   8.0293472e+01   2.7336353e+01  -1.5406808e+01   2.3448208e+01   5.8789053e+01  -5.3234999e+01  -5.7165575e+01  -2.5364236e+01   2.5553208e+01   5.6525428e+01  -3.4608638e+01   9.2218677e+01  -8.1201182e+01  -5.9919661e+01   4.3710548e+00  -7.2623393e+01  -9.1245362e+00
  -9.1295916e+01  -3.3651018e+01  -5.4168701e+01   5.9313857e+01  -6.3976398e+00   6.6918294e+01  -6.2775104e+00   1.6425344e+01  -1.3429457e+01  -9.6950876e+01  -2.4988747e+00  -4.6953562e+01   3.6539716e+01   6.1762778e+01  -2.1281726e+01  -8.6528237e+00  -2.9613135e+01  -4.2240651e+01   7.4652976e+01  -7.4445593e+01   6.9536110e+01  -3.0207676e+01  -5.9493713e+01  -1.9086238e+00   5.8194077e+01   2.6395806e+01  -5.3353993e+01  -1.5692040e+01   4.7711731e+01  -7.3874977e+01
   6.2657229e+01   6.6490573e+01  -4.7155581e+01  -8.9065161e+01  -4.0312730e+01  -9.1629611e+01   9.5469457e+00  -1.3490476e+01   9.2496792e+00   1.5553307e+00  -6.9472692e+01   5.1860802e+01   3.5629969e+00  -1.0190660e+00   6.7776128e+01  -1.8793252e+01  -4.2906749e+01  -7.8789528e+01  -3.7301115e+01  -8.5924694e+01  -3.9048296e+01   3.9400910e+01   9.2848937e+01   2.2604669e+01  -1.9755238e+00   8.4286149e+01   7.9672610e+01  -4.2870452e+01   4.3079800e+01   5.6307736e+01
  -2.0069337e+01   4.0729958e+01  -1.4384082e+01  -6.3510553e+01  -4.5274586e+01   7.2803975e+01  -7.9615024e+00  -4.3669633e+01  -7.5149782e+01   6.5030071e+01  -5.3051840e+01   9.1718208e+01   1.8351739e+01  -4.6708823e+01  -5.6286989e+01   5.9770518e+01  -4.5045254e+01  -4.2264813e+01   9.5227472e+01   8.1855065e+01   7.8183643e+01   7.4184337e+01   9.1061262e+01  -9.0272085e+01   6.6629783e+00   3.3389636e+01  -2.6398096e+01  -6.1641312e+01   6.0370725e+00  -8.5309373e+01
  -3.1832384e+01  -2.9950833e+01   9.1308383e+01  -8.2315517e+01  -5.0887825e+01   6.0976583e+01   4.0650426e+01   8.3981458e+01   7.3299205e+01  -4.2261553e+01  -2.5473917e+01   3.9125499e+01   1.7392720e+01  -6.7837716e+01  -1.3997111e+01   2.0605372e+01  -3.1468212e+01  -4.5613935e+01  -8.4792875e+01   3.6960885e+00  -4.4333618e+01   3.4555003e+01   9.8429949e+01  -5.3610394e+00  -4.9680594e+01   7.3581984e+01  -6.1286075e+01  -7.4255434e+01   7.1524287e+01   5.4904918e+00
   1.9725770e+01   1.1477475e+01   6.3616885e+01  -7.7286091e+01  -9.2336341e+01   2.5140714e+01  -5.9793453e+01  -4.7105047e-02  -2.1860800e+01  -3.5673338e+01   6.8107223e+01  -4.4253136e+01  -4.4988916e+01  -2.7436317e+01  -6.8818806e+01   5.5214355e+01  -8.4228171e+01  -6.4346192e+00  -2.2462535e+01   8.2809342e+01   9.5346519e+00   5.2205824e+01  -9.3726112e+01  -7.7272926e+01  -1.6342156e+01   3.8703480e+01   5.0829617e+01   8.6614668e+01  -1.2663229e+01   1.7312542e+01
  -1.5887899e+01   1.9131498e+01  -8.6277314e+01   9.1173590e+01   9.4597872e+01   1.5616408e+01   7.7581947e+01   5.2140675e+01  -5.4578525e+01   9.9537912e+01   1.2488820e+01   8.7944946e+01  -2.4924243e+01  -2.4546716e+01   2.7437348e+01  -7.4013043e+01  -6.7166004e+01   4.4885315e+01   3.2135003e+00   1.9165672e+01  -7.5064671e+01  -1.6844390e+01  -2.3192856e+00  -5.2652335e+01  -3.2175318e+01  -5.6027797e+01   2.6971562e+01   4.6536714e+01   6.6672714e+01   5.0133298e+01
  -1.4238113e+01  -9.5136195e+01  -6.9330051e-01  -2.3170503e+01   3.2593776e+01   6.8251038e+01   3.4789812e+01  -1.6355207e+01  -7.0301274e+01  -3.4117775e+01  -7.6590467e+01  -8.6569617e+01  -9.2033228e+01   6.1769417e+01   4.5001324e+01  -1.2846445e+01   4.5596085e+01   4.9274793e+01   7.1035141e+01   3.2335146e+01   8.5643692e+01   7.2649381e+01   2.7132538e+01  -6.2144456e+01  -2.6750384e+01  -3.7212975e+01   1.6769719e+01  -6.1937508e+01   3.8965374e+01   6.6483001e+01
  -6.4134293e+01  -2.5278940e+01   2.7415013e+01  -8.9864734e+01   6.0274718e+00  -7.5847453e+01   8.8625219e+01  -6.9845908e+01   5.3097292e+01  -7.0393762e+01   7.1857477e+01  -9.7995948e+01   9.5798805e+01   1.4249426e-01  -8.3615377e+01  -4.6731375e+01   9.7800757e+01  -6.5596029e+01   9.7882818e+01  -1.1586328e+01  -4.1281990e+01   7.5108737e+01   6.1107416e-01  -5.6591417e+01  -4.7408893e+01  -9.4100858e+01   4.2576144e+01  -3.9393713e+01  -4.2579437e+01  -6.8201258e+01
   7.2849637e+01   5.8266013e+01  -5.5360072e+00  -9.1536814e+01  -1.6519036e+01   2.6467327e+01  -2.0260435e+00  -5.6270961e+01   7.7998696e+01   1.1640818e+01   2.5276450e+01  -8.6191117e+01  -2.9177048e+01   9.9729440e+01  -7.0752844e+01  -7.6942573e+01  -8.9946159e+01  -9.2414479e+01  -4.1940867e+01   8.9995606e+01  -4.0571025e+01  -6.8500020e+01   7.8876092e+01   8.2307770e+01  -7.2109906e+01  -1.4251386e+01  -9.7873049e+01  -7.4153806e+01  -2.1394379e+01   7.5288874e+01
  -4.9299803e+01  -4.5659404e+01   4.5405180e+01   7.6197306e+01  -8.7477794e+00   5.4269408e+01   4.6578457e+01   6.0256834e+01   3.9509266e+00   3.6497889e+01   6.0003917e+01   5.3742028e+00  -5.2004759e+01  -3.1976665e+01   2.2339204e+01   8.5986318e+01   8.1955852e+01   7.9193749e+01  -1.7369850e+00   8.0037964e+01  -3.7577098e+01   4.0776644e+01  -7.1324700e+01  -2.9298463e+00  -9.8623104e+01   6.5006432e+01  -9.0196284e+01  -3.2732097e+01  -3.2715145e+01   8.0605242e+01
   9.9664710e+01  -9.2484164e+00  -2.9501702e+01   3.8051206e+01   8.0191481e+01   3.6235070e+01  -1.4490508e+01  -7.0843361e+01   5.3907097e+01  -7.9656964e+01  -6.7123868e+01  -7.7960471e+01   9.9856208e+01   6.7542057e+01   3.2046457e+01   1.8265298e+01   9.7737958e+01  -6.1649171e+01   5.1547079e+00   5.0068159e+01  -8.7160383e+01  -7.7906963e+01  -2.7315550e+01  -8.0094657e+01   8.0976207e+01  -6.5399147e+01   7.4077206e+01  -9.1734960e+01  -5.5817010e+01   8.3036442e+01
   4.6993496e+00  -3.4313280e+01   9.3551501e+00   5.1910674e+01  -8.0749152e+01   1.9568930e+01   6.2883316e+01  -8.8407862e+01   8.1060760e+01  -7.8238284e+01   5.7689323e+01   9.6525021e+01  -6.4656964e+01   1.9444710e+01  -4.0892516e+01  -7.5612555e+01  -7.6268697e+01  -1.5996001e+01  -3.8762901e+01   1.7806603e+01   4.6805282e+01  -3.0355977e+01  -1.3529767e+01  -9.3135560e+01  -5.6829758e+01   2.1273519e+01   7.1330429e-02  -1.7425675e+01   3.0872526e+01   6.2723225e+01
   9.6694275e+01   4.1730173e+01  -5.2598603e+01   7.1200770e+01  -5.3902401e+00  -3.4317217e+01  -9.1422830e+01  -8.6477669e+01   6.3544138e+00  -7.4170057e+01   9.8821821e+01   3.5926425e+01  -3.2966102e+01   9.2008245e+01   4.9635697e+01   1.3398696e+01   7.8483135e+01   2.8332484e+01   4.9051381e+01   6.5919594e+01   9.7503112e+01  -8.7777653e+01  -1.2939647e+01   4.7026728e+01  -7.7931366e+01   2.7420341e+01   2.7029555e+01   2.4650210e+01   9.0513545e+01  -1.9981211e+01
   7.5813468e+01   7.8733894e+01  -4.2822287e+01  -9.4851774e+01  -7.4809680e+01  -5.3717505e+01   7.0059944e+01   5.2169429e+01  -6.8117930e+01   3.3754529e+01  -5.3841038e+01   7.8580706e+01  -7.9825388e+01  -9.8789782e+01   2.4242603e+01  -4.3704206e+00  -3.7181477e+01   3.2302485e+01   4.5712351e+01   8.2649136e+01  -2.8208090e+01  -2.2435122e+01  -2.4221546e+01   1.6886865e+00  -8.7461931e+01  -6.4852322e+01  -3.2904139e+01   9.0200218e+01   5.9403348e+01  -6.8000072e+01
   4.2607691e+01   6.1271238e+01  -8.5478651e+01   7.2477833e+01  -2.6004547e+01   5.1676808e+01   1.5774252e+01   2.0985131e+01   8.1490458e+01   2.1257810e+01   4.7305923e+01  -1.8005859e+01  -1.2537950e+01  -7.7052393e+01   1.4148059e+01   9.4337206e+01   1.8102025e+01  -7.3075131e-01  -5.8719335e+01   3.7358153e+01   5.9301699e+01   3.1886264e+01   8.8430839e+01   8.6886170e+01  -4.8961407e+01  -5.9092773e+01  -3.8507128e+01   6.7594022e+01  -6.9705115e+01  -1.8063093e+00
   6.9355152e+01  -5.5053396e+01  -4.9336964e+01  -8.0845778e+01   3.4948222e+01   9.6935013e+01   8.9974024e+01  -4.3535145e+01  -7.7959695e+01   6.2867548e+01  -7.8592251e+01   7.8530906e+01   3.0968988e+01   2.9057668e+01  -9.7700000e+01   9.4154221e+01  -5.6347578e+01  -9.8780750e+01  -9.2557970e+01   7.8554714e+01  -7.4621388e+01  -9.5780242e+01   7.9256742e+01  -1.6179771e+01  -8.4375421e+01  -4.2393786e+00   5.9020620e+01  -7.2209635e+01   4.2455007e+01   4.9216855e+01
   3.9648570e+01   2.9229070e+01  -5.7072005e+01  -1.2741510e+01   4.4798439e+01  -1.6282369e+01   2.0828153e+01  -4.8543767e+01   9.6910688e+01  -7.0960200e+01  -2.6036219e+01   4.2306106e+01  -8.4147812e+01   7.2593552e+01  -7.3126608e+01  -4.9113495e+01  -9.2314936e+01  -7.7788760e+01   8.8245221e+00  -5.1299600e+00   5.9684164e+01  -8.6470331e+01  -8.1376747e+01   7.7098951e+00   7.6659145e+01   3.3446642e+00   5.4377812e+01  -1.3540371e+01  -5.0301864e+01   4.3731488e+00
  -3.8873272e+01   4.9384711e+01  -1.6272255e+01  -3.1367719e+00   6.1514540e+01   4.1702463e+01   3.0610080e+01  -7.2040187e+01   2.8819150e+01  -5.2700913e+01   6.5105831e+01   7.9350214e+01   5.5017900e+01   5.7545257e+00  -5.3601261e+01   1.5440066e+01  -4.3052155e+01  -2.3048708e+01   7.5458443e+01  -7.8838298e+01  -8.5857459e+01  -2.6029968e+01   4.1555773e+01   1.4295384e+01   3.1803477e+01  -1.9841911e+01  -4.3910368e+01   1.7416911e+01   2.2394531e+01  -8.7320480e+01
  -6.0010971e+01  -6.8418277e+01  -6.3008447e+01   5.6518469e+01   9.8142756e+01  -9.3818130e+01  -4.4237744e+01   5.6042184e+01   1.7630448e+01   5.5400839e+01   2.8518232e+01   4.5304964e+01  -7.2253785e+01   2.5053334e+01   1.7201059e+00   1.1277694e+01   9.7024174e+01   7.6562566e+01  -5.0769651e+01   6.2223145e+01   3.4671074e+01  -9.6038526e+01  -3.0063135e+01  -4.1899685e+01   4.2461396e+00  -8.1493736e+01   5.5936746e+01   5.1734198e+01  -4.6334239e+01   2.3815752e+01
   3.2984023e+01  -9.2010961e+01   6.4589120e+01   1.1858304e+01   4.9192395e+01   4.7911327e+01   2.0711050e+00  -5.5572184e+01   3.1929559e+00   4.3201542e+01   2.7557446e+01  -9.3419835e+01   2.7623998e+01  -1.3329380e+01   6.5305854e+01  -4.6628455e+01   3.8660214e+01   2.5508830e+01   6.0445775e+01   1.9538276e+01  -4.7541961e+01  -9.6576932e+01   6.4832827e+01  -3.7559544e+01   6.6166027e+01   1.8191671e+01   7.3217107e+01   6.8551062e+01   9.4502584e+01  -8.5273308e+01
  -4.4241434e+01  -8.5947547e+01   3.8925673e+01  -5.2371930e+01  -2.9184632e+01  -1.6022321e+01  -2.5877421e+01  -8.5334307e+01   3.7075121e+01   2.9945754e+01  -4.1326617e+01  -5.6667099e+01   7.8183216e+01  -2.5371444e+01   5.8586836e+01  -5.0580783e-01   9.1140541e+01  -8.7727045e+01  -3.7409796e+01   9.0237019e+01   9.7096404e+01  -9.2310085e+01   9.7446580e+01  -5.3530508e+01  -3.4020809e+01   4.5309222e+01   2.1694715e+01  -9.4862108e+01   3.4215050e+01  -3.8037234e+00
  -6.5617594e+01  -8.6554810e+01  -5.4035332e+01   2.3668345e+01  -3.4683451e+01  -2.8494695e+01  -3.6819808e+01  -2.6590699e+01   3.9714376e+01  -9.4820052e+01  -7.0761280e+01  -3.1097868e+01   3.5022756e+01  -2.2048983e+01  -6.6839392e+01  -4.0562654e+01   2.3068347e+01   4.4191410e+01  -8.2662207e+00   7.5410408e+01  -2.5297110e+01   9.4079283e+01  -4.2176477e+01   7.6422996e+01   8.4262192e+01   6.4613034e+00   5.5127123e+01  -1.3732805e+01   8.5043031e+01  -1.1887446e+01
   8.1934424e+01  -6.1169015e+00  -8.9853687e+01  -4.3597368e+01  -9.3734723e+01  -8.9554703e+01   2.5075416e+01   6.2430293e+01  -3.5923484e+01  -2.3884447e+01  -2.6598625e+01  -6.9953191e+01  -7.5565437e+01   6.6506980e+01  -3.6668116e+01  -8.2956165e+01  -5.9439240e+01   4.2778992e+01  -9.3660301e+01  -9.3176989e+01   7.0863750e+01   4.4881539e+01   6.1344919e+01  -4.7989456e+01   7.9927632e+01   5.2596472e+00   3.8850140e+01   3.4268980e+01   4.2514289e+01   6.6881412e+01
   1.8659417e+01  -9.9224032e+01   3.5408691e+01   4.9324583e+01  -1.9273858e+01   8.5798304e+00  -4.3173525e+01  -6.6762967e+01   9.2883508e+01  -2.1912303e-01  -7.8755672e+01  -4.0591988e+00   1.4589487e+01   7.8458374e+01  -8.8951583e+01   3.2689557e+00  -5.9035917e+01  -7.6274472e+01   5.0599878e+01  -4.8394423e+00  -2.7523864e+01   9.1846296e+01  -1.2166251e+01  -1.2899793e+01   9.7060749e+01  -5.3810884e+01  -5.4535821e+00  -3.3513791e+01  -7.4333286e+01  -4.7618751e+01
   1.4260451e+01  -6.6978389e+01  -1.3461959e+01  -4.2033171e+01  -8.2153917e+01   1.3706539e+01   1.7947016e+01  -8.9208688e+01  -8.4576966e+01   6.9438184e+01  -1.0011851e+01  -4.8276130e+01   2.9383086e+00   2.9879226e+01  -3.9713651e+00   4.8325788e+01   8.9654482e+01  -5.1956520e+01   5.6045542e+01   3.5610582e+01   6.9772613e+00   1.9003672e+01  -7.3672264e+01   3.8906964e+01   5.6379325e+01   7.2485295e+01  -9.4632767e+01   1.8480756e+01  -3.4192165e+01   3.2061361e+01
   5.7658533e+00   3.6853488e+01  -4.0817773e+01  -6.9530720e+01  -7.0101184e+01   3.5110008e-01   5.5283062e+01  -3.5138256e+00   6.8900679e+01  -8.3559679e+01  -2.1208238e+01  -3.2178228e+01  -7.5875730e+01   9.8129995e+01  -7.4595698e+01  -1.3505541e+01  -9.5113456e+00   4.0446252e+01  -7.9053916e+01  -7.4500819e+01   2.1463892e+00   6.4815718e+01   4.1401785e+00  -3.5880356e+01  -7.1622472e+01  -1.4642920e+01  -4.3147359e+01   9.2045804e+01   7.9350260e+01   9.3713456e+01
   8.0725665e+01  -9.7062701e+01  -8.2177160e+01   5.4902332e+01  -3.5781676e+00   1.2476716e+01  -7.9458951e+01   2.3532354e+01  -7.7663775e+01   5.4206932e+01  -9.5845098e+01  -3.5780491e+01   8.7393103e+01   8.7549587e+00  -7.3087013e+01   7.8580119e+01  -7.0405680e+01   5.8806826e+01   9.0103421e+01  -7.3029103e+01   6.1254689e+01  -1.9900511e+01   9.5638674e+01  -8.9975446e+01  -9.3370966e+01   9.7998897e+01  -4.0489519e+01   7.0554880e+01  -6.2149855e+01   3.2052808e+01
   4.5650416e+01   6.7123230e+01  -7.3977358e+01  -3.4437131e+00   3.9501399e+01   3.0535864e+01   1.8091340e+01   7.5222501e+01  -9.9321240e+01  -7.5121042e+01   3.8128442e+01  -2.7866820e+01  -5.0676136e+01   8.2693639e+00  -8.6957433e+00   3.3790252e+01  -3.3705584e+01  -6.5313346e+01  -7.0896585e+01  -9.9078418e+01   9.1059228e+01  -9.0501734e+01  -9.4532267e+01   5.6812286e+01  -3.1707127e+01   1.6952368e+01   5.0417411e+01   1.8499285e+01  -1.9423638e+01   1.0039280e+00
   4.9959942e+01  -4.2957308e+01  -9.9078860e+01   8.8164996e+01  -2.2328190e+01   1.3664687e+01  -7.1698914e+00   3.3954849e+01  -2.9021440e+01   3.8621879e+01   8.0687807e+01   2.6989425e+01  -7.8069319e+01  -9.3898501e+01   3.3759655e+01  -4.3746345e+01  -1.3888492e+01  -9.9151748e+01  -4.0346594e+01   4.2105855e+01  -1.7400956e+00  -1.1903232e+01  -7.8117564e+01   6.6789760e+01  -8.5547466e+01   9.7119763e+00   5.0626418e+01   1.4158424e+01  -9.3590323e+01   8.9556532e+01
   9.2360941e+01   6.5674432e+01  -3.7383070e+00  -8.8582439e+01  -5.9330918e+01  -6.2347985e+01  -3.8410279e+00   9.2848842e+01  -4.4859513e+01  -2.7893000e+01  -9.4528639e+01  -5.2411645e+01  -4.6999853e+01  -7.7656825e+01  -3.0077402e+01   2.4421893e+01  -6.2065420e+01   8.5307122e+00   5.0315820e+01   9.5774420e+00   7.3677337e+01  -4.0220716e+01  -3.0534384e+00  -6.8426507e+00   3.1120993e+01  -9.6433165e+01  -9.0212580e-03   5.1254350e+01   8.7106782e+01  -3.5740625e+01
   9.7465489e+01   4.9039064e+00   2.8488553e+01  -8.0251354e+01   5.3530725e+00  -9.5852154e+01  -2.7501853e+01  -9.9628325e+01  -2.2681841e+01   4.8539070e+01   9.3946382e+01   9.9617339e+01  -7.7358165e+01  -3.3674493e+01   3.0222455e+01  -5.9692123e+01   5.7607824e+01  -4.2554697e+01  -9.1708718e+01   2.6781393e+01   6.5113784e+01   9.5647492e+01   4.5076663e+01  -2.0389328e+01  -5.3934743e+01   8.5244005e+01   8.6836040e+00  -4.6079095e+01  -6.2601048e+01   3.2641256e+01
   8.6843240e+01   5.1358356e+01   7.5099764e+01  -4.6193353e+01   7.0996990e+01   8.9427942e+01   1.0307666e+01  -5.1610131e+01   9.0731280e+01  -2.9760288e+01   8.9054509e+01  -8.7700191e+01   8.0926846e+01  -7.5986776e+01   3.8121556e+01  -6.1455637e+01  -9.5910691e+01   6.4805192e+01   6.3251571e+01   4.5747621e+01  -4.5978335e+01  -6.9823881e+01  -9.6229351e+01   2.6478567e+01  -4.8522276e+00   2.1090655e+01   2.5075145e+01  -1.3794317e+01  -7.9588106e+01  -9.6841272e+01
   9.4459806e+01  -9.7020243e+01   7.3365908e+01   9.6733277e+01   2.4032588e+00   1.0365822e+01  -9.0212854e+01  -8.4595350e+01   6.5253363e+01   7.4471361e+01   6.4613231e+01  -3.6863984e+00  -1.0846698e+00   4.1365039e+01   5.3011383e+01   3.3878591e+01  -1.4572882e+01  -4.7517966e+01   1.6864158e+01  -9.0826451e+01  -6.5945296e+01  -5.3464878e+01  -7.6231691e+01   3.0927172e+01  -7.6549184e+01   4.0087045e+00   8.4115313e+01  -8.3287350e+01  -5.4287998e+01   1.0033614e+01
  -7.5826525e+00  -5.1857414e+01  -4.2302729e+01  -5.2533045e+01  -8.9309045e+01   7.3675507e+01   4.9014453e+01   2.0361152e+01  -6.0411503e+01   2.4517858e+01  -1.1488326e+01  -6.5129632e+01   7.7360032e+01   6.5784955e+01  -8.3948825e+01  -2.1080264e-02  -9.9327510e+01   1.9546174e+01  -3.0563363e+01   6.8371114e+01   1.4784674e+01   7.4919366e+01  -6.9944168e+00   9.8527863e+00   2.6214271e+01   3.8261309e+01  -3.9338162e+00  -9.8072953e+01   7.7424362e+01  -8.4566399e+01
  -9.3640548e+01   8.8849484e+01   7.8552376e+01  -6.1064341e+01  -4.0220286e+01   9.7775937e+01   1.5676982e+01  -1.6185685e+01  -8.1157285e+01  -3.6881710e+01   6.7676531e+01  -9.7291002e+01   7.7586887e+01   5.3813833e+01  -2.9396364e+01   9.0372012e+01   1.9877859e+01   5.7176299e+01  -5.8680855e+01  -9.0326676e+01  -4.7422714e+01   8.1807087e+00  -7.2730036e+01   6.5669845e+01   9.8137821e+01   4.6016653e+01  -5.4700840e+01   2.8465275e+01   5.7927596e+01  -6.3112680e+01
