 % This stores fret (the f-value) and iter (number of iterations to converge)
  -1683.57669380358        285.000000000000     
  -1683.57669380211        397.000000000000     
  -1678.79000619417        235.000000000000     
  -1683.57669380616        227.000000000000     
  -1683.57669380686        204.000000000000     
  -1683.57669380302        267.000000000000     
  -1683.57669380101        290.000000000000     
  -1683.57669379780        312.000000000000     
  -1683.57669378427        201.000000000000     
  -1683.57669379807        457.000000000000     
  -1683.57669380165        382.000000000000     
  -1683.57669380304        209.000000000000     
  -1683.57669380237        306.000000000000     
  -1677.06554954711        328.000000000000     
  -1683.57669380586        238.000000000000     
  -1683.57669378962        193.000000000000     
  -1676.45238402839        1200.00000000000     
  -1683.57669379969        364.000000000000     
  -1683.57669379782        369.000000000000     
  -1683.57669380570        242.000000000000     
  -1683.57669380587        403.000000000000     
  -1683.57669380727        159.000000000000     
  -1683.57669380754        202.000000000000     
  -1683.57669380192        400.000000000000     
  -1683.57669380665        290.000000000000     
  -1678.79000620735        361.000000000000     
  -1683.57669379854        252.000000000000     
  -1683.57669380412        286.000000000000     
  -1683.57669378274        294.000000000000     
  -1683.57669380487        328.000000000000     
