   1.8938731e+00   7.0299878e+01   2.3382142e+01   5.0912463e+01   1.1220872e+01   5.8958953e+01   5.5881001e+01   6.8066729e+01   3.4378199e+01   9.2739397e+00   2.2267935e+01   2.6021242e+01   2.9379995e+01   9.7372797e+01   3.7901944e+01   8.5661184e+01   6.3334997e+01   1.7270687e+01   2.4581704e+01   1.3884339e+01   5.9772190e+01   3.9537575e+01   1.6034798e+01   1.9134826e+01   6.3710364e+01   5.6158077e+01   4.5959690e+01   6.5694326e+01   9.2642929e+01   8.0129503e+01
   2.4332655e+00  -5.7567814e+01   2.1386855e+01  -7.7552387e+01  -7.2241023e+01   9.6637199e+01  -3.0093163e+01  -1.7918262e+01   2.5859368e+01  -3.0241555e+01  -3.6018988e+01  -8.2009207e+01   3.9390487e+01   7.6056726e+01  -3.1889138e+01   8.7605871e+01   9.1281862e+01  -3.2911483e+01  -8.5917006e+01   1.3761169e+01  -9.8981655e+01  -1.9106511e+01  -1.9916431e+01   4.8284473e+01  -6.0893751e+01   5.6310353e+01  -1.8788121e+00   6.8756967e+01   8.5090025e+01   7.0096920e+01
   6.1888056e+01   9.1281642e+01   2.2361274e+01   1.2960221e+01   1.9286924e+00   4.2080113e+01   7.5544351e+01   1.9444882e+01   2.4990738e+01   6.7796079e+01   9.7480055e+01   3.2364786e+01   2.0504401e+01   5.9616647e+01   6.1417625e+01   1.1442461e+01   3.6265713e+00   3.7716178e+01   3.7138146e+01   7.8937687e+01   2.8519560e+01   8.5720617e+01   3.2634693e+01   1.2131748e+01   4.3039063e+01   1.3471243e+01   2.4089111e+01   1.2283115e+01   3.7945228e+01   1.4982433e+01
   9.7352795e+01   8.6305841e+01   2.9800648e+01  -7.7618831e+01   5.4428470e+00  -3.4634462e-01  -6.5124783e+01  -9.6430557e+01  -5.0462035e+01  -2.6751843e+01  -8.9792362e+01   1.1742314e+01   4.4685746e+00  -7.0222939e+01  -4.5817827e+01  -2.7864755e+01  -8.3002700e+01   2.2950430e+01   6.5073513e+01   8.2990969e+01  -7.4191246e+01  -5.5348692e+01   7.8596751e+01  -4.5072777e+01   2.0180867e+01  -7.7527521e+00   3.2186413e+01   5.1487901e+01  -4.4254466e+01   9.9608310e+01
   4.4907461e+01   4.1112442e+01   1.8188739e+01  -9.8064559e+01   2.6160109e+01  -6.7807294e+01  -3.5644571e+00  -6.0178987e+00   1.6235904e+00   6.3194743e+01  -4.2954437e+01  -1.3003932e+01  -8.4405822e+01   7.0694757e+00  -2.5946172e+01  -1.1519317e+01   8.7384961e+01  -8.8772045e+01  -7.4823304e+01   5.1226336e+00  -4.5477563e+01  -2.9736701e+01   3.4130354e+01   5.0264061e+01  -5.6362371e+01  -3.4504159e+01   9.4726159e+01   2.0405538e+01   6.8160224e+00  -5.8544279e+01
   2.1274854e+01   1.6626867e+01   1.3636852e+01   7.0028334e+01   4.2044146e+01   5.0593096e+01   3.6795929e+01   1.0849213e+01   3.6403879e+01   8.4125084e+01   1.1187935e+01   6.4212840e+01   7.1971372e+01   2.7934694e+01   1.4161499e+01   9.0696477e+01   9.3623451e+01   4.3684968e+01   7.2926569e+00   4.6057703e+01   7.9398332e+01   5.5230041e+01   6.0480058e+01   7.3734624e+00   6.6463299e+01   2.7091892e+01   3.0512771e+00   9.8396550e+01   2.7661505e+01   1.7795381e+01
  -6.8415023e+01   2.6579483e+01   7.8115001e+01  -5.1508068e+01   6.9492659e+01   7.3662092e+01  -1.7760541e+01  -1.1303974e+01  -5.1070080e+01   7.2207764e+01  -7.7174608e+01  -9.2722658e+01  -3.2945787e+01  -1.7782058e+01  -2.1150052e+01  -8.2437953e+01  -1.2135088e+01   5.1032519e+01   4.8187610e+01   4.6230573e+01  -7.0902960e+01   9.0566388e+01   7.3407787e+01  -9.7277645e+01   4.6337461e+00   7.6189471e+01  -6.5862426e+01   9.9205100e+01  -4.3851462e+01  -7.7361863e+01
   8.6899500e+01  -9.5905954e+01  -4.1860077e+01   5.1371103e+01  -2.6862014e+01   9.3796699e+01   7.1445476e+01   7.6875865e+01  -6.1314875e+01   4.3524153e+01  -7.8807101e+01   7.8162116e+01  -9.2555483e+00   1.9719425e+01  -1.9382256e+01   8.8307421e+01   9.3604990e+01   9.4148969e+01   3.9417227e+01  -8.3505516e+01  -5.1444208e+01   6.4607395e+01  -2.8700068e+01  -4.6037918e+01   6.2069927e+01  -4.7594479e+01  -1.2196085e+01  -2.5898884e+01   2.7230627e+01  -1.3606793e+01
  -5.0801513e+01   2.3777302e+01  -4.2155591e+01  -6.6155009e+01   5.3060281e+01  -5.8637529e+01   1.1484070e+01  -4.0900531e+01   2.1572946e+01   9.6743683e+01   9.1523702e+01   2.9956672e+01  -3.9746653e+01  -6.8938495e+01   5.4072525e+01  -3.0387253e+01  -9.2612076e-01  -8.7815659e+01  -9.4416364e+01  -9.9570745e+01  -5.9736272e+01  -1.2507713e+01   5.4027394e+01   2.0682642e+01   7.8086716e+01   4.8013403e+01  -3.6231897e+00  -8.8453591e+01   3.6502980e+01   2.0439896e+01
   8.7450871e+01  -3.4778280e+01  -9.9135285e+01  -1.7288718e+01  -4.6030339e+01   2.7479706e+01  -8.1239407e+01   2.3438466e+01   4.9128494e+01   2.0812286e+01  -3.2283874e+00   5.4616160e+01   8.1370182e+00  -8.3518755e+01   2.4141737e+01  -1.0981556e+01  -3.5899761e+01   3.0943311e+01   1.0837393e+01  -5.4945065e+01  -8.7752913e+01   6.3348283e+01   7.1880376e+01  -4.9945429e+01   7.2914374e+01   8.4806092e+01  -1.0283998e+01  -2.8386184e+01   3.8447360e+01   8.1862838e+01
  -4.0190540e+01   1.7633600e+01  -5.1286636e+01   5.8795126e+01  -9.1398065e+01   6.5703150e+01   9.9035172e+01  -6.8366125e+01  -2.9064212e+01   6.8691197e+01   3.4964769e+01   3.0114842e+01   6.9755033e+01   4.7062570e+01  -2.1817997e+01  -9.7186494e+01   5.5130885e+00   4.2844565e+01   9.1775343e+01  -2.8827104e+01   2.2659467e+00  -2.2772653e+01  -6.5363906e+01  -2.9592338e+01   5.2075343e+01   6.6036969e+01   5.5464337e+01   2.5020925e+01   3.3314132e+01   5.3251038e+01
  -7.4267023e+01  -4.7454183e+00  -8.6461522e+01  -3.8586372e+01  -9.7874030e+01   5.2907404e+01   7.1672767e+00  -8.1080822e+01  -7.7991938e+01   9.5203308e+01  -1.3491799e+01  -5.3816451e+01  -5.7656311e+01   3.3022694e+00  -4.1357481e+00  -1.3306509e+01   6.5876408e+01  -9.9005355e+01  -3.5346544e+01   7.7443088e+01   4.3202299e+01  -5.1188187e+01   8.1942631e+01  -7.4631553e+00   5.8745394e+01   7.3199299e+01   6.2848435e+00  -5.6351495e+01  -7.4787532e+01   4.3392602e+00
   4.6062059e+01   8.0181685e+01   5.5162702e+00   4.2078657e+01  -4.8943830e+01  -2.3528225e+01   6.3396897e+01  -5.4425738e+01   4.5898543e+01  -9.7281593e+01   1.6486437e-01   6.2676034e+01  -4.3290953e+01  -4.9229702e+01   6.2340300e+01  -7.0574310e+01  -1.4761091e+01   9.3854636e+01   2.3512752e+01   6.4535957e+01  -7.2347184e+01  -2.8307319e+01  -8.1178016e+01   1.4078761e+01  -8.2633131e+01  -6.5471717e+01   9.0770640e+01  -2.1245670e+01   1.1115579e+01   3.7286145e+01
  -6.5079635e+01  -3.4965192e+01   4.1116694e+01   9.8258591e+01   2.1715436e+01  -1.0519848e+01  -7.5751385e+01   4.3169358e+01  -4.7695730e+01   6.2682408e+01  -5.9498742e+01   4.6490886e+01  -9.2417665e+01   6.7676566e+01  -1.7155476e+01   3.2333840e+01  -6.8427725e+01  -3.4163268e+01   4.7469063e+01  -8.5528689e+00  -2.0752272e+00   1.6925118e+01  -9.7075958e+01  -7.7785801e+01   5.7211246e+01  -4.1180332e+01   3.6294225e+01   5.3592509e+01   8.9898231e+01  -1.3132085e+01
  -6.9893909e+01   5.0254546e+01  -9.8831638e+01   2.6031780e+01  -4.5162384e+01   6.6365372e+01   9.8000546e+01  -8.3471188e+01   7.1165535e+01   3.4770715e+01  -9.5788285e+01   4.4410573e+01  -1.1761310e+01  -2.8364617e+01   8.8374180e+01  -9.7198464e+01   7.6832224e+01  -2.4737287e+01  -9.2288704e+01  -7.6519752e+01   2.0692288e+01   4.6075049e+01   5.6035228e+01  -4.0872811e+01   8.5668900e+01   3.6691857e+01  -3.3883679e+01   5.8846639e+01  -3.0505746e+01  -7.9445638e+00
  -1.9712224e+01   8.2468677e+00   1.7805317e+01  -9.8214273e+01   6.0149109e+01   1.1377248e+01  -7.9235343e+01   5.3549378e+01  -4.0505678e+01   7.7609659e+01   3.3524280e+01   2.2865058e+01  -4.9450408e+01   1.1695940e+01  -6.6078830e+00   5.2675676e+01   3.4292228e+01  -6.2354465e+01  -7.2076435e+01   6.2262154e+01  -9.5832458e+01   2.6247319e+01  -4.1224579e+01  -2.9501692e+01  -3.6220873e+01  -2.1990615e+01   6.2813453e+00   6.2953627e+00   1.7411885e+01  -2.0375986e+01
  -5.9319469e+01  -7.0286085e+01  -7.9034518e+00   6.9940824e+01   3.7415688e+01   4.9981663e+01   5.5355520e+01  -4.2087402e+01  -1.9590847e+01  -3.6901571e+01  -4.3126475e+01  -9.4827947e+01  -4.6076146e+01   8.1211532e+01  -7.3507786e+01   2.1047576e+01   8.5772387e+01   9.3470190e+01   7.7986318e+01  -8.9993844e+01  -7.8682715e+01   4.0306555e+00  -8.2605687e+01  -9.2821402e+01   8.7694924e+01   2.2884330e+01   9.3099100e+01  -1.8991094e+01   6.1229373e+01   7.7523638e+01
  -8.2413179e+01  -5.1293870e+00  -7.3825441e+01   3.0737808e+01   4.3781044e+01   8.9370913e+01  -3.4390724e+01  -1.8628485e+01   7.1424469e+01  -6.7034213e+01  -5.2187773e+01  -5.9469465e+00   3.0359813e+01  -3.4045152e+01  -2.7147636e+01   3.9623386e+01   7.6234388e+01   7.3271669e+01   6.4023103e+01  -7.4570470e+01   1.5832449e+01   4.2474323e+01   2.9905421e+01   6.8283630e+01  -5.2240901e+01   4.7373262e+01   8.6655610e+01   1.9779650e+01  -3.0686089e+01  -4.2603533e+01
   3.7111217e+01  -1.1130824e+01   1.2127014e+01  -5.3151267e+01  -6.0098518e+01   1.5024205e+01  -9.8235819e+01  -1.0766474e+01  -1.4675533e+01  -3.5714122e+01  -9.4643584e+01  -9.4497792e+01   6.2602716e+01   7.2366212e+01  -8.2531775e+00   1.1901795e+01  -9.1033397e+01  -5.2328464e+01   8.7975526e+01   6.6114252e+01   6.5191094e+01  -7.0205354e+01  -3.6341499e+01  -5.9601726e+01   6.6233843e+01  -3.8589602e+01   4.1650793e+01  -9.0060060e+01   3.3861538e+01  -5.3145019e+01
  -1.3403256e+01   1.7557958e+01   1.7276798e+01  -7.2942021e+01   7.0049731e+01   9.1482065e+01  -1.8555530e+00  -4.6066357e+01   6.4774104e+01  -1.7116564e+01   3.6868787e+01   5.7936327e+01   8.5105265e+00   7.9965124e+00   7.0902926e+01   2.1103859e+01   3.4919256e+01   3.2762394e+01  -6.3755348e+01   7.6505934e+01   7.4602936e+01   7.8310923e+00  -1.5944168e+01   4.1097624e+01   1.7310138e+01  -8.4074065e+01  -4.2611178e+00  -1.4669503e+01  -5.8568357e+01  -8.4358670e+01
  -9.9337887e+01  -9.5717979e+01   5.3589482e+01  -1.9760978e+00  -6.4901149e+01   5.4053152e+01  -5.4510762e+01  -4.6834304e+00   5.3058886e+01   6.5441140e+01   2.3842125e+01  -4.6332097e+01  -4.3278900e+01  -8.6842122e+01   4.7616219e+01  -8.2920740e+01  -5.5525194e+01  -5.1113581e+01   7.3829835e+01   7.4405091e+01   6.1871322e+01   3.2380517e+01  -3.1258192e+01   4.9479333e+01   3.8225732e+01   6.4072605e+01   8.5580985e+00  -7.5627535e+01  -5.8773015e+01  -5.1149698e+01
  -5.9942146e+01   8.0529066e+01   3.5914789e+01   8.8318793e+01  -8.5203361e+01  -2.5694746e+01  -9.3955774e+00  -2.9943239e+01  -3.9363406e+01   4.9957567e+01  -8.5705067e+01  -5.4748575e+01  -5.7326278e+01  -1.8548271e+01   5.1832556e+01  -6.0857694e+01  -4.0689526e+01   5.4841082e+01  -4.8832160e+00   2.2927070e+01   5.0623050e+01   4.2849981e+00  -5.2813473e+01  -2.0128492e+01  -8.7753261e+01  -3.9762771e+01   9.4515106e+01   1.4593386e+01   2.4924982e+01   7.3003466e+00
   9.6676972e+01   5.0099489e+01  -6.0417288e+01  -3.4831078e+01   9.5979038e+01   7.6192073e+01  -1.5360266e+00  -7.1534135e+01  -8.2100825e+00   5.0100804e+01  -8.1516915e+01   7.5251307e+01  -4.3845927e+01   2.5828684e+01   7.0075662e+01  -9.2593028e+01   3.3620785e+01  -4.4794709e+01  -3.3405949e+00   6.1798262e+01  -8.0170419e+01   8.7025713e+01   2.4478168e+01  -3.0277742e+01   7.1439187e+01  -7.7328200e+01   6.5469264e+01  -2.9983202e+01   4.8999002e+01  -8.2290776e+01
   7.0305325e+01  -7.7693419e+01  -3.2431619e+01   3.5483231e+01   4.5026976e+01  -7.6054318e+01   4.7807988e+00  -9.9535271e+01   8.2137522e+01   7.4731244e+01  -3.2909171e+01  -3.9449663e+01   3.6619268e+01  -6.2537449e+01  -9.1525411e+01  -7.9782858e+01   6.1573976e+01   5.2350899e+01   1.7561176e+01  -6.3330343e+01  -4.3978444e+01  -3.4372994e+01  -4.1210738e+01   6.9308176e+01   4.4391916e+01  -5.2388963e+01   9.8467512e+01  -7.5518162e+01   1.9212436e+01   2.9865616e+01
  -2.3554061e+01   7.4542956e+01  -2.1986086e+01   5.8380138e+00  -4.0138830e+01   7.8412513e+01   6.4375665e+01   1.7706425e+01  -1.8780779e+01  -5.5293288e+01  -1.4929172e+01   8.8753315e+01  -6.5887466e+01  -9.5576896e+01  -4.4084293e+01   7.8492293e+01  -9.2885231e+01  -7.0774703e+01  -4.8834750e+01   5.9615219e+01   9.4497391e+01   4.9228216e+01  -9.1087493e+01   2.2455596e+01  -9.3086038e+01   5.7037033e+01   2.2000460e+01   8.8307065e+01  -6.9498875e+00   2.6096657e+01
   4.3199723e+01  -5.0997735e+00  -5.5629899e+01   1.4201279e+01  -5.5548500e+01  -5.1040095e+01   4.4812179e+01  -6.0999362e+01  -6.8661675e+01  -1.5472393e+01  -3.0528549e+01  -4.1930370e+01   8.5398055e+01  -2.3737274e+01  -7.7246128e+01   2.2815713e+01   7.7724422e+01  -4.1601088e+00  -5.2518893e+01  -5.9129106e+01   5.6082388e+01  -2.6935755e+01   7.6424750e+01   2.8811385e+01  -8.0631960e+01   3.3008783e+01  -4.6289819e+01  -5.0305691e+01  -6.0274602e+01  -7.7452250e+01
  -2.7600143e+01  -9.9764685e+01  -6.4460857e+00  -1.9652805e+01   6.5594494e+01  -1.2599737e+01   6.1919907e+01   5.8241767e+01   6.1034931e+01  -1.7602764e+01   1.0663690e+01  -9.8601878e+01   7.7263264e+01  -1.2889065e+01  -9.8921438e+01  -5.2986613e+01   7.8566483e+01   9.1780921e+01  -2.5279856e+01   3.4032151e+01  -1.1165597e+01  -2.1697260e+01   5.0821548e+01   7.6783024e+01  -3.8546041e+01  -1.5214151e+01   6.8295660e+01   8.4602440e-01   2.7331608e+01  -4.4615315e+00
   3.9098206e+01  -9.3211294e+01  -6.2656239e+01   3.0040990e+01  -4.2122727e+01   3.7770355e+01  -9.1711219e+01   3.7086437e+01   1.9246695e+01  -3.4566771e+01  -9.4508659e+01  -2.0623932e+01   6.8945050e+01   7.8120910e+01  -2.8936022e+01  -2.2422650e+00   3.3815277e+01  -1.0912270e+01   4.7682575e+01   6.4223435e+01  -6.8948782e+01   2.7445635e+01   1.6352027e+01   1.9665485e+00   4.0075390e+01  -8.9867871e+01   2.9913460e+01  -2.6424559e+01  -3.6696134e+01  -5.9067683e+01
   2.3951414e+01  -1.7326146e+01  -3.0226779e+01   5.0807761e+01  -5.1641243e+01   2.2968702e+01  -2.8534993e+01  -9.5142890e+01   2.8502113e+01   2.9295522e+01   3.0652927e+01   9.8098689e+01   2.0371523e+01   3.6698682e-01  -5.7690666e+01  -5.4333371e+01  -3.1434025e+00  -3.7858029e+01   4.3213003e+01  -3.3730205e+01  -9.9810293e+01  -5.6834290e+01   6.4043750e+01   1.7021853e+01  -7.1379984e+01  -2.1151620e+01  -9.6065412e+01  -6.3970205e+01  -9.0664014e+01   4.7112089e+01
   4.3359118e+01  -5.4623401e+01  -2.4113805e+01   7.2141449e+01   6.7555308e+01  -2.9422064e+01  -3.3530035e+01  -3.4694201e+01  -4.7255941e+01  -1.4932474e+01  -5.9578058e+01   9.0882855e+01   7.1298353e+01   3.4200378e+01  -8.8059605e+01  -9.6228674e+00   3.0788581e+01  -1.8093348e+01  -6.4251699e+01   5.5990216e+01  -4.6183017e+01  -1.9301186e+01   8.5759379e+01   4.2398149e+01  -1.3696058e+01   7.7587086e+01  -6.3502876e+01   6.5185864e+01  -2.6819570e+01   3.7876776e+01
  -1.0530067e+01   5.2701697e+01  -7.6501524e+01   7.0661531e+01  -1.0830776e+01  -1.4266429e+01   7.2975559e+01   5.2945461e+01  -2.2399591e+01   8.4346759e+01   7.1551471e+01   8.0571529e+01  -7.7414351e+01  -5.8600462e+01   9.3022462e+01   5.6109642e+00   4.9483450e+01  -9.4501687e+01   8.8107670e+01   9.0896234e+00   4.1785515e+01  -4.3538660e+01   1.0785769e+00   8.8292668e+01   8.9281856e+01   5.8365530e+00   9.3163122e+01  -1.8416438e+01  -5.1975477e+01   7.2946490e+01
   4.0717350e+01  -6.5662254e+00  -6.3845357e+01   1.3515616e+01  -1.5204481e+01  -1.5622254e+01   6.4966030e+01  -3.2325739e+01  -8.7576758e+01  -1.3419344e+01   8.7418645e+00  -7.7263202e+01   6.1873752e+01   8.1851538e+01  -6.6262354e+01   6.5027314e+01   2.0796081e+01   8.9029070e+01  -9.1737531e+01  -3.0227511e+01  -5.4419197e+00   3.7628518e+01  -8.2991251e+01  -5.6736040e+01  -3.8633990e+01  -4.0572806e+00  -4.7987261e+01  -7.0010192e+01  -5.9622319e+00  -2.6511010e+01
   2.0430200e+00  -8.7148943e+01   1.8837103e+01  -2.5816450e+01   3.7315010e+01  -6.6812764e+01   5.3925706e+01  -4.1730268e+01  -7.4035202e+01  -4.2907570e+01   3.5169345e+01  -1.4018291e+01   3.1816764e+01  -2.8895235e+01  -1.1861039e+01  -2.8160972e+01  -4.0775490e+01   1.5232739e+01  -8.4871995e+01  -3.1957810e+00  -9.4893706e+01   6.9695807e+01  -1.8602287e+01   7.4239852e+01   1.4589490e+01  -7.1897113e+01   3.2421692e+01   9.5350567e+01  -5.5306887e+01   5.4214585e+01
   4.4023292e+01   1.0526661e+01   7.0223477e+00   4.3023747e+01   4.2415043e+01   8.4686409e+01  -7.1114786e+00  -3.3523328e+01   3.5704802e+01  -9.3457144e+01   7.2714740e+01  -7.4802724e+00  -4.1312040e+01  -6.6498743e+01  -8.5629955e+01   5.8702552e+01   7.5736580e+01   9.7900053e+01  -4.8848288e+01  -7.8765578e+01   6.5809473e+00  -4.5895183e+01  -4.4742542e+01   8.6288048e+01   7.8579351e+01  -9.0217684e+01  -4.6553115e+01   7.4119433e+01  -9.4380251e+01   2.1058451e+01
   9.6088566e+01  -7.3658267e+01   1.0471845e+01  -5.0326991e+01  -9.7510734e+01   2.5659742e+01   2.2472141e+01  -7.6888668e-01   4.7712754e+01   4.9275161e+01   2.7197648e+01   5.4963233e+01   9.6152507e+01   6.8565678e+01  -7.0727478e+01   8.9821923e+01   6.4416313e+01  -2.1459055e+01  -5.9864755e+01   7.2585936e+01  -6.0784257e+01   3.9869572e+01   6.8076809e+01  -2.2560384e+01   6.5583631e+01   3.5047784e+01  -4.4692774e+01  -3.4426758e+01   8.8845005e+01  -3.5938469e+00
  -9.3634270e+01   6.6989423e+01  -5.0782534e+01  -9.6679552e+01  -2.5043541e+01   8.5207985e+01  -5.9029684e+01   8.4947602e+01   5.3535936e+01   7.1382331e+01  -6.8728092e+01  -4.9980501e+01  -6.5386972e+01   7.0868986e+01   7.8160276e+01   4.6269988e+01   9.0367423e+01   2.1478559e+01  -3.0796102e+01  -9.9410648e+01  -7.9410433e+01   9.8813026e+01   8.3526667e+01   6.4197231e+01   9.5498035e+01  -5.1675159e+01  -4.3598324e+01   8.4055314e+01   8.3648901e+00  -3.5095919e+01
  -4.9462691e+01   4.3512576e+01  -2.4702482e+01   1.7283659e+01   5.2231493e+01  -3.3077360e+01  -3.8999834e+01  -9.8731854e+01  -7.5615767e+01  -4.7464427e+01   4.3581139e+01  -3.8847857e-01   9.6731645e+01  -9.5260752e+01   6.0095174e+01  -7.9769037e+01   1.5449148e+01  -1.1872907e+00   4.3725088e+01  -4.4302016e+01  -6.3251254e+01   6.0007379e+01   6.0807679e+01  -8.2891137e+01   9.4902634e+01  -2.6411415e+01   5.8210620e+01   8.8813575e+01  -4.2331644e+01   7.6734374e+01
  -9.5905748e+01  -2.0652797e+01   4.3501613e+00  -5.6755503e+01   4.6861152e+01   8.6495819e+01  -3.3661030e+01  -2.1004814e+01  -9.6542506e+01   5.4266037e+01  -1.0038010e+01  -6.4552506e+01   5.9792467e+01   9.2037552e+01  -3.8326715e+01   5.2769705e+01  -6.2441387e+01   2.7714381e+01   3.5186545e+01   2.6982985e+01   7.3339953e+01   8.8407320e+01   4.9866268e+01   1.5728276e+01  -4.0065601e+01  -3.8204818e+01  -4.9355331e+01   9.9368659e+01   3.7765663e+01  -7.7442772e+01
   3.9526684e+01  -6.7013777e+01   7.5311997e+01  -3.5497180e+01   1.7997445e+01   2.9873072e+01  -2.7967528e+01  -9.6622491e+01  -4.7262376e+01   5.0943640e+01  -7.3518517e+01   1.7202582e-01  -5.8716384e+01   1.9219985e+01  -7.7087001e+01   4.0302443e+01   8.2494595e+01   3.7614824e+01  -2.0639835e+01  -8.8968008e+01   2.3924471e+01  -5.1514450e+01   1.2908766e+01  -2.7929595e+01   9.5234886e+01  -6.2448049e+01   7.1692994e+01   6.8881625e+01  -2.6032240e+01   2.0727398e+01
   3.2725771e+01   8.2107953e+01  -9.3282440e+01   3.9113576e+00   1.2149476e+01  -8.0390240e+01  -6.4644782e+01  -7.9595109e+01  -5.5430079e+01   3.8098915e+01  -1.0323521e+01   4.2887009e+01  -2.3338734e+01   1.2514214e+01  -2.6682956e+01  -4.4787287e+01   5.8200259e+01  -4.7182991e-02   3.4659910e+01  -6.6994312e+01   4.1691848e+01   4.3567912e+01  -7.4808494e+01   8.1044756e+01   5.5290906e+01  -4.7468147e+01   5.8873457e+01  -4.3086293e+01  -5.7721779e+01  -2.5939955e+01
  -7.8581108e+01  -3.8798655e+01   8.6421826e+01   2.3431259e+01  -7.5906953e+01  -1.3565941e-01  -8.7460391e+01  -8.7530703e+01  -9.0133876e+01   8.7936295e+01  -2.0032589e+01  -8.0390107e+01   2.4219777e+01   9.5612629e+01  -1.7661254e+01   4.3231206e+01   4.1689475e+01   5.3501312e+01  -2.0550522e+01   7.5091507e+01  -3.8984466e+01  -3.4673591e+01   5.4543594e+01  -2.3146870e+01  -1.9021503e+01  -6.8127024e+00   6.3971018e+01   6.0540285e+00  -2.0259898e+01   7.9363997e+01
   9.4104086e+01   9.9948871e+01  -8.9623750e+01  -6.9418767e+01   7.2863031e+01  -3.8167796e+01  -4.2749191e+01  -9.7816246e+01   4.6928514e+01   3.0071859e+01   7.7404416e+00  -1.0362183e+01   1.9116115e+01   6.3387002e+00   8.8283855e+01   1.5557917e+00   9.9010264e+01   5.1121697e+01  -6.6092334e+01  -7.5739669e+01  -1.7330766e+01  -1.1201320e+01  -1.5929235e+01   4.2911776e+01  -5.5045486e+01  -3.7486547e+00   6.6699771e+01  -1.1887130e+01  -7.4121376e+01   2.6038908e+01
   7.4773797e+01  -6.8614085e+00  -9.5185119e+01   3.5303750e+01  -4.0951428e+01   4.2423444e+01  -1.0677758e+01   7.1641100e+01  -3.5684858e+01   7.1870150e+01  -2.9526535e+01  -4.5224442e+01  -9.7422279e+01  -4.2841718e+01  -8.3323508e+01   8.7728213e+01  -4.7800750e+01  -3.9325559e+01   8.5659965e+01  -8.7454858e+01   6.0925355e+01  -5.6837025e+00   1.1059741e+01   9.4310328e+01   1.0873846e+01  -9.8450838e+01  -5.1733923e+01   4.8512741e+01  -8.3387359e+01  -2.9738981e+01
   3.4946170e+01   2.9383215e+01   3.3959034e+01  -9.3868793e+01  -1.6719026e+00  -6.8842303e+01  -7.4957997e+01   3.1760288e+01   3.8654875e+00   7.5069552e+01   8.1204007e+01  -6.0540209e+00  -5.6289371e+01  -1.8896719e+01  -1.0533173e+01  -7.1932055e+01  -1.7440366e+01   1.9132916e+01   8.4008604e+01   5.3296561e+01  -3.6637858e-01  -5.1938382e+01   4.6871747e+01  -8.4888667e+01  -1.9342404e+01  -1.0188170e+01   6.5685399e+01  -7.4557233e+01   7.5008314e+01   7.6975724e+01
   5.0173529e+01  -7.3165016e+01  -7.7151063e+01  -9.9817129e+01  -5.5910061e+01  -5.1750947e+01   1.1844850e+01  -2.8628635e+01   2.7017641e+01  -9.9523872e+01  -1.5440425e+01  -5.8812859e+01   5.8036458e+01   6.4797001e+01   7.6494544e+00  -6.1518593e+01   8.6071673e+01   8.2018624e+01  -3.7446919e+01   3.4421524e+00   1.2171385e+01   7.2125227e+00  -9.4224352e+01  -6.4688251e+01  -4.1764773e+01  -1.8637873e+01   4.0767943e+01  -3.6394379e+01  -4.3702464e+01   4.2591786e+01
  -6.6653198e+00  -2.8210521e+01  -2.9954574e+01  -9.9694415e+01   2.7091338e+01   2.4961132e+01  -1.6613621e+01   8.8861375e+01   7.9677085e+01   5.1442734e+01  -3.4072571e+01  -6.9382999e+01  -2.3550428e+01   6.6467925e+01  -4.3057916e+01   6.4544614e+01   5.8813552e+01  -9.7479652e+01   5.7062263e+01   3.5559363e+01   2.6587874e+01  -1.8498371e+01  -8.0261736e+01  -5.7851796e+01   7.1705339e+01   4.0265790e+01   2.4121721e+01  -9.3199565e+01  -1.5317122e+01   9.7989590e+01
   9.4876804e+01  -8.8683531e-01  -9.7418749e+01   4.1719431e+01  -7.5877959e+01  -2.2420239e+01  -9.5759992e+01  -6.5032110e+01  -4.5764494e+01   1.1879610e+01   8.3057909e+01  -4.3593885e+01  -4.9734485e+00  -1.5669437e+01  -9.9871151e+01  -7.9147542e+01  -6.7312449e+01   6.7900552e+01   9.1382793e+01  -5.6519985e+01  -6.0588621e+01   3.1856822e+01   1.7406509e+01   1.5753453e+01  -1.9161092e+01   1.1610697e+00  -4.9758592e+01  -7.3709461e+01   3.9594696e+01   7.5366277e+01
   3.5223392e+01  -8.7600477e+01   2.6024758e+01   3.4725099e+01   8.6508013e+01  -5.5992833e+01   8.2621511e+01  -2.7326268e+01  -9.2805321e+01   8.0262777e+01  -1.0588001e+01   7.1353365e+01   5.0700072e+01   5.9012437e+01   8.0953343e+01  -5.2236780e+01   1.4270404e+01   2.8940170e+01   8.1872738e+01  -3.9342769e+01  -4.0964629e+01   1.1796356e+01  -1.1541904e+01   2.2607981e+01  -1.5980046e+01  -5.5197491e+01  -9.5475881e+01  -4.2515934e+01   1.3203300e+01  -5.7148611e+01
   1.1070110e+01   5.1240488e+01  -4.7861668e+01  -8.7046584e+01   9.5518657e+01  -1.4429543e+00   2.2548345e+01   9.7853970e+01  -7.0573015e+01   7.0202286e+01   3.5191385e+01  -1.9262131e+01  -7.3378743e+00  -6.0410715e+01  -4.3305955e+00   4.7169451e+01  -1.1658462e+01  -8.9398860e+01   2.9740914e+01   2.0550330e+01   1.5066175e+01  -6.0553672e+01  -2.3318823e+00  -3.6837096e+00  -9.4115475e+01   4.7621995e+01  -8.5131551e+01   1.0568809e+01   2.9180730e+01   9.7207882e+01
   8.6455041e+01   6.1023443e+01  -7.2123465e+01   7.9833803e+01   7.3756640e+01  -7.5410490e+01  -4.5318130e+00  -8.9181824e+01   1.9477438e+01  -2.7845779e+01  -6.0114217e+00   8.2600889e+01  -2.1962318e+01  -1.9124032e+01  -8.5182980e+01   6.3232994e+00  -8.4899784e+01  -8.3520694e+00  -9.2144840e+01   4.7025857e+01   2.2978918e+01  -4.5682210e+01   9.2634128e+01  -4.3701926e+01  -4.1505371e+01   6.2574821e+01  -3.5771028e+01   3.9981554e+01  -2.8743804e+01  -4.1428963e+01
  -2.8137217e+01   8.5132009e+00  -4.3444399e+01  -9.1762708e+01   9.3085119e+01   7.6123628e+01  -7.9580613e+01  -1.7200896e+01   7.9945853e+01   6.9898681e+01  -7.0298473e+01  -3.0540642e+01   6.0886344e+00   8.0322385e+00   6.7125862e+00  -9.7458333e+01  -9.3455475e+01  -8.6862922e+01   6.7987459e+01   3.8870024e+01  -2.7807567e+01  -8.1037588e+01   2.7868797e+01   4.7020700e+01   3.4517517e-02  -4.0527790e+01   7.9656698e+01   8.5975440e+01  -7.9808239e+01   5.8907370e+01
   4.9427791e+01   9.3664789e+01   8.4897317e+01   5.4062217e+01  -7.0854490e+01  -7.2327728e+01  -7.4458879e+01  -5.5323840e+01  -2.1451868e+01   9.1150179e+01  -1.6498372e+01   1.1798035e+01   4.3158823e+00   4.4002581e+01   5.4115090e+01  -6.4536560e+01   1.4599017e+01   2.3123291e+00  -8.9186130e+01   3.8995296e+01  -1.5844247e+01  -3.7179722e+01   9.4522925e+01  -6.7691131e+01  -8.7576310e+01   7.4736318e+00   3.3484270e+01   5.7165850e+00   4.9510191e+01  -9.2022162e+01
  -8.8086341e+01  -4.4194205e+01  -8.3227999e+01  -8.4422954e+01   6.3162517e+01   5.7172308e+01  -9.0011017e+01   3.6008447e+01  -7.0456575e+01   5.5846284e+01   9.2294919e+01  -2.6276672e+01   3.4791414e+01   3.2548974e+01  -2.9359465e+01  -9.3063942e+01   4.9105783e+01   5.2488062e+01   8.9762753e+01   9.0705926e+01   7.9811593e+01   9.1248446e+01   8.0228174e+01  -2.8508717e+01  -5.5686428e+00  -6.2208659e+01  -7.1569922e+01   3.4537734e+01  -1.4599070e+01   9.5129312e+01
   1.3693289e+01   2.3052784e+01   5.6960465e+01   9.1945412e+01  -4.1018022e+01  -1.5780218e+01  -2.0950485e+01  -4.4865294e+01   3.8329130e+01  -5.6797965e+01   9.2530568e+01  -4.6555006e+01   8.3933512e+01  -9.6097417e+01  -6.6343366e+01   4.3005408e+01   1.0952437e+01  -2.8433361e+01   6.9795534e+01   1.2435731e+01  -4.4277109e+01   8.9978970e+01  -6.3415796e+00  -6.7162305e+01   5.5944325e+01   6.9346635e+01   2.0009617e+01  -1.9840769e+01   9.8833646e+01  -4.3405883e+01
   2.2493500e+01  -5.6464538e+01  -8.0583529e+01  -2.9198911e+01   1.4980042e+00  -1.0977829e+00  -1.8372375e+01   4.7857729e+01  -7.2413752e+01   8.5161361e+01   1.5231248e+01  -5.8284532e+01   7.6836372e+01  -3.5405925e+01   4.6661188e+01   1.1540287e+01  -3.7709642e+01  -9.4512762e+01   4.3246656e+01   3.5449872e+01   5.8068848e+01   9.2305493e+01  -7.1280461e+01   4.7437580e+01   4.5312650e+01   1.9192951e+01  -1.6965170e+01   9.3249793e+01  -8.0683394e+01   8.6787761e+01
  -6.7722218e+01   8.3488451e+01   2.8860168e+01  -2.8680945e+01  -7.3071003e+01  -4.8407848e+01   9.4251878e+01   1.2242912e+01  -7.4815205e+01  -8.5619009e+01   9.2095513e+01  -5.9147337e+01  -3.9751364e+01  -2.1075348e+01   5.6590784e+01   1.0217199e+01   5.6182001e+01   1.1346756e+01  -9.2670142e+01   9.2197452e+01   8.0436760e+01  -2.9646185e-01  -8.4733828e+01   4.1490232e+01  -3.8422320e+00  -2.6439646e+01   1.1772663e+01   1.5527476e+01   2.5061333e+01   4.2781379e+01
   6.2701321e+01  -3.1728951e+01  -9.3743438e+01  -3.4431498e+01  -7.2972267e+01   1.7217244e+01  -9.6334051e+00   5.7883372e+01  -1.8697750e+00  -1.3428722e+01  -2.2628171e+01  -1.4706899e+01   6.4442028e+00   9.3281575e+01   1.8132807e+01  -1.0903951e+01   4.3533750e+01  -5.0240384e+01   1.3119958e+01   8.1141367e+01   2.0600745e+01  -9.0111548e+01  -9.6085041e+01   6.9025557e+01  -9.9213413e+01   6.0063101e+00   8.8836264e+01   6.3714475e+01  -6.4174807e+01  -7.9243993e+01
  -2.8292637e+01  -3.8469285e+01   4.9643539e+01   6.3498200e+01  -3.2628712e+01  -2.0725529e+01   4.6507680e+01   6.5721903e+01  -5.6396877e+01  -6.6366859e+01  -2.1052338e+01   8.9649045e+01   1.7014321e+01   8.5371117e+01   2.2220432e+01  -9.9734780e+01   4.4336458e+01   2.2434342e+01   9.7039073e+01   4.4595532e+01  -1.3949995e+01  -6.0304478e+01  -3.1783995e+01  -9.7285316e+01  -9.5478441e+01   5.5576588e+01   1.3516695e+01   1.4118753e+01  -1.1991550e+01   5.1631366e+01
   1.8074857e+01  -6.4988332e+01  -9.6439447e+01   6.7406022e+01   4.5089623e+01   5.7355042e+01   5.1011658e+01  -6.2096844e+01  -8.5995791e+01   3.2328183e+01   2.7870054e+01   6.0380319e+01   2.2587116e+01  -2.2210114e+01  -1.5144080e+01   5.9642198e+00  -5.1514284e+01  -2.6232913e+01   3.2685015e+01   8.4025954e+01  -8.7109821e+01   9.6654699e+01  -6.6265262e+01  -2.8980541e+01  -7.6184432e+01  -9.1758406e+01   8.2888622e+01  -6.7280062e+01   5.9477594e+01  -4.9204979e+01
  -7.3830939e+01   5.6966522e+01  -5.7269340e+01   6.3072865e+01  -9.5746805e+01  -5.4732279e+01  -1.0443480e+01  -1.2103183e+01   3.7593152e+01  -3.0742061e+01   9.9354038e+01  -5.0722015e+01  -5.8327463e+01   3.1603825e+01   9.7698787e+01  -5.7843808e+01  -1.0876192e+01  -8.7010415e+01   3.6957055e+01  -6.0148861e+01  -1.1312075e+01  -2.8726912e+00  -4.5847502e+01   7.5508901e+01  -9.7929628e+01   6.3443427e+01  -1.3789624e+01   4.0234657e+01  -3.3577150e+01   9.4185139e+01
   3.0851171e+01  -5.4353283e+01  -8.3053739e+01  -9.2254359e+01  -7.4796216e+01  -9.5809516e+01   7.7932168e+01  -7.1141357e+01  -6.4573506e+01   8.6712502e+01   8.5550034e+01  -7.7252168e+01   6.3796765e+00   3.9020597e+00   9.1729580e+01  -2.2184110e+01   8.8219407e+01   6.1210435e+01  -6.1166519e+01   8.0347417e+01   1.0940908e+00   8.1689323e+01   7.3039361e+01   6.0580777e+01   8.3082365e+01   3.5575941e+01  -8.5235291e+01   7.0853446e+01   4.3248576e+01   7.2873724e+01
  -7.2185337e+01   2.1362315e+01   5.4510468e+01  -5.3697650e+01   8.9009166e+01   3.7759137e+01   4.8696828e+01   8.7737743e+01   8.5217552e+01  -5.2590095e+01  -9.6425370e+01   8.7592765e+01   9.8248489e+01   9.2459681e+01   8.9814464e+00   7.5788776e+01   2.4535685e+01  -7.7570644e+01  -5.0460067e+01  -6.0355139e+01  -6.6189641e+01   5.3055559e+01  -8.5301065e+00   4.6338279e+00   1.3581266e+01   3.1184108e+01  -7.0827693e+01   5.1154850e+01  -2.1612860e+01   9.0108236e+00
  -9.7941125e+01   9.6854583e+01   1.6050121e+01   9.6599023e+01   4.6925995e+01   4.7499582e+01   3.8730692e+01   3.4055510e+01  -2.8284568e+01  -9.2423758e+01   3.7654584e+01   2.0788170e+00  -8.1288837e+01   3.1237190e+01  -4.5155648e+01   6.3207525e+01  -2.3778299e-01  -1.7284748e+01  -8.4377087e+01  -6.9325434e+01   5.5621744e+01  -8.5766953e+01   2.3838380e+01   5.6741883e+01  -3.2843546e+01  -1.3567026e+01   9.7770242e+01   2.5752226e+01   4.0044254e+00   7.1070295e+01
  -4.0580628e+01   3.2583762e+01  -4.2344705e+01  -1.5082763e+01  -4.1358128e+01  -8.2761535e+01  -2.8167299e+01   1.4193532e+01  -6.2945117e+01   4.0908850e+01  -7.8119237e+01  -2.6007346e+01   9.0578091e+01  -4.7763776e+00   4.2141349e+01  -1.5100257e+01  -8.0453107e+01  -6.4415614e+01  -6.8626671e+01   8.9774899e+01   5.7591571e+00  -6.7201123e+01   3.1763297e+01   4.6165214e+01  -7.6316271e+01   9.5332426e+01   7.9489261e+01  -8.8824571e+01  -4.4396986e+01   7.1711787e+01
   8.0862760e+00  -2.6859095e+01   5.3459463e+01   8.5225769e+01   9.1579332e+01  -2.0488699e+01   5.7711312e+01  -4.8939694e+01  -2.2681307e+01  -2.5656726e+01  -8.3251265e+01  -9.0674350e+01  -4.5554078e+01  -1.5375126e+01  -4.8157482e+01   9.3525139e+01  -5.0205504e+01   3.8993730e+01  -1.5552779e+01   6.0243052e+01   8.8100523e+01  -6.5014771e+01   6.2353897e+01  -7.1203249e+01  -4.1927752e+01   2.5258221e+01  -2.5130430e+01   8.0857266e+01   1.1839754e+01  -1.2828313e+01
   6.9872015e+01   8.5963403e+01   7.9492337e+01   4.5836998e+01  -8.8517471e+01   7.8991245e+01  -8.8571302e+01   5.4691173e+01  -1.3948141e+01  -3.7492459e+01  -1.4317461e+01   5.1078883e+01   8.8281759e+01   7.6340565e+01   7.2720762e+01  -6.7610169e+01  -5.2580323e+01   8.6257186e+01   6.9652049e+01  -3.9606772e+01  -6.0533842e+01  -9.1192665e+01   5.0625437e+01   4.8074186e+01  -8.8532272e+01  -9.4538512e+01   6.9387355e+01   9.0345989e+01  -4.0609523e+01  -5.3596427e+01
  -7.1052456e+01  -7.0375756e+01   7.4058499e+01  -9.5122124e+01   4.4362692e+01  -7.1426325e+01   9.4853003e+01   1.8526964e+01   1.6042472e+01   9.6479973e+01   5.2586321e+01  -9.0293187e+00   2.5197318e+01  -9.9728437e+01   9.7883047e+01  -6.5782005e+01  -1.6982119e+01  -9.1569901e+01   4.3535615e+01  -9.6180987e+01  -9.9225465e+01   6.5044940e+01  -1.0146081e+01   1.6698558e+01  -4.1467483e+01   9.6372907e+01   4.3358801e+01  -8.6968105e+01  -2.3730095e+01  -4.9926896e+01
   6.9993568e+01  -4.0777600e+01   3.0071889e+01  -9.1387790e+01   6.2477805e+01  -5.9071901e+00   8.1393806e+01  -5.2598012e+01  -8.0836360e+01  -5.2253505e+01  -3.1814883e+01   2.4961414e+00  -3.4826941e+01   2.7966982e+01   3.9145776e+01   5.3405588e+01   8.1219872e+01  -4.8810490e+01   4.3994467e+01   8.3911300e+00  -6.2784708e+01   6.3540442e+01   7.5241339e+01  -5.6286170e+01  -5.1666314e+01   5.6404544e+00  -7.4792051e+01   5.6708146e+01   9.7029929e+00   4.1857862e+01
   6.3736696e+01   2.4176306e+01   5.5010094e+01  -6.1292374e+01  -4.0754594e+01  -9.0990168e+01  -7.8928730e+01  -2.4181008e+01   7.1572871e+01   8.1126038e+01   3.3182998e+01   1.8351654e+01  -2.7648021e+01   5.4495250e+00   5.8793649e+01  -6.7743116e+01   8.8650435e+01   1.5332808e+01  -2.7580393e+00   3.1134741e+01  -4.3632956e+01  -6.6215198e+00  -6.9268845e+01   8.1762244e+01  -1.9646982e+01  -3.2230037e+01   1.1944074e+01  -2.9615635e+01   2.6870594e+01   3.1310768e+01
  -8.7118622e+01  -4.0181200e+01  -2.7802425e+01  -3.7022905e+01   2.5524785e+01  -8.6895850e+01   3.8090759e+01   2.3308892e+01  -6.5260119e+01   3.1022244e+01   4.0321291e+01  -1.6948864e+01   2.6124734e+01   4.4806792e+01  -4.9357930e+01  -7.7199166e+01  -7.4244201e+01   8.1683695e+01  -2.8355958e+01  -7.5137450e+00   2.0513265e+01   2.1386400e+01  -4.8351111e+01  -3.8419221e+01  -1.1673140e+01  -6.3072632e+01   7.1115084e+01   2.0398734e+01   6.0496361e+01  -3.9157772e+01
   4.6342725e+00  -1.2085241e+01  -2.5722188e+01   7.3827982e+01   1.8984474e+01  -6.3160458e+01   1.7746890e+01  -4.5791922e+01  -6.2905692e+01  -6.6025082e+01   7.5613034e+01   6.7700440e+01   3.2983274e+01  -5.4986679e+01   1.7733835e+01   9.1684067e+00  -3.8235228e+01   3.6122936e+01  -9.9383719e+01  -9.2176359e+01   4.3635247e+01   6.4103927e+01   1.3031638e+01  -7.8661244e+00   6.7684533e+01  -1.1440775e+01  -1.2683461e+00   7.2655775e+01  -8.7456294e+01  -6.5920401e+01
  -7.4545592e+01  -6.9136951e+01   5.5294213e+01  -7.4729005e+01  -5.4448239e+01  -6.4567876e+01   8.1303499e+01   2.3582527e+00  -2.4046073e-01   5.0947981e+01   5.1710316e+00  -3.3548861e+01   5.0018295e+01   8.7741385e+01   8.5224322e+01  -7.2601001e+01  -5.6308089e+01  -8.3658962e+00  -9.1252703e+01   4.9303667e+01  -8.4392720e+01   1.3391862e+01  -1.8395040e+01  -6.4934094e+01  -7.5626392e+01   1.2646650e+01   3.4230461e+01   2.8404617e+01   5.7211846e+01   7.8228729e+01
   6.7815429e+01   4.1554589e+00   7.8672389e+01  -5.2828916e+01   6.9487929e+01   2.6086114e+01  -1.4871526e+01   6.9847888e+01  -4.4714199e+01  -6.3232588e+01  -6.4373524e+01   9.8605991e+01   6.0841005e+01   4.8763019e+01   1.0401459e+01  -8.6761951e+01   3.8523298e+01   6.5469126e+01   9.0695404e+01  -4.2539459e+01  -6.9333472e+01  -7.2947478e+01  -2.5368728e+01  -6.7867601e+01   6.4169661e+01   3.8069039e+00   4.9244498e+01  -7.3439645e+01  -6.0574736e+01   8.9991985e+01
  -2.7956144e+01   5.3352260e+01  -3.1693881e+01   6.6131934e+01   5.0685778e+01   4.7664152e+01   1.8044918e+01  -8.7156015e+00   6.8064184e+01  -4.0391972e+01   3.3083964e+01  -5.0819205e+01  -2.2312639e+01   2.9916630e+01   7.7723609e+01  -4.0012721e+01  -4.3609054e+01   1.6152124e+01  -2.8483057e+01   9.1436902e+01   2.0321346e+01   9.4347658e+01   9.7753166e+01  -3.4763901e+00  -8.9114593e+01   9.9136829e+00  -8.0914164e+01   7.3608359e+01   5.8158621e+00  -1.4104883e+01
   9.6403474e+01  -1.1302025e+01   3.0851410e+01  -9.5365654e+01   4.7610584e+01  -2.5603991e+01   7.7802330e+00   1.8747673e+01   1.0022035e+01   8.7255101e+01  -5.4157376e+01   6.1186983e+01  -1.9753649e+01   3.6805070e+01  -8.3355902e+01   4.1239543e+01   8.7473688e+01   6.9296224e+01  -9.7619970e+01   9.8879477e+01   3.8811892e+01   6.1827139e+01   5.9085576e+01   5.1759032e+01  -3.2216100e+01  -7.0385250e+01   9.1159434e+01   2.8761781e+01  -3.0858596e+01   4.5239469e+01
   6.4500738e+00  -2.1610496e+01  -6.3257899e+01   8.7019941e+01   2.7996779e+01   8.8039590e+00   7.0914331e+01   6.8469685e+01  -6.0137677e+01   9.5701595e+00  -1.3171030e+01   8.4272320e+01  -1.2901009e+01   2.4844453e+01  -4.5532032e+01   9.9620399e+01   5.4392447e+01  -9.5120323e+01  -2.2955815e+01  -3.4529605e+01   9.2214782e+01  -9.1184554e+01  -6.5325332e+01   8.5124502e+01   1.0502154e+01   7.7750471e+01   4.9086269e+01   2.8562500e+01  -3.0917680e+01   5.4294601e+01
  -2.9280156e+01   4.6785774e+01  -8.5442124e+01  -6.3862226e+01  -3.1464022e+01   4.2275924e+01   3.7127199e+01  -5.1644770e+01   2.7452033e+01   7.0165885e+01   1.3396578e+00  -3.2900302e+01  -4.6340019e+01   1.5247779e+01  -9.2305458e+01   5.8747676e+01   9.5347755e+01  -7.1429685e+01   3.5167112e+01   7.7581345e+01   4.8374125e+01  -9.4416037e+01  -8.0855420e+01   1.9393764e+01  -2.0027198e+01  -1.2693242e+01  -5.0673555e+01   3.1025706e-01  -1.9077704e-01  -7.8848095e+01
   3.2173758e+01   4.8901740e+01  -6.4320501e+01  -8.8051103e+01   4.3029721e+00   4.3756643e+01   7.4669151e+01   8.4856379e+01   4.2229193e+01  -4.8794592e+00   7.8191261e+01  -8.3056694e+01   8.4002200e+01   9.2071790e+01  -9.7948038e+01  -7.6284991e+01  -8.7233813e+01   5.9785753e+01   6.9782454e+01   3.7112010e+01   1.1790170e+01   7.5313248e+01  -2.2022212e+01   7.8021301e+01  -5.9770707e+01  -1.7292688e+01   3.2634716e+01  -4.9794696e+01  -3.8030714e+01   3.6078598e+01
   8.9390849e+01   9.3069238e+01  -6.1996339e+01   1.8435741e+01   3.8747212e+01  -5.1214798e+01   2.4820805e+01   8.1726371e+01   5.5839979e+01  -1.6111641e+01   5.6590603e+01   2.9592972e+01   7.3915739e+00   5.4121601e+01  -3.1866420e+01  -5.9792862e+01  -8.2389380e+01  -7.3096486e+01  -6.9028256e+01  -4.6319956e+01   4.2258640e+01  -7.2651430e+01   5.8351966e+01   6.1258535e+01  -2.0033195e+01  -8.1215047e+01   6.0587662e+01  -2.6031163e+00  -2.7375796e+01  -9.7110429e+01
  -5.4977392e+01   3.5530893e+01   3.1264608e+01  -5.1157517e+01   3.3000746e+01   9.6531840e+01   1.1975401e+01  -3.0433066e+00  -1.0050738e+00   6.0905794e+01   8.9829603e+01   4.2043935e+01   3.4042239e+01   3.8483090e+01  -1.3135806e+01  -8.4780758e+01   2.5508730e+01   8.6456225e+01   5.9274607e+01   5.8119452e+01   8.0382208e+01  -7.1857641e+01   9.2174893e+01   5.5137860e+01   4.1983033e+01  -7.5567271e+01  -7.4294475e+00   7.2586046e+01   6.8237778e+01  -6.9934691e+01
   4.3800522e+01   4.9574943e+01   7.5245499e+01  -7.3166749e+01   2.5505988e+01  -4.2507574e+01  -9.3119713e+01  -8.5701708e+01   9.9270206e+01   1.9087440e+01  -1.7233532e+01   5.3627517e+01  -4.0927096e+01  -1.3747187e+01   5.2099465e+01  -3.6098571e+01   2.1042085e+01   3.8077093e+01   9.8631003e+00  -7.0893352e+01  -6.1211530e+01  -2.5055277e+01  -2.8032868e+01  -2.3191074e+01   4.8964646e-02  -3.2838099e+00   2.2895999e+01   4.9180049e+01   4.8150474e+01  -8.5411451e+01
   8.2700525e+00   4.8914841e+01   6.9913010e+00  -6.8223788e+01  -5.6272668e+01  -1.9493669e+01   5.5107288e+01   8.5386129e+01   8.8756053e+01  -3.3362911e+00   3.8756256e+01  -4.0177249e+00  -8.3760975e+01   6.2745283e+01   3.3830273e+01  -2.4928179e-01   4.6897254e+01  -7.0791448e+01  -3.2373471e+01   8.4703209e+01   8.4014539e+01   6.8083656e+01  -6.6727066e+01   5.6731260e+01  -5.0863415e+01   9.2777994e+01   7.3650511e+01   9.1929875e+01  -3.7239314e+01  -1.5632462e+01
  -7.6713622e+01   1.1392486e+01  -7.3662894e+01  -4.7423258e+01  -2.9661955e+00   9.8637257e+01   1.2626376e+01  -5.2855889e+01  -7.2920594e+00   9.8381496e+00   9.3233892e+01   2.1911016e+01   9.7301446e+01   9.5866560e+01   1.5569607e+01   2.4284164e+01   7.0120324e+01  -3.3051516e+00   7.4039403e+01   8.3651711e+01   7.1217180e+01   7.6388712e+01   9.8475121e+01   8.0169277e+01   7.4404506e+01  -6.1196154e+01   6.2926619e+01   1.3092406e+00  -9.8360200e+01  -7.4219748e+01
  -9.7888589e+00   7.4628292e+01   7.4102659e+01   7.7005526e+01   8.8613332e+01  -2.3541487e+01  -8.7076170e+01   7.0024834e+01   7.7625415e+01  -6.8078266e+01  -2.1723809e+01  -6.3264795e+01  -4.3807965e+01  -5.6275143e+01  -4.4880476e+01  -5.4645943e+01   9.4218988e+00   1.6860038e+01   8.4742667e+01   5.7910458e+01  -6.5015289e+01  -3.4347214e+01  -6.8706015e+01   2.0372641e+01   5.9509709e+01  -6.9515950e+01  -8.5526488e+01   9.1715000e+01   2.3229925e+01  -9.5963421e+01
   3.5981911e+01  -2.4247067e+01   8.7783764e+00  -7.3160708e+01   9.9833962e+01   6.9412251e+01  -2.4927878e+01   3.9787392e+01   4.3183239e+01  -4.3870895e+01   9.5918223e+01   4.1673952e+01  -4.6478821e+01   2.9344542e+01   4.7423273e+01   2.2163132e+00   3.8620560e+01   2.2738070e+01   5.2547562e+01   4.8284609e+00  -6.6194643e+01   8.2031796e+01  -4.5443244e+01   6.1105649e+01   4.5636859e+01   7.4875771e+01   7.9611641e+00  -7.5623214e+01   6.2742882e+01   4.6364761e+01
   3.2779985e+00   7.7467886e+01  -1.4696200e+01  -1.4352149e+01   1.4645341e+01   1.1982600e+01  -4.4076020e+01  -7.1625626e+01  -4.6299948e+01   4.3042728e+01   4.1398968e+01   6.3533181e+01  -9.9084340e+01  -8.9414103e+01   7.1307258e+00  -1.7227566e+01  -5.4309027e+01   9.6829061e+01   8.2704390e+01   9.7695574e+01   6.2408942e+01  -9.7044101e+01  -9.9401644e+01   6.0166714e-01   4.7326957e+01  -2.2663563e+01   9.0112629e+01   8.4876379e+01  -2.2951828e+01  -8.6176476e+01
  -6.3073761e+01  -9.8787129e+01   5.6708725e+01   2.1976894e+01   3.2225691e+01   2.3137754e+01  -6.7756225e+01   9.2964651e+01  -8.8361290e+01   5.1265225e+00  -4.9095241e+01  -4.2722103e+01   9.7828988e+01   4.4322671e+01  -3.7909240e+01  -8.8441707e+01  -9.0560653e+01   2.0067982e+01  -6.6753435e+01   9.2902703e+01  -8.3751346e+01   9.7490697e+01   2.4978955e+01  -1.7390874e+01   5.0491471e+01  -3.1628072e+01  -2.1177497e+01   8.1686991e+01  -9.1103493e+01  -9.6645036e+01
   4.9112488e+00   3.7929829e+01  -2.6315967e+00   6.4604613e+01  -5.6309647e+01  -4.6768303e+01  -5.3656291e+01  -7.5592732e+01  -9.4754111e+01  -5.1887356e+01  -2.2044902e+01   6.7673136e+00  -1.5402921e+00   6.5610855e+01  -6.4761761e+00  -4.8248591e+01   2.3038909e+01  -7.4478588e+01  -4.5765278e+01  -1.9537647e+01   7.6521773e+00  -1.1280185e+01   1.6280403e+01  -4.5033933e+01   5.8240961e+01   5.6303774e+01  -2.7911122e+01   5.5552557e+01   9.5675395e+01   7.6050841e+01
   3.5491512e+01  -9.8795853e+01  -1.0672258e+01  -9.0237459e+01   7.2332482e+01  -3.5891917e+01  -3.1965214e+01  -2.7509332e+01   1.7029031e+01  -3.5450473e+01  -9.2648788e+01  -3.5980140e+01  -4.2189366e+01  -4.7444703e+01  -5.2918651e+01   7.5007744e+01  -4.9229368e+01   6.5262959e+01  -7.8042576e+01   9.8691928e+01   1.4902157e+01   6.8621204e+00  -4.4593045e+01   4.2660057e+01  -5.8431839e-01   7.1119244e+01  -4.8004308e+01   4.8995345e+01  -2.6814947e+01  -3.8457424e+01
  -8.3418158e+01   1.0806103e+01  -6.7519476e+01  -9.3799802e+00   1.9100718e-01  -7.3473170e+01   3.2740779e+01  -2.8023571e+01   4.5789171e+01   7.5928352e+01  -8.6988460e+01  -7.7472036e+01  -1.5541416e+01  -2.8293647e+01   2.6552827e+01  -3.1534554e+01  -5.1764045e+01   6.5143336e+00  -8.2658049e+01  -6.6732838e+01  -9.6176095e+01  -1.3612022e+01   5.3801941e+01   7.2209939e+01   8.9921703e+01   5.5238102e+01  -3.9732849e+01  -5.1278268e+01  -5.6855101e+00  -1.1129096e+01
   1.4890115e+01  -5.2134569e+00   7.6621653e+01  -4.3453702e+00  -5.9054007e+01   2.0597246e+01   9.3710501e+01   2.4835937e+01  -5.1452379e+01   9.9598898e+01   3.2945417e+01   3.0640035e+01  -3.9296819e+01  -8.4328281e+01  -3.2852999e+01  -2.3182639e+01   4.6967631e+01   9.1349712e+01   8.7115364e+01  -5.7964718e+01  -4.3666273e+01  -4.0523447e+01   6.5314900e+01  -5.3056201e+00  -9.6787531e+01   5.0969351e+01   8.1704579e+01   4.3482611e+01   3.0260183e+01   7.2644617e+01
  -8.4751736e+01  -7.5115728e+01   5.7808163e+01  -3.0055515e+01  -5.9303422e+01  -6.7839890e+01  -7.0049378e+01   6.8938869e+01  -9.0062232e+01  -2.2889564e+01   4.8907312e+01   4.5197215e+01   4.1490222e+00  -7.9058292e+01   2.3322237e+01   5.1506831e+01   6.8760948e+01   5.0355213e+01   1.7230608e+01   7.1381785e+01   6.2597327e+01  -2.2809215e+01   5.9610505e+01   2.3647631e+01  -9.3009391e+01  -3.4665235e+01   6.1404633e+00   4.2628278e+01   5.0279723e+01  -5.3817118e+01
   6.6873698e+00   9.1440614e+01  -1.4844578e+01  -7.1963851e+01   9.8458548e+01   2.4891160e+01   6.8230965e+01   9.1566201e+01  -1.1762349e+00  -9.9457941e+01   9.5459801e+01  -2.2452658e+01   9.5805603e+01   1.4443611e+01   6.6997305e+01  -4.9196635e+01   3.7536117e+01  -6.0523819e+01  -8.0584227e+01   8.1137753e+01   7.3480377e+01   1.7271054e+01  -1.1010412e+01  -2.4070202e+01   3.7100591e+01  -9.0067130e+01  -1.2600259e+01   8.2540151e+01  -5.9418925e+01   8.3793773e+01
   5.3187725e+01  -8.2946283e+01   2.4469246e+01  -4.7545517e+01   9.8603683e+01   5.9761286e+01   4.0791125e+01  -4.9307257e+01  -5.1147157e+01  -5.2355044e+01  -1.5669352e+01  -2.1923205e+01   8.1452788e+01  -7.5255407e+01   2.7335603e+01  -4.5237539e+01   9.8217487e+01  -4.1948911e+01   9.3856873e+01   6.3932448e+01   5.0641030e+01  -3.1079787e+01  -5.0189664e+01   1.8214939e+01   1.7286492e+01   6.7946080e+01   5.1799093e+01  -1.9025629e+01  -1.8014249e+01   5.9330645e+01
  -8.7184514e+00  -4.7369551e+00   5.6801009e+01   2.7000689e+01   1.9444043e+01   8.9237456e+01   1.1209697e+01   9.1754252e+01  -3.6886439e+00   9.0183574e+01  -1.3982890e+01   5.7870590e+01  -7.1759822e+01   7.9333448e+01   3.8412221e+01   9.3575585e+01   9.4614411e+01   8.4820327e+01  -4.0569255e+01  -1.2335122e+01   8.0003970e+01   3.9310920e+01  -3.8596526e+01  -6.3356360e+01   6.5055926e+01  -4.4696787e+01  -9.6407626e+01  -6.6936551e+01   9.3324407e+01   2.0236020e+01
   1.3595015e+01   8.7645284e+01   2.2076095e+01  -3.2241494e+01   9.9748729e+01   7.2604097e+01  -9.6563809e+01  -9.7430937e+01  -7.5695423e+01  -9.3669369e+01   2.3089688e+01  -4.5836670e+01  -8.3898923e+01   1.5625246e+01   9.8842329e+01  -9.8602492e+01  -6.9732950e+01  -8.6681132e+01  -8.3003469e+01   9.7993682e+01   3.0434317e+01  -4.6770558e+01  -2.2514764e+01  -2.6924076e+01   9.8211737e+01  -9.8092883e+01  -9.6084818e+01  -6.2843483e+00   4.3933854e+01  -9.1968532e+00
   3.0973058e+01   6.1242380e+01  -4.9992908e+01  -6.7712099e+01  -1.0431439e+01  -3.6518704e+01   3.6845813e+01  -7.3957154e-01   8.5113660e+01  -6.6729395e+01  -8.6032593e+01  -1.5541585e+00   1.8235905e+01   2.6285544e+01  -7.2642647e+01  -6.8027236e+01   8.5798660e+00  -4.2238695e+01   6.5504694e+01   3.8129132e+01  -8.7559592e+00  -2.8301761e+01  -8.8881091e+01  -3.6637850e+01   5.1049312e+00  -7.9229995e+01   5.7877710e+01  -4.2938706e+01   7.4905362e+01  -9.0011361e+01
  -4.6405402e+01   3.2128715e+01  -9.4579524e+01   2.1162939e+01   9.9080163e+01   3.4737743e+01  -4.8107202e+01  -8.9632992e+01   2.0408820e+01   9.3323414e+01  -9.4121252e+01   8.3746088e+01  -7.8536864e+01   4.4694165e+01   1.6977859e+01  -9.8087697e+01   6.8549203e+01  -6.3430323e+00  -9.6431407e+01   9.2953518e+01  -8.5535230e+00  -9.2838812e+01   3.8957578e+01   8.7408627e+01   6.0920802e+01  -8.9720723e+01   6.4068979e+00   1.7526225e+01  -1.7249457e+01  -1.4189223e+01
  -8.6081841e+00  -6.2084052e+01   7.3873615e+01   8.8752714e+01   1.8802495e+01  -2.0484619e+01  -7.3998937e+01  -9.8431475e+01   5.9464019e+01   6.6342080e+01   6.2032133e+01   8.1468415e+01  -1.7201382e-01  -3.3968678e+01  -3.2840704e+01   4.5933590e+01   1.6559539e+01   2.0128705e+01  -7.7547937e+01  -7.5132230e+01   9.5577182e+01   6.7463338e+01  -3.5403506e+01   3.1368645e+01   2.1988253e+01   2.7271190e+01  -8.1186108e+01  -6.5199938e+01   7.4527569e+01  -6.0472233e+01
  -4.6675437e+01  -5.8909084e+01  -2.4823534e+01   4.7138296e+01  -1.5575931e+01  -6.7079356e+01  -6.1951000e+01  -1.1813051e+01  -2.0157112e+01   4.2003038e+01  -2.1494163e+01   4.2495995e+01   2.4446806e+01  -3.2993015e+01   9.4357605e+01   7.1159857e+01  -1.9187046e+01  -3.9340331e+01  -5.3013200e+01   1.8058082e+00  -1.4709172e+01   7.2938632e+01  -3.1510819e+01   8.1459272e+01   8.1626312e+01   7.3779718e-01  -8.8170974e-01  -3.8681017e+01  -6.7838004e+01   5.9718399e+01
   5.1228532e+01  -4.6778040e+01  -1.2590529e+01   1.7846700e+00   4.9739293e+01  -3.4209542e+01   6.5130515e+01  -1.2395016e+01  -3.8472894e+01   1.9899715e+01   2.8825141e+00  -1.1376923e+01   1.0583016e+01  -8.1904574e+01   2.2322652e+01   3.2743611e+01   8.8318485e+01   5.4626353e+01   3.1445899e+01  -9.7831077e+01   5.9389789e+01  -9.4109838e+01  -7.2098734e+01  -8.9162634e+01   4.4260769e+00   4.9137175e+01  -9.3155113e+01  -9.1236184e+01  -1.0268581e+01  -3.4965978e+01
  -7.7923631e+01  -7.2182581e+01  -4.8468551e+01  -5.3518101e+01   7.5499139e+01   5.1490737e+01  -9.5508833e+01  -7.9060932e+01   3.9540993e+01  -5.6732245e+01  -2.4930442e+01   8.8870941e+01   1.0545360e+01  -6.9055256e+01   3.6830208e+01  -2.1367470e+01   9.2072422e+01   5.8959669e+01   2.0979296e+01   8.8676722e+01   5.0688570e+01   8.1902629e+01  -2.7090563e+00   8.7294107e+01   8.8437189e+01   5.9644171e+01  -5.4059946e+01  -6.0010677e+01   1.5828281e+00  -4.5167915e+01
   2.4685859e+01  -7.1296282e+01  -8.3781819e+01   7.8639348e+01  -1.1105249e+01   6.7972416e+01  -3.3441239e+01   7.4884066e+01   5.0739076e+01   7.8139078e+00  -3.4379640e+00   6.3977826e+01   7.7651719e+01  -1.0937650e+01  -4.3258979e+01   4.6126665e+01  -4.4460984e+00  -7.3261535e+01   7.6064447e+01  -5.9689489e+01  -6.8374848e+01  -7.8126315e+01   8.4974490e+01  -4.5397880e+00  -2.6220150e+01   1.5026940e+01   8.5190906e+01   9.4224968e+01  -8.6690293e+01  -8.2254609e+01
  -7.0344669e+01   8.4005050e+01  -2.4736510e+01   7.8615373e+01  -9.6168498e+01   9.8317061e+01   5.4372329e+01  -1.2759979e+01  -4.1591915e+01  -5.6357919e+01   5.5177015e+01   1.5436968e+01   5.9892455e+01   9.5468891e+01  -6.1266292e+01  -9.1962210e+01   9.6459312e+01   7.4530001e+01   9.6222401e+01   2.7154536e+01   2.5337602e+01   1.8879831e+01   2.4965738e+01   6.5759035e+01   8.4213412e+01   1.8007392e+01  -7.7656945e+01   5.6409500e+01  -9.2585939e+01  -2.7538991e+01
   9.9035503e+01   7.9338353e+01  -8.9437174e+01  -6.9190607e+01  -1.8871998e+00   2.4970524e+01   6.0242901e+01   4.6807340e+01  -4.7042507e+01  -2.2802548e+01  -4.7248481e+01  -5.9257668e+01   9.3621983e+01   8.4733303e+01  -5.7884664e+00   8.8583316e+01  -2.2788678e+01   3.1824057e+01   9.0382494e+00  -8.0213133e+01  -4.1624431e+01   3.0738894e+01   6.4745349e+01  -9.6336849e+01   5.6075674e+01   7.5447681e+01  -8.5203311e+01   1.6771631e+01   3.4249050e-01   7.3919144e+01
  -1.3557646e+01   1.6846302e+01   3.3975086e+01   2.7920161e+01  -7.6294280e+01   9.9436692e+01   1.0419694e+01  -3.8271757e+01   2.7280117e+00   6.6790523e+01   8.1205812e+01  -9.8373287e+00   2.2496706e+01  -1.8067110e+01  -7.2221030e+01  -3.7741992e+01  -9.7267638e+01  -3.6299164e+01  -7.9611119e+01   5.5730175e+01   2.2956437e+01   5.9282286e+01   6.9340756e+01  -6.3966616e+01  -1.5576072e+01   9.4353033e+01  -3.4362126e+01   3.2756192e+01  -6.4196196e+00  -1.2791751e+00
  -6.9941854e+01  -4.3478657e+01  -5.7689995e+01  -2.6537645e+01  -6.2530749e+01  -5.5839530e+01  -1.6661988e+01  -5.4939044e+01  -6.8278471e+01   3.0521946e+01   4.7763614e+00  -7.3723529e+01   9.5312132e+01  -2.9336870e-01   8.3476597e+01  -6.1919199e+01   4.9774755e+00  -8.2207529e-02  -4.8066475e+01   7.9063541e+01  -9.8604685e+01   7.2242733e+01  -2.3612641e+01   7.1473347e+01  -9.2914728e+01  -6.1287952e+01   1.7424855e+01  -9.3256815e+01  -6.8830762e+01  -8.1673770e+01
  -6.1152530e+01  -3.3389190e+01   7.2212200e+01  -7.0690686e+01  -8.4648420e+01   2.8381258e+01  -5.6947478e+01  -5.1474274e+01  -1.3190319e+01  -5.6207122e+01   6.7974566e+01  -5.6516691e+01   9.0050656e+01   5.6342021e+01  -1.0890653e+01   5.8247655e+00   6.3922570e+01   9.9894772e+01   6.5740178e+01   2.3147299e+01   9.2931093e+01  -7.8565107e+01   3.4990468e+01   2.7398708e+00   8.1865066e+01   5.1692486e+01  -4.6653275e+01   5.3429944e+01  -7.9850034e+01   9.1056332e+01
  -2.6227462e+01   7.4892457e+01  -8.6712636e+01   4.2581174e+01  -2.2347921e+01  -5.6586138e+01   6.4813190e+01   2.3373263e+01  -4.0164079e+01   5.5409376e+01  -8.7313902e+00  -2.2256478e+01   3.6382570e+01  -4.3411922e+01   6.9477656e+01  -3.0814825e+01   3.9974300e+01   1.0238279e+01   8.5420350e+01  -2.1684537e+01   7.9986787e+01   2.2134544e+01   3.8674748e+01   4.9822205e+01  -5.9927968e+01  -7.0499021e+01   1.9799061e+01   5.2766608e+01   2.0934776e+01   9.1449044e+01
   7.2235218e+01   9.0278425e+01   4.4184122e+01   3.5154266e+01   2.9437856e+01   8.6391133e+01   2.5562981e+01   9.6374209e+01   7.3044539e+01  -6.7536757e+01  -9.0515072e+00  -9.6892974e+01  -6.5331252e+00  -3.3176692e+01   1.9313526e+00  -7.4183894e+01  -4.3041208e+01   5.4544882e+01  -8.9068014e+01  -4.7994049e+01   4.0702531e+01   1.2223342e+01  -1.1864475e+01  -7.4303279e+01   9.4117438e+01   9.5446989e+01  -2.7318437e+01   7.4649681e+01  -2.9766780e+01  -2.9832085e+01
  -6.0333690e+01   2.9464115e+00  -5.5890467e+01  -5.3124396e+01  -4.0425110e+01   1.3306060e+01  -4.6180752e+01  -5.5832015e+01  -4.4298187e+01  -5.5677495e+01  -9.8905735e+01  -3.4149470e+01   3.1149094e+01  -2.8241090e+01  -2.0149799e+01  -5.0242162e+01  -9.6199284e+01  -9.7967439e+01  -2.4786313e+01   2.3524474e+01  -8.1469433e+01   7.3986286e+01  -1.8745060e+01  -8.3365228e+01  -4.5953133e+01   8.4901599e+01  -8.3873407e+01  -8.9023859e+01  -4.3131302e+01   2.0383278e+01
  -7.4012877e+01   3.0469087e+01  -1.0435573e+01  -5.7536792e+01  -8.6260521e+01   4.9679391e+01  -2.0481144e+01   2.2865279e+00   8.2082220e+01  -8.4409201e+01  -9.4901909e+01  -3.7024457e+01  -9.6605044e+01   5.9783639e+01  -4.6477243e+01   1.7101222e-01  -6.3962774e+01   7.9401309e+01   2.0113896e+01   8.9249973e+01   4.7194729e+01   8.9627542e+01  -8.2999330e+01  -4.8284415e+01   3.8382326e+01  -6.1614094e+01   9.4684322e+01   4.4430414e+01   1.5994762e+01  -4.8755291e+01
  -6.1420634e+00  -4.6189046e+01   4.3346548e+01  -2.6175304e+01  -6.6127334e+01   8.5889976e+01   7.0563136e+01  -7.0007016e+01  -8.8318961e+01   5.0692385e+01   3.0138930e+01   9.8460362e+01   7.3524825e+01  -2.2636570e+01  -6.8956125e+01   2.6079360e+01   4.9842490e+01  -6.8488437e+01  -2.8619753e+01  -6.9994182e+01   8.0692454e+00   1.2330293e+01   4.2227251e+01  -3.6037899e+01  -6.7453162e+01   7.2088310e+01   7.2847267e+01  -7.0654979e+01  -8.9170192e+01  -2.5093236e+00
   1.0623267e+01  -9.6983766e+01   3.1774688e+01   9.0318271e+01  -4.7547494e+01  -4.7627222e+01   2.1422582e+00   7.2438524e+01   9.2028809e+01   8.1984111e+01   1.4478309e+00  -7.3541921e+01  -6.7704202e+01  -1.8792039e+01   5.2582840e+01  -4.9535840e+01  -2.3077473e+01   5.1214754e+01  -8.4265818e+01  -6.3615374e+01   7.4385780e+00  -3.7817989e+01   3.6415432e+00  -2.9336568e+01  -9.7599619e+01  -1.7008009e+01  -3.5162113e+01  -2.6393888e+01  -2.3450326e+01   3.7105979e+01
  -6.4756380e+00   9.0937626e+01  -5.2883059e+00   7.0910823e+01  -9.2896197e+01  -1.5604986e+01  -2.5881892e+01   4.2274651e+01  -7.3213500e+01  -5.9956939e+01   7.7438594e+01  -9.3457217e+01  -7.7362923e+01  -4.4743682e+01   3.1247203e+00   2.4134626e+01   5.3440919e+01   6.3011686e+01  -8.7609281e+01   9.9403774e+01   8.9744279e+01  -5.2363334e+01  -4.2826514e+01   3.4541346e+01   1.4912472e+01  -7.7615297e+01   9.6569982e+01  -8.7312827e+00  -8.0782238e+01  -1.2631101e+01
  -6.6180568e+01   3.4562024e+01   9.9216221e+01   4.1111905e+01   4.9481061e+00  -2.1980620e+01  -4.9745226e+01  -7.2382144e+01   8.3836094e+01  -6.1387431e+01   2.4468387e+01   1.7601191e+00   2.5506524e+01   1.6643666e+01   1.2500099e+01   3.7060268e+01   1.4313038e+01   4.5357829e+01  -5.0234820e+01   2.6736901e+01  -5.6270488e+01   5.2367841e+01   8.6617732e+00   9.8336641e+01  -6.0900822e+00   2.9753854e+01   4.3200179e+01  -3.1568252e+00  -7.4336448e+01   2.1366857e+01
  -2.6496351e+01  -5.3775851e+01   2.5454365e+01  -5.1374404e+01  -2.8428683e+01   3.5430171e+01  -8.5100672e+01  -9.3006366e+01   9.3799598e+01   8.3562647e+01  -6.3326883e+00  -9.9422671e+01   6.3934515e+01  -2.3773882e+01  -8.7232590e+01  -7.8857086e+01   1.5370005e+00   3.3086194e+01  -3.6834701e+01  -2.1310058e+00  -5.2708746e+01   5.0908181e+01  -6.2356754e+00  -2.8162806e+01  -5.5525413e+01  -6.7723282e+01  -7.1264963e+01   1.1636218e+01  -1.9550168e+01  -9.4682844e+01
  -4.3852657e+01  -9.5625209e+01  -1.3391563e+01   3.1021712e+01  -2.6192327e+00  -3.3790204e+01  -6.6329804e+01   5.4169240e+01  -5.1522792e+01  -8.9893261e+01  -8.6734342e+01   3.3299589e+01  -5.7672105e+01  -4.0441310e+01   7.9153955e+01  -8.0833299e+01   8.9273484e+01  -5.8335749e+01   5.1322335e+01  -1.5208412e+01   3.7447784e+01   2.6137388e+01   3.6731509e+01   2.6002206e+01   9.2356036e+01  -8.5756440e+01   2.1130882e+01   1.2843640e+01   6.2307465e+01   5.8404013e+01
   2.3962928e+01   7.1846528e+01  -2.7058723e+01   2.2716314e+01  -8.1505049e+01   8.2023480e+01  -1.9119152e+00  -9.7646406e+01   7.4550305e+01   1.4290592e+01  -1.7625706e+01  -4.4254771e+01   1.2710734e+01   7.0037956e+01  -6.5198920e+01  -8.5110293e+01   7.0874945e+01   2.9321191e+00   7.1548637e+01  -9.2830592e+01   1.6811506e+01  -8.3755570e+01  -4.5508504e+01   5.1671341e+01   9.1134777e+01  -9.4905864e+01  -6.4972403e+01  -5.1389225e+01   3.2278920e+01  -8.6776440e+00
   7.4143887e+01   7.5273510e+01  -5.0747047e+01   5.2060884e+01  -7.8154911e-01  -6.4305331e+01  -4.5472914e+01   1.2266503e+01   4.5366465e+01  -1.1439561e+00   3.8427218e+01  -4.2601773e+01   8.7610105e+00  -6.0805769e+01  -1.1280434e+01  -9.0909930e+01  -4.5049471e+01  -9.5084065e+00  -6.7326678e+01  -5.6116345e+01   7.8715293e+01  -4.7680662e+01   7.1805468e+01  -5.3943276e+01   7.0857769e+01  -3.9949815e+01   4.5549436e+00  -8.4885318e+01  -4.3064821e+01  -6.8859678e+01
   4.1697255e+01   4.8556568e+01   4.2673914e+01   1.1172671e+01  -6.6398917e+01  -2.5605532e+01  -2.7069284e+01   5.6099688e+01   4.8629510e+01  -6.7372502e+01  -6.1970941e+01   6.3048398e+01   4.3525922e+01   2.2684398e+01  -7.5234987e+00   7.6334673e+01  -9.5307091e+01  -1.5214728e+01  -9.7152354e+01   3.1818983e+01  -3.7363811e+01   3.6602276e+01   1.5282267e+01   7.3937501e+00  -4.6120816e+01  -8.1307699e+01  -1.2222076e+01  -6.9403609e+01  -5.8171951e+01   3.6258974e+01
  -9.1660192e+01   5.9799730e+01  -9.3803010e+01  -6.2623202e+01   8.9668071e+00  -2.0424646e+01  -5.8748642e+01   5.6572654e+01   6.9570136e+01   2.1304228e+01   3.8468476e+01  -6.0530759e+01  -4.1688193e+01   8.1964023e+01   2.5334507e+01  -5.4971650e+01   7.9842630e+01   3.8980708e+01   3.9296219e+01  -4.4955398e+01   1.1810918e+01  -5.9636248e+01   5.9895000e+01   2.4178602e+01  -5.5219662e+01   9.2490100e+01  -8.2622957e+01  -5.8011794e+01  -5.6934828e+01   7.0082142e+01
  -4.6182766e+01  -2.4862317e+01  -2.9593707e+01   2.4633985e+01   3.3631381e+01  -4.1917982e+01   4.3269716e+01   4.2511345e+01   3.8590695e+01   3.4860183e+01  -2.5995676e+01  -7.2905536e+01  -2.7124588e+01  -1.9307762e+01  -2.9020453e+01  -2.1857938e+00  -2.0026312e+01   3.2454305e+01  -3.5729897e+01  -6.3457005e+01  -8.6333622e+01   2.2459457e+01   2.7130702e+01  -7.8301417e+01  -6.7132243e+01  -2.7448263e+01   4.6097302e+01   6.5181985e+01   5.1094363e+01  -7.1393971e+01
  -2.8706839e+01   7.9030582e+01   7.1096179e+01  -6.0240118e+01   3.1091992e+01  -7.4288703e+01  -4.2954710e+01   3.1344302e+01  -3.4062216e+01   9.1654080e+01   5.0582419e+01   8.4703516e+01  -7.6741014e+01  -4.5973707e+01  -7.0705069e+01   6.2825433e+01   6.3729290e+01  -9.1488854e+01   9.2744174e+01  -5.9496188e+01  -6.5847579e+01  -2.5567241e+01  -5.7088279e+01  -7.1906315e+01  -3.6088391e+01  -3.8767989e+01  -8.9859970e+01  -3.1424928e+01  -7.7621366e+01  -7.2097371e+01
   9.0677698e+01  -6.0743579e+01  -8.0505081e+01  -8.8958043e+01  -3.0771862e+01   5.4367429e+01   7.8600727e+01   4.1553605e+01  -3.8645434e+01  -7.4898075e+01   4.7460469e+01  -9.4854707e+01   1.1306616e+01  -2.6999088e+00  -8.5415656e+01  -2.2850102e+01  -6.1095379e+01   6.0400626e+01  -3.3366295e+01   5.6881268e+01  -5.8569821e+01   2.3460347e+00  -4.7317796e+01   6.7939247e+01  -3.6678595e+01  -3.2248191e+01   7.9747306e+01   5.2037599e+01   1.7168439e+01  -2.9714417e+01
  -6.6446240e+00  -2.3615470e+01  -3.8711546e+00  -5.3033938e+01   3.3409504e+01   7.7884870e+01  -6.8346223e+01   2.5224021e+01   7.6241171e+01  -7.4965860e+01   2.7893066e+00  -3.9413266e+01   7.2497161e+01  -7.9191852e+01   1.4925717e+01   4.8295637e+01  -6.9478315e+01  -3.8926230e+01  -5.9711718e+01  -7.9107793e+01   1.4595696e-01   8.1129872e+00  -6.4854452e+01   7.2263650e+01  -8.7343901e+01  -7.9573738e+01  -2.1418121e+01  -4.7996241e+01   8.3084257e+01  -9.5784615e+01
   2.7453382e+01  -8.7110597e+00  -5.1509099e+01   6.3669123e+01   2.5781924e+01   6.5185321e+01   7.0110990e+01   8.6311835e+00  -7.5090057e+01  -2.1504971e+01   9.2827437e+01  -6.6280976e+01  -5.7337438e+01  -7.0515912e+01   2.7331012e+01  -2.2494785e+01   5.0617256e+01   7.9068337e+01  -5.8804005e+01  -2.2884544e+01   6.8958740e+01  -3.9798338e+01   8.3428709e+01   5.4568086e+01   8.0017326e+01  -1.1441294e+01   2.4234122e+01  -1.2109148e+01  -7.3267574e+01   2.7032756e+01
   8.8527545e+01   2.1399362e+01   2.3002665e+01  -3.5047985e+01  -7.7999220e+01   9.2485166e+01  -5.9339758e+01   2.0429575e+01   2.9576314e+00  -3.6004536e+01   9.2550419e+01  -9.7535986e+01  -5.6746432e+01  -1.2725835e+01   6.4134982e+01  -6.9440556e+01   6.6287851e+01  -7.6471405e+01   5.0188547e+01   3.3940730e+01   7.3398760e+01   6.2082034e+01   3.1476819e+01  -2.0394950e+00   9.4139851e+01  -7.9664731e+01  -5.8988507e+01   9.2946923e+01   3.6558950e+01  -3.3585393e+01
  -3.3856485e+01   4.0490881e+01  -1.6385467e+01  -4.1217814e+01   4.4403580e+00   4.9371157e+01  -4.1248808e+01  -5.7121449e+01  -7.5287154e+01  -4.3283058e+00   3.4812842e+00  -2.6696097e+01  -7.1400293e+01  -5.0640070e+01  -6.9497765e+01   7.0344984e+01  -8.8710007e+01   7.1358787e+01   7.4199876e+01   3.4672163e+01   5.6176650e+01   9.4303925e+01   4.2385045e+01  -8.1571556e+00   7.9685046e+01  -2.7749588e+01   2.8616541e+01  -7.3899452e+01  -5.0548003e+01   6.9627258e+01
  -2.1582232e+01   4.6930147e+00  -7.9765273e+01  -3.3919345e+01  -3.4718676e+01  -7.1415470e+01  -7.6791319e+01   5.6139105e+01  -7.1503903e+00  -9.9113350e+01   2.3211313e+01  -4.0854099e+01   6.2923308e+01   9.1978928e+01  -1.2506954e+01  -1.9360025e+01   8.2990210e+01  -3.6517608e+01  -2.3447761e+01  -4.7202618e+01  -6.0292584e+01  -3.8482316e+01   2.5763289e+01  -3.1188114e+01   9.3656088e+01  -2.8257770e+01   3.0889706e+00  -9.9231140e+01  -6.7949426e+01  -6.0110684e+01
  -5.3043880e+01   7.6835470e+01  -9.8624565e+01  -4.9609579e+00   6.0481410e+01  -9.3102199e+01   8.5186658e+01  -1.1567858e+01  -1.5381050e+01  -6.1447509e+01   2.6318911e+01   4.6279677e+01   6.1411577e+01  -5.7772363e+01   7.6678428e+01   5.4643777e+01   8.6610279e+00   8.5487797e+01  -5.9642683e+01   4.0845071e+01   7.2964372e+01  -2.0782957e+01  -5.9221415e+00  -4.5010117e+01   5.6287790e+01   8.0642152e+01  -4.2217780e+01   5.5189917e+01   2.2789065e+01   6.1746951e+01
   4.1051382e+01   6.0841566e+01   3.1213230e+01   6.1922527e+01  -9.7811554e+01   3.4234765e+01   4.4443436e+01  -5.3470741e+01  -1.1234781e+01  -7.8865139e+01  -7.2179530e-01  -5.2373946e+01  -9.7235126e+01  -1.3217752e+00   1.5103141e+00  -3.5726303e+01  -4.1597870e+00  -6.3428272e+01  -5.2747939e+01   8.3269191e+01  -6.0897419e+01  -3.9662804e+00   4.3181893e+01   8.7316143e+01  -6.5820585e+01   1.7193326e+01  -7.6507320e+01   2.2026933e+01  -2.8368515e+01  -2.6963260e+01
  -4.1085366e+01   2.2919284e+01  -6.0604553e+01   8.5039043e+01  -2.1878837e+01  -3.8929004e+01  -7.3551167e+01  -3.2736141e+01   6.8248888e+01   1.1683535e+00   2.4440928e+01  -7.9844811e+00   4.8183782e+01   9.0224462e+01  -7.9833249e+01   9.0534142e+01  -7.1607126e+00  -6.9854602e+01   8.2462046e+01   2.0419319e+01  -7.9393964e+01  -4.5292080e+00  -7.5266744e+01  -1.4332525e+00  -2.6212323e+01  -3.4680651e+01   5.4890119e+01  -3.0861314e+01   6.9989942e+01   7.9971193e+01
   5.6106021e+01   4.5912638e+01   8.6298032e+01  -7.1540469e+01   2.1855132e+01  -1.7406399e+01   3.7636857e+01  -1.9914219e+01  -4.4264858e+01  -1.9283459e+01   3.2995067e+01   5.6076442e+01  -7.4045811e+01  -8.2676345e+01   9.6629648e+01  -9.7594599e+00   9.8307802e+01  -4.0039545e+01   6.9693762e+01  -3.6744319e+01  -8.9605438e+01   4.2619815e+01   4.3138314e+01  -5.5256802e+01   3.2427442e+01   5.2444366e+00   4.6492930e+01   3.5316265e+01  -3.7990910e+01   1.0222293e+01
  -4.3475537e+01   7.2647201e+01   5.3913117e+01  -7.3230611e+01  -3.9613152e+01   8.3532807e+01   9.5033078e+01   8.1018401e+01   5.9066096e+01  -1.8401427e+01  -2.0488001e+01   4.6442632e+00   6.9417261e+01   9.7933199e+01  -2.4939006e+01   4.2022378e+01  -9.2029992e+01   1.3348670e+00   6.3000261e+01   5.6440014e+01   7.1263691e+01  -2.6479168e+00   7.5254890e+01  -1.6319673e+01  -1.3720704e+01  -7.4563808e+01   5.4719338e+01  -4.8175392e+01   3.0982907e+01  -8.3350832e+01
  -1.6303402e+00   2.1100694e+01   5.0404226e+01   2.6506374e+01  -7.2158802e+01   7.1493698e+00  -8.4013583e+01   5.3867850e+01   9.4046925e+01  -2.3900886e+01   6.2979260e+01   6.3213133e+01   1.5900868e+01   7.3670985e+01   3.9473314e+01  -1.3175639e+00  -6.6459078e+01  -6.4307900e+01   1.8408428e+01  -5.4866047e+01  -3.2200816e+01  -9.3021375e+01   9.2152498e+01   5.7658021e+00  -3.7565195e+01   9.7633686e+01   2.1237062e+00   7.3553659e+01   6.3363571e+01  -9.6360686e+00
   6.5170448e+01  -9.1984351e+01   1.5648692e+01   2.3213283e+01   7.0049687e+01  -7.3680936e+01   5.5392047e+01   2.6042416e+01  -8.6882420e+01  -2.2958027e+01  -7.0274782e+01  -2.4560969e+01  -3.4897346e+01   1.4845030e+00   6.7133913e+01  -4.9842582e+01   6.7653044e+01   7.2313017e+01   2.4271720e+01  -6.7582610e+01  -7.3929023e+01   8.9812804e+01  -6.4526493e+01   5.5836130e+00  -2.9600543e+01  -7.9216659e+01  -6.6353808e+01   7.7943012e+01   8.4312686e+01  -9.9093507e+01
   1.5822974e+01  -2.9380654e+01   7.1288270e+01  -9.1173523e+01  -5.9191227e+01  -4.3301891e+01  -6.5228659e+01   7.2108129e+00   9.1769470e+01  -8.0923811e+01   7.1273638e+01  -8.9651663e+00   6.7894012e+01   9.7583009e+01  -6.1215962e+01  -6.6560296e+01  -7.6827042e+01  -1.2123966e+01  -7.3882384e+01   3.6594288e+01  -6.0377220e+01   1.0531517e+01   9.5506271e+01  -3.4080363e+01  -9.7305732e+01   6.5494035e+01  -6.2673092e+01  -4.8274023e+00   3.7664533e+01  -4.0098654e+01
  -6.0022779e+01  -3.0338914e+01   1.0132947e+01  -4.8826876e+01   7.2895206e+01   9.6952839e+01   8.7549872e+01   3.2478931e+01   3.5685190e+01   9.3852518e+01  -2.1274726e+01  -7.1443641e+01  -9.9137502e+01  -4.9311187e+01  -2.0265910e+01  -6.6673481e+01  -5.5093414e+01  -4.3094893e+01  -6.5184094e+00  -8.7277198e+01  -1.4763849e+01   9.1895889e+01  -1.5600325e+01   6.2636567e+01   6.8316334e+01   6.5340409e+00  -9.3473402e+01   3.9128751e+01   8.4112476e+01   1.5023222e+01
   4.3787975e+00  -5.4827748e+01   5.7924471e+01   4.7779594e+01   2.2767064e+01  -7.3978950e+01   2.9252446e+01  -5.5747406e+01   8.4574437e+01   1.6709417e+01  -2.6498106e+01  -3.7426508e+01   1.8043567e+01  -8.9368464e+01  -2.5956081e+01   7.7453641e+01   9.5267977e+01   5.3586816e+01  -5.0948539e+01   8.3951835e+01   4.7363448e+01  -2.7294411e+01   6.7024282e+01  -3.6420766e+01   2.0788036e+01  -3.9700795e+01   8.4535507e+01   7.4079211e+01  -4.5402842e+01   6.7933620e+01
  -1.8797713e+01  -6.5020238e+01   7.7120894e+01  -9.7720906e+00   2.2179466e+01  -2.8645363e+01   5.3393132e+01  -9.5137806e+01  -2.4510509e+01   9.9374104e+01  -5.6356052e+01  -1.0350735e+01   5.0470489e+01   7.6744918e+01   6.7440159e+01  -6.3537894e+01   5.9183006e+00  -7.3165176e+00  -1.8461391e+01  -6.4939748e+01  -9.2101508e+01  -6.7632262e+01   2.1255392e+01   2.9850304e+01  -6.6737440e+01  -3.0404684e+01  -7.6850204e+01   5.0053937e+01   5.3734823e+01   9.2519767e+01
  -9.1411173e+01   8.8648252e+01   4.3691663e+00   5.0427753e+01   4.8810961e+01  -4.7013021e+01  -4.8360028e+01  -8.2152514e+01   4.0978698e+01   2.1471160e+01   8.1683669e+01   1.7183986e+01   1.4035503e+01   6.0189859e+01  -5.1448303e+01  -8.4296863e+01   1.8702458e+01  -3.9333154e+01  -9.4606744e+01  -6.3438612e+01   4.3122858e+01   6.3560845e+01   5.7646256e+01   6.4878561e+01  -9.5893564e+01  -2.1887454e+01  -1.2151018e+00  -8.6372735e+01   1.8820569e+01   3.4091539e+01
  -1.8462543e+01  -2.8990561e+01  -3.0385606e+01   6.4652949e+01   1.1237996e+01   3.6491825e+01  -8.9413856e+01  -4.9342611e+01   8.0214903e+01  -6.2095971e+01  -9.6700929e+01   3.8729822e+01  -1.6199955e+01   5.3197973e+00  -7.8038818e+01  -4.2858217e+01  -4.6533376e+01  -7.7614282e+01  -1.4077985e+01   6.5035998e+01   1.0981514e+01  -7.0978574e+01   7.2008332e+01  -2.5380258e+01  -3.8940027e+01   4.7010569e+01  -5.3380976e+00  -9.7069033e+01   1.8595227e+01   3.7829196e+01
   2.7563020e+01  -5.1080998e+01   7.6246067e+01  -5.8003650e+01  -2.0846066e+01   3.3575129e+01  -8.2127288e+01   3.5320946e+01   7.8413701e+01   8.5235853e+01  -8.7983031e+00  -3.8835001e+01  -7.2607337e+01   5.1420483e+01   9.3537789e+01   6.4543812e+01   8.4722240e+01   8.6241730e+01   7.1285726e+01   7.4595083e+01  -4.6525965e+01  -1.2057172e+01   4.5025049e+01  -6.6051564e+01  -7.3542945e+01   7.9919066e+01  -6.6499407e+01  -6.1607566e+01   7.5026624e+01   5.0633916e+01
