 % This stores fret (the f-value) and iter (number of iterations to converge)
  -320.671829119693        1200.00000000000     
  -320.473264831694        1200.00000000000     
  -320.585667275762        1200.00000000000     
  -320.539019973438        1200.00000000000     
  -320.756684807552        1200.00000000000     
  -320.469842694488        1200.00000000000     
  -320.639782276187        1200.00000000000     
  -320.723394924658        1200.00000000000     
  -320.721283598889        1200.00000000000     
  -320.247634877764        1200.00000000000     
  -320.662171253119        1200.00000000000     
  -320.592193884014        1200.00000000000     
  -320.727918068654        1200.00000000000     
  -320.767329646494        1200.00000000000     
  -320.475727788478        1200.00000000000     
  -320.385448630678        1200.00000000000     
  -320.584655448819        1200.00000000000     
  -320.753623841441        1200.00000000000     
  -320.482306760501        1200.00000000000     
  -320.673899774562        1200.00000000000     
  -320.735184090682        1200.00000000000     
  -320.621596404399        1200.00000000000     
  -320.643553419687        1200.00000000000     
  -320.713865198351        1200.00000000000     
  -320.712838584854        1200.00000000000     
  -320.389254537229        1200.00000000000     
  -320.611518895725        1200.00000000000     
  -320.573182824388        1200.00000000000     
  -320.697877832410        1200.00000000000     
  -320.615473777614        1200.00000000000     
