          30 % nrand - number of ransom starts used
          97 %np number of parameters
 % format is i = 1,j=1:np then i=2,j=1:np and so on until i =nrand and j = np
  -7.28142561597765     
  -6.60881036976968     
   34.4944074835852     
  -3.42359862344798     
  0.837293116332508     
  -11.5584695266508     
   80.6924576501537     
   19.5386381328925     
   21.1734461185678     
  6.756603669271080E-002
 -0.564047569716012     
   50.1908825296670     
  -51.6103067151591     
   61.2759878714292     
   37.2449626332074     
   12.1395545619247     
   31.1855891873062     
   45.3292126028742     
   3.12214402145458     
   61.2722959836607     
   37.2468037334154     
   54.1286505887896     
   45.5643452204040     
   73.4056795214821     
   25.9884046063167     
  -31.0450994978478     
   37.1805124647530     
   14.3392834357927     
   24.5097841832551     
   22.8112435017929     
  -42.1713257823012     
   60.2167035714281     
 -0.794838294431481     
   2.71358638663036     
  -6.91049941951187     
   57.3124476799767     
   19.7034530527773     
  -16.0566647154341     
   29.5418939945769     
  -12.1253942345130     
   23.8878455121418     
   73.5938322329206     
   26.2131520341185     
  -21.3565479270039     
   14.5712830447054     
   2.88666466117679     
  -22.7830984992253     
  -13.3373571478678     
   28.3006100709604     
  -26.4298317583822     
  -5.64834707375471     
   11.3805115508517     
  -1.22126887498911     
  -9.71268421787653     
   6.29488092516195     
  -13.3386866378872     
   28.2999513382486     
  -75.0460184179716     
   6.06377199577332     
   61.4075536754518     
   37.2587071481277     
   62.0954508593791     
   6.04793057472942     
   63.8088967255376     
   50.6817882904846     
   3.47001530822699     
  -11.6191671214814     
   36.4707568240156     
   15.2122013482438     
   30.7681054190271     
  -32.1311647254560     
   3.19495354291667     
  -9.60364140972650     
  -22.4144012102337     
   44.0498700808842     
   33.5854993245989     
   47.8109357942869     
   19.9744890493365     
  -35.8851997741161     
  -48.4486864315653     
  -9.74119490915290     
   67.0778409725877     
   21.1561325271413     
   21.0313214969141     
  -19.8703387155392     
   25.9553836451986     
  -1.40353690990908     
   58.0610617713213     
   7.29268328660143     
   5.36089684826744     
   20.9355886165401     
   2.66379759619778     
  -6.81580713745798     
   3.44657567593775     
  -42.1351108834756     
  -22.4342411734178     
   44.0813482869527     
   21.9655940271347     
   19.4523251244255     
   23.2982971475224     
  -3.67556142583868     
  -3.49953501510685     
   33.9012765193885     
  -22.8311975452838     
  -10.0954093872120     
   11.1089374049344     
  -1.01493522219409     
   3.85529747788618     
   72.4081708240168     
  -2.25819510883838     
  -45.8992987764939     
   5.63870286169530     
  0.793622013887348     
   22.9724874508154     
   17.2018321191763     
  0.360941664274844     
  -45.8894341913217     
   5.63813230251472     
  -5.80372172081398     
   51.4935071096296     
   6.37350329862722     
  -42.8393597398442     
   7.96787746205142     
  -48.0102638754070     
   3.37758163771228     
  -13.9249307107027     
   39.6491090974311     
   28.2843167419316     
  -13.8148172984572     
   48.4215098847051     
   25.7307109650833     
   3.32777751397152     
   77.4567077964787     
  -49.7257015244894     
  -6.35474727539636     
  -33.3157273357402     
   23.6127195327698     
   33.9195414182287     
   6.77604816124136     
  -43.7963567067268     
   37.5133665666393     
  -20.6544353971700     
  -13.4551156973361     
   29.5333427599999     
  -3.89001384774842     
  -30.9725938898710     
  -25.6548552321224     
  -5.70479800157912     
   16.3890354940868     
   8.77867085407440     
   22.2060324986053     
  -8.36971801717252     
  -3.91040142320889     
  -30.9709556102137     
  -40.2702072015968     
  -52.6117032643625     
  -45.9747641658328     
   5.63103733108881     
   21.2884732155903     
  -28.9961240281858     
   73.6080783887127     
  -23.2377855467980     
  -2.41181855961381     
   20.6399333628567     
  -37.7020971916488     
  -25.9158142078949     
   27.7390431947608     
   31.6687566074774     
   26.3240771679354     
   3.78620800145932     
   6.41049654720680     
  -41.0283402760284     
   50.1271688830315     
  -14.6591897816666     
   39.3176794255628     
   26.9130187016692     
   57.7044037497929     
   70.4048409052039     
   1.79599932306650     
  -31.2868228777644     
  -4.17009003218245     
   28.5341599401069     
   26.5339496853271     
   14.1844721124679     
  -16.2532552835399     
  -18.1646317569375     
   21.8812104317129     
  -14.5465155677223     
   25.7105763375857     
   3.32746220020526     
  -11.8786162956485     
  -32.7907126375676     
   6.29662697432423     
  -41.4275967580218     
  -32.4663197167482     
  -48.2131701289859     
   55.9325721792754     
  -20.5076457121187     
  -6.16674544280225     
  -66.0717072039178     
   11.8158388863068     
  -47.3801034641499     
  -9.83898171512222     
  0.120836147269653     
 -1.837361084230120E-002
   22.4225477780182     
  -34.1585940258364     
   15.7532808701072     
   33.4806476372439     
  -29.4872850301004     
   54.0475831606866     
  -29.1930805451993     
  -24.6762247061585     
   15.7472651485866     
   33.4766330965523     
  -65.8859856345627     
  -57.6760410728514     
  -55.9250155914069     
  -4.67287772543332     
  -36.5427643993898     
   39.9048726483296     
  -29.1256715356758     
  -1.61735785948050     
   17.9998574223299     
  -41.0368229251804     
  -56.1881568532708     
  -53.9338023588215     
  -15.2501206256581     
  -10.0789627037042     
   10.6175046749173     
   61.8881005071057     
  -45.8878522034011     
   17.7340135044016     
  -51.1512223339330     
   67.2199374843930     
  -61.2601523137311     
  -5.58324282110164     
  -21.0044043976606     
   27.2273935320988     
   21.4650266061356     
  -6.79472669303262     
  -44.8970048596078     
   17.7858199910063     
  -21.7053543641267     
   16.2203163331102     
  -17.2501382587754     
  -11.9761715606326     
  -32.1633277913778     
   8.25180160287837     
  -44.8971471593985     
   17.7857475511806     
   63.0370787577439     
   53.1306206137238     
   15.7706641541830     
   33.4891452450975     
  -38.4206004886455     
  -19.0379724269899     
  -62.6746200099581     
  -59.4661747077786     
   6.45038262473471     
  -3.72871656264892     
  -16.3747966896899     
   35.0878263980253     
   13.5552693555388     
  -40.5056715581697     
  -11.4842587228618     
  -12.6244319553302     
  -58.1176255624274     
   29.1880782568722     
  -11.8183700531867     
   59.3169470347546     
   13.7642515021942     
  -35.2889767198523     
  -80.4540214627796     
   107.935885930997     
  -40.9257826392753     
   1.66475408496602     
   6.28671597586100     
  -14.8944811494203     
  -10.0622045089007     
  -24.0488341565982     
  -19.1153365749351     
   13.0142976945754     
 -0.581484692325216     
  -28.3823299713935     
  -15.2529650330383     
  -10.0596225986767     
  -70.7506227055598     
   26.5681581644696     
  -58.1247010895196     
   29.1880893423830     
   12.9554980237257     
   7.06518304407805     
  -7.33878262112113     
  -12.3099728484860     
  -7.66159725154491     
  -39.2629444239996     
  -24.2106924937435     
  -40.2626239708457     
  -10.4234282635022     
  0.151063083701838     
  0.185375391446894     
   23.8075197494452     
  -27.2268966834542     
  -15.1781775477838     
   56.7100709156814     
   5.67503819139239     
   11.0626710760127     
  -28.4186006863996     
   31.3019006148528     
  -15.1781582307643     
   56.7092377887106     
   5.81472465312444     
   65.7678788769474     
  -54.0210402838042     
   4.55816830210349     
  -32.7925291145577     
   43.6736053724680     
  -13.1288674071646     
   8.84064717575285     
  -28.6840754623721     
   37.9780225741540     
  -31.7275927285317     
  -53.1960140511678     
  -3.36810864491464     
  -2.16222631386719     
  -31.0507671289874     
  -49.5781353180009     
   33.0622957784864     
  -5.03138830178965     
   17.4172147747559     
  -11.4322042329958     
  -60.1229958421685     
   5.86718734658775     
   22.8752011977081     
   15.3744126545688     
   16.3045985718972     
   26.9646187993536     
   29.9503545348455     
 -0.845245765890601     
  -29.8091942336248     
  -2.67119913290967     
  -12.5155090087261     
  -9.29823066182535     
   13.0069237407599     
  4.433938091513329E-002
   29.9503693414480     
 -0.845255025754629     
   79.4262899929689     
   15.3353677248384     
  -15.1788977572075     
   56.7106523781928     
  -38.7604978331829     
  -18.1134773185947     
  -69.8311580640038     
  -2.29720631212803     
  0.424405644692409     
  0.293653875962754     
  -7.56268633184069     
   25.3219592363212     
   35.5794352543534     
   2.67495836524416     
  -3.33125989978737     
  -2.14757806922706     
   50.2150661338369     
  -5.34698206614392     
   43.4046395688487     
   49.3668260685937     
  -20.4152603047108     
   30.5781733836671     
   54.7460672953046     
  -45.6823188047558     
  -40.1529617367167     
   9.71949964357731     
   3.39834683435234     
   46.6815426056208     
  -12.7897676109280     
  -24.2736154040189     
  -30.4040620430137     
   25.6357629320494     
   19.3715893110824     
  -6.79176625252133     
  -3.39837521260827     
  -2.11861139421420     
   41.7823224402067     
  -36.2202285737955     
   50.2812659402833     
  -5.38661594288192     
   25.9273457138420     
   31.3337389373175     
  -1.39886267971173     
   9.44809618140857     
  -9.95370602821066     
  -16.1420057960052     
   7.95954229934938     
   20.4825842172867     
  -32.2434679577345     
 -5.564720208386936E-002
 -6.107767987472643E-003
  -51.1122124233487     
  -70.1224580287393     
   20.7597469401843     
  -68.9316977991773     
   32.8292393736192     
  -19.9056284661808     
   17.5882546059795     
  -33.4193488280937     
   20.7601676111685     
  -68.9307844977813     
   43.0538106082118     
  -69.9929613557086     
   27.1140907651221     
  -63.6646945726205     
  -36.3393649092159     
   33.8364492458352     
   33.2755279076141     
  -24.6855709633260     
  -28.6344380408469     
   25.2973088661826     
  -12.5685799468813     
  -58.1570823049853     
   6.71399802822945     
 -0.810533595926618     
   15.1112580128878     
  -65.3055135365523     
   50.6113934430962     
  -7.43586195025932     
   41.2632079894403     
   4.10439541123600     
   30.6118787920663     
  -67.1796027352298     
   40.8885564269512     
   11.2652031884747     
  -20.2435532361096     
   1.50317743740730     
   48.7508163353431     
  -6.08687324848531     
   27.8527501415284     
  5.358988224026204E-002
   8.41775541197169     
  -8.67420170826392     
   30.2221512104216     
  0.780494543207276     
   48.7504820868933     
  -6.08726277430576     
  -82.4335122140413     
  -56.6356788003700     
   20.7571534558986     
  -68.9296957271750     
   5.11509585432591     
  -45.2803012112740     
   28.8706886488189     
  -82.3440443941348     
  -9.25982171134050     
  -1.35784292047086     
   43.7963855338935     
  -45.1657166049611     
  -36.7145667139490     
  -20.1641780784122     
   6.71309439843700     
 -0.810384737270558     
   66.3427632312946     
   1.28066163842987     
   34.6547055092504     
   45.7356522451704     
  -20.0166749415973     
   15.3557594664073     
   73.1033026973368     
   43.2146210803885     
   21.8904740340625     
  -57.4041370501190     
  -10.3156865970942     
  -13.7869371689893     
   9.50000791780659     
  -21.0673786395114     
   22.0064971709885     
  -39.9614236157136     
  -19.5868390669782     
  -7.60166324088810     
   6.57135050417870     
 -0.682404846354186     
  -18.3420699012082     
   10.6144525543690     
   66.3449959403383     
   1.27882995724875     
  -1.93158005258786     
   9.94504384453071     
   16.7693041448179     
  -9.43952076789534     
  -17.4088420955747     
  -5.98822118685718     
   65.3983128780972     
   3.01178120543155     
  -40.9520600371552     
  0.424387548652506     
 -3.799164476845740E-003
  -37.5030828084369     
   30.9967090954052     
  -54.4983624421856     
  -4.65447638457927     
  -5.31323842860837     
   7.78310579637317     
   1.74440076247714     
  -13.2507534833380     
  -54.4984194372512     
  -4.65448492267004     
   55.7366775202177     
   9.02122429434373     
  -33.2514223403118     
  -49.0265266259863     
   49.8783949419669     
   5.94846038823341     
  -19.8850201120126     
   21.9354528683999     
   35.5266364613082     
  -25.4637440530752     
  -33.5096237945745     
  -57.2514463648361     
  -3.16519542626162     
  -7.95557313211559     
   49.9456492177470     
   37.5831946424293     
  -18.3813499302177     
   48.3493528683428     
   19.6176499436754     
   12.7507280698394     
  -33.3147199125879     
  -49.1242857749547     
   10.0526581798004     
   19.8484058652482     
   22.9745367995786     
   12.5233714753095     
  -16.7995585436066     
   47.7736072322555     
  -28.7354512389024     
  -11.0055262120793     
 -0.966604758404111     
  -16.2352038544626     
  -4.09449765437462     
   3.67121688062357     
  -16.7996092723320     
   47.7736362235553     
  -15.2581710765674     
   71.4225891789417     
  -54.4974936793439     
  -4.65412025510156     
  -30.6032260247037     
  -27.6133153133168     
  -58.7070246926793     
  -27.9727646442754     
   15.8371928556812     
  -4.68324081350247     
  -52.7190451246617     
  -36.8224078518899     
   33.1056297583770     
  -2.03769430535252     
  -3.16607332016235     
  -7.95374316921039     
  -24.3591470531222     
   39.0657308893059     
   31.8223359445253     
   55.4856844499798     
   27.3152814924170     
  -21.2171344307765     
   70.3109665716342     
   9.69599845684546     
  -28.2390450049793     
  -41.6481313619622     
   32.1281252244671     
   17.3661180820171     
   9.46924737981981     
  -24.7803683641773     
  -32.2143998136874     
  -27.5069152980461     
   19.6888173013906     
  -5.14559910605848     
  -3.12357526299323     
  -7.93590189556906     
  -42.0678843890826     
   15.3504846434045     
  -25.0447714087210     
   39.5308829464577     
   7.41979055652843     
   15.4632882662056     
  -19.1360513771040     
  -1.22856843305987     
 -3.297208528095996E-002
  -4.01212167922661     
   25.2559352469703     
 -0.585824169639293     
  -29.7366141899497     
 -0.521712336489371     
  -1.34625301271441     
  -26.0462523314084     
   47.8273682867771     
   78.8496491577541     
   5.60411123043173     
   33.8778903716781     
  -16.7138205259058     
   39.1768376496176     
   2.90567182484697     
   78.8496593291259     
   5.60391324320794     
   75.1628149171056     
   33.9748775864165     
   49.7483371702778     
   33.7834836803922     
   52.5224521277980     
   10.3573561527505     
   34.4745503340405     
   16.6518736076965     
  -46.9485362838555     
  -6.77415787259501     
  -43.7833785069174     
  -34.8614823042620     
  0.381928991462709     
   2.29812718752214     
   80.9094144503455     
   11.6348751830740     
   18.8183287113764     
   32.3416690757371     
   12.2822208898873     
  -30.0129641827974     
   53.1075325412071     
   35.5965212784166     
  -1.01732249344184     
   16.5054317312008     
  -1.83272144767928     
  -25.9553764613451     
   16.2253924117478     
   30.5951076509628     
  -10.8943462863271     
   21.5108188188738     
   2.59108551491448     
  -5.48030316865180     
   10.7733984570491     
   7.92529180185238     
   16.2261664762080     
   30.5953632778268     
  -14.6422346614068     
  -103.102124789403     
   78.8497493993052     
   5.60419428728601     
   25.3643538088399     
   22.9416488997978     
   88.4302479077084     
  -5.82967708607626     
  -2.82416804101596     
  -17.1469098961597     
   46.3568367902750     
  -1.43546463623938     
   19.9560750982937     
  -38.8108432480253     
  -1.38363772091079     
   3.09195480427001     
   7.74103310152827     
   46.8489366987046     
  -41.0381645447713     
   30.9191360730684     
  -33.5429822394040     
  -2.89770029306193     
  -18.4934072257937     
  -69.4868306744089     
   43.2554430391158     
   28.6381906388233     
   19.7268193482876     
  -27.7572716848495     
   21.6728636427667     
  -10.6798210683419     
   51.9159723015465     
   19.9555461011197     
   11.0903341541164     
  -21.8468962533876     
  0.410718214210325     
   2.30429620421825     
   21.4383198260983     
  -43.3877862002582     
   7.77026153222454     
   46.8994609186371     
  -9.51081238727008     
  -35.2016237700128     
  -57.8920126598097     
  -17.0698696005896     
   6.25821515246222     
  -75.5883741470095     
  -88.2390273785719     
  -34.6209699048796     
   23.4762337021305     
  0.436068371803001     
  0.331105445467284     
  -1.65786807460080     
  -45.6997899976087     
  -75.9203954654597     
  -3.70578969782982     
  -42.1846652621344     
  -41.2508270848359     
  -26.6269834933724     
   13.5096927745369     
  -75.9121328802422     
  -3.71317150658787     
  -71.8284243040433     
   25.5501650350742     
  -63.7909704248719     
   4.80360498480971     
   52.2125441719000     
   7.61383884174225     
  -29.5923673296686     
  -1.50437301413387     
   11.3387813783031     
   43.7346446627560     
  -25.5900245680086     
   62.7171228363172     
  -1.64798839420639     
   9.62269273935168     
   43.3334658997249     
  -55.4355927625847     
  -18.9304424803021     
  -36.4347377617397     
  -24.6813006214776     
  -59.4418843909660     
  -64.1671274813318     
   5.00315851178411     
  -7.37808079441994     
  -26.2823053659971     
   21.5505113536556     
   15.4470932235213     
  -18.9208000289828     
  -34.2962253927918     
  -11.1083982392283     
   26.4354816023735     
  -8.57280203011829     
   14.8256754575823     
  -11.8805889085108     
  -9.69196590676282     
  -18.9458875701562     
  -34.3123710549749     
  -20.6622934141785     
  -66.6939960251070     
  -75.9206234638691     
  -3.71280617384769     
  -40.0256487541452     
  0.422985073911469     
  -77.0310247820757     
   27.8445413751472     
   9.87361315312135     
   8.23294575710226     
  -46.0501729343224     
  -18.0232585251674     
  -7.50273025058444     
  -40.9191355577024     
  -1.64293879962266     
   9.66094517851102     
  -34.9096941809359     
  -40.1008131525962     
  -53.8227909512732     
   8.73587125361457     
   8.00825865142005     
   37.5893928048850     
   19.3921611344693     
  -83.1964943653650     
  -59.1272519754322     
   1.32527541782570     
   12.4633538258997     
   14.5008355968530     
  -12.6835496037622     
   28.6129664817983     
  -45.1813703002845     
   4.44625391466438     
  -3.22983957714189     
  -19.3239966049439     
  -1.17348264234611     
   9.40881137993604     
   29.8746691503935     
   22.9627899893256     
  -34.9724503414666     
  -40.2351122561094     
  -18.9226638031609     
  -22.0338673090374     
  -29.2584328016497     
  9.201720489652793E-002
   11.4118136497569     
  -31.9330378205721     
  -81.7494088898054     
   18.7506428603523     
   30.1675558825371     
  3.115815236222799E-002
 -1.785848688699685E-003
  -22.3059039915250     
  -38.7087460761351     
  -88.9110990773583     
  -18.6407202561504     
  -38.2366470781977     
  -23.9086514638724     
  -26.7638048385633     
   26.3160753978619     
  -88.9112156421819     
  -18.6401244573229     
  -55.1679965730457     
   59.2079328978807     
  -59.7063985919483     
   28.7188733007319     
   46.2010309333615     
  -19.1903907187921     
  -46.7761425637047     
   12.4354435209758     
   39.7013205411243     
  -12.3663335364948     
 -0.941484257844739     
   65.3370732324404     
  -4.68157480880854     
   4.61611806312951     
   1.66283921092007     
  -71.5726674571509     
  -42.5274993343794     
  -3.62482857458308     
  -12.8330912103710     
  -25.7323766300395     
  -61.4171085864101     
   30.3921412164264     
  -28.6388660163222     
  -17.3439207477792     
   19.9612839628767     
   10.3632322213422     
  -39.5568662958253     
  -4.67854997583737     
   12.1410089080152     
   25.6706887484422     
 -0.767051845381734     
   14.5508773179418     
  -22.4888103048459     
  -4.11326406821275     
  -39.5586572937541     
  -4.67853195939408     
  -67.0846719829395     
  -38.2390305355182     
  -88.9269971857778     
  -18.6381360478897     
  -34.5646862778609     
   17.4462916290253     
  -48.1965614681647     
   73.1602203982301     
   8.56094013196942     
  0.940182225378412     
  -56.3605920451384     
  -13.4835631807312     
  -17.9226628939945     
  -34.5044321920621     
  -4.73544586275520     
   4.60752124861649     
  -57.5927503976349     
  -15.4149530760657     
  -21.4468254430789     
  -55.6570057735309     
   25.8040835443641     
  -7.43269507151226     
   38.0208920131643     
  -19.8237392506413     
  -62.5969144212392     
   21.3213891366628     
   5.60903785957133     
   25.9553705514362     
  -1.74408189848405     
   29.9382418314094     
  -67.8080561541441     
   6.20081572787497     
  -14.9814744389908     
  -15.8682781775298     
  -4.61960622857222     
   4.56780062836089     
   28.0374915940302     
   2.95392528801593     
  -57.6006754860909     
  -15.4147228530822     
   37.0820939011606     
  -55.2764972429359     
  -71.1312624439266     
  -4.70367982265619     
   12.5764470291134     
  -72.9333794169888     
  -34.9656268423861     
   1.60484970978860     
   30.1900130607809     
  1.106879985472123E-002
 -5.925665391233467E-002
   68.7078031620224     
  -21.5909646122226     
   11.1186622552629     
  -48.3511690240429     
  -37.1640380482198     
  -61.7117825131432     
  -7.79417596375872     
   16.4733055043860     
   11.1193443127819     
  -48.3520595957233     
  -27.0133562638919     
  -32.9308577540872     
   17.0677726388180     
   36.7337586567072     
   56.0242800840933     
   28.3917263994216     
  -5.74317089427401     
  -2.95075658286085     
  -24.1631111982069     
  -31.5870785064217     
  -34.5140442282771     
   9.81554185434229     
   17.6765976556512     
  -3.15654831262670     
  -23.8083789254646     
  -17.4690614474611     
   66.7140215835408     
  -12.9706021781481     
  -52.5547874043724     
  -83.7318206328309     
   19.4542394522462     
   49.0109060845808     
   31.3703920886844     
  -16.8161183173734     
   16.2529906492400     
  -15.7137326108578     
   65.2640048241682     
  -11.9365283700078     
  -9.44394815706499     
   28.7544672327026     
   4.22481311917359     
   5.07160916797183     
   42.2112738168399     
  -5.60894733840442     
   65.2666188955860     
  -11.9369165552315     
   77.6064500229063     
  -9.57080389516029     
   11.1111798340109     
  -48.3938002088709     
   25.8303285701325     
   17.4225145242185     
   18.6460149861286     
   64.3050907518126     
  -9.66418749107951     
  -8.69841033749886     
  -7.60863789000349     
  -21.2280629993571     
  -46.6659234045642     
  -15.7854433126965     
   15.4257665154834     
  -6.59146114093834     
   61.4071108808564     
  -25.5591171288740     
   39.6067435219922     
   29.1023009029050     
  -14.5707894980028     
  -25.1364227509534     
  -36.4748445084266     
  -129.312261895955     
   11.3183541743106     
   12.9580214024828     
   19.1888986768420     
   18.6812440441341     
  -16.7479138643309     
   11.5376720401381     
   11.4907391298182     
  -9.50079959629514     
   26.4373602221271     
   12.0552300767775     
   17.6910626465042     
  -3.14638183159978     
   30.0656146291797     
   44.3782065931339     
   61.5794736479533     
  -25.6490364986096     
  -30.0488719534185     
  -35.7887587186204     
   60.1577615341223     
  -4.77967912349032     
   11.1319991821836     
  -54.6587022850870     
   13.3552434176375     
   12.3386070866628     
   29.7411378243977     
  0.327478464204978     
 -0.515481245910148     
  -61.1497134542821     
   12.2435468377338     
   26.9616474037347     
   35.1195410437173     
  -17.9217667299385     
   57.7281956213638     
   13.6699718673216     
   17.3838914992198     
   26.9605154952402     
   35.1188934291404     
   25.9534854544700     
  -34.5113651288348     
   8.15176029058901     
   54.3504977413948     
  -43.3126732076799     
  -37.1685871833160     
  -15.7263351269122     
   17.3079901090025     
   40.5247650085983     
   13.3730972107864     
   41.4319054097578     
   4.90573861394217     
  -14.9842485058994     
   7.13494235371526     
   26.2816628153335     
  -22.7015714813572     
  -41.7804194888070     
  -1.43864570916169     
  -40.1284051980603     
   70.0212693796068     
   9.45517997682352     
   58.2202436261817     
  -32.4493948619909     
  -14.7361117711106     
   1.25499034096979     
  -24.8834357389628     
  -40.3063375169741     
  -2.09490033996307     
   4.61232598402964     
   28.3733284265628     
  -8.43183914628119     
   10.9204235154476     
  -33.2959324721720     
   1.44939244528203     
  -40.3063871375582     
  -2.09508419929196     
   4.60806384041547     
  -87.6512774401344     
   26.9652784170559     
   35.1214517076485     
  -14.9146210354963     
   50.6057653996423     
   1.40474029936911     
   72.3058238534369     
   6.23089127171408     
  -7.48628124523220     
  -2.99215073880489     
   47.8431156728745     
  -2.32721350174577     
  -36.1834680049955     
  -14.7751511161965     
   7.21836223732523     
  -59.7753268632458     
  -6.77514615988710     
  -37.8611715849410     
  -56.1521521246537     
   24.9624556279672     
   10.8575174462597     
  -75.6619382550246     
   106.654422716960     
   7.38017940128763     
   38.7619396306935     
   13.7546087581393     
  -15.7376353951373     
  -22.4893984664940     
   13.0849721606257     
  -1.56301623300367     
   25.3972511430746     
  -14.9444650673554     
  -17.9553059295239     
  -14.9963400656483     
   7.09368146752909     
  -20.6183205216691     
   45.2354571842591     
  -59.7899929046535     
  -6.76416388222663     
  -14.6095659320024     
  -48.5062620837621     
   16.6054679398003     
   2.29151111539983     
   8.98195354242925     
  0.965739145387965     
   6.37647752362949     
   9.39398568923444     
   31.7496830457836     
  0.441794894538340     
 -0.516012273804867     
  -67.3287419273807     
   46.3451242766104     
  -62.7889377672588     
  -49.9932761532476     
  -55.9412871370111     
  0.391167336495775     
  -38.7705267671755     
  -4.30407091698900     
  -62.7890129655091     
  -49.9928434920756     
  -58.7494015902393     
  -50.1615747916619     
  -63.0388863113786     
  -26.6977839374973     
   12.0387042768006     
  -52.4478930726782     
  -54.0403660174725     
  -6.95745264612389     
   34.6555444978610     
  -27.7713722045394     
   48.6178492850583     
   34.1522585371416     
  -1.84000848523787     
  -1.07352078737952     
   46.1519385668290     
   18.2500531233932     
  -35.9746139968619     
   11.6852175533921     
  -53.9950956542139     
   25.7983345832474     
  -64.7414826648055     
  -27.9635597016799     
  -23.5640873628937     
  -7.90561845229654     
   8.58288541249763     
  -21.6907588288718     
  -34.4426347438647     
   8.46330360646026     
  -3.55475501270779     
   27.0530036390199     
  -2.27775036520563     
   7.91951734679399     
  -16.3196547415853     
   1.99478744485200     
  -34.4424508316641     
   8.46351461155057     
  -63.6700043632808     
  -62.7731317736275     
  -62.7888659716287     
  -49.9935982941674     
  -41.9198097456735     
  -10.7515717510756     
  -62.9261439776676     
   55.5395054973631     
   7.15963287895779     
  -5.99635288835743     
  -29.9405493372770     
  -44.0904908783481     
   11.4227353104930     
  -38.6906122209706     
  -1.84028321701273     
  -1.07517133174096     
  -47.3422956230470     
   20.6724283968287     
  -51.5831752457666     
  -37.1904419260533     
   22.5028991005145     
  -21.5802582062533     
  -63.6420817910225     
   76.3111782606100     
  -57.6189234369181     
  -28.5654042381908     
  -10.7056243730792     
  -35.9642244956274     
  -16.8061343460746     
   16.1290652173657     
  -42.9617509531501     
  -25.6964492220881     
   5.27116634985218     
  -21.5756457929668     
  -1.83838626793228     
  -1.08722672498393     
  -23.5495886824292     
   47.8206019233903     
  -47.4523403045353     
   20.7546309679086     
   26.1246667905079     
  0.452572293903654     
  -10.8779420656868     
  0.760376408237289     
  -10.5980169140455     
  -36.9517716096865     
  -45.6506208242596     
  -9.75243714949068     
  -29.6685573022253     
 -0.180902215405417     
  7.581194831949622E-003
   37.9145822710957     
   32.7759744186946     
   46.5599090919807     
  -60.6095477070820     
   15.5510186397271     
  -20.6461884073300     
   15.9068615293347     
  -27.0911961692974     
   46.5599031967402     
  -60.6095228394093     
   35.2866619850109     
  -65.7459266895420     
   48.8236089633261     
  -44.8790305239468     
   50.5971897331948     
  -30.0602238224925     
   16.9821963944864     
  -26.3589206731160     
  -34.8109167909187     
   22.4501144881964     
  -43.7387908843072     
  -5.90070516565207     
   8.87647338164938     
   2.35672606196280     
  -15.7951223532729     
  -38.8416495199056     
   46.5394264226280     
   1.87029470811785     
  0.322865772046622     
 -0.328324098521946     
   50.3637034325987     
  -46.9522877768437     
   45.1863398329043     
  -9.70691581428931     
  -14.5884751404600     
   11.8008114593957     
   44.2940401781129     
   3.48089963730998     
  -18.7849930307566     
  -18.2484615091789     
   3.33534063790512     
  -5.69207865116925     
   32.5679670939507     
   1.22664380235888     
   44.2940227889496     
   3.48077966125429     
  -60.0357801732444     
  -77.1047212066095     
   46.5600095454157     
  -60.6094519775814     
   28.9623467685539     
  -24.8667170829374     
   34.3915940030949     
  -77.1787206111137     
  -11.4444745361002     
  -1.48469499060172     
   64.0128245428129     
  -32.2922980832655     
   36.0251572070943     
   20.4046919089841     
   7.84970391329773     
   4.00505805976341     
   60.3701565538088     
   10.1865600776969     
   25.2493555701540     
   52.5949008061881     
  -22.2853698226998     
   15.5263561893674     
  -17.5070469914628     
   47.0544480942706     
   51.4084661207535     
  -41.7630857130909     
  -13.5562681344823     
  -2.88019734530854     
   12.9755718057330     
  -15.4397684334821     
   42.1428524530612     
  -29.5204015013051     
   23.8836545986469     
   9.01703339621948     
   8.88070134640520     
   2.34939177793694     
   8.70661877501121     
   38.6255627846272     
   60.3746268271245     
   10.1864051094484     
   44.1135730449652     
   31.3633726723837     
   5.40184288289987     
  -5.95108803574665     
  -5.80784871991645     
   3.58855158057857     
   46.1504512851707     
  -1.07257843273085     
   11.0189835493397     
 -1.833009201192890E-004
  3.182289999855126E-003
   76.6521731536005     
  -14.1073424128587     
   88.2795397160271     
   42.1863595034513     
   49.1726307889614     
   10.8416096445321     
   15.7902538683500     
   31.6242880019502     
   88.2792449197440     
   42.1863997964883     
  -19.4735370964830     
  -5.08528409591908     
   46.8971938225693     
   59.7057626664408     
   32.0881680161943     
  -42.3609718160782     
   49.3141232362442     
   12.9478948646648     
   5.23447935143882     
   43.7413925591643     
 -0.180600872797838     
   51.7596413883813     
   37.5190079396178     
   12.1068857989143     
  -9.41090749092110     
   20.7629717933484     
   54.6572823057779     
  -22.8089130179499     
   29.9758158193806     
  -5.68975556159730     
   46.6773945915698     
   59.9261049155328     
   41.1264166909626     
  -19.8091980360436     
  -17.8556458831712     
   1.36161937115314     
   53.3647678041384     
  -19.5619949445552     
  -25.9971715560950     
  -8.98604544920588     
   23.6322055064579     
   12.2140592593191     
   49.2664384368475     
  -4.28563028199274     
   53.3646475486648     
  -19.5621303854756     
  -65.1166787390792     
  -40.1060255417865     
   88.2798777829918     
   42.1862854367931     
   66.2907197259099     
   44.7486006523782     
   53.1830383194750     
   68.8634556758151     
 -0.204130333358780     
  0.433360767805037     
   63.7984572425048     
   20.1847792167858     
   40.3029306229314     
  -13.8725047930130     
   37.6215215126675     
   12.9263190608954     
   69.7534738445254     
  -19.9377448972651     
   56.3880401799162     
   32.9286034819921     
   11.4433855204341     
   35.9873280908361     
   5.09171734521927     
  -49.4842936661432     
   49.6228961365143     
   54.5009512628741     
  0.796339396047735     
   1.88836390307097     
   29.7644145955898     
   7.25024938649514     
   56.5246670463340     
   41.9123152826426     
   18.1689732653022     
   12.0804326192238     
   37.5266032786122     
   12.0336546158700     
   69.9257290397099     
   35.9075301882138     
   69.8057265321560     
  -19.9669343572266     
   15.6302114130958     
   14.2423354279853     
   16.1659369041107     
   3.75867266859496     
  -8.62219381216093     
   27.6971029751135     
   75.7818043170735     
   12.7131645083193     
  -30.3275940068498     
 -0.303982677951129     
  2.168309254060551E-002
   56.9543499419245     
   49.0198363792817     
   81.6761466802416     
   11.8978951506862     
   30.4988202749643     
   15.5761536917607     
   13.1873112991301     
   8.95332603636379     
   81.6772486417272     
   11.8983198311782     
  -31.9753530177172     
   35.9887135560895     
   44.9364462685700     
  -24.2377973505756     
   56.3820020349242     
  -4.69414756540317     
   35.6490026885972     
  -3.74886588285944     
  -36.2334030532224     
   22.1427238116278     
  -28.3588176555359     
  -52.0554490003876     
   3.51969777644835     
  -2.07247595004890     
   34.7561387650498     
   60.9091953045779     
   37.2852001740778     
  -26.1559481011807     
   5.27367039185915     
   18.9238027364180     
   44.9250518988112     
  -24.2911809689807     
   5.65349459727700     
  -2.75637459574028     
  -28.7575396515095     
  0.203084695885476     
   35.3988109327302     
  -26.3640995297811     
  -3.95009397279717     
  -26.9868007603176     
   1.30672472125221     
  -4.29478889677142     
   21.4213116236383     
  -2.34444121626218     
   35.3985166473616     
  -26.3641790281016     
   62.5905877328063     
   62.1153249131708     
   81.6773725718637     
   11.8977224640147     
   30.6647208269102     
  -4.96070437469179     
   48.3742901511343     
   56.3271266434736     
  -13.6438058292230     
   7.53750679526422     
   48.8415107273554     
   5.28913915067772     
   13.3791243072728     
   38.3930487613444     
  0.173453669581757     
  0.362453168042094     
   44.9665243301331     
  -18.1968537516975     
  -2.28043154689791     
  -54.9944363061906     
  -27.2242966867583     
   16.6855738774967     
  -46.3710829920021     
   22.4733531495449     
   50.6085392746086     
  -22.3584946728138     
  -18.2633063339856     
  -11.5251607343786     
  -6.32108680963690     
   11.4102822510747     
   61.5832729292013     
  -13.2820199258985     
   8.98995198169613     
   20.6303085737734     
   3.52783383765423     
  -2.07023880898313     
   47.0908427190307     
  -29.0447864990344     
   45.4053238548941     
  -18.3423409826779     
  -14.0998960714585     
   12.9989496083746     
  -29.2291048412586     
   1.36037801171743     
   11.6973032841855     
 -0.568973686040477     
   17.9831098931948     
  -17.3826841050765     
   29.9975570306303     
   1.30690549995686     
  0.120205634961069     
   54.3991351023710     
   54.3948896417506     
  -51.9415100342849     
  -49.5882415452222     
  -2.69253277349069     
  -38.9363549445360     
  -11.2118471703585     
   23.6957752784364     
  -51.9348756030410     
  -49.5748193535657     
  -46.3788525995256     
   52.1130382963883     
  -23.6395495628542     
   46.4512516073935     
  -58.9006803446480     
  -7.52149380491705     
  -15.6934242008995     
  -13.8226105703562     
  -43.5481208049090     
   27.4016544226700     
   20.7350150944546     
   49.6191057623356     
  -7.20856411834728     
  -1.48608943361794     
  -11.8371742225826     
   52.9386882459911     
  -5.79544309418281     
  -32.0629119899091     
   22.4266906337525     
  -35.1768151880675     
  -29.9285572075408     
   53.0992039961677     
  -39.4394339636803     
  -5.66514414516987     
   25.1495120110255     
  -5.42277286040435     
  -6.42005100455988     
  -28.4438550783649     
   22.6968304048182     
   3.62671773473177     
  -6.63292573549915     
   4.83589451905878     
  -18.3572739517032     
  -10.0960817974199     
  -6.41930452377280     
  -28.4441043067121     
   46.9234006770779     
   77.7801308005781     
  -51.9764744348501     
  -49.6583775710070     
  -3.55902446817984     
   61.0587389624821     
  -64.7891189401253     
   35.1599436659337     
   14.9192569521709     
   2.11608640288637     
  -27.5877805364578     
  -26.9714158993742     
  -48.8343503246053     
   10.7443321361104     
  -7.20237473929203     
  -1.48842651284367     
  -29.2152013048284     
  -34.4142829129962     
  -44.7233686022906     
   14.2749902343663     
  -36.2718677580188     
   18.0546233723042     
   71.9522878067190     
  -44.7874382002608     
  -14.1460818509492     
   27.9922892855563     
   24.5397474594818     
   13.0686783799643     
  -19.4456102311505     
  -2.35971812562299     
  -29.2167315183865     
  -3.99419757751245     
  -23.9280776201226     
   13.5593937350584     
  -7.21489445163708     
  -1.48960546800278     
   22.3034335752930     
  -21.2900074946646     
  -29.2185655550827     
  -34.4767836383559     
   26.7588565987579     
   7.56140977402002     
   10.0016083399143     
  -4.68151332159335     
   4.76898053901665     
   36.6123413042667     
  -29.2541113907315     
  -22.5991894741295     
  -9.75779567556979     
 -0.126593278587373     
  9.270412449656386E-002
   4.82500410542358     
   59.9459916772727     
   60.9903255599414     
   51.7281151703190     
   18.4143492465821     
   25.8156108463100     
   22.6342169017576     
  -18.5696399612666     
   60.9819072940514     
   51.7349691778698     
  -22.3044155904075     
  -39.6025980978738     
   60.6017465630167     
   3.13053416261487     
   61.5805133252992     
   11.1171515115100     
   36.7612641749200     
   5.50434125486422     
  -17.8044561682118     
  -40.9557348845046     
  -30.6857907685677     
   34.6603552450331     
   13.6223363525563     
   1.06319141899798     
  -30.2876585351205     
   19.1906298320275     
   46.4738549116667     
 -0.371707923736675     
  -3.38373177471752     
   12.9183730842436     
   60.9459955442930     
   1.66380176571182     
   41.0880393465766     
  -24.5595288418288     
  -22.8514257421564     
   3.99985904248513     
   45.0325375687566     
 -3.674857696815062E-002
  -19.4369070976967     
   18.5355561271806     
   4.32970241475410     
  -4.85353007602346     
   34.0334017448171     
  -2.41563961114987     
   45.0270790035938     
 -2.631984176090781E-002
  -85.8020903300417     
   35.7346013064462     
   60.9529802618795     
   51.7033907781130     
   37.4686794033759     
   9.45559266602484     
   43.7904702866094     
  -68.6279768039908     
  -11.5867094670651     
  0.856714304397035     
   91.5109144389057     
   39.2617174398431     
   26.2447749475998     
  -29.7381164917180     
   13.2944378118078     
  0.748173287293745     
   59.4884348015792     
  0.483429480597965     
   31.2872591519606     
   49.5799172466631     
  -8.18106313765136     
  -29.3435436346152     
  -52.8733928011744     
   6.64948251943451     
   63.6349536558053     
   15.6628014841258     
  -10.8291698401399     
  -6.63305777523664     
   6.19741598039144     
  -19.8427142174299     
   74.6013965841800     
   24.1215317544447     
   20.7125831243970     
  -12.9179570484470     
   13.6251823182035     
   1.07307937008880     
   43.1963230745117     
   38.9850528460431     
   59.5863227585000     
  0.442432510185880     
   22.7499972010860     
  -55.0798075069579     
  -76.3039374578041     
  -5.89050731586770     
  -9.14805504758910     
  -61.4972115153327     
  -30.6739664460840     
  -31.8787104927832     
  -6.70068963805626     
 -2.926699844438954E-002
  5.766539977487894E-002
   46.8935545198720     
   5.09299792993512     
   13.1823407397850     
  -71.9514318758072     
  -36.2216324663968     
  -79.0673093936547     
  -5.90616956555111     
  -29.1633461501952     
   13.1823004043928     
  -71.9514340155248     
   5.17667481675036     
  -74.2266023806175     
   3.65046690584276     
  -63.5484793137646     
  -14.5163103072765     
   50.7131971159875     
   1.08513600393474     
  -28.0581466751301     
  -32.7070298762504     
   27.0975943702322     
  -34.0458177725282     
  -45.4572192186689     
   3.67222101509562     
 -0.588209246142598     
   51.8026413121641     
   64.6851858799248     
   43.2474675414772     
  -14.8288901097487     
  -60.2856889066512     
  -87.2031800815330     
   3.70268781773424     
  -65.4946647865174     
   33.2084202369676     
  -14.5429308033142     
  -5.56028936354241     
   20.0309293778207     
   42.1518509153469     
  -12.9768990650569     
  -25.9860363307409     
  -6.69733564968210     
  -7.40855442118623     
  -6.90085729399573     
   26.5177956752958     
  -2.40467136579487     
   42.1515737841811     
  -12.9770613904991     
   74.8148755409741     
  -2.65104669401648     
   13.1826711536554     
  -71.9512985992709     
   4.03268089160021     
  -37.3650863424378     
 -0.980087031337541     
  -80.3561648008573     
  -6.89406622911291     
   7.73647462940845     
   25.1810286204286     
  -41.2380973367817     
   41.5563378140193     
  -1.47172430743854     
   3.67754665102392     
 -0.591041801518680     
   60.4186415780378     
  -16.0809264859339     
   51.2343384249452     
   38.5574081856789     
  -23.5007526914844     
   18.5308720473518     
  -96.2364503777226     
  -121.576210564443     
   2.60231736310627     
  -57.2152751498692     
  -14.0953770632254     
   7.41970025272509     
  -21.2846767353290     
  -17.1303089563550     
   2.70798488342595     
  -42.5696674007777     
   23.6188051135455     
 -0.329799356211198     
   3.64312525095964     
 -0.536215136093516     
  -15.9506209048962     
   22.9255045635604     
   60.4217013893658     
  -16.0834497488633     
   3.14891170381134     
  -24.4114740625026     
   89.7331606351505     
  -14.1889256844933     
   4.46834762225925     
   19.3954163799924     
   134.918255435477     
  -31.8690555264459     
   28.5064210948120     
  5.694252927781765E-003
 -8.531275777515916E-005
  -6.99458095082113     
  -39.4131256026144     
   30.9489822402184     
   52.2030130557909     
  -10.2033538259435     
   81.5881505864649     
   3.57106339841401     
   35.5666643078817     
   30.9488756566686     
   52.2030792325441     
   54.6769410315966     
   37.9875437154921     
  -37.1647784384520     
   35.9828192352306     
   18.9723288762455     
   54.7654608491184     
  -6.09528086812155     
   26.6338573312534     
  -12.9379028498755     
   49.1581895984991     
  -64.2949700476336     
   1.17742550330938     
  -5.40856323926863     
   6.82373303959715     
  -62.1505802021242     
  0.902039037286075     
   19.9917405304379     
  -22.2565445089600     
  -29.8607308557972     
   97.4730458916813     
  -40.8520876992719     
   42.0924580571651     
   21.2861700216152     
 -0.995546474125061     
   29.2591710584243     
  0.496169782251137     
   20.9850880557253     
  -19.2565071474949     
  -22.2018190412860     
   20.8225493919714     
  -10.1778690849771     
   11.5305927576922     
   3.73681474295706     
 -0.133121655197246     
   20.9849927479548     
  -19.2566472359858     
  -54.1594920597668     
  -56.8957302381199     
   30.9503664624877     
   52.1981105406315     
  -45.6018670957294     
   8.68349204663314     
   24.0490797375576     
   79.9537764327390     
  0.408635715295468     
  0.331244283664695     
   15.4114721501367     
   23.0750886631749     
   26.2152519714533     
  -24.2125621070818     
  -5.40774141114242     
   6.82109107306720     
   23.3527746490546     
  -37.2003991709223     
   68.8164951741246     
  -4.91361508856677     
  -7.95959756017477     
   41.9842384449852     
  -71.1780925187724     
   127.999341732070     
  -22.3647857190991     
   30.6941678202984     
   38.4246128948260     
   27.6516530257515     
   5.85066065435155     
   21.3497827515473     
  -2.55400610559616     
   37.0124768609380     
   7.71342182218632     
  -16.7639177162360     
  -5.40349517920539     
   6.82690446439133     
  -7.34922975919925     
  -47.1796147192469     
   23.4147014458393     
  -37.4640786123843     
   28.8093252657040     
   16.7469004150148     
   26.2484090028295     
   1.08386391863702     
  -9.22033503107195     
  -20.9437840697278     
   58.6709494740065     
  -22.4918681272945     
  -22.4762579181590     
 -4.475607532018946E-002
  0.166743402708090     
   34.4680187796122     
   25.8742343100436     
  -25.8890054112743     
  -26.5480843525600     
   8.79102755621705     
   10.0241949289366     
   28.0904700346924     
  -27.0074784941621     
  -25.8806868680118     
  -26.5054159542118     
   77.0419492419121     
  -49.9150601394871     
   34.2142883743042     
  -58.0939863742980     
   57.7302695869474     
  -14.0737707754439     
   20.5318489942320     
  -28.9990313720749     
  -40.6086777017215     
  -18.2036689142352     
  -40.6742544627422     
   18.9883147383531     
   9.22435824654460     
  -5.10501003773820     
   72.9659874542949     
  -54.9907955052960     
   41.7069577554436     
   13.1134416604705     
   27.6768923245916     
   26.9805575680320     
   36.9211729330239     
  -61.7187134105098     
   43.8345178492701     
  0.410210573926171     
  -17.8936078643930     
   4.07905415919659     
   39.8000437636536     
   13.3645762809176     
  -17.5458346705586     
  -18.8996652413232     
   1.80629298529978     
  -11.3104484357900     
   31.3589436365876     
  0.659364115940787     
   39.8516421816465     
   13.3347429571549     
   3.81035749659740     
   80.3673204465539     
  -25.9532353083850     
  -26.6570601013974     
   28.7876891363050     
  -34.3989188326533     
   56.0767075711214     
  -68.8097440860564     
  -7.59632600710925     
 -0.699029336686947     
  -12.5877466376003     
  -55.4209073115356     
   36.7679938519117     
   19.3899017587320     
   8.62644167118899     
  -5.11292234553280     
   57.3881397128205     
   25.4796125974835     
   15.1720241121684     
   60.6287495602805     
  -27.0260018805790     
  -14.7420149067890     
   73.5361184915320     
   48.6461192595230     
   24.6700839490523     
  -49.5517098909272     
  -10.7244575152369     
  -9.41131491660549     
   12.3030454820014     
  -19.5024054693760     
   6.14430051271669     
  -42.3731540212890     
   22.3537049967799     
   13.8992790914400     
   9.27633610252819     
  -5.08716362107251     
  -6.90152687523431     
  -34.1279859787638     
   57.4471149204021     
   25.5268114503856     
  -25.3062824435769     
  -50.6639760498640     
  -27.9016509020340     
   3.66273857362959     
   1.83743345882592     
  -91.9276711272966     
  -51.9839703400319     
   21.2029590601115     
 -0.421638837354159     
  9.673719986129711E-002
  1.094456333647691E-002
   25.2937735590173     
   80.8600531977240     
  -82.1825025526900     
   32.6923736837592     
  -56.7865525818736     
  -10.9583519091128     
  -25.9706325011553     
   33.5362045585785     
  -82.1824699004396     
   32.6922649282689     
  -70.7160424226768     
   52.5606153241797     
  -48.1622312634666     
   62.2861078418454     
   12.1579315410557     
   53.8167562233180     
  -41.6488096135909     
   11.2469566919026     
  -10.3258241482604     
   47.5569617897091     
   34.5365642182923     
  -38.9511854197639     
  -13.6194520029014     
   4.70296438395779     
   18.5771271862964     
  -55.4267361623463     
  -44.9577935295218     
  -20.0457435862794     
  -39.4795458259033     
  -29.6781557391275     
  -48.6964943846538     
   62.2797115444682     
  -28.3621000242054     
  -19.7650347291078     
   18.7331175433116     
   7.05688068182519     
  -43.5762492812434     
  -19.6301893305578     
   19.6540221448702     
   16.1328233524071     
  -8.43170293971356     
   3.45242285261874     
  -29.8265370294738     
  -2.85565357625317     
  -43.5762564305262     
  -19.6301820619878     
   85.2818406573243     
   39.0427496309664     
  -82.1825170972549     
   32.6925746387956     
  -35.3418402383993     
   83.9858616935729     
  -63.2404013318228     
   63.8706426777775     
   6.88157777234159     
   3.15358807828777     
  -50.8299053435849     
   19.4810087964053     
  -35.4340946109641     
  -21.8991808614326     
  -13.8454038227897     
   4.69629874630262     
  -58.3701479256036     
  -27.3806417112267     
  -12.2165106826996     
  -60.2387781202137     
  -9.98086059310226     
   36.3927392463173     
   4.95844509947204     
  -52.7817240108722     
  -42.1905358815476     
   52.3096020297446     
   4.86306201442420     
   15.0603442779014     
  -17.4766227022714     
   16.8980790630517     
  -51.1564835537030     
   41.5601208900329     
  -20.3155502279401     
  -14.6635530643754     
  -13.5774510080613     
   4.79955071169886     
   16.4897764229181     
   24.1408886392153     
  -58.3818773338361     
  -27.3868197584266     
   38.7635122299277     
   43.6808589181611     
 -0.318458604261858     
   3.49248756406940     
  -7.93296628328273     
   1.46404661407352     
   29.5595669215903     
  -14.4252497556306     
  -14.2095812519273     
 -0.103561168953223     
  0.439053117507994     
   63.6567323739265     
  -15.7371473201595     
   4.31115635942497     
  -54.7008825700548     
   37.2533778536050     
  -17.1148400225491     
  -5.97185646150185     
  -16.2906835444805     
   4.31120365871340     
  -54.7009230580184     
  -15.3767672289806     
   33.2658524048334     
  -7.90030389922983     
  -45.5267013127299     
   50.3031368079223     
   28.3463722035796     
   26.7411364067507     
  -14.7222007394566     
   2.15303879680445     
  -54.3545684966214     
  -7.66388403723158     
  -56.6830916406994     
   24.9652575116079     
  -15.0621041322973     
  -15.4362965878586     
  -31.7652874130813     
   51.6294549063498     
   10.5192798122789     
   53.7106324785961     
   2.05202538102942     
  -10.6876353861249     
  -54.0760862396506     
   42.4794331515153     
   17.8688063311813     
   6.52947543180258     
   25.9335794193101     
   49.0394451216824     
   7.26995857876219     
   8.86179997991146     
  -27.9864125820063     
   12.5715501740073     
  -12.8521987110625     
   41.6836140382172     
  0.512988847616608     
   49.0402401503752     
   7.27134623574292     
  -76.4221526968520     
   22.8091867374812     
   4.30546046967183     
  -54.7049745683595     
 -0.331810274019936     
  -13.8548156602945     
   10.8439983378352     
  -70.9255172888483     
  -1.69920831437077     
   7.44253164778367     
   24.2697349547323     
  -28.6830622928096     
  -38.7113977200630     
   14.0556081741474     
   24.6526373366593     
  -18.1872194989962     
   68.0134797455296     
   2.26289938892054     
   38.5556561922542     
  -43.9653460848623     
   10.1062760268846     
  -52.7261952002806     
   95.9190959151936     
   28.2534485110545     
  -1.17154994230249     
  -41.8387268125776     
  -5.22380175121221     
   17.5069434366045     
   24.1979859346353     
  -10.4351103374425     
   1.65746918466060     
  -25.6893526903670     
   15.0294230384192     
   16.0231306250216     
   24.9684252725833     
  -15.0124814942701     
   62.0078092567191     
  -38.2944666935893     
   68.0170466688443     
   2.26441860935840     
  -35.4722589334101     
  -35.4781165041829     
  -4.24226223186213     
  -9.57077050487129     
   8.56052359898612     
  -79.2984824285857     
   19.0343093744179     
  -5.47895185396106     
   32.7786868401105     
  9.858581348687327E-002
 -2.897928528962057E-002
  -54.9469324123411     
  -26.5222523262466     
  -2.48521438454891     
   55.2211819885448     
  -23.1557761147475     
   9.15312209335309     
  -33.5885388701167     
   14.6703274674277     
  -2.48551838888359     
   55.2204999960186     
  -20.0259923654171     
   66.7784769718854     
  -41.5797302511078     
   50.9837916525965     
  -25.7472848172244     
  -51.7703493522454     
  -18.7639864290895     
   1.45769523902990     
   35.5087128810951     
   14.1788096838686     
   33.8189616133773     
   24.3233267779748     
  -14.7038936338362     
  -1.60475235459735     
  -79.1225965893225     
  -60.1458489823934     
  -56.3043251244314     
   26.1347654262459     
  -31.9662184669976     
  -14.6775335843870     
  -45.1476412759770     
   53.9986709009522     
  -46.5237781782617     
   15.2349606347867     
   18.1647585579668     
   12.8382011668458     
  -56.1834606152961     
   25.9981563690280     
  -26.6230166325001     
   14.5194154980067     
  -13.0743642419131     
   6.13291833179689     
  -36.7440418785547     
  0.746955294524675     
  -56.1828932251547     
   25.9994127974653     
   18.2962487094093     
  -86.6958325216422     
  -2.48345829963515     
   55.2237096573080     
  -35.0760840674185     
   29.3616272402133     
  -59.3625155280599     
  -49.5586287848401     
   6.07839947177374     
  -1.35178279483703     
  -1.35049677901426     
   22.2510820613982     
   37.7040325003118     
  0.132655394962327     
  -14.4917779964481     
  -1.51476539865623     
  -72.3917687898581     
   18.6245793263719     
  -51.4428497612812     
  -29.8150075727610     
   21.0930916976334     
   9.97466032172788     
  -33.8636589407274     
  -65.5325718076709     
  -29.1353074024071     
   42.9689611852144     
   2.27149375303183     
   29.8112017026238     
  -26.4991952750282     
   2.97856193666233     
  -22.1955750034297     
   30.4623404733554     
   10.8364712864810     
  -14.6700877851653     
  -14.7024453070874     
  -1.62572667433359     
  -5.86781381814047     
  -32.4852423317480     
  -72.3945116294505     
   18.6257682609948     
  -12.5446694249353     
   6.55296119458030     
  0.262382895433401     
  -7.05685150744930     
   12.7606256409166     
  -37.3369769385895     
  -18.5299841657379     
   9.34335621181641     
   33.5522174857470     
 -2.756610108632766E-003
  9.474566082503764E-002
   90.1456204467805     
   24.4431262053967     
   35.9660121330855     
  -60.8019641901594     
   18.4572290259576     
  -14.2179236436925     
   46.4363892320562     
  -12.6603857882262     
   35.9651965879574     
  -60.8011894015077     
   39.8952356177915     
  -55.8502504417741     
   58.0414299730937     
  -48.7564788077942     
   6.03624699191910     
  -53.7371625967045     
   1.21734012912069     
  -29.6416765278185     
   37.5279877381386     
   28.5404148224548     
   52.1247230465088     
   25.5259536306831     
   2.87128829449056     
  0.837780194271045     
  -86.9802647147229     
   16.6619894033765     
  -22.3395563500304     
  -30.5756619641041     
   12.3010348631264     
   10.3460685417506     
   58.0416342741537     
  -48.6745294659084     
  -32.5462737586912     
  -12.1822114409093     
   6.98697337809913     
   21.4268863590092     
  -22.1861461913924     
  -29.3687986539835     
  -26.7025565160802     
   3.17322522471473     
   10.5967487465723     
   6.35371779838957     
  -16.2534421487232     
  -6.28721143893584     
  -22.1832116517178     
  -29.3675993264731     
  -67.9367708380118     
   45.9093959483786     
   35.9674161994039     
  -60.8032110483021     
   61.7842809119578     
  -27.2611893246104     
   50.7073284982942     
  -61.3897433598464     
   2.91094239982882     
   10.0351591728861     
   32.6849513643794     
  -28.5755026081713     
   39.0542926685262     
   15.9680596791458     
   2.87768872421019     
  0.841669020028353     
  -33.7618416616928     
  -40.6362937348331     
  -62.4862633997077     
   5.73839180884539     
   29.7411766493183     
   22.0227354186760     
   19.6290183439526     
   59.8408833703931     
   64.1943319801701     
  -45.8238369518950     
   22.0474903930022     
   10.5525519347543     
   25.5315003332266     
 -0.663975706968365     
   54.4190387571164     
  -35.3119672102008     
   22.3345667099536     
   9.03141898698462     
   2.85671463862564     
  0.798165476871997     
  -11.8540394677129     
   43.7146592411261     
  -33.8106900618044     
  -40.7064939502936     
  -31.8411845534310     
   27.6720448785513     
   12.8490735026809     
  -7.79811775732316     
  -8.97732154739360     
  -13.8964226139265     
   30.7657960750823     
  -16.5420697966033     
  -32.1632106528490     
  0.212933131648626     
 -1.180137337496520E-002
   49.7602421439367     
  -80.1003230928704     
   6.36631920938398     
  -52.2405722958431     
   25.4050176055918     
  -6.28460126788447     
  -12.8743868226357     
  -30.9881024378978     
   6.36805117607083     
  -52.2384164302312     
  -45.4788452693388     
  -64.2675427408571     
  -24.3860436545147     
  -55.9147132194222     
  -7.90478295323791     
   53.8573058894873     
  -23.3170016061136     
  -22.3816892905881     
   39.6843001617687     
  -1.21283755148795     
   25.0471084651098     
  -38.4929236531377     
  -12.6556811821061     
   1.92787786686730     
  -12.4951407889046     
  -55.8988508277675     
  -46.8939586352128     
   4.34026958292890     
   39.8154851681771     
   14.6378926019804     
  -29.3980595313491     
  -61.2519404615870     
  -49.9252121060591     
  -6.35631516987821     
   18.3883503912884     
   8.63091621881765     
  -44.8811498009525     
   5.05339001204617     
  -15.8739489472708     
  -25.1385139398564     
  -14.8138576060333     
  -5.63240170522800     
  -36.3891790282307     
   2.86146080603296     
  -44.8809984207447     
   5.05370481626147     
  -7.19729035773266     
  -93.2884614296639     
   6.36580996495926     
  -52.2422282325298     
  -2.79815549688096     
  -54.1706042716615     
  -41.9719716562165     
  -73.0498737411110     
   5.77695659148496     
  -1.15420583640428     
  -25.5455714848587     
  -44.7749129619941     
   29.1888457456814     
   20.7881901305771     
  -12.4947889770672     
   1.91745902865532     
  -63.7347462030747     
   13.7836647907311     
  -27.2443781566275     
   55.1774850797417     
   25.1014500019153     
  -1.50542171544234     
   83.1009520653624     
   37.5326560185339     
  -12.4215344289852     
  -42.2007240971013     
   11.3242529590675     
  -4.23408889140434     
  -30.0052639364587     
  -5.78571269588955     
  -12.2043464199730     
  -27.0945498750370     
   4.12560573233435     
   19.6860718926593     
  -12.6527346291534     
   1.94858543929416     
   2.28513711320937     
   26.3010634701909     
  -63.7365774342449     
   13.7829362848417     
   11.7456468350483     
  -21.0095265922091     
  -43.1865204466446     
   12.9142149229881     
  0.684363907386338     
   23.5686810398236     
  -24.5258842515934     
   38.2046021595144     
  -3.56419407273955     
 -4.417705207413094E-002
   3.97973171420295     
  -14.3729555059544     
  -72.2853778421918     
  -49.6463134551922     
   18.4584613799819     
  -32.6933545004409     
  -28.6867080227608     
  -5.52952918437273     
 -0.466512405091809     
  -49.6443478912014     
   18.4571923258714     
  -55.6353285412039     
   7.97820139582477     
   32.3151813865360     
  -17.0563606013097     
   13.9738768633585     
  -46.0848497625625     
  -13.2531295919200     
   18.9544146558069     
  0.369715120971514     
   48.6826332852422     
   62.5775748533513     
   35.7270944817514     
   10.5649316512259     
   9.27355175897418     
   42.0435952514922     
   44.1202708593497     
   6.25686806635794     
  -29.6431443229265     
  -26.3841192083644     
  -53.2614783044943     
   36.9347534287656     
  -21.7538547550441     
  -9.65349897774441     
  -16.8013774780837     
   6.16704758849556     
   37.2401251564759     
   7.82927166827057     
  -26.8153448913715     
   11.0569541944111     
   22.7988511949469     
   13.1539146960989     
   10.7979569251369     
   7.03533188458902     
  -9.93546137231034     
   7.82926421404833     
  -26.8153434386972     
  -53.5769380647338     
  -48.2909165782387     
  -49.6575241479345     
   18.4745504434670     
   11.0196275783883     
  -18.3356823187931     
  -66.5138992588143     
  -9.77279193427878     
  -1.48161559611956     
   21.4402574417076     
  -25.2295192458412     
 -0.982049821444335     
  -15.6486622739520     
  -43.2679296503702     
   8.98584417134214     
   11.8261696412390     
   10.7185908104928     
  -42.0281310880409     
   56.4871754585376     
  -10.3310601817210     
   2.11977963160630     
   41.2596987662460     
  -32.1901092637627     
  -103.205287343026     
   20.6605261640781     
  -3.29615538965550     
   22.3613857789692     
   29.4461939524913     
  0.685212979424375     
   24.5220149327471     
  -6.08472126118115     
   6.28770298575831     
   6.34746412626531     
  -22.5418075642980     
   10.4874782396856     
   8.90683070486665     
   43.9781474104911     
  -33.2327837863827     
   10.7171412344564     
  -42.1898617331987     
   23.0053548610146     
  -54.7749000776050     
  -59.8258914911638     
  -4.13084392811325     
   1.50416287566685     
  -8.28836165912491     
  -71.8087332077674     
  -28.9392117229846     
  0.762179610773557     
 -0.346826263984925     
  0.739083741628742     
  -75.4485674819946     
  -68.6794952338745     
  -40.3649911560772     
   6.46239061466463     
  -55.3195870427161     
  -41.1196046401820     
  -13.9022259725041     
  -16.8541290207346     
  -40.3651181353842     
   6.46183168860972     
  -42.7629545810831     
   19.6307322691440     
   1.03818179331916     
  -53.0377055214960     
  -10.5676594736976     
  -54.8598288240863     
 -0.775921510099473     
  -15.5085409389434     
  -44.9179728172340     
  -9.93517417298333     
  -28.0924557284143     
   42.7619285606214     
   7.33723614519474     
  -3.93801185871546     
  -30.8706773115402     
   29.5933582509117     
   36.2000222923973     
   7.06345532304391     
  -65.3682871378144     
  -64.3934522388449     
   2.35919097852726     
  -54.9732111899879     
   32.7194956905155     
  -20.6522547809940     
  -4.60383866855416     
   26.5412189362337     
   33.3392056059073     
   5.36059677246403     
  -24.7692951648545     
  -5.00398994965846     
  -4.58397283552248     
  -1.34214424896178     
   25.6823964199585     
  -4.70274469134705     
   33.3390842537293     
   5.36268557291542     
  -5.27285889207134     
   92.9960910455864     
  -40.3644232931128     
   6.46956213524339     
  -16.9248522603811     
  -64.1326538789636     
  -17.1939094218363     
  -69.4473737856591     
  -11.0225857983765     
   11.8970630039834     
  -8.79933707044798     
  -1.16694431691163     
   37.9416109718825     
   15.6976137786738     
   7.33677508493483     
  -3.93682414030953     
   52.1106051882089     
  -1.27253440776533     
   19.8595059998901     
  -45.6020941539395     
  -30.3762661570616     
  -7.95525699308170     
  -101.231653187246     
  -99.7084687313173     
  -6.06014324088558     
  -40.8192924128526     
  -19.2455054207941     
   20.4287575488626     
  -22.3716871561590     
  -5.40422886554679     
  -17.3945109363324     
  -22.5764190300540     
   26.0605103874499     
   4.61967583433164     
   7.28299826077638     
  -4.04909345529223     
   47.9612734753191     
   38.4955911673673     
   52.1210140850022     
  -1.27387158284561     
   15.0869784023522     
  0.717248440507815     
  -49.5654928658086     
   16.7539078407551     
 -0.136076928118267     
  -3.50393276072858     
  -2.24670387651611     
   41.3484467784477     
   6.44896827363870     
  -1.22497749219464     
   1.75067948392104     
  -21.1406226742746     
   28.9594007205501     
   68.8465981470071     
  -46.3593328626695     
   19.2577874434500     
  -51.8694987206795     
   2.10268621969013     
  -33.1817840648647     
   68.8464614199360     
  -46.3593870923669     
  -34.4283928799223     
  -60.6421409148656     
   44.1677970050886     
  -26.0575899499032     
   32.2450707240782     
  -42.9618867506240     
   18.2242531456524     
  -40.6940703781479     
   12.6036860130850     
   48.4163338103705     
   39.5867352068967     
   54.7857530818549     
   7.18692120790945     
   5.31041819347063     
   10.4632711737247     
   52.0668207245213     
   18.3078230622522     
  -31.9887698179955     
  -4.68658844975589     
  -59.5087299420649     
   45.3290574057838     
  -28.5473027090052     
   2.62299441150506     
  -15.3998681670766     
  -25.0637036530860     
   11.3045899525774     
   18.4932873869242     
  -28.7604229847863     
   18.2014063584340     
   20.9231262140552     
   8.44521744424458     
   4.17597521961119     
   15.4633808596171     
  -10.0719787219113     
   18.4929527323006     
  -28.7627785509236     
  -88.2760921645822     
   46.8385929821181     
   68.8454983596440     
  -46.3600902337651     
   22.8078734449636     
  -14.6445113429719     
  -30.0115303776121     
  -77.9444488157136     
  -11.5600698633840     
   10.9160936829892     
   60.2795345734583     
  -13.9968198299179     
  -11.6279474769180     
  -40.5638004244336     
   5.60627751976064     
   7.37838436587652     
   35.7714839311084     
  -34.8876438670064     
   51.9432206674882     
   15.1223529758036     
   11.0204486306711     
   40.5465391589887     
  -42.1727910827503     
  -92.6740094162843     
   44.2507076355681     
  -14.1342627924788     
  -28.3506762273046     
  -10.5476560520134     
  -6.08344728932785     
  -14.7979217688722     
   42.6557636992078     
  -27.5973426122369     
  -1.86661227090200     
  -21.4110961028786     
   7.20384436368450     
   5.22292981712744     
   59.2476572138635     
  -12.6667239304279     
   35.8080467637544     
  -34.9645760354914     
  -44.7724801393295     
   33.2396906616843     
   30.4364685446805     
  -8.58983483550833     
  -3.57783072022615     
   79.9871635506452     
   14.5732049277799     
   6.04974117551354     
  -9.66801153895399     
  1.333466893416099E-002
 -7.083745250166716E-003
  -59.4427181402219     
  -62.7856413503833     
   9.49346056303772     
  -33.2036801944457     
   23.1581978969296     
   15.2532777161265     
  -37.9136975040156     
   18.6261634604177     
   9.49552755703069     
  -33.2031956717193     
  -85.3974108072906     
   41.5472692276073     
  -66.1761695999066     
   11.8493170316175     
  -32.9403521068385     
  -47.4249076847775     
  -36.0592281553371     
  -8.13251986775588     
  -13.9313817598141     
   45.2204925564902     
   18.7979291632422     
   31.3636177813810     
  -27.8832752893841     
   6.35849987398743     
  -38.6815847223750     
   52.1147979118233     
  -50.9119745910693     
  -32.2643295330994     
   28.0025679379956     
   40.1731988877547     
  -71.4548203578399     
   14.5044847236694     
  -67.1776974266456     
  -2.05989503723130     
   15.7589598030160     
   8.37053191619679     
  -50.0899038298083     
  -29.5740546006930     
  -4.90475831395850     
  -24.7747948822375     
  -17.2243317065363     
   5.58372537635714     
  -47.6543498466218     
  -9.22937319480066     
  -50.0864593014583     
  -29.5737386506777     
   83.2919836773618     
   3.31325574580950     
   9.50080610118332     
  -33.3199659436052     
  -55.4475419103945     
  -5.39012617077737     
  -73.1933523414699     
   50.9826043050867     
   2.52003763101412     
   1.21305348537961     
  -4.73746782396866     
  -3.76968382235067     
   7.66609169920134     
   41.4079299376583     
  -28.3892550556792     
   8.32258119247908     
  -67.0600563351044     
  -30.4518580921068     
  -58.5797345144837     
   23.0333028663482     
  -16.7656888711160     
   38.1724842205187     
   21.8343140520821     
   90.2934535968623     
  -50.0203158242484     
   4.38319738168033     
  -1.60998811079120     
   6.25935547397116     
  -18.7886846199125     
   17.9532930836013     
  -26.6279314100197     
  -10.0123702361484     
  -10.6953623755207     
   25.6611317213039     
  -27.8633581671392     
   6.21641581071002     
  -12.9683109131327     
  -29.0520993288529     
  -67.0703125862567     
  -30.4737015782529     
  -18.5859712163390     
  -22.4902250778747     
   8.91695725461260     
   4.03021454689906     
  -6.72706225080091     
   6.29319375861900     
  -34.9998032504639     
   26.1161565860337     
  -15.2572746548964     
  0.967706046206414     
  0.549332659882641     
  -44.9257494837232     
   16.7490887809784     
  -78.0436084640009     
  -30.2513336838358     
  -38.8936680932812     
   2.45643658038780     
  -3.76088230530923     
  -28.3472265152352     
  -78.0435756557371     
  -30.2512903492254     
   24.1597575895504     
  -60.2399085089223     
  -19.3594977717136     
  -57.8024541071672     
  -57.9809096590026     
  -2.04436170502996     
  -26.9147075541155     
  -23.7149300406330     
   27.4623103318225     
   36.0350707897385     
   20.5159619153830     
  -55.8033108292767     
  -6.20571361739856     
  0.225628425434365     
  -50.5207236368562     
   61.2328248687787     
  -35.3322798021545     
  -7.17466827673626     
  -19.1008187934374     
   18.4376409438871     
  -19.5422191632820     
  -62.7151454344163     
  -21.9457897375669     
   11.8064759326443     
   20.1122743207145     
   12.6696964489415     
  -32.3661329385739     
  -7.08044909279074     
   18.1648847296559     
  -20.2860941841288     
 -0.137449940754238     
  -5.51380263645511     
  -20.6102606664729     
 -0.307781405988867     
  -32.3670424043846     
  -7.08012267752846     
   76.1983757272074     
  -53.0777193481973     
  -78.0443409576801     
  -30.2523265600744     
  -11.0606499770396     
  -31.8746923558197     
  -2.48678719496069     
  -79.2318070320726     
   12.1849410147075     
   5.87914754584089     
  -57.0375168001547     
  -53.7112081473466     
  -30.9751172426398     
   24.9974187074611     
  -5.96897539563719     
  0.455076098907379     
  -50.6520167748478     
  -15.5742576671660     
  -11.1890582628728     
  -55.0718786112944     
   17.9795854260846     
   24.7994208664668     
   11.6025548902505     
   58.7296023755006     
  -25.5662384748883     
  -48.6988130476732     
   22.1278379804168     
  -5.98585306882793     
  -14.6388061757169     
  -13.3214146266704     
  -42.2989500798485     
  -38.0659093428502     
  -17.8844565529668     
   15.2432733817752     
  -6.21652255341320     
  0.224461196738101     
  -56.6672986470765     
  -26.1268455197065     
  -50.6713464725764     
  -15.5763757014156     
