 % This stores fret (the f-value) and iter (number of iterations to converge)
  -1342.72478367622        1200.00000000000     
  -1342.72509283909        506.000000000000     
  -1342.72509283935        784.000000000000     
  -1339.05693123737        861.000000000000     
  -1342.72509284052        797.000000000000     
  -1339.05693123406        569.000000000000     
  -1342.72509283635        601.000000000000     
  -1342.72509283711        765.000000000000     
  -1342.72509283961        692.000000000000     
  -1342.72509283967        629.000000000000     
  -1342.72509283866        771.000000000000     
  -1339.05693122984        1200.00000000000     
  -1342.72509283980        449.000000000000     
  -1342.72508389546        1200.00000000000     
  -1342.72509283523        624.000000000000     
  -1342.72509239439        1200.00000000000     
  -1342.72509284152        514.000000000000     
  -1339.05687500746        1200.00000000000     
  -1342.72509284140        487.000000000000     
  -1342.72509283894        549.000000000000     
  -1342.72509283869        594.000000000000     
  -1339.05693123173        987.000000000000     
  -1342.72509283522        710.000000000000     
  -1342.72509284105        529.000000000000     
  -1342.72509283485        995.000000000000     
  -1342.72509283960        479.000000000000     
  -1339.05680393886        1200.00000000000     
  -1342.72509284171        454.000000000000     
  -1342.72509283670        947.000000000000     
  -1342.72509282346        1200.00000000000     
