   1.7842000e+04  -9.7800000e+01  -2.2600000e+02   4.6600000e+01   2.6000000e+00   1.9000000e+00   6.8000000e+00
   1.6751000e+04  -2.8460000e+02   3.6300000e+01   5.0100000e+01   5.9000000e+00   4.1000000e+00   1.3800000e+01
   2.1644000e+04  -2.3500000e+02  -2.6600000e+01   5.3200000e+01   3.7000000e+00   2.6000000e+00   8.5000000e+00
   2.2271000e+04  -2.6280000e+02   2.6000000e+00   4.8000000e+01   4.8000000e+00   3.6000000e+00   1.5400000e+01
   2.2280000e+04  -9.3500000e+01  -2.6430000e+02  -2.1100000e+01   5.1000000e+00   2.9000000e+00   1.0000000e+01
   2.3190000e+04  -1.6420000e+02  -1.5100000e+02   3.1500000e+01   2.5000000e+00   1.8000000e+00   6.3000000e+00
   2.5096000e+04  -2.3480000e+02  -9.7800000e+01  -6.7900000e+01   4.9000000e+00   3.1000000e+00   1.1700000e+01
   2.8475000e+04  -2.9440000e+02   6.2000000e+01   7.4500000e+01   6.2000000e+00   4.9000000e+00   1.1900000e+01
   3.2049000e+04  -1.1360000e+02  -2.2680000e+02   4.2000000e+00   2.6000000e+00   1.8000000e+00   5.4000000e+00
   3.5109000e+04  -2.3310000e+02  -2.7600000e+01   5.1800000e+01   3.6000000e+00   2.5000000e+00   8.4000000e+00
   4.2349000e+04  -1.0150000e+02  -2.1820000e+02   5.8000000e+01   6.5000000e+00   5.7000000e+00   1.3700000e+01
   4.2555000e+04  -9.4400000e+01  -2.3140000e+02   4.3000000e+01   2.7000000e+00   1.9000000e+00   6.8000000e+00
   4.2559000e+04  -1.6170000e+02  -1.5040000e+02   5.3400000e+01   2.4000000e+00   1.7000000e+00   6.2000000e+00
   4.2643000e+04  -1.3440000e+02  -1.9840000e+02   7.0000000e-01   2.3000000e+00   1.7000000e+00   5.4000000e+00
   4.2560000e+04  -1.9220000e+02  -1.1080000e+02   5.8000000e+00   3.6000000e+00   2.7000000e+00   8.7000000e+00
   4.9626000e+04  -2.9140000e+02   6.2200000e+01   7.8000000e+01   6.8000000e+00   5.6000000e+00   1.8900000e+01
   5.4084000e+04  -1.6620000e+02  -1.4490000e+02   3.2000000e+01   2.6000000e+00   1.9000000e+00   6.3000000e+00
   5.7770000e+04  -2.4330000e+02  -8.9300000e+01  -6.4300000e+01   5.6000000e+00   3.6000000e+00   1.3000000e+01
   6.2514000e+04  -1.2080000e+02  -2.2510000e+02   2.6000000e+00   2.4000000e+00   1.9000000e+00   5.2000000e+00
   6.2520000e+04  -1.0400000e+02  -2.2260000e+02   3.9600000e+01   2.7000000e+00   2.1000000e+00   6.5000000e+00
   6.7820000e+04  -2.3980000e+02  -1.3000000e+01   5.1600000e+01   4.5000000e+00   3.1000000e+00   9.5000000e+00
   7.3786000e+04  -1.7960000e+02  -1.8910000e+02  -1.4070000e+02   2.0500000e+01   6.9000000e+00   4.8400000e+01
   7.7218000e+04  -1.7390000e+02  -1.5180000e+02   2.0300000e+01   2.5000000e+00   1.7000000e+00   5.5000000e+00
   7.7296000e+04  -2.0080000e+02  -1.1260000e+02   1.0300000e+01   4.8000000e+00   2.8000000e+00   1.0400000e+01
   8.1017000e+04  -2.9670000e+02   7.3800000e+01   4.9200000e+01   5.5000000e+00   4.1000000e+00   1.1300000e+01
   8.2606000e+04  -2.7370000e+02   6.9000000e+00   5.9400000e+01   4.6000000e+00   3.5000000e+00   1.5500000e+01
   8.3805000e+04  -2.4690000e+02  -1.2100000e+01   4.8700000e+01   3.7000000e+00   2.5000000e+00   8.8000000e+00
   8.8698000e+04  -2.9730000e+02   7.0900000e+01   5.2200000e+01   5.1000000e+00   3.7000000e+00   1.0600000e+01
   1.0136100e+05  -1.7030000e+02  -1.4830000e+02   2.1300000e+01   2.3000000e+00   1.6000000e+00   5.4000000e+00
   1.0136200e+05  -1.2320000e+02  -2.2840000e+02   7.0000000e-01   2.4000000e+00   1.7000000e+00   5.2000000e+00
   1.0277600e+05  -2.9690000e+02   6.8500000e+01   5.2200000e+01   5.5000000e+00   4.6000000e+00   1.1600000e+01
   1.0313800e+05  -1.4970000e+02  -1.9250000e+02   8.2000000e+00   2.6000000e+00   1.9000000e+00   5.8000000e+00
   1.1093900e+05  -2.3630000e+02  -9.5300000e+01  -7.9900000e+01   5.1000000e+00   3.5000000e+00   1.2400000e+01
   1.1286800e+05  -2.9910000e+02   7.3200000e+01   4.9900000e+01   4.8000000e+00   3.4000000e+00   1.0300000e+01
   1.2078800e+05  -2.4330000e+02  -2.5000000e+01   4.6800000e+01   3.4000000e+00   2.3000000e+00   8.4000000e+00
   1.2618900e+05  -1.7430000e+02  -1.5360000e+02   2.2500000e+01   2.3000000e+00   1.6000000e+00   5.6000000e+00
   1.2629200e+05  -1.2440000e+02  -2.3220000e+02   4.0000000e-01   2.5000000e+00   1.8000000e+00   5.3000000e+00
   1.2638900e+05  -1.1200000e+02  -2.2900000e+02   4.8900000e+01   2.6000000e+00   1.8000000e+00   6.4000000e+00
   1.4893900e+05  -1.1070000e+02  -2.1690000e+02   1.2000000e+00   2.3000000e+00   1.7000000e+00   5.2000000e+00
   1.5815400e+05  -2.8640000e+02   7.0500000e+01   8.7400000e+01   5.6000000e+00   3.9000000e+00   1.1100000e+01
   1.6050300e+05  -1.5350000e+02  -1.4180000e+02   5.6300000e+01   2.6000000e+00   1.9000000e+00   8.2000000e+00
   2.0503100e+05  -2.3140000e+02  -8.5900000e+01  -5.1900000e+01   6.4000000e+00   4.0000000e+00   1.3100000e+01
   2.0836400e+05  -2.8850000e+02   6.8900000e+01   8.4500000e+01   5.7000000e+00   4.5000000e+00   1.1100000e+01
   2.1574700e+05  -1.0920000e+02  -2.1680000e+02  -1.0000000e+00   2.5000000e+00   1.7000000e+00   5.2000000e+00
   2.2743500e+05  -2.3290000e+02  -8.7500000e+01  -5.2400000e+01   5.7000000e+00   3.6000000e+00   1.3300000e+01
   2.3870400e+05  -1.6280000e+02  -1.4210000e+02   2.8700000e+01   2.3000000e+00   1.6000000e+00   6.1000000e+00
   2.3879000e+05  -1.3320000e+02  -1.9170000e+02   8.2000000e+00   2.3000000e+00   1.6000000e+00   5.2000000e+00
   2.6184100e+05  -2.8720000e+02   6.1900000e+01   8.4700000e+01   6.0000000e+00   3.9000000e+00   1.2600000e+01
   3.1274300e+05  -2.3540000e+02  -1.7200000e+01   8.0200000e+01   3.7000000e+00   2.9000000e+00   1.0700000e+01
   3.1492100e+05  -9.8500000e+01  -2.2260000e+02   6.3100000e+01   5.1000000e+00   4.3000000e+00   1.2100000e+01
   3.3155200e+05  -2.9090000e+02   6.5300000e+01   8.5300000e+01   5.6000000e+00   4.2000000e+00   1.1300000e+01
   3.3163500e+05  -2.8880000e+02   3.6900000e+01   5.6100000e+01   5.7000000e+00   4.9000000e+00   1.6000000e+01
   3.5262000e+05  -1.2220000e+02  -1.8560000e+02   3.5100000e+01   7.0000000e+00   4.5000000e+00   1.9500000e+01
   3.0036393e+07  -2.9160000e+02   6.6700000e+01   9.4100000e+01   6.1000000e+00   4.2000000e+00   1.1700000e+01
   3.8928600e+05  -1.1300000e+02  -2.3150000e+02   1.3500000e+01   2.7000000e+00   1.9000000e+00   5.8000000e+00
   3.9998000e+05  -2.2710000e+02  -8.8000000e+01  -4.3900000e+01   5.3000000e+00   3.3000000e+00   1.2700000e+01
   3.0062741e+07  -1.5610000e+02  -1.4380000e+02   5.1500000e+01   2.6000000e+00   2.0000000e+00   9.1000000e+00
   3.0062748e+07  -1.8110000e+02  -1.0940000e+02   3.6900000e+01   4.1000000e+00   2.6000000e+00   1.2900000e+01
   3.0069218e+07  -8.4600000e+01  -2.1910000e+02   6.6400000e+01   4.0000000e+00   2.6000000e+00   1.0800000e+01
   3.0069222e+07  -9.0300000e+01  -2.2640000e+02   5.0600000e+01   2.9000000e+00   1.9000000e+00   7.1000000e+00
   3.0069457e+07  -9.1200000e+01  -2.4600000e+02   2.0400000e+01   3.6000000e+00   2.4000000e+00   8.3000000e+00
   3.0073191e+07  -2.8790000e+02   7.0300000e+01   8.2800000e+01   6.7000000e+00   4.1000000e+00   1.2000000e+01
   3.0076454e+07  -2.6160000e+02  -1.1000000e+00   6.4400000e+01   4.7000000e+00   3.4000000e+00   1.5500000e+01
   3.0092060e+07  -1.1990000e+02  -2.1200000e+02   7.3000000e+00   2.7000000e+00   1.8000000e+00   5.6000000e+00
   4.7813800e+05  -1.6350000e+02  -1.5600000e+02   2.3200000e+01   2.7000000e+00   1.9000000e+00   7.2000000e+00
   4.7814100e+05  -1.9070000e+02  -1.1600000e+02   3.2400000e+01   4.5000000e+00   3.1000000e+00   1.3800000e+01
   4.7815900e+05  -1.2400000e+02  -2.1740000e+02   9.7000000e+00   2.7000000e+00   1.9000000e+00   6.1000000e+00
