           1 % nrand - number of ransom starts used
         201 %np number of parameters
 % format is i = 1,j=1:np then i=2,j=1:np and so on until i =nrand and j = np
  -97.6922533469198     
  -225.945321741709     
   50.6746366242583     
  -283.039896688990     
   34.9849647158192     
   47.2902818447792     
  -234.109292883735     
  -27.3449352011380     
   52.8120055512335     
  -261.842180356084     
   1.74386308538579     
   47.0697605319476     
  -95.9185220873833     
  -263.038455813667     
  -16.9762603421037     
  -164.324785541779     
  -150.923645902953     
   32.0173108390518     
  -233.721012589456     
  -97.8944788721485     
  -55.9125674151705     
  -291.740875929927     
   59.1302015497337     
   83.2729509002187     
  -113.769267697419     
  -226.495915316015     
   8.05455329266776     
  -231.399120931412     
  -28.8010865872586     
   39.3297463585580     
  -105.962632984551     
  -214.766220955996     
   54.2848831436616     
  -94.6103957005286     
  -231.048827589852     
   46.3902003762015     
  -161.963524501169     
  -150.053225419567     
   51.5855069371349     
  -134.737139101426     
  -197.986998028247     
   2.13922001132909     
  -192.465529145269     
  -110.519605933272     
   9.18076572965422     
  -287.291536952877     
   57.5072507423093     
   82.0806271247282     
  -166.626893519956     
  -144.509175880550     
   35.0196246880197     
  -241.263086717953     
  -89.2439044701424     
  -42.9681696021463     
  -121.299526605979     
  -225.074487879149     
   1.50428515209390     
  -104.818114710671     
  -221.649945102533     
   38.9906499949380     
  -238.350226818601     
  -14.0102714575871     
   47.8039575078525     
  -185.410630514899     
  -185.654808414957     
  -39.8459593174425     
  -173.789131677892     
  -151.796174138557     
   21.2729916394367     
  -200.721551846437     
  -113.000102503191     
   5.47172180139036     
  -293.026938857089     
   70.7959780765097     
   39.4885984569313     
  -274.622418607973     
   6.90107917121751     
   59.5373166355847     
  -246.602385634396     
  -12.4145352486690     
   46.8064376607074     
  -295.985319184673     
   69.7278961957651     
   41.9530251640214     
  -170.088339404350     
  -148.450382829715     
   21.8657879610295     
  -123.868918358062     
  -228.147570432179     
  -1.29013672202843     
  -294.186685597782     
   65.4485672929407     
   54.8903348236847     
  -150.486944603315     
  -192.004018821525     
   10.2239611671289     
  -234.519874492160     
  -95.6733137536452     
  -59.6695104347263     
  -298.219973126241     
   72.3238762012628     
   40.0488967785402     
  -242.684211806184     
  -25.5927173350997     
   44.3752873856583     
  -175.045474966672     
  -153.661688053107     
   17.8282924247764     
  -125.731817702969     
  -232.010145101734     
  -2.46854371586261     
  -112.606307384704     
  -228.729896602830     
   53.4035436097818     
  -110.933513041530     
  -216.622475455089     
 -0.739260094597244     
  -282.997957004375     
   68.0701144195967     
   77.5286126407865     
  -153.679384833245     
  -141.884247423191     
   52.7642235002538     
  -228.709157743451     
  -86.6372079111069     
  -36.0468994890050     
  -285.280636871673     
   65.5859133256681     
   93.7054273209266     
  -108.658525311349     
  -216.380702258407     
  -1.97048596412059     
  -231.554313297427     
  -87.7605159342578     
  -40.6377608362045     
  -161.670584032240     
  -142.330894126393     
   26.5034241006485     
  -133.393916774517     
  -191.405117256329     
   8.58609288687853     
  -284.182580155276     
   59.5201265985507     
   77.7931370286448     
  -234.895972611383     
  -17.8998006677712     
   76.5572104340813     
  -102.584450895538     
  -219.294161025053     
   58.9154115469784     
  -288.808455291428     
   62.7853205695168     
   81.6588455535942     
  -285.984607071755     
   32.2932523163697     
   35.0595485104824     
  -123.970652048024     
  -183.923365622077     
   34.5948280734050     
  -289.463282988747     
   64.7405043711928     
   89.9366166454275     
  -113.676426818823     
  -231.163003976508     
   14.0555258579923     
  -226.606612766001     
  -87.8496546691826     
  -34.6061553782698     
  -155.547619818173     
  -144.004760324497     
   62.2141187266026     
  -180.908364311935     
  -109.360850389604     
   43.6905583215972     
  -86.1309490698211     
  -218.411550246957     
   57.7453242047039     
  -90.5205063719890     
  -226.131088946869     
   51.4466352645901     
  -92.9612336734586     
  -245.057584882044     
   19.5494453328366     
  -284.737289316049     
   68.7926321697759     
   78.9176828603015     
  -261.160855792757     
  -1.63579534800986     
   69.9510711455610     
  -120.863949978929     
  -211.226430666183     
   8.12244267326881     
  -163.445677696385     
  -156.333503178434     
   16.5025230534080     
  -191.762057164618     
  -115.109692327481     
   34.6702446684016     
  -124.471885090596     
  -216.878449198623     
   11.5369213617954     
