  -2.9475523e+02
  -6.8667911e+01
   1.9329928e+02
  -2.2294028e+02
   1.4185059e+02
   4.4425104e+01
  -5.6905943e+01
   6.4658156e+00
   2.1452216e+02
  -2.1749159e+02
   7.6772110e+01
  -1.4387421e+02
   1.9671190e+01
  -7.7446594e+01
   3.3614980e+01
  -3.6293861e+02
  -1.3086224e+02
   2.0912228e+02
  -1.1601686e+02
   1.3078739e+01
  -2.5158794e+02
  -2.3767334e+02
   1.0614017e+02
  -1.1231344e+01
  -2.4220855e+02
  -3.1362649e+01
   7.5101519e+01
  -2.2133971e+02
  -2.0829511e+02
   8.6271327e+01
  -2.1400259e+02
  -2.4044367e+01
  -1.1601215e+02
  -7.5179025e+01
  -3.4950553e+02
   1.9468474e+02
  -3.3840505e+02
   1.4590873e+01
   4.8563726e+01
  -9.9365162e+01
  -1.3218159e+02
   1.5729023e+02
  -2.2575858e+02
  -1.2587144e+02
   1.1071789e+02
  -4.1682191e+02
  -1.1846670e+02
   1.4012193e+02
  -3.4063571e+02
  -1.6072433e+02
   2.2059261e+02
  -4.1338689e+02
   3.0680230e+01
  -1.9584436e+02
  -1.9678502e+02
  -3.0932675e+02
  -1.4301394e+02
   7.3633967e+01
  -1.4455905e+02
   1.4168427e+02
  -4.7509347e+01
  -1.0928842e+02
  -2.3113214e+01
  -1.5755380e+02
  -1.0380811e+02
  -1.5539903e+02
   2.1510255e+01
  -6.3652126e+01
  -4.3926339e+01
  -1.2417604e+02
  -1.9289322e+01
  -1.8585127e+02
  -4.0003565e+02
   1.2273231e+02
  -1.7279423e+01
  -1.4977453e+02
   2.0281176e+02
  -4.1870697e+01
  -7.3095324e+01
  -1.5114887e+02
   2.4632436e+02
  -4.4577861e+02
  -4.7770967e+01
   2.1442679e+02
  -9.5569256e+01
  -2.0573369e+01
  -3.8792661e+01
  -2.0430203e+02
  -4.0502586e+02
  -8.8053810e+01
  -2.3801167e+02
   8.3902714e+01
  -1.1063053e+02
  -1.6419648e+02
  -3.1643867e+02
  -9.5587889e+01
  -6.7184143e+01
  -5.5507689e+01
   8.0758650e+01
  -4.0241124e+02
  -9.8968050e+00
  -2.0401632e+01
  -1.7923739e+02
  -1.8848491e+02
   7.5881339e+01
  -2.4138521e+02
  -1.5089309e+02
  -1.0347397e+02
  -1.3369880e+02
  -7.8547068e+01
   9.5564076e+01
  -1.2449069e+02
  -1.8277278e+02
  -1.0639744e+02
  -2.8328427e+01
  -3.9834316e+02
  -4.5299333e+01
  -3.9042025e+02
   2.5126971e+02
   2.3234586e+02
  -6.6618962e+01
  -2.7418784e+02
   1.9913317e+02
  -8.5321319e+01
   4.4768416e+01
   7.5845464e+01
  -3.2410414e+02
   1.1345075e+02
  -1.7221983e+01
  -1.3928513e+02
  -7.7880217e+01
   1.5803533e+02
  -5.1185450e+01
  -2.4185075e+02
  -1.0750590e+01
  -1.0232555e+01
  -8.2412071e+01
  -1.1540745e+02
  -5.3764934e+01
  -3.4577398e+02
  -1.2727946e+02
  -3.6503954e+02
   5.1264887e+01
   2.3796114e+02
  -1.0366956e+02
   5.6072420e+01
   2.7163405e+02
   8.9741830e+01
  -3.6928055e+02
   1.0362703e+02
  -3.7085891e+02
   5.0931281e+01
   3.0022404e+01
  -8.9575102e+01
  -1.3460000e+02
  -5.1338481e+01
  -1.4590063e+02
  -1.5311263e+02
   1.4992187e+01
  -4.8910924e+02
   9.3091555e+01
   1.5134060e+02
  -1.9623955e+02
  -3.2939512e+02
  -8.8412997e+01
  -1.5034861e+02
  -1.9260235e+02
  -5.6694551e+01
  -1.5896029e+02
  -3.3741849e+02
   5.0472710e+01
  -3.4770895e+02
  -1.5550211e+02
  -1.3311402e+02
  -2.0628514e+02
  -1.1617993e+02
   1.7303793e+02
   1.0073790e+02
  -1.9633598e+02
  -1.3125310e+02
  -1.4472051e+02
  -2.8276580e+02
  -1.1355496e+02
  -4.3212705e+02
  -5.1416730e+01
   1.9367945e+02
  -4.5569779e+02
   3.7697315e+00
  -5.2260584e+01
  -6.3643526e+01
  -1.2666172e+02
  -9.1989518e+01
  -6.8411201e+01
  -9.0457800e+00
  -1.8190464e+01
  -3.7999708e+02
  -1.9277836e+01
   2.4675129e+01
  -2.8313896e+02
  -1.9466984e+01
   1.3416296e+01
