 % This stores fret (the f-value) and iter (number of iterations to converge)
  -1004.30230690256        440.000000000000     
  -1002.74914020940        482.000000000000     
  -1005.47344004530        709.000000000000     
  -1002.80666569872        1200.00000000000     
  -1004.30230690284        408.000000000000     
  -1004.82989411614        775.000000000000     
  -1003.92013250256        819.000000000000     
  -1005.47344004607        483.000000000000     
  -1005.47344004475        502.000000000000     
  -1005.47344004682        474.000000000000     
  -1005.47344004514        745.000000000000     
  -1003.33396302714        298.000000000000     
  -1004.82989411379        1006.00000000000     
  -1004.82989411422        1067.00000000000     
  -1003.71282863847        1200.00000000000     
  -1004.30230690157        766.000000000000     
  -1005.47344004684        453.000000000000     
  -1005.47344004653        463.000000000000     
  -1005.47344004177        500.000000000000     
  -1005.47344002961        1022.00000000000     
  -1003.71246908154        1200.00000000000     
  -1004.82989411661        362.000000000000     
  -1005.47344004526        594.000000000000     
  -1005.47344004333        544.000000000000     
  -1004.82989411544        709.000000000000     
  -1005.47344004692        513.000000000000     
  -1005.47344004534        487.000000000000     
  -1003.30847249545        938.000000000000     
  -1004.82989411219        784.000000000000     
  -1003.55211430824        521.000000000000     
