   9.8873961e+01   4.9209592e+01   4.0677061e+01   7.0881872e+01   9.1237631e+01   8.4977663e+01   7.2863983e-01   1.1225465e+01   8.0847326e+01   7.9161886e+01   2.2254782e+01   4.7569497e+01   2.1525735e+01   5.0510622e+01   4.0617844e+00   3.1943092e+01   2.4315287e+01   7.6496740e+01   1.9184529e+01   4.5495268e+01   4.9889475e+01   8.4672283e+01   7.5432097e+01   7.4008064e+01   5.4164813e+01   2.5019803e+00   9.8826382e+01   9.8407517e+01   8.5798394e+01   4.1724645e+01
   1.0936644e+01  -9.3940782e+01   7.8222953e+01   1.3228339e+01   9.2479402e+01   5.8881157e+01   7.6680533e+01  -6.0785458e+01   5.1197885e+01   8.7647850e+01  -2.2540996e+01  -3.5609729e+01  -9.2076188e+01   2.5300762e+01  -8.5924436e+01  -8.9971736e+01  -2.9214557e+01   9.6560930e+01   9.7535480e+01  -9.9039611e+01   1.0213214e+01  -3.5800852e+01  -4.3770462e+01   2.2632847e+01   3.5965530e+01   3.5386377e+01  -3.8223165e+01  -7.0598441e+01  -3.8482820e+01  -3.6761504e+01
   8.0630056e+01   4.7562806e+01   5.0055132e+01   8.1954553e+01   4.2223897e+01   2.3965799e+01   2.1249140e+01   3.7063840e+01   9.2257612e+01   1.3122917e+01   5.1515883e+01   2.0622624e+01   6.9175730e+01   8.7851621e+01   5.1566123e+01   6.4195360e+01   4.3223947e+01   7.2108737e+01   9.5008564e+01   7.6219691e+01   7.3670802e+01   2.1036364e+01   1.4093673e+00   9.4459279e+01   5.5323852e+01   2.7808778e+01   9.7750782e+01   6.8542356e-01   5.1173355e+00   7.1035530e+01
  -2.6734763e+01  -8.8360011e+01   1.3570411e+01   9.4217397e+01  -7.0338339e+01  -9.8822536e+00  -9.6708819e+01  -9.5711034e+01   9.4241130e+01   2.4885752e+01   4.8032812e+01   5.3865965e+01  -5.8757974e+01  -2.1110811e+01   5.7306025e+00   7.9822701e+01   5.0447116e+01   2.7299382e+01   2.0296701e+01  -6.7371133e+01  -8.7750320e+01   7.9809604e+01  -4.2624836e+00  -6.2356725e+01  -5.2917297e+01  -6.0641257e+00   6.4835650e+01  -1.9455756e+01   5.1025544e+00   1.2376420e+01
   4.3182807e+00   1.3721940e+01   7.6307300e+01   9.3931791e+01  -4.9177515e+01  -6.9122793e+01  -2.0435817e+00   2.0986595e+01  -8.5477088e+01  -5.5920247e+01  -5.4846850e+01   5.6534116e+01   8.3190120e+01  -4.0004553e+01  -7.5383734e+01  -7.3268360e+01  -1.8067328e+01  -6.1660603e+01   1.4943711e+01  -6.8129483e+01   4.5724333e+01  -9.2937615e+01   5.9600541e+01   7.1041545e+01   8.0457120e+01   3.9510825e+00  -3.3735927e+01   4.1683688e+01  -3.3287546e+01  -4.1036438e+01
   5.7365353e+01   9.5366749e+01   8.9861001e+01   5.4459999e+01   2.4125819e+01   9.6651768e+01   2.9897316e+01   7.4950007e+01   5.4774107e+01   5.9894705e+01   1.0355928e+00   4.9968455e+01   5.0363434e+01   2.7839241e+01   7.9216291e+01   1.0139842e+01   3.6239705e+00   8.9542959e+01   4.0560643e+01   6.0769354e+01   9.9270893e+01   3.6467143e-01   2.1353862e+01   3.9908969e+00   1.3418671e+01   1.2451726e+00   1.2953117e+01   1.6685876e+01   2.6025406e+01   2.1053556e+00
   7.6125099e+01   8.7713910e+01   5.4150229e+01   3.3952403e+01  -3.7894667e+01  -4.3369611e+00   5.0234356e+01   2.4187926e+01   8.4984751e+01  -8.0197242e+00   1.6421468e+01  -4.7833643e+01  -2.8691213e+01   7.2156984e+01  -6.8522798e+01  -1.2004932e+01  -1.4165391e+01   1.1101921e+01   3.2855864e+01   6.0482299e+01   7.3548937e+01  -4.0548438e+01   3.1063795e+01  -6.9101118e+01  -6.5149036e+01  -2.4452194e+01  -5.4882446e+01   2.8036863e+01   3.8053208e+01   2.8273094e+01
  -9.8057584e+01  -3.5523298e+01  -4.9049428e+01   7.3298755e+00   1.8160181e+01  -2.8481470e+00   9.8741941e+00  -2.0673136e+01   1.5280674e+01  -4.5219466e+01   6.5059288e+01   2.1825924e+01   4.6861317e+00   4.4698370e+01   1.9297649e+01   7.5071821e+01  -7.6898210e+01   8.9778869e+00  -1.8370023e+01   2.5503720e+01   6.1766435e+01  -8.5107652e+01   9.0035533e+01  -3.1724681e+01   3.7084547e+01  -2.5980440e+01   2.7516566e-01   6.9362332e+01   5.0505011e+01  -2.0887856e+01
   2.6001142e+01   7.2122203e+01  -8.3942570e+01  -3.5444054e+01  -8.1496457e+01   8.4651829e+00   7.3868638e+01  -2.5519495e+01  -7.5622124e+01  -7.3873072e+01   3.5997408e+01   8.3136518e+01  -8.8711958e+01  -2.0434313e+00  -2.5501998e+01   7.2919658e+01   5.8740835e+01  -5.5705037e+01  -7.2945496e+00   6.6012665e+01   7.3815232e+00  -3.0682456e+01  -5.2224192e+00  -8.9755923e+00  -6.3655544e+01   3.3416120e+01   4.6297692e+01   4.5308456e+01  -9.4178395e+01  -8.6174375e+01
  -8.5635027e+01   5.5347729e+01   4.9915489e+01   7.2953570e+01  -7.5037885e+01  -7.4638263e+01   2.1694562e+00  -5.4859352e+01   1.2742440e+01   7.7791590e+01   7.6071240e+01   4.6180150e+01  -5.7546057e+01  -9.9525985e+01   3.0061755e+01  -3.8008849e+01  -3.9009721e+01   6.8049285e+00   4.4350701e+01   1.4069118e+01   3.7960983e+01   9.8371116e+01   3.5413927e+01   8.0997776e+00  -2.8238568e+01   2.7364093e+01   7.1881634e+01  -3.5037509e+01   9.7153950e+01   2.1724018e+01
   6.8234870e+01   4.0473638e+01   5.6332896e+01   9.1196753e+00  -8.7072277e-01   8.8755945e+01  -3.3493315e+01  -2.5084713e+01   9.7408556e+01  -8.6576604e+01   1.3272691e+01   6.1334686e+01  -4.2286476e+01  -1.0620338e+01   1.4236229e+00  -7.1360135e+01   7.3211071e+01  -4.4309975e+01   6.4591253e+01   2.6190229e+01   5.7323696e+01   1.0718230e+01   6.6559764e+01  -2.4873776e+01  -9.7787496e+01   8.3494611e+01  -1.1773097e+01  -3.1951007e+01   9.5384111e+01   8.5196056e+01
   8.9612514e+01  -1.2852590e+01   2.6400179e+01  -6.4116588e+00  -2.3985037e+01   7.9483724e+01   3.1036274e+01   9.6930804e+01  -2.2799904e+01  -7.0132632e+01   9.2844504e+01   9.0491446e+01   4.5384634e+01   4.2981404e+01   4.9871281e+01   6.8282799e+01   4.4991457e+01   8.6446966e+01  -6.7933100e+01  -7.6935259e+01  -8.9386726e+01  -6.2246981e+01   7.2736420e+01  -4.9812423e+01  -5.6919213e+01   5.3362719e+01   1.8348926e+01   5.8310449e+01  -5.8423532e+01   8.5112455e+01
   8.5353375e+01   4.7963425e+01   1.9094621e+01  -5.9281022e+01  -5.1442780e+01  -8.7028483e+01  -9.9741272e+01  -6.7063545e+01  -7.7054872e+01  -6.5521914e+01   1.2927613e+01   8.2602741e+01   9.1287002e+01  -1.8980448e+00   2.4782227e+01  -7.6174181e+01  -9.1023684e+01  -9.3257355e+01   3.3342628e+01  -7.4986007e+01   8.2466787e+01  -8.4409978e+01   6.4166476e+01   6.5310831e+01  -7.7949826e+01  -8.5035766e+01  -4.8568679e+01  -2.6702567e+01  -8.1801660e-02   6.9108985e+01
   4.7783874e+01  -9.9501951e+01   6.3993800e+01  -7.5669435e+01   2.2910974e+01   6.6959293e+01   5.1353333e+01   8.8798416e+01  -1.5040729e+01  -2.7406020e+01  -9.6794910e+01   6.0257127e+00   2.3961290e+00   7.7387656e+01   2.1006198e+01  -5.1823605e+01   4.8049329e+01  -7.3923749e+01   6.2295888e+01   8.0615832e+01  -4.3881368e+01  -4.1361737e+01   6.3339994e+01  -6.4282789e+01  -7.1671392e+01   4.9743506e+01   5.0613324e+01   8.5276263e+01   6.3209946e+01   7.7942895e+01
   1.1301629e+01  -7.5518028e+01   5.9544839e+01  -1.4895545e+01  -7.4635645e+00   1.2398007e+01   9.2579857e+01   7.9415150e+01  -4.0451821e+00  -9.0742349e+01   5.3040085e+01  -5.7949807e+01  -4.3076006e+01   6.2118657e+01  -4.4528199e+01   9.0767881e+01   8.1203035e+01  -6.8167690e+01   8.5159946e+01   1.5758147e+01  -7.4035553e+01   2.7302510e+01   6.1429352e+01  -6.3976519e+01   1.6615871e+01  -8.4158568e+01   4.3043926e+00  -8.0760492e+01  -5.2179619e-01   4.9825247e+01
  -8.0605895e+01  -2.9145043e+01  -4.6112428e+01   2.8505263e+01  -3.2262523e+01   1.7038810e+01   2.7224260e+01   1.6474989e+01  -2.4827477e+01   8.1841673e+01   6.5819709e+01  -1.7533377e+01  -1.5034882e+01   1.2734956e+01  -5.3352575e+01  -3.2154459e+01   7.4219740e+01   6.8740062e+01   2.6149730e+01   5.5921196e+01  -5.9949367e+01   5.5529005e+01   9.9208452e+01   5.0130534e+01  -4.5492167e+01  -6.5754804e+01   9.0747585e+01  -4.5941962e+01  -6.8434087e+00  -9.0579181e+01
  -8.8591404e+01  -4.1003737e-01  -4.1259733e+01  -8.7743431e+01  -5.7945531e+01  -6.9649907e+01   8.3413105e+01  -1.2555327e+01  -3.4926296e+01   1.5785138e+01   3.2430839e+01   7.3632563e+01   6.9018496e+01   8.8165678e+01   2.0009802e+01  -8.8896230e+01   6.2292852e+01   7.6605972e+01   9.2326009e+01   9.7156658e+01   3.6911235e+00   1.9721388e+01  -3.3227965e+01  -6.0496071e+01  -3.8331118e+01  -1.9992011e+01   7.3395392e+01  -9.8258522e+01  -2.0804392e+01  -4.1135768e+01
   6.0571978e+01  -4.3769964e+01   9.0722662e+01  -9.9533309e+01  -6.3266010e+01   2.8853644e+00   5.6339653e+00   6.0159334e+01  -9.7494660e+01  -4.0083717e+01   2.0853430e+01   3.9239412e+01   7.8705608e+01   6.5280222e+01   4.8897910e+01  -6.1531458e+01   2.7353869e+01  -5.1364224e+01   9.3309269e+01  -2.4644260e+01   4.0537773e+01   8.1850698e+01  -7.6399898e+01   4.8224723e+01   1.8437336e+01  -3.3270403e+01  -8.3181653e+01  -2.0928690e+01  -6.0236629e+00   9.5797461e+01
   2.2724929e+01  -5.1907982e+01   1.3546172e+01  -5.7432564e-01  -1.8879830e+01   8.4258750e+01  -3.4734396e+01   4.2472889e+01  -4.7095765e+01   7.3539873e-01   6.8355643e+01   5.3407625e+01   6.7449450e+01   1.6636202e+01   2.4982646e+01  -7.5654174e+00   6.3504911e+00   9.6936671e+01  -1.3493730e+01   4.5879369e+01   8.7213443e+01  -9.4732942e+01  -1.1485684e+01   4.9859643e+01  -3.5805098e+01  -7.7760610e+01  -6.6495478e+01   9.8935849e+01   4.2517019e+01  -9.6018838e+01
  -5.9288124e+01  -7.8749538e+00   7.8456759e+00   7.2410401e+01   5.4748194e+01  -1.8908149e+01   7.5368352e+01  -4.4413882e+01  -2.7388144e+01   8.9175367e+01  -4.7144830e+01  -6.2472436e+01   8.3905419e+01   3.0752162e+01   2.2686611e+01  -6.3461485e+01   5.2081252e+01   6.7223996e+01   8.9731700e+01   8.1578889e+01  -4.8952842e+01   8.7900053e+01  -5.0295624e+01   2.2163774e+01  -7.8569784e+01   7.8594005e+01   7.3236734e+01  -9.7783875e+01  -6.0634409e+01   2.9070254e+01
   9.8774057e+01  -3.8196760e+01  -7.5687705e+01  -7.5627749e+01   1.7987539e+01   3.3251848e+00  -2.7515650e+01  -1.9198736e+01   5.9482911e+00  -3.5765111e+01   7.4241072e+01   8.2695898e+01   9.5076642e+01   1.4001833e+01  -2.3759625e+01   9.7223246e+01   2.5552235e+01  -4.3813210e+01   2.3613766e+00  -4.0314104e+00   7.4855145e+01  -5.8135277e+01   4.0888047e+01   4.0519128e+01   9.6222125e+01   6.0664253e+01   4.4671178e+01   4.2108919e+01  -2.3730757e+01  -5.3447482e+01
   7.7775192e+00  -1.0042422e+01  -9.6693621e+01   4.9981243e+01  -4.9876597e-01  -5.3547302e+01  -4.4697560e+01   7.4921061e+01   7.0505501e+01  -9.9267176e+01   3.7278421e+01   6.5492252e+01  -9.9820603e+01   4.3165131e+01   1.6639581e+01  -4.8961318e+01  -7.3079581e+01  -1.1376143e+01  -7.4901674e+01   5.3660396e+01   7.3152070e+00  -4.1261838e+01  -9.3949750e+01  -8.3091562e+01  -2.8921310e+01  -1.0553767e+01   7.8030788e+01   6.8567541e+01   8.1058389e+01  -3.9596047e+01
  -6.2381228e+01  -4.6027665e+01   8.0936960e+01   3.9825265e+01  -5.0914384e+01  -6.8653456e+01  -4.8892958e+01   4.4570207e+01   6.9790898e+01   6.6354097e+00  -9.6826635e+01   2.5654242e+01   6.2493441e+01  -5.6471224e+01  -1.8911762e+01   1.3984029e+01  -1.8252649e+00  -7.4118338e+01   1.8186843e+01   7.9692048e+01   1.8859636e+01  -3.9604041e+01   8.8335458e+00  -5.2762895e+01  -6.7892785e+01  -9.3360342e+00   4.8267854e+01   2.0179712e+01   1.6829790e+01  -4.5888246e+01
  -8.8998584e+01   3.5117365e+01  -3.8383741e+01  -6.1782226e+01   5.3172863e+01  -5.1751145e+00  -4.8564939e+01  -3.4955416e+01  -8.3105816e+01   3.2367482e+01   3.2990503e+00  -5.7471105e+01  -2.9998936e+00  -1.7741724e+01  -5.8244098e+01  -5.0966556e+01  -9.2078004e+01   7.7071273e+01  -9.3047213e+01   2.4463789e+01   1.4865114e+00  -4.1615527e+01  -6.3318412e+01  -9.7156639e+00   1.5416418e+01  -2.8229664e+01   4.7708150e+01  -8.2785499e+01  -1.0625680e+01  -5.4540255e+01
   3.1885718e+01   8.4671765e+01   4.7544453e+00   7.1099720e+01   3.5548315e+01  -7.4069878e+01  -8.1575397e+01   3.2480872e+01   4.2178230e+01   6.5798196e+01  -7.2947108e+01  -9.4307932e+01   7.7845639e+01   1.0197989e+01   3.3694390e+01   9.2327212e+01   5.5999249e+01  -4.3286940e+01   5.4358735e+01  -1.5117086e+01  -6.9940605e+01  -7.9358569e+01   3.8889676e+01  -2.2839820e+01   9.9334752e+01  -4.1757808e+01   7.6523293e+01  -9.1913534e+01  -8.9152591e+01   2.8545762e+01
   4.9096041e+01   5.2537216e+01   5.6539115e+01   7.6146506e+01  -5.8955659e+01   5.4640954e+01   8.4233846e+01  -6.1014112e+00   1.4308722e+00  -1.9382809e+00  -6.8989979e+01   2.3922995e+01   5.1629402e+01   2.1338609e+00   8.7669436e+01  -1.9089154e+01   9.9477338e+01  -2.4724599e+01   2.0860473e+01   1.8946396e+01  -2.4281387e+01   6.9587638e+01   8.4282834e+01  -3.0116022e+01   9.3055054e+01   4.0204405e+01   2.4015969e+01   8.6627984e+01  -7.1244067e+01   3.8274524e+01
   7.2164900e+01  -1.9372557e+01   5.0275853e+01   2.0704131e+01  -1.7770326e+01   3.1387042e+01  -2.5094279e+01  -1.3500662e+01  -7.8117096e+01   9.7753702e+01   1.7209744e+01   3.1970700e+01  -2.9713666e+01   6.9899194e+01  -6.4296827e+01  -2.8532967e+01   6.9470525e+00  -8.9035511e+00   1.7797477e+00   6.8236713e+00   3.7200611e+01  -9.7834836e+01   4.1639876e+01   3.0376651e+01   4.9682483e+01  -3.5397518e+01   3.6328328e+01   1.9516103e+01  -7.4347554e+00   5.3566653e+01
   1.8049514e+01  -2.0614254e+01  -6.1464596e+01   1.8247515e+01   7.9265943e+01   1.2795911e+01  -8.5537310e+01   3.3879005e+01   8.6835700e+01  -5.4442861e+01   5.4820502e+00   6.4695585e+01  -4.3512510e+01   2.5899579e+01   3.7546817e+00   1.6425944e+01   6.5098423e+01   6.6219645e+01  -7.6691459e+01   3.0904474e+01   8.3374562e+01  -4.6676579e+01  -7.3320772e+01   4.8769055e+01   5.4735688e+01  -7.1084667e+01  -6.7471336e+01  -5.5637885e+01  -8.8500479e+00   5.2671399e+01
   1.3608865e+01  -3.3132659e+01  -6.9914582e+01  -6.5881577e+01  -1.9854251e+01  -9.1511711e+01   4.3111129e+01  -2.9218120e+01   5.4219891e+01   7.7376594e+01   5.9639033e+01   2.7806093e+01   2.1073062e+01   5.5213573e+00  -5.5713025e+01  -7.5801555e+01  -1.4703050e+01  -7.7319625e+01  -8.8272304e+00  -5.2513769e+01   3.3182172e+01   5.5019736e+01  -1.9608565e+01   3.7731050e+01  -2.0563930e+01  -7.0554549e+01  -2.6472789e+01   5.3740393e+01   6.3662841e+01   6.2178784e+01
  -6.0939613e+01   4.7408895e+01   6.8358765e+00  -2.9503216e+01  -9.8812405e+01  -8.4692833e+01   4.6755867e+01   8.9139185e+01   1.9394588e+01   1.5692559e+01  -3.4308845e+01   1.8495103e+01  -8.6378073e+01   4.7174942e+01   8.8030196e+01   3.1140085e+01   9.9318749e+00  -4.0085530e+01   1.7881470e+00  -9.7282951e+01   1.6071928e+01   7.2909733e+01  -8.2414959e+01  -4.2637874e+01  -2.9123241e+01   4.9060826e+01   3.8744488e+01   2.4072300e+01   2.5117729e+01   1.9677006e+01
  -4.8679240e+01  -9.8479930e+01   1.0827852e+01   3.8436270e+01   4.6313444e+01   8.0322662e+01  -4.1439813e+01  -1.6725527e+01   6.4363049e+01   4.3648561e+01  -7.4389447e+01  -8.7874320e+01  -6.3296566e+00  -6.3660441e+01  -3.5258296e+01  -4.3390468e+01   6.8496162e+01   4.8336670e+01   2.7339391e+00  -6.0836552e+01   6.9904439e+01  -6.7285234e+01   9.6229035e+01  -9.4687197e+00   7.0657305e+01  -3.9460868e+01   9.9045403e+01   6.2180861e+01   5.8530437e+01  -5.7689373e+01
   1.7816753e+01   2.6359472e+01   6.6117873e+01   4.1398016e+01  -1.3681537e+01  -3.6042208e+01  -8.9673931e+01  -6.8867564e+01   9.1333287e+01  -1.2526433e+01  -2.8554377e+01   6.8684240e+00   1.1340010e+01   1.5603117e+01  -8.5142840e+01   9.5481327e+01  -6.8853053e+01   8.8890801e+01   5.1136992e+01   4.9556498e+01  -4.3389549e+01   5.7924436e+01   7.3948750e+01  -9.7558914e+01   6.1165726e+01  -3.7509856e+01   4.4864750e+01   4.7468760e+01   7.2247249e+01   1.3539208e+01
  -5.7395915e+01  -5.3957888e+01   7.8814174e+01   5.5241200e+01   9.7171031e+01  -2.7398172e+01  -1.2869029e+00   5.7903681e+01  -6.9660620e+01  -5.8044400e+01   3.2556266e+01   5.9018880e+00  -4.6627661e+01  -9.5080091e+01  -7.6405608e+01   6.3951499e+01  -5.5191510e+01   9.4131287e+01   8.7342918e+01  -8.9856224e+01  -5.6676495e+01  -1.4461232e+01  -3.8396263e+00   7.8598642e+01  -3.5288585e+01  -8.0981695e+00  -2.2429943e+01   7.7431242e+01  -9.6418094e+01  -9.6058455e+01
  -7.2507987e+01  -1.6466228e+01   1.0242162e+01   5.9501360e+01  -2.1111153e+01   4.4547628e+01  -1.2694953e+01   6.5216538e+01   8.2185715e+01  -4.9686710e+01  -9.9489247e+01   8.4280444e+01  -4.8919544e+01  -9.1669378e+01   4.6053764e+01  -9.4423761e+01  -4.4748426e+01  -7.1106519e+00  -9.7879166e+01  -9.3537341e+00   8.4325666e+01   6.5451530e+01   1.9538549e+01   4.2036192e+01   9.7005520e+01  -9.8312283e+01   1.2411723e+01   2.6369696e+00  -8.9969196e+01   5.2704369e+01
  -5.4194548e+01   1.5517254e+01  -6.1397448e+01   1.3752371e-01   2.0192534e+01  -9.6822865e+01  -4.1366321e+01  -9.8879164e+01   5.8519619e+01  -1.9025304e+00  -9.8098112e+01   8.8316028e+01  -5.2400887e+01   9.7927314e+01   9.1282316e+01   6.5280673e+00   5.5795951e+00  -5.4842059e+01   4.4928730e+01  -1.6784080e+01  -4.2123257e+01   6.7604738e+01   4.3935193e+01   6.1388841e+01  -1.1005172e+01   6.3102146e+01  -9.8444273e+01  -4.9002621e+01   5.8562747e+01  -8.7409771e+01
  -8.8849196e+01  -4.6180708e+00  -3.6994764e+01  -8.0927709e+01   2.6624174e+01   5.9708426e+00   9.8834492e+01   3.8836669e+01  -1.2987747e+01  -5.6130180e+01  -9.3152844e+01  -4.0396749e+01  -1.8463507e+01   6.7215571e+01  -7.2987057e+01  -3.7950574e+01   8.4686001e+01  -4.9314679e+01  -1.6677478e+01   8.1550213e+01   6.8833105e+01   4.7859032e+00  -1.1275249e+01  -8.2296218e+00  -7.9809715e+01  -7.7629760e+01  -9.7387860e+01  -1.9258173e+01  -7.4251242e+01  -9.5052566e+01
  -3.6068761e+01   7.3946395e+01   1.0932513e+00   6.9242964e+00   4.3059000e+01  -5.4688934e+01   2.3265398e+01  -9.2808696e+01   5.6163590e+01   4.7973780e+01  -8.1949625e+00   2.3498080e+01   6.7375663e+01   9.7540147e+01  -5.1802178e+00   6.2226481e+01  -5.9435086e+01   9.4634027e+01   4.7795381e+01   3.4622563e+01  -8.8768370e+01   8.0257842e+01  -3.5745460e+01   6.5662206e+01  -4.5639542e+01   1.7533993e+01  -8.2022162e+00  -6.2260567e+01   9.7989560e+01   1.5469847e+01
  -9.3212796e+01   5.4327538e+00   8.5263159e+01   2.2749517e+01  -2.1574129e+01  -1.2134512e+01   1.6857358e+01  -7.7278289e+00  -3.1091498e+01  -3.5789782e+01   9.6821907e+01   3.4673259e+01   1.6478535e+01   4.9480931e+01  -3.6678574e+01   2.0039385e+01   6.1435259e+01  -1.8173560e+01   4.9797511e+00  -9.1211704e+01   9.1876626e+01   9.5370473e+01   8.5851863e+01  -4.8413901e+01  -1.4081157e+00   4.5888220e+01  -2.4049306e+01   8.9158506e+01   9.9041284e+01  -3.8378715e+00
   5.2670902e+01   7.5009366e+01  -6.5179062e+01  -4.9486704e+01  -1.3869857e+01   9.4708432e+01   5.6191461e+01  -6.3092046e+01   2.5010615e+01  -2.1559768e+01  -1.9722174e+01  -6.9731748e+01   7.5143085e+01  -7.5508206e+01   3.6693693e+01   8.4661287e+01  -1.0277682e+01  -3.9074557e+01  -9.6267513e+01  -3.9849884e+01  -1.4854108e+01  -6.2847659e+01   4.9118584e+00   2.6124080e+01   8.7015190e+01  -5.0283644e+01  -4.8574218e+01  -7.5987517e+01   8.7029280e+01  -7.3459469e+01
   4.8850418e+00   8.5936747e+01   6.8550339e+01  -5.6060963e+01  -3.8509333e+01  -9.8257222e+01  -1.6176171e+01   6.4123234e+01  -2.0213890e+01  -2.2304254e+01   1.6189099e+01  -2.3677311e+01   3.2361685e+01  -2.3297089e+01  -3.1835069e+01  -6.7397491e+01   4.4288949e+01   1.8240125e+01  -7.7761448e+01  -6.4105263e+01   7.9741666e+01   9.3805476e+01  -2.7599338e+01   2.5756695e+01   2.7489706e+01   2.7919864e+01  -8.2321962e+01   2.2851710e+01  -8.4838697e+01   1.5290107e+01
   9.5207744e+01   4.5751718e+01   6.5280135e+01  -4.3742331e+01   5.3751597e+01  -1.1805594e+01  -3.7577371e+00  -6.7958106e+01   8.8775156e+01   3.9993599e+01   9.5565427e+01   9.7121838e+01   9.1796250e+01   9.4421349e+01  -9.8375845e+01  -3.2283583e+01  -4.2245476e+01   7.1773909e+01   2.5867858e+01   1.0287220e+01   8.7634111e+01   3.5517892e+01   7.2557130e+01   5.2578071e+01  -7.5112672e+01   2.2147586e+01  -8.4443190e+01  -1.3257360e+01   4.7273572e+01  -1.2825913e+01
  -8.7080712e+01   1.8568239e+01  -3.0880247e+01   3.2003028e+01   1.5576502e+01   1.0509382e+01  -2.5698568e+01  -7.1507047e+01   3.8118388e+01   9.0148414e+01   1.8059410e-01  -4.0513928e+01   3.1624738e+01  -1.4305377e+00   6.2141740e+00   7.4864632e+01  -8.7049744e+01   5.0515840e+01   9.5206548e+01  -2.4515929e+01  -9.5005935e+01   1.5930107e+01   9.3305535e+01  -1.5719689e+01  -6.9584203e+00   2.8003951e+01  -8.6227115e+01   1.8116113e+01  -5.5112014e+01  -5.5019156e+01
   3.5316455e+01  -4.3582726e+01  -4.5418225e+01  -2.5609441e+01   9.7592953e+01   6.3026257e+01  -1.0160612e+01  -6.8507095e+01   2.7229707e+00  -8.6552020e+01   1.1337750e+01   5.7076845e+01   6.1897318e+01  -1.2225646e+01   3.2695853e+01   8.7684680e+01  -1.8749125e+01   9.0358477e+01   8.8293750e+01  -5.1453174e-01  -2.6214165e+01   5.0925623e+01   7.1011224e+01   3.5759838e+01  -7.9399106e+01  -7.1700111e+01  -3.2608409e+01   2.4435387e+01   9.1800567e+01  -2.4223186e+01
  -4.4626848e+01   3.9172257e+01   4.3207971e+01  -2.7554252e+01   1.3930206e+01   6.3690962e+01   1.4821405e+01  -1.2850096e+01   4.2780329e+01   2.8787892e+01  -4.2268862e+01   6.5012945e+01   3.9265179e+01   1.2610895e+01   3.0599729e+01   7.4544293e+01  -5.3212544e+01  -2.7881263e+01  -6.0860003e+01   7.0079276e+01  -9.2047634e+01   9.4159290e+01  -6.3547527e+01  -3.9642306e+01   7.9547044e+01   5.4353245e+01   5.5062539e+01  -7.8767938e+01  -1.1558923e+01   9.9381175e+01
   9.1191785e+01   8.1472165e+01  -7.2782841e+01   9.1887276e+01   4.7359663e+01   1.2414061e+01   3.8399601e+01  -1.3387023e-02   3.8420375e+01  -3.7468346e+01   7.3038260e+00   2.2395969e+01  -5.1709001e+01   3.5421755e+01   2.9514501e+01   4.9904431e+01  -8.3993177e+01   2.4587928e+01  -5.1790930e+01  -6.4801789e+01  -5.8655258e+01  -1.6760864e+00  -9.2508204e+01  -3.0893767e+01  -8.7401713e+01  -4.8368060e+01   9.7619568e+00   5.2877399e+01  -6.8702901e+01   2.5134135e+01
  -2.5720732e+01  -2.5341426e+01  -1.8121341e+01  -7.9826048e-01   4.2027642e+01   6.3189399e+01   6.5561199e+01   6.3297464e+01  -5.7505832e+01   7.0752111e+01  -4.1426437e+01   4.5562148e+01   5.1049203e+01  -1.8335979e+01   8.0375382e+01  -1.3753661e+01   1.7293866e+01  -4.7640313e+01  -6.9701550e+01  -3.2290070e+01   7.4859029e+01   9.3605140e+01  -9.4801138e+01   8.7626042e+01   3.9550682e+01  -6.2449175e+01   1.5903950e+01   1.3913045e+00  -5.2991439e+01   5.4660326e+01
   7.2588349e+01   9.6564074e+01  -3.5506862e+01   7.1010751e+01  -4.1522832e+01   8.9275907e+01  -5.1013936e+01   8.8648740e+01   6.1063993e+01  -6.2687250e+01   8.6925110e+00  -2.6867061e+01  -1.1127207e+01  -5.6563785e+01   4.7410731e+01   7.2240171e+00   1.8216186e+01  -9.9021062e+01   5.3618056e+01   7.8989542e+01   6.2814016e+01  -3.9788708e+01   9.4376765e+01   9.7518459e+01   6.7615180e+01  -7.6147428e+01   6.7620686e+01   5.8656205e+01  -6.1961397e+01   9.3172696e+01
   5.4618006e+01  -8.6387683e+00  -8.6668185e+01  -7.4121452e+01   5.3617930e+01   6.3196378e+01  -2.5265728e+00  -5.3521050e+01  -4.7077763e+01  -4.7696642e+00   5.9330092e+01   7.6960105e+01  -1.3064438e+01  -3.2450067e+01  -7.9899888e+01   3.8880557e+01  -5.1881341e+01   7.1960872e+01   9.9726862e+01   3.2028764e+01   4.7992601e+01   1.5132459e+01   5.6123165e+01   3.7693273e+01  -2.3956679e+01  -5.9235396e+01  -4.9413889e+01   9.3966171e+01   9.8805561e+01  -1.9730922e-01
   6.9657680e+01   3.4582736e+01  -4.1146801e+01  -2.3414168e+01   9.1349059e+01   1.2561213e+01  -8.6250311e+01  -6.3136050e+01  -4.4534299e+01  -1.0221267e+01   8.8838601e+01  -4.0533429e+01  -4.8038573e-01   4.8305262e+01   6.5697691e+01   8.5460371e+01  -9.4202616e+01   3.7828387e+01  -4.7572612e+01  -2.5416186e+01   2.5563456e+01   3.9612036e+01  -3.1931773e+01  -9.3830323e+01   1.4625570e+01   2.6958707e+01  -2.9408072e+01   5.0475130e+01  -2.9932204e+01  -7.3835805e+01
   4.6173352e+01   7.0768876e+01  -9.8598942e+01   8.3163638e+01  -5.3074454e+01   2.6483221e+01  -6.5392696e+01  -5.1805253e+01   6.4689023e+01  -3.7121707e+01   3.8321848e-01  -3.7862501e+01  -7.8938229e+00   9.1624681e+01  -2.9720696e+01   8.6133397e+01   8.8877556e+01  -9.8701974e+01  -9.4882848e+00   1.5851430e+01   2.1694801e+01   6.0981427e+01  -8.9168118e+01  -6.4155776e+01   9.1517567e+01  -1.6428356e+01  -6.8964793e+01   5.5450116e+01  -5.3472400e+01  -9.9696218e+01
  -1.8558939e+01   2.6685234e+01  -4.2057659e+01   2.7295171e+01   3.1481974e+01  -6.0893918e+01  -6.7759586e+01   1.6806581e+01   9.1902503e+01  -3.9685035e+01   3.2427701e+01   5.2745273e+01   6.5462648e+01   9.2636535e+01  -1.2720084e+01  -1.7753872e+01  -8.5550231e+01  -2.4959957e+01  -1.8464717e+00   8.5373438e+01   6.1090791e+01   4.2783798e+01  -7.3572795e+01  -3.1602767e+01  -7.3484295e+01  -2.3722508e+01  -2.6483289e+01   8.0941046e+01   4.3058663e+01   6.9349225e+01
   4.8193452e+00   3.7246546e+00  -2.3245094e+01   5.3109957e+00   5.7757702e+01   7.6641430e+01   1.4173276e+01   4.9660414e+01   2.2810439e+01   2.0144092e+01   9.0872233e+01   2.8739754e+00   5.3775471e+01   4.9372830e+00  -6.3659790e+01  -5.4407065e+01  -9.6722708e+01   3.9304486e+01   3.2338669e+00   7.5353686e+01  -9.9055573e-01   1.1071977e+01  -9.4530916e+00  -7.3929962e+01   2.2225664e+01  -9.3452956e+01  -6.3785155e+01  -2.7004767e+01  -3.7840187e+01  -3.3988214e+01
  -8.0223727e+00  -5.8396089e+01   1.8986055e+01   7.9411642e+01   5.1942667e+01  -3.8140361e+01   3.9795919e+01  -6.3858562e+01   9.4881646e+00   9.6467590e+01   1.7834851e+01  -5.2667296e+01  -5.5301027e+01  -7.1800929e+01  -8.3852876e+01   6.7652870e+01   7.2324788e+00   5.5566198e+01  -9.8097741e+01   1.1242691e+01  -1.6203702e+01  -3.5669774e+01   9.2131421e+01   8.2850212e+01   3.1920044e+01   9.4666961e+01   8.5011054e+01   2.8718766e+00   3.4483948e+01  -8.7967863e+01
  -8.3286883e+01  -7.2558557e+01  -9.3890262e+01   9.5527408e+01   3.5792928e+01  -4.6100851e+01   1.0946497e+01  -6.2218324e+01  -1.0848770e+01  -4.4276240e+01  -4.7155258e+01   9.4395967e+01  -5.1922652e+01  -4.9862776e+01  -8.9674165e+01   9.4235545e+01   7.4081293e+01   7.7875144e+01   8.6380919e+01  -8.0071529e+00   6.2563933e+01   3.1635605e+01  -4.3762103e+01  -4.7830071e+01   2.6805053e+01   8.0762785e-01   1.7237585e+01  -3.1944098e+01   8.5199508e+01   8.7270446e+01
   1.7401739e+01   5.5394545e+01  -5.2621626e+01   4.8542723e+01  -1.4493589e+01   5.6019902e+01  -6.5611156e+01   6.4919671e+01  -9.7212067e+01  -5.2471882e+00  -3.5074238e+01   7.7651905e+00  -2.1632072e+01  -9.8122189e+01  -1.7973458e+01  -2.7792421e+00   6.5457779e+01  -1.7138962e+01  -2.4389999e+01  -5.7785948e+01   7.9613001e+01   7.2883796e+01  -3.0969205e+01   3.2965862e+01   1.2271403e+01  -2.2656571e+01  -1.2017890e+01  -1.6308540e+01   2.5356834e+00  -8.0992335e+01
  -4.1786078e+01   2.8565482e+01   3.8291573e+01   5.1027560e+01   1.1968296e+01   6.5065435e+01   9.2167223e+01   5.2282490e+01   8.4788516e+01   5.2512115e+01   5.6125314e+01   6.2140969e+01  -9.3110761e+01  -9.8779605e+01   3.6574967e+01  -8.0312094e+01   6.2413941e+01  -7.5618632e+01  -9.2597328e+01   8.0683671e+01   7.8046025e+01   3.6697936e+01   3.2224843e+01  -4.0851441e+01   3.0588178e+01  -9.6521170e+01   3.1753095e+01   3.8850198e+01   6.7840377e+01  -5.4858526e+01
   8.8441320e+01   3.7447084e+01   7.2926990e+01  -2.7630526e+01   7.4753904e+01   9.6205506e+01   3.6463431e+01  -9.0780874e+01   1.7299545e+01   3.6004008e+01   2.5884981e+01  -3.0353984e+01  -5.5843531e-01  -6.8937251e+01   9.9157866e+01  -5.5137957e+01  -8.2397210e+01  -7.7163022e+01   7.0778676e+01  -1.8623931e+01  -3.3955898e+01   1.4617655e+01   4.9521256e+01   8.0293472e+01   2.7336353e+01  -1.5406808e+01   2.3448208e+01   5.8789053e+01  -5.3234999e+01  -5.7165575e+01
  -2.5364236e+01   2.5553208e+01   5.6525428e+01  -3.4608638e+01   9.2218677e+01  -8.1201182e+01  -5.9919661e+01   4.3710548e+00  -7.2623393e+01  -9.1245362e+00  -9.1295916e+01  -3.3651018e+01  -5.4168701e+01   5.9313857e+01  -6.3976398e+00   6.6918294e+01  -6.2775104e+00   1.6425344e+01  -1.3429457e+01  -9.6950876e+01  -2.4988747e+00  -4.6953562e+01   3.6539716e+01   6.1762778e+01  -2.1281726e+01  -8.6528237e+00  -2.9613135e+01  -4.2240651e+01   7.4652976e+01  -7.4445593e+01
   6.9536110e+01  -3.0207676e+01  -5.9493713e+01  -1.9086238e+00   5.8194077e+01   2.6395806e+01  -5.3353993e+01  -1.5692040e+01   4.7711731e+01  -7.3874977e+01   6.2657229e+01   6.6490573e+01  -4.7155581e+01  -8.9065161e+01  -4.0312730e+01  -9.1629611e+01   9.5469457e+00  -1.3490476e+01   9.2496792e+00   1.5553307e+00  -6.9472692e+01   5.1860802e+01   3.5629969e+00  -1.0190660e+00   6.7776128e+01  -1.8793252e+01  -4.2906749e+01  -7.8789528e+01  -3.7301115e+01  -8.5924694e+01
  -3.9048296e+01   3.9400910e+01   9.2848937e+01   2.2604669e+01  -1.9755238e+00   8.4286149e+01   7.9672610e+01  -4.2870452e+01   4.3079800e+01   5.6307736e+01  -2.0069337e+01   4.0729958e+01  -1.4384082e+01  -6.3510553e+01  -4.5274586e+01   7.2803975e+01  -7.9615024e+00  -4.3669633e+01  -7.5149782e+01   6.5030071e+01  -5.3051840e+01   9.1718208e+01   1.8351739e+01  -4.6708823e+01  -5.6286989e+01   5.9770518e+01  -4.5045254e+01  -4.2264813e+01   9.5227472e+01   8.1855065e+01
   7.8183643e+01   7.4184337e+01   9.1061262e+01  -9.0272085e+01   6.6629783e+00   3.3389636e+01  -2.6398096e+01  -6.1641312e+01   6.0370725e+00  -8.5309373e+01  -3.1832384e+01  -2.9950833e+01   9.1308383e+01  -8.2315517e+01  -5.0887825e+01   6.0976583e+01   4.0650426e+01   8.3981458e+01   7.3299205e+01  -4.2261553e+01  -2.5473917e+01   3.9125499e+01   1.7392720e+01  -6.7837716e+01  -1.3997111e+01   2.0605372e+01  -3.1468212e+01  -4.5613935e+01  -8.4792875e+01   3.6960885e+00
  -4.4333618e+01   3.4555003e+01   9.8429949e+01  -5.3610394e+00  -4.9680594e+01   7.3581984e+01  -6.1286075e+01  -7.4255434e+01   7.1524287e+01   5.4904918e+00   1.9725770e+01   1.1477475e+01   6.3616885e+01  -7.7286091e+01  -9.2336341e+01   2.5140714e+01  -5.9793453e+01  -4.7105047e-02  -2.1860800e+01  -3.5673338e+01   6.8107223e+01  -4.4253136e+01  -4.4988916e+01  -2.7436317e+01  -6.8818806e+01   5.5214355e+01  -8.4228171e+01  -6.4346192e+00  -2.2462535e+01   8.2809342e+01
   9.5346519e+00   5.2205824e+01  -9.3726112e+01  -7.7272926e+01  -1.6342156e+01   3.8703480e+01   5.0829617e+01   8.6614668e+01  -1.2663229e+01   1.7312542e+01  -1.5887899e+01   1.9131498e+01  -8.6277314e+01   9.1173590e+01   9.4597872e+01   1.5616408e+01   7.7581947e+01   5.2140675e+01  -5.4578525e+01   9.9537912e+01   1.2488820e+01   8.7944946e+01  -2.4924243e+01  -2.4546716e+01   2.7437348e+01  -7.4013043e+01  -6.7166004e+01   4.4885315e+01   3.2135003e+00   1.9165672e+01
  -7.5064671e+01  -1.6844390e+01  -2.3192856e+00  -5.2652335e+01  -3.2175318e+01  -5.6027797e+01   2.6971562e+01   4.6536714e+01   6.6672714e+01   5.0133298e+01  -1.4238113e+01  -9.5136195e+01  -6.9330051e-01  -2.3170503e+01   3.2593776e+01   6.8251038e+01   3.4789812e+01  -1.6355207e+01  -7.0301274e+01  -3.4117775e+01  -7.6590467e+01  -8.6569617e+01  -9.2033228e+01   6.1769417e+01   4.5001324e+01  -1.2846445e+01   4.5596085e+01   4.9274793e+01   7.1035141e+01   3.2335146e+01
   8.5643692e+01   7.2649381e+01   2.7132538e+01  -6.2144456e+01  -2.6750384e+01  -3.7212975e+01   1.6769719e+01  -6.1937508e+01   3.8965374e+01   6.6483001e+01  -6.4134293e+01  -2.5278940e+01   2.7415013e+01  -8.9864734e+01   6.0274718e+00  -7.5847453e+01   8.8625219e+01  -6.9845908e+01   5.3097292e+01  -7.0393762e+01   7.1857477e+01  -9.7995948e+01   9.5798805e+01   1.4249426e-01  -8.3615377e+01  -4.6731375e+01   9.7800757e+01  -6.5596029e+01   9.7882818e+01  -1.1586328e+01
  -4.1281990e+01   7.5108737e+01   6.1107416e-01  -5.6591417e+01  -4.7408893e+01  -9.4100858e+01   4.2576144e+01  -3.9393713e+01  -4.2579437e+01  -6.8201258e+01   7.2849637e+01   5.8266013e+01  -5.5360072e+00  -9.1536814e+01  -1.6519036e+01   2.6467327e+01  -2.0260435e+00  -5.6270961e+01   7.7998696e+01   1.1640818e+01   2.5276450e+01  -8.6191117e+01  -2.9177048e+01   9.9729440e+01  -7.0752844e+01  -7.6942573e+01  -8.9946159e+01  -9.2414479e+01  -4.1940867e+01   8.9995606e+01
  -4.0571025e+01  -6.8500020e+01   7.8876092e+01   8.2307770e+01  -7.2109906e+01  -1.4251386e+01  -9.7873049e+01  -7.4153806e+01  -2.1394379e+01   7.5288874e+01  -4.9299803e+01  -4.5659404e+01   4.5405180e+01   7.6197306e+01  -8.7477794e+00   5.4269408e+01   4.6578457e+01   6.0256834e+01   3.9509266e+00   3.6497889e+01   6.0003917e+01   5.3742028e+00  -5.2004759e+01  -3.1976665e+01   2.2339204e+01   8.5986318e+01   8.1955852e+01   7.9193749e+01  -1.7369850e+00   8.0037964e+01
  -3.7577098e+01   4.0776644e+01  -7.1324700e+01  -2.9298463e+00  -9.8623104e+01   6.5006432e+01  -9.0196284e+01  -3.2732097e+01  -3.2715145e+01   8.0605242e+01   9.9664710e+01  -9.2484164e+00  -2.9501702e+01   3.8051206e+01   8.0191481e+01   3.6235070e+01  -1.4490508e+01  -7.0843361e+01   5.3907097e+01  -7.9656964e+01  -6.7123868e+01  -7.7960471e+01   9.9856208e+01   6.7542057e+01   3.2046457e+01   1.8265298e+01   9.7737958e+01  -6.1649171e+01   5.1547079e+00   5.0068159e+01
  -8.7160383e+01  -7.7906963e+01  -2.7315550e+01  -8.0094657e+01   8.0976207e+01  -6.5399147e+01   7.4077206e+01  -9.1734960e+01  -5.5817010e+01   8.3036442e+01   4.6993496e+00  -3.4313280e+01   9.3551501e+00   5.1910674e+01  -8.0749152e+01   1.9568930e+01   6.2883316e+01  -8.8407862e+01   8.1060760e+01  -7.8238284e+01   5.7689323e+01   9.6525021e+01  -6.4656964e+01   1.9444710e+01  -4.0892516e+01  -7.5612555e+01  -7.6268697e+01  -1.5996001e+01  -3.8762901e+01   1.7806603e+01
   4.6805282e+01  -3.0355977e+01  -1.3529767e+01  -9.3135560e+01  -5.6829758e+01   2.1273519e+01   7.1330429e-02  -1.7425675e+01   3.0872526e+01   6.2723225e+01   9.6694275e+01   4.1730173e+01  -5.2598603e+01   7.1200770e+01  -5.3902401e+00  -3.4317217e+01  -9.1422830e+01  -8.6477669e+01   6.3544138e+00  -7.4170057e+01   9.8821821e+01   3.5926425e+01  -3.2966102e+01   9.2008245e+01   4.9635697e+01   1.3398696e+01   7.8483135e+01   2.8332484e+01   4.9051381e+01   6.5919594e+01
   9.7503112e+01  -8.7777653e+01  -1.2939647e+01   4.7026728e+01  -7.7931366e+01   2.7420341e+01   2.7029555e+01   2.4650210e+01   9.0513545e+01  -1.9981211e+01   7.5813468e+01   7.8733894e+01  -4.2822287e+01  -9.4851774e+01  -7.4809680e+01  -5.3717505e+01   7.0059944e+01   5.2169429e+01  -6.8117930e+01   3.3754529e+01  -5.3841038e+01   7.8580706e+01  -7.9825388e+01  -9.8789782e+01   2.4242603e+01  -4.3704206e+00  -3.7181477e+01   3.2302485e+01   4.5712351e+01   8.2649136e+01
  -2.8208090e+01  -2.2435122e+01  -2.4221546e+01   1.6886865e+00  -8.7461931e+01  -6.4852322e+01  -3.2904139e+01   9.0200218e+01   5.9403348e+01  -6.8000072e+01   4.2607691e+01   6.1271238e+01  -8.5478651e+01   7.2477833e+01  -2.6004547e+01   5.1676808e+01   1.5774252e+01   2.0985131e+01   8.1490458e+01   2.1257810e+01   4.7305923e+01  -1.8005859e+01  -1.2537950e+01  -7.7052393e+01   1.4148059e+01   9.4337206e+01   1.8102025e+01  -7.3075131e-01  -5.8719335e+01   3.7358153e+01
   5.9301699e+01   3.1886264e+01   8.8430839e+01   8.6886170e+01  -4.8961407e+01  -5.9092773e+01  -3.8507128e+01   6.7594022e+01  -6.9705115e+01  -1.8063093e+00   6.9355152e+01  -5.5053396e+01  -4.9336964e+01  -8.0845778e+01   3.4948222e+01   9.6935013e+01   8.9974024e+01  -4.3535145e+01  -7.7959695e+01   6.2867548e+01  -7.8592251e+01   7.8530906e+01   3.0968988e+01   2.9057668e+01  -9.7700000e+01   9.4154221e+01  -5.6347578e+01  -9.8780750e+01  -9.2557970e+01   7.8554714e+01
  -7.4621388e+01  -9.5780242e+01   7.9256742e+01  -1.6179771e+01  -8.4375421e+01  -4.2393786e+00   5.9020620e+01  -7.2209635e+01   4.2455007e+01   4.9216855e+01   3.9648570e+01   2.9229070e+01  -5.7072005e+01  -1.2741510e+01   4.4798439e+01  -1.6282369e+01   2.0828153e+01  -4.8543767e+01   9.6910688e+01  -7.0960200e+01  -2.6036219e+01   4.2306106e+01  -8.4147812e+01   7.2593552e+01  -7.3126608e+01  -4.9113495e+01  -9.2314936e+01  -7.7788760e+01   8.8245221e+00  -5.1299600e+00
   5.9684164e+01  -8.6470331e+01  -8.1376747e+01   7.7098951e+00   7.6659145e+01   3.3446642e+00   5.4377812e+01  -1.3540371e+01  -5.0301864e+01   4.3731488e+00  -3.8873272e+01   4.9384711e+01  -1.6272255e+01  -3.1367719e+00   6.1514540e+01   4.1702463e+01   3.0610080e+01  -7.2040187e+01   2.8819150e+01  -5.2700913e+01   6.5105831e+01   7.9350214e+01   5.5017900e+01   5.7545257e+00  -5.3601261e+01   1.5440066e+01  -4.3052155e+01  -2.3048708e+01   7.5458443e+01  -7.8838298e+01
  -8.5857459e+01  -2.6029968e+01   4.1555773e+01   1.4295384e+01   3.1803477e+01  -1.9841911e+01  -4.3910368e+01   1.7416911e+01   2.2394531e+01  -8.7320480e+01  -6.0010971e+01  -6.8418277e+01  -6.3008447e+01   5.6518469e+01   9.8142756e+01  -9.3818130e+01  -4.4237744e+01   5.6042184e+01   1.7630448e+01   5.5400839e+01   2.8518232e+01   4.5304964e+01  -7.2253785e+01   2.5053334e+01   1.7201059e+00   1.1277694e+01   9.7024174e+01   7.6562566e+01  -5.0769651e+01   6.2223145e+01
   3.4671074e+01  -9.6038526e+01  -3.0063135e+01  -4.1899685e+01   4.2461396e+00  -8.1493736e+01   5.5936746e+01   5.1734198e+01  -4.6334239e+01   2.3815752e+01   3.2984023e+01  -9.2010961e+01   6.4589120e+01   1.1858304e+01   4.9192395e+01   4.7911327e+01   2.0711050e+00  -5.5572184e+01   3.1929559e+00   4.3201542e+01   2.7557446e+01  -9.3419835e+01   2.7623998e+01  -1.3329380e+01   6.5305854e+01  -4.6628455e+01   3.8660214e+01   2.5508830e+01   6.0445775e+01   1.9538276e+01
  -4.7541961e+01  -9.6576932e+01   6.4832827e+01  -3.7559544e+01   6.6166027e+01   1.8191671e+01   7.3217107e+01   6.8551062e+01   9.4502584e+01  -8.5273308e+01  -4.4241434e+01  -8.5947547e+01   3.8925673e+01  -5.2371930e+01  -2.9184632e+01  -1.6022321e+01  -2.5877421e+01  -8.5334307e+01   3.7075121e+01   2.9945754e+01  -4.1326617e+01  -5.6667099e+01   7.8183216e+01  -2.5371444e+01   5.8586836e+01  -5.0580783e-01   9.1140541e+01  -8.7727045e+01  -3.7409796e+01   9.0237019e+01
   9.7096404e+01  -9.2310085e+01   9.7446580e+01  -5.3530508e+01  -3.4020809e+01   4.5309222e+01   2.1694715e+01  -9.4862108e+01   3.4215050e+01  -3.8037234e+00  -6.5617594e+01  -8.6554810e+01  -5.4035332e+01   2.3668345e+01  -3.4683451e+01  -2.8494695e+01  -3.6819808e+01  -2.6590699e+01   3.9714376e+01  -9.4820052e+01  -7.0761280e+01  -3.1097868e+01   3.5022756e+01  -2.2048983e+01  -6.6839392e+01  -4.0562654e+01   2.3068347e+01   4.4191410e+01  -8.2662207e+00   7.5410408e+01
  -2.5297110e+01   9.4079283e+01  -4.2176477e+01   7.6422996e+01   8.4262192e+01   6.4613034e+00   5.5127123e+01  -1.3732805e+01   8.5043031e+01  -1.1887446e+01   8.1934424e+01  -6.1169015e+00  -8.9853687e+01  -4.3597368e+01  -9.3734723e+01  -8.9554703e+01   2.5075416e+01   6.2430293e+01  -3.5923484e+01  -2.3884447e+01  -2.6598625e+01  -6.9953191e+01  -7.5565437e+01   6.6506980e+01  -3.6668116e+01  -8.2956165e+01  -5.9439240e+01   4.2778992e+01  -9.3660301e+01  -9.3176989e+01
   7.0863750e+01   4.4881539e+01   6.1344919e+01  -4.7989456e+01   7.9927632e+01   5.2596472e+00   3.8850140e+01   3.4268980e+01   4.2514289e+01   6.6881412e+01   1.8659417e+01  -9.9224032e+01   3.5408691e+01   4.9324583e+01  -1.9273858e+01   8.5798304e+00  -4.3173525e+01  -6.6762967e+01   9.2883508e+01  -2.1912303e-01  -7.8755672e+01  -4.0591988e+00   1.4589487e+01   7.8458374e+01  -8.8951583e+01   3.2689557e+00  -5.9035917e+01  -7.6274472e+01   5.0599878e+01  -4.8394423e+00
  -2.7523864e+01   9.1846296e+01  -1.2166251e+01  -1.2899793e+01   9.7060749e+01  -5.3810884e+01  -5.4535821e+00  -3.3513791e+01  -7.4333286e+01  -4.7618751e+01   1.4260451e+01  -6.6978389e+01  -1.3461959e+01  -4.2033171e+01  -8.2153917e+01   1.3706539e+01   1.7947016e+01  -8.9208688e+01  -8.4576966e+01   6.9438184e+01  -1.0011851e+01  -4.8276130e+01   2.9383086e+00   2.9879226e+01  -3.9713651e+00   4.8325788e+01   8.9654482e+01  -5.1956520e+01   5.6045542e+01   3.5610582e+01
   6.9772613e+00   1.9003672e+01  -7.3672264e+01   3.8906964e+01   5.6379325e+01   7.2485295e+01  -9.4632767e+01   1.8480756e+01  -3.4192165e+01   3.2061361e+01   5.7658533e+00   3.6853488e+01  -4.0817773e+01  -6.9530720e+01  -7.0101184e+01   3.5110008e-01   5.5283062e+01  -3.5138256e+00   6.8900679e+01  -8.3559679e+01  -2.1208238e+01  -3.2178228e+01  -7.5875730e+01   9.8129995e+01  -7.4595698e+01  -1.3505541e+01  -9.5113456e+00   4.0446252e+01  -7.9053916e+01  -7.4500819e+01
   2.1463892e+00   6.4815718e+01   4.1401785e+00  -3.5880356e+01  -7.1622472e+01  -1.4642920e+01  -4.3147359e+01   9.2045804e+01   7.9350260e+01   9.3713456e+01   8.0725665e+01  -9.7062701e+01  -8.2177160e+01   5.4902332e+01  -3.5781676e+00   1.2476716e+01  -7.9458951e+01   2.3532354e+01  -7.7663775e+01   5.4206932e+01  -9.5845098e+01  -3.5780491e+01   8.7393103e+01   8.7549587e+00  -7.3087013e+01   7.8580119e+01  -7.0405680e+01   5.8806826e+01   9.0103421e+01  -7.3029103e+01
   6.1254689e+01  -1.9900511e+01   9.5638674e+01  -8.9975446e+01  -9.3370966e+01   9.7998897e+01  -4.0489519e+01   7.0554880e+01  -6.2149855e+01   3.2052808e+01   4.5650416e+01   6.7123230e+01  -7.3977358e+01  -3.4437131e+00   3.9501399e+01   3.0535864e+01   1.8091340e+01   7.5222501e+01  -9.9321240e+01  -7.5121042e+01   3.8128442e+01  -2.7866820e+01  -5.0676136e+01   8.2693639e+00  -8.6957433e+00   3.3790252e+01  -3.3705584e+01  -6.5313346e+01  -7.0896585e+01  -9.9078418e+01
   9.1059228e+01  -9.0501734e+01  -9.4532267e+01   5.6812286e+01  -3.1707127e+01   1.6952368e+01   5.0417411e+01   1.8499285e+01  -1.9423638e+01   1.0039280e+00   4.9959942e+01  -4.2957308e+01  -9.9078860e+01   8.8164996e+01  -2.2328190e+01   1.3664687e+01  -7.1698914e+00   3.3954849e+01  -2.9021440e+01   3.8621879e+01   8.0687807e+01   2.6989425e+01  -7.8069319e+01  -9.3898501e+01   3.3759655e+01  -4.3746345e+01  -1.3888492e+01  -9.9151748e+01  -4.0346594e+01   4.2105855e+01
  -1.7400956e+00  -1.1903232e+01  -7.8117564e+01   6.6789760e+01  -8.5547466e+01   9.7119763e+00   5.0626418e+01   1.4158424e+01  -9.3590323e+01   8.9556532e+01   9.2360941e+01   6.5674432e+01  -3.7383070e+00  -8.8582439e+01  -5.9330918e+01  -6.2347985e+01  -3.8410279e+00   9.2848842e+01  -4.4859513e+01  -2.7893000e+01  -9.4528639e+01  -5.2411645e+01  -4.6999853e+01  -7.7656825e+01  -3.0077402e+01   2.4421893e+01  -6.2065420e+01   8.5307122e+00   5.0315820e+01   9.5774420e+00
   7.3677337e+01  -4.0220716e+01  -3.0534384e+00  -6.8426507e+00   3.1120993e+01  -9.6433165e+01  -9.0212580e-03   5.1254350e+01   8.7106782e+01  -3.5740625e+01   9.7465489e+01   4.9039064e+00   2.8488553e+01  -8.0251354e+01   5.3530725e+00  -9.5852154e+01  -2.7501853e+01  -9.9628325e+01  -2.2681841e+01   4.8539070e+01   9.3946382e+01   9.9617339e+01  -7.7358165e+01  -3.3674493e+01   3.0222455e+01  -5.9692123e+01   5.7607824e+01  -4.2554697e+01  -9.1708718e+01   2.6781393e+01
   6.5113784e+01   9.5647492e+01   4.5076663e+01  -2.0389328e+01  -5.3934743e+01   8.5244005e+01   8.6836040e+00  -4.6079095e+01  -6.2601048e+01   3.2641256e+01   8.6843240e+01   5.1358356e+01   7.5099764e+01  -4.6193353e+01   7.0996990e+01   8.9427942e+01   1.0307666e+01  -5.1610131e+01   9.0731280e+01  -2.9760288e+01   8.9054509e+01  -8.7700191e+01   8.0926846e+01  -7.5986776e+01   3.8121556e+01  -6.1455637e+01  -9.5910691e+01   6.4805192e+01   6.3251571e+01   4.5747621e+01
  -4.5978335e+01  -6.9823881e+01  -9.6229351e+01   2.6478567e+01  -4.8522276e+00   2.1090655e+01   2.5075145e+01  -1.3794317e+01  -7.9588106e+01  -9.6841272e+01   9.4459806e+01  -9.7020243e+01   7.3365908e+01   9.6733277e+01   2.4032588e+00   1.0365822e+01  -9.0212854e+01  -8.4595350e+01   6.5253363e+01   7.4471361e+01   6.4613231e+01  -3.6863984e+00  -1.0846698e+00   4.1365039e+01   5.3011383e+01   3.3878591e+01  -1.4572882e+01  -4.7517966e+01   1.6864158e+01  -9.0826451e+01
  -6.5945296e+01  -5.3464878e+01  -7.6231691e+01   3.0927172e+01  -7.6549184e+01   4.0087045e+00   8.4115313e+01  -8.3287350e+01  -5.4287998e+01   1.0033614e+01  -7.5826525e+00  -5.1857414e+01  -4.2302729e+01  -5.2533045e+01  -8.9309045e+01   7.3675507e+01   4.9014453e+01   2.0361152e+01  -6.0411503e+01   2.4517858e+01  -1.1488326e+01  -6.5129632e+01   7.7360032e+01   6.5784955e+01  -8.3948825e+01  -2.1080264e-02  -9.9327510e+01   1.9546174e+01  -3.0563363e+01   6.8371114e+01
   1.4784674e+01   7.4919366e+01  -6.9944168e+00   9.8527863e+00   2.6214271e+01   3.8261309e+01  -3.9338162e+00  -9.8072953e+01   7.7424362e+01  -8.4566399e+01  -9.3640548e+01   8.8849484e+01   7.8552376e+01  -6.1064341e+01  -4.0220286e+01   9.7775937e+01   1.5676982e+01  -1.6185685e+01  -8.1157285e+01  -3.6881710e+01   6.7676531e+01  -9.7291002e+01   7.7586887e+01   5.3813833e+01  -2.9396364e+01   9.0372012e+01   1.9877859e+01   5.7176299e+01  -5.8680855e+01  -9.0326676e+01
  -4.7422714e+01   8.1807087e+00  -7.2730036e+01   6.5669845e+01   9.8137821e+01   4.6016653e+01  -5.4700840e+01   2.8465275e+01   5.7927596e+01  -6.3112680e+01  -9.6329568e+01   7.2143897e+01   2.9365584e+01  -8.5270349e+01   1.5108896e+01   2.7941958e+01  -4.8764779e+01  -9.1186828e+01  -6.5048060e+01  -8.1065860e+01  -7.4024398e+01   5.6332217e+01  -6.5526545e+01   1.0223933e+01   2.8444325e+00   5.9997734e+01   4.2048494e+01  -3.2868975e+01  -4.4984889e+01   8.2356891e+01
  -2.1951646e+01  -2.7603101e+01  -3.3102776e+01   8.4080833e+01  -1.2900209e+01  -9.5573722e+01   4.2736319e+01   7.1249792e+01  -7.5974807e+01  -3.1342964e+01  -4.2233890e+01  -8.3378089e+01   3.0994979e+01  -9.4557931e+01  -5.0163755e+01   2.2395663e+01  -3.1457068e+01   9.2006000e+01   3.8181416e+00   2.1941226e+01  -6.3149136e+01   9.3835568e+01  -2.0717659e+01  -5.8916367e+00   7.3281664e+01   1.0169559e+01  -3.1992318e+01  -8.6966971e+01   4.4113107e+01   8.5540503e+00
  -7.9456306e+01  -2.2919272e+01  -5.5312420e+01  -9.4517248e+01   1.9893555e+01  -4.4740553e+01  -7.7283234e+01  -6.9362408e+01  -6.3080401e+01  -5.3440610e+01   1.8196626e+01  -3.2386279e+00   4.0254299e+01  -9.2246740e+01  -2.8069910e+01  -6.3167342e+01   4.3225331e+00  -5.4675781e+01  -1.8741043e+01   4.7864081e+01   7.3065224e+01   8.2655743e+01  -3.0503697e+01  -9.4593865e+01  -4.5339122e+01  -8.1187355e+01   4.7851429e+01  -6.0272800e+01  -2.8508116e+01  -9.7615090e+01
  -1.1129622e+01  -6.4369609e+01   1.8612097e+01   9.5811227e+01  -6.1055805e+01   1.4703299e+01  -6.9100429e+01  -5.5445986e+01  -1.0613890e+01   7.9656298e+01  -1.2785908e+00   9.4030926e+00  -8.6566245e+01  -6.2230027e+00  -1.8955655e+01  -5.9982002e+01  -1.9855059e+01   7.8365930e-01   4.1484174e+01   4.7035325e+01  -3.5684527e+01  -6.8413022e+01  -7.2082396e+01  -9.7608222e+01   4.1995250e+01  -9.2033601e+01  -1.2198306e+01   2.6918605e+01  -5.1837383e+01  -1.2932414e+01
   5.7081590e+01   6.4118731e+01   3.5054342e+01   5.6025719e+01  -8.0118675e+01   6.8852374e+00  -3.8466183e+01   3.3338782e+01   6.7021740e+01   9.3141710e+01   2.8418894e+01   5.3116782e+01   1.7059086e+01  -6.3863701e+01   9.7476893e+01  -3.9056105e+01  -3.4074895e+01  -7.4969524e+00  -8.3169267e+01  -2.8087017e-01   4.3221798e+01   6.1502688e+00   7.3903546e+01  -2.0814105e+01   4.7546320e+01  -7.8371228e+01  -4.1698045e+01   4.7284783e+01   3.8711821e+01   2.5010984e+01
  -5.1373850e+01  -2.7792955e+01  -9.3887824e+01  -4.7786997e+01   9.5378677e+01   8.6935133e+01  -7.6890332e+01  -2.4729349e+01  -9.1973481e+00   3.4512221e+01  -1.4764236e+00  -5.6589458e+01   6.4343376e+00  -8.8061050e+01   9.6011265e+01  -3.1862580e+01  -2.7211354e+01  -8.3123204e+01  -4.3814284e+01   2.3088878e+00   5.8168481e+01  -9.6320690e+01  -1.3734602e+01   3.3197207e+01  -7.6144751e+01  -4.2465913e+01   9.2539059e+00  -5.1202842e+01  -8.7193246e+01  -9.0129097e+01
   9.2879098e+01   6.2914558e+01  -6.0350884e+01   1.6980672e+01  -9.1262643e+01   1.8283711e+01  -6.8472097e+01   9.7464262e+01   5.5620428e+01   7.2569670e+01  -9.6664355e+01  -1.9854703e+01   7.7152682e+01  -4.3470711e+01  -7.9756627e+01   7.1161345e+01  -3.8639265e+00   7.7766428e+01  -7.4679924e+01  -4.4061596e+01   8.5077505e+01  -2.5834023e+01   2.1636450e+01   8.4469431e+01  -2.7270341e+01  -1.8860978e+01  -8.8840187e+01   1.6394180e+01  -3.7494801e+01  -2.1937373e+01
  -4.3768414e+00  -3.9903184e+01  -7.0386404e+01  -6.2261196e+01   8.9027779e+01   6.2688487e+01   4.6507929e+01  -3.4553663e+01   1.8872529e+01  -5.0269527e+01  -9.0726375e+01  -4.1958193e+01   1.5584678e+00  -6.5189045e+01   8.4973217e+01  -9.9674352e+01  -4.8779802e+01  -7.1202232e+01  -4.8401008e+01   9.1612130e+01  -7.6433034e+01   5.4173247e+01   2.2592462e+01  -2.6570906e+01  -9.9334128e+01   7.0823542e+01  -7.5738080e+01   2.7605366e+01   3.2999148e+00   5.0311756e+01
  -8.9028388e+01   7.1710097e+01  -6.8030644e+01  -6.9323603e+01  -3.7452843e+01   2.8904027e+01   2.1921658e+01   5.8545421e+01   1.3027769e+01   4.5851152e+01   3.1960184e+01  -1.7604591e+01  -9.0605236e+01   9.6596205e+01  -9.1279958e+01   4.6727880e+01   6.0757089e+00   1.8152643e+01   3.3235140e+01   1.6613214e+01  -8.3250834e+00   6.0602816e+01  -9.4169166e+01  -4.7705485e+01  -7.3104532e+00   3.4413223e+01  -7.8218691e+01   3.4139378e+01   7.9776391e+01  -1.1822725e+01
   6.6073748e+00  -2.1018536e+00   9.4861274e+01  -6.0390671e+01  -1.3789355e+01   9.4883199e+01  -5.4547819e+00   4.9011283e+01   1.9908632e+01   9.2071169e+01  -4.6258547e+01  -4.3478567e+01   4.5673334e+01   6.0924297e+01   8.4065935e+01  -2.6375522e+01   1.8631176e+00  -3.1052997e+00  -5.9068864e+00   2.2287602e+01  -2.8043529e+00  -1.4199867e+01   7.8028112e+01  -6.0261066e+01   5.6953589e+01   2.4798776e+01   1.8460227e+01   3.3607969e+01  -8.2201802e+01   8.3750023e+01
  -6.0020499e+01   5.1480341e+01   2.1315016e+01  -8.5756968e+01   2.0795800e+01   5.3586445e+01  -9.5043673e+01  -5.9999946e+01  -2.8827077e+01   1.0625814e+01  -3.7383838e+01   1.4900241e+01   9.8109146e+01  -8.9859682e+01  -3.6666648e+01   1.1671262e+01   7.7278757e+01  -5.8126341e+01   7.0885796e+01  -8.1314613e+00  -8.8367824e+01  -7.6872168e+01   1.7173322e+01  -6.7866755e+01  -6.9570724e+01   5.8589224e+01   2.1714708e+01   6.9848677e+01  -3.2273954e+01   1.9423110e+01
  -1.4197881e+01   6.4883377e+01  -3.3516263e+01  -8.8733289e+01   4.7277702e+01   2.8565022e+01  -4.0949342e+01  -1.3067026e+01   6.7734452e+01   3.9208914e+01  -6.3908483e+01  -7.1575554e+01   1.1023961e+01   5.5488364e+01  -7.4906081e+01  -4.9548297e+00  -5.1162385e+01   5.1130093e+01  -6.7527244e+01   5.0642967e+01   7.8328096e+01  -3.0561113e+01  -6.7561812e+01  -2.1336863e+01  -6.9173719e+01   5.2040772e+01   3.9701104e+01  -9.2262384e+01  -4.5034564e+01  -3.7628742e+01
  -5.0616118e+01   5.7367875e+01   6.8110665e+00  -6.7223461e+01   3.5941082e+01   5.2796507e+01   5.4756087e+01  -3.7453976e+01   1.3106060e+01  -4.0475306e+01   2.3930398e+01  -6.6320717e+01   8.3475140e+01   1.4138922e+01  -9.2040700e+01   2.0824747e+01  -8.4731419e+01   5.1624322e+01  -7.8661575e+01  -5.2352701e+01  -7.7809752e+01  -8.3014557e+01   2.4141351e+01  -3.8292353e+01   1.8265216e+01  -1.6826965e+01   8.0306361e+01   1.7231798e-01  -8.3910203e+01   3.0357107e+01
   3.2694951e+01  -1.7364442e+01   7.9500010e+01   3.6999159e+01  -4.1372919e+01   1.0059987e+01  -1.7349381e+01   8.6855529e+01   9.6275008e+01  -6.6243962e+01  -4.1988371e+01   7.3291587e+01   3.8391878e+01  -1.9408439e+01   4.3616522e+01   6.4602393e+01  -6.1734139e+01   1.8679098e+01  -6.1685670e+01  -8.9409032e+01  -6.3612451e+01   6.4532553e+00   4.0046479e+01  -9.4603453e+00  -5.4651553e+01  -5.1404539e+01   5.0391838e+01   1.0778659e+01   4.5457959e+01  -7.3434410e+01
   5.2379250e+00   7.4164899e+01  -2.7959912e+01  -6.4929404e+01   1.0956565e+00   5.3865847e+01  -9.5856482e+01   8.8435510e+01   2.0006388e+01   5.2823460e+01  -3.6087448e+01   6.0471878e+01  -8.4550862e+01  -3.5515711e+01   2.8361027e+01  -9.8158240e+01   1.3849232e+01   1.9762509e+01   7.5571361e+00  -7.6571022e+01  -3.6207110e+01  -1.9123887e-02  -6.9457474e+01   3.5645720e+01  -4.7935295e+01   1.9476459e+01   3.9985581e+01  -3.1586608e+01  -3.6844345e+01  -3.4416708e+01
  -1.8643074e+01  -6.1549414e+01   5.6427430e+01  -1.9173437e+00  -1.6027470e+01  -6.8845567e+01   7.2027161e+01  -8.3617462e+01  -9.3981347e+01  -2.0514939e+01   2.2775367e+00   3.2898020e+01  -3.0939643e+01  -1.8616614e+01  -9.3974475e+01   3.9073908e+00  -5.7894085e+01   2.2564766e+01  -3.0998678e+01   7.9951080e+01  -7.2247010e+01   1.1865913e+00  -4.0294293e+01  -9.2804247e+01   5.0688753e+01   9.0871340e+01   7.6006965e+01   8.0242045e+01  -9.5989614e+01  -6.7037658e+01
   5.0669160e+01   3.9632539e+01   3.8970597e+01  -9.6927283e+01  -6.0790995e+01  -9.5277870e+01   6.4746042e+01  -7.9597658e+01  -5.2012792e+01  -2.1212506e+01   4.0492190e+01  -8.0373963e+01   3.6527669e+01  -9.1544842e+00  -7.2508877e+01   9.7785668e+01  -3.4935991e+01   7.4350957e+01   5.3812096e+01   2.8161770e+01  -5.9001437e+01  -2.9273588e+01   5.7361623e+01  -1.5994775e+01  -4.9270689e+01  -1.5930634e+01  -8.9194321e+01   2.0669586e+01   2.2952847e+01   6.0513193e+01
   6.4699902e+01   2.0283883e+01  -7.8023522e+01   8.0421786e+01   9.7983274e+01  -6.4097030e+01  -9.9449892e+01   9.3721873e+01   1.2132850e+00   5.1888255e+01  -2.1221431e+01   2.8231175e+01  -9.5557995e+01  -5.3887310e+01  -6.2390424e+01  -5.2069965e+01   1.8195018e+01  -9.4702981e+01   7.2515263e+01   4.8184657e+01   1.3797044e+01  -4.1123095e+01  -9.4386395e+01   4.7858126e+01  -2.4891008e+01  -4.5014368e+01  -4.3589490e+01   6.1589263e+01  -4.7969051e+01   5.7508770e+01
   6.4811503e+01  -6.8006511e+01  -1.7716193e+01  -4.3002343e+01  -4.3727359e+01   7.8723680e+00   3.8483366e+01  -8.7571574e+01   5.7904901e+01   1.8964080e+01  -7.3659923e+01   1.5190009e+01  -3.3892524e+01  -3.5482712e+01  -1.7266619e+01   7.4879955e+01   6.0652353e+01  -8.6786521e+01  -6.1213836e+01  -9.8644524e+01  -9.9258228e+01  -3.2009654e+01   7.7462614e+01  -1.7643949e+01   3.6467009e+00   9.3824312e+00   5.1590921e+01  -7.3651996e+01  -4.4531667e+01   1.7802962e+01
   5.5853637e+01   5.4772362e+01  -4.3976250e+01   5.7509614e+00   1.2857349e+01   8.7695536e+01  -7.2561064e+01   6.4597192e+01   8.9935217e+01   1.3324175e+01  -8.8107412e+01  -6.1844129e+01   3.4329197e+00  -9.3061479e+01  -5.8831603e+01   9.6856658e+01   7.9060311e+01   3.9290122e+01   1.2567317e+01  -7.6751887e+01   1.8828144e+01  -7.5135526e+01  -8.5852590e+01   7.5450910e+01   9.9357621e+01   3.1276780e+01   3.2668248e+01   8.4073470e+01  -8.4434032e+01  -3.2528066e+01
  -1.8298704e+01  -1.4331928e+01   9.4338081e+01   5.8611720e+01  -1.7391503e+01   9.9286985e+01   6.8147014e+00   9.8246101e+01  -3.6953117e+01  -9.8515114e+01  -9.4353892e+01  -7.3347106e+01   1.8778361e+01   6.6673280e+00  -6.3431834e+01   1.7721597e+00  -6.5124441e+01  -5.3386883e-01   2.6370223e+01   8.9362073e+01   9.8976796e+01  -3.9412192e+01  -1.1424114e+01   9.9266703e+01   1.5245199e+01   2.3732141e+01   5.9787064e+01   1.0411522e+01   2.2786116e+01  -1.5603643e+01
   8.3345415e+01  -3.6557750e+01   6.4811992e+01   7.9017561e+01   3.2689343e+01  -4.7008969e+01   8.7662891e+01   9.0799115e+01   5.9307850e+01   1.8298395e+01   3.0941442e+01  -6.1092088e+00   3.6485093e+01  -6.6447192e+01  -1.6215735e+01   5.6371529e+01  -7.8237288e+01   2.4519187e+01  -4.9878532e+01  -4.5733292e+01  -9.4458064e+01  -7.0059273e+01  -5.7737488e+01  -1.2540522e+01  -2.8472088e+01  -2.2981564e+01   9.0118957e+01  -7.2852750e+01   8.6178102e+00   1.1986293e+01
   5.2189060e+01   3.6491077e+01   9.1213041e+01  -8.2602802e+00   3.5688363e+01   3.9694649e+01  -2.3151339e+01   3.7419782e+01   1.5256936e+01  -5.2546266e+01   8.1532260e+01  -3.5414326e+00   9.1446986e+01   6.6589316e+01  -9.2586661e+01   8.7167728e+00  -5.8168948e+01   6.3439883e+01  -4.4683682e+00  -4.2541382e+01  -6.5597354e+01   6.6307435e+01  -8.2059899e+01  -2.7452990e+01   2.0373013e+01   1.0527254e+01  -5.8949792e+01  -6.2855141e+01   4.6476315e+01  -7.6865207e+01
   9.7429346e+01   2.1520264e+01  -4.2394515e+00  -4.4092165e+01   4.2801586e+01   8.3922468e+01  -5.7842411e+00  -2.2756617e+01   3.8434916e+01  -3.7406769e+01   9.3715259e+01  -8.7211194e+01   6.2034267e+00   4.2394347e+00  -4.0106769e+01  -8.6041248e+01  -2.1064825e+01   6.2730152e+01   2.9506063e+01  -6.2036977e+01  -3.7308928e+01   9.6264570e+01  -9.8674879e+01   2.8134282e+01   9.2952003e+01  -9.9168526e+01  -1.1924774e+01  -5.1889507e+01   3.2136358e+01  -7.0568480e+01
  -1.7801606e+01   5.2474054e+01   1.9088396e+01  -1.4832575e+01   2.2151408e+01  -5.3783985e+01  -3.0892620e+01  -6.7473246e+01  -3.0072050e+00  -5.7890772e+01  -9.6278494e+01   6.7234952e+01  -6.6681172e+01  -4.5151589e+01   9.9032934e+01   5.1168833e+01   1.8439268e+01   1.7275672e+01   3.5964205e+01  -7.6572238e+01  -3.0170496e+01  -2.9492519e+01  -9.5773144e+01  -2.0519133e+01  -9.5100973e+01   7.8799782e+01   6.5324470e+01  -5.3233614e+01   6.7315644e+01  -1.1132279e+01
  -5.1720543e+00  -4.0499117e+01  -6.5271415e+01  -7.5430157e+01   7.7682598e+01  -7.7509522e+01   3.9738753e+01   3.0058924e+01   1.7940461e+01   8.9934474e+01   5.6687529e+01  -4.9656096e+01   5.6469815e+01   7.0580742e+01  -2.9476011e+01   8.5675505e+01   7.2046235e+01   3.7880659e+01  -6.1652794e+00   7.2950974e+01   8.8442300e+01   6.7235828e+01   8.1909022e+01   1.2804975e+01   7.4805926e+01   1.1404366e+01   9.0506386e+01  -5.2080505e+01  -3.5789568e+01  -1.9149407e+01
  -6.9597326e+01   6.8135042e+01  -4.8258431e+01  -5.2688397e+01   6.9390219e+01   2.2181181e+00   4.1044172e+01  -2.6148693e+01  -4.8223693e+01  -4.4769327e+01  -3.5173900e+01  -6.3446722e+01   5.8794319e+01  -5.9187906e+01   6.3440041e+00   1.4012421e+01  -8.2440285e+01  -5.0605296e+01   1.1640696e+01   3.8059271e+01   5.8698265e+01   6.8767262e+01  -3.8637914e+00  -2.2746799e+01   4.2031355e+01   6.7832015e+01  -3.0057142e-01   3.0218439e+01  -6.2868498e+01   6.0224958e+01
  -1.6780875e+01   4.2749215e+00   6.9353345e+01  -5.7873814e+01  -9.7100205e+01   2.5915272e+01  -6.6727889e+01  -3.0342498e+01  -5.5650439e+01   3.6047392e+01  -7.5515452e+01   1.3933100e+01   5.0900265e+01   5.8165272e+01   9.9116148e+01   2.9304078e+01  -5.6473932e+01  -7.6164835e+01  -1.2701928e+01   1.9802792e+01   3.6404256e+01  -4.5188547e+01  -1.1955660e+01   3.2505379e+01   8.9266838e+01   3.5683372e+01   2.3270020e+01  -6.2179199e+01  -3.7388094e+01  -5.3879651e+01
  -8.4926798e+01   9.9212478e+01  -7.6301065e+01  -1.4379907e+01  -8.9967657e+01  -2.0179977e+01  -8.8563060e+01  -2.7983403e+01   1.0568251e+01   6.7076093e+01   4.3543337e+01   9.2917796e+01  -1.2546301e+01   4.2798066e+01   5.3181662e+01   1.7243363e+01  -3.5311574e+01   7.7426250e+01   4.8289828e+01  -7.2719912e+01  -1.5828426e+01   7.4025809e+01  -8.1816912e+01   3.3509175e+01  -4.1288665e+01  -5.1903473e+01   9.0041662e+01   7.9400762e+01  -9.0287672e+00  -2.4125410e+01
  -2.8791211e+01  -7.6604533e+01   6.7714224e+01   1.2625011e+01   6.4131456e+01   2.2440412e+01   5.5705045e+01   2.4902858e+01  -6.5790596e+01  -8.3752346e+00   7.6703836e+01  -4.1395755e+01  -3.7119072e+01   6.2874857e+01  -5.0415049e+00   8.5002203e+01  -1.4186423e+01   1.0650065e+01  -5.6480207e+01  -4.7030439e+01  -4.0578307e+01  -8.4487240e+01   1.6080435e+00   5.2350984e+01  -1.1325756e+01  -4.7292043e+01   8.8554699e+01   4.6192772e+01  -1.2195168e+01   1.0687574e+01
   2.5051526e+01   6.2360631e+01   6.8593906e+01  -3.6503393e+01  -1.6068863e+01   6.3756247e+01   9.0742820e+01  -3.5621635e+01  -2.8240866e+01  -1.7770778e+00   8.3474509e+01  -4.0327298e+01   2.4217141e+01  -1.7504431e+01  -9.2095156e+01  -9.2529000e+01   8.7227674e+01  -7.2883436e+01   9.3418525e+01   7.8360873e+01   1.0733909e+01   4.6329830e+01  -7.3381747e+01   6.3908019e+01  -5.9718200e+01   9.9473937e+01  -1.9394794e+01  -4.6889698e+01   2.6029423e+01   2.7563119e+01
   1.0891996e+01  -1.1250872e+01   3.7287364e+01   3.8297864e+01   2.7984726e+01  -4.4665876e+00   6.7910309e+01  -3.4356141e+01   2.1724181e+00   7.6232650e+01   2.8095107e+01   9.0814496e+01   9.9708347e+01   4.1807138e-01   6.7782614e+01  -8.6219788e+01  -5.2462426e+01   1.4823056e+01   4.9025302e+01  -8.2553748e+01  -5.2830420e+01  -2.8072391e+01   2.7266948e+00  -5.9894786e+01  -5.4175566e+01   5.6346999e+01  -7.4715681e+01  -1.6779915e+00   6.3054903e+01   6.2474029e+01
   7.4175132e+01  -7.1145163e+01   9.9682364e+01   2.8905822e+01  -1.4570586e+01  -2.8197005e+01   9.2745296e+01   2.3776492e+01   3.9007108e+01   1.9851282e+01  -3.6947205e+01  -9.7227738e+01   7.1594999e+01  -9.4156384e+01  -5.4869921e+01   7.5087395e+00  -4.5509874e+01  -7.6732208e+01  -1.1382055e+01  -4.9605453e+01  -3.9210999e+01   5.2702143e+01   7.4302069e+01   7.7233707e+01  -1.8364149e+01  -5.3062601e+01  -3.2212651e+01   8.0902777e+01  -9.4341905e+01  -7.3380520e+01
   8.8054400e+01   6.4674530e+00  -9.9679928e+01   3.3436213e+01   9.4605466e+01  -6.5590829e+00  -3.9667814e+01   4.9163785e+01  -1.8383036e+01   4.9070948e+01  -9.9554553e+01  -9.3748763e+01  -7.1210955e+01   9.5538122e+01   4.7366115e+00   6.3596144e+01   3.8435720e+01   4.1732291e+01   3.4881417e+01  -7.6352095e+01  -4.5913235e+01   5.6932861e+01   8.9344086e+01   6.5222666e+01  -2.7130809e+01   2.0192850e+01   3.2524058e+01   4.7161418e+01   9.5446763e+01   4.4888921e+01
   8.0484139e+01  -1.5085976e+01  -5.3583500e+01  -6.6391191e+01  -9.1917337e+01  -2.2445436e+01  -3.8659943e+01   3.1312742e+01   4.8607817e+01   6.8104228e+01  -9.7026811e+01  -8.0108974e+01  -3.9829037e+01   6.2776058e+00  -5.3125165e+01  -1.5818369e+01   5.8019359e+01   5.8783145e+00   3.1094302e+01   8.6248720e+01   4.9458516e+01  -3.4962085e+01  -9.0047478e+00  -1.4316484e+01   1.6159923e+01  -6.3156034e+01  -6.6769391e+01  -1.3991189e+01   2.2541093e+01   8.8820593e+01
   1.0011644e+01   2.8857131e+01   4.5147546e+01   6.3381117e+01   3.2591337e+01   2.9106422e+01   3.1054090e-01  -8.6931231e+01  -6.2924639e+01  -7.0353449e+01   3.4870611e+01  -3.0780331e+01  -5.5044993e+01   9.6336407e+01   8.7231436e+01  -6.5462015e+01  -8.4382902e+01   5.9139741e+01   3.8579927e+01   3.6843120e+01   9.8674141e+01   6.3944356e+01   7.8761689e+01  -7.4273100e+01   4.3378436e+01  -8.6082117e+01  -7.8170890e+01   7.3215985e+01  -4.5947462e+01  -6.0255869e+01
   8.2418354e+01   5.5265839e+01   5.5842504e+01   9.6961986e+01   3.9603873e+01  -8.4515552e+01  -2.9203354e+01  -6.0253549e+01   9.5515795e+01   5.2359071e+00   4.4982191e+01  -1.2143393e+01   8.4935931e+01   6.0907729e+00  -7.5054543e+01  -9.8032342e+01   2.9132632e+00  -2.4300175e+01   4.0851028e+00  -3.1499169e+01  -2.1824804e+00   1.9532824e+00   9.3280056e+00  -3.1052696e+01   4.1731037e+01  -4.8702481e+01   5.5623910e+01  -4.3141228e+01  -9.3916342e+01  -1.1371108e+01
  -5.6409664e+01   2.7704825e+00  -2.2945065e+01  -2.4911967e+00  -1.1838025e+01   2.4763754e+01  -2.5484746e+01   9.6881429e+01  -8.6394935e+00   3.7042851e+01  -5.9007500e+01  -3.8248560e+01  -5.9169471e+01   6.7295871e+01  -9.7255235e+01   6.3513372e+01   8.1806187e+01  -5.0161964e+01  -3.3343969e+01  -1.4239157e+00  -9.6570379e+01   8.4098840e+00   6.4250024e+01  -2.4653079e+01   1.8226880e+01   8.4353221e+01   2.8956268e+01  -4.6148066e+01  -5.1329132e+01   2.6407324e+01
   9.8996178e+01   7.2729678e+01  -3.3987645e+01   1.8730302e+00   9.1464013e+01  -7.9103482e+01  -5.9123984e+01   7.1608358e+01  -4.5205387e+01  -6.3204078e+01  -4.5831834e+01   5.8804152e+01  -1.4648036e+01  -9.0925160e+01  -7.8918757e+01  -4.5096262e+01   1.9872216e+01  -7.5576900e+01  -5.6372482e+01   9.3434033e+01   8.8510698e+00  -1.9124341e+01  -1.6942977e+01  -2.0029769e+01   2.9872849e+01   9.9614234e+01  -5.0603018e+01  -2.8394206e+01   1.4682910e+01   6.8164570e+01
  -2.2892705e+01  -9.9726196e+01   1.9399947e+00  -6.3886514e+01   8.7019270e+01   8.6851990e+01   3.9095961e+01   5.2471079e+01  -1.8927990e+01  -9.7346925e+01   2.6131521e+01   9.5973810e+00  -7.3574325e+01  -3.4422688e+00   1.4130190e+01   1.8851226e+01   7.2949746e+01  -7.8663585e+01   5.1581820e+01  -6.6208607e+01  -7.9493762e+01  -9.7271224e+01   6.2315317e+01  -4.2509614e+01   7.4951095e+01   6.7336910e+01   7.0596182e+01  -4.2421630e+01   8.2483620e+00  -3.0858730e+01
  -1.3940992e+01  -4.8760455e+01  -6.1506074e+01  -6.2420541e+01  -9.5562163e+01  -8.8484488e+01   1.4413026e+01  -6.5580298e+01  -4.8168748e+00  -4.7013218e+01   9.7099433e+01   6.0641284e+01  -4.8269047e+01  -2.3132200e+01  -9.8384581e+01   9.5594398e+01   4.3766538e+01   1.1289692e+01   2.7098222e+01   2.1361264e+00   6.5998796e+00   8.7398191e+01   4.8291360e+01   4.9636202e+01   3.7555447e+01  -4.9868078e+01   9.0841758e+01  -4.6446433e+01  -4.6603754e+01   5.1000473e+01
   5.6190958e+01   2.2109927e+00   6.2093068e+00   7.1738306e+00  -4.5608804e+01  -3.7953130e+01   6.7414559e+01   5.2659711e+01   7.7415579e+01   6.6650720e+00  -7.6218440e+01   6.6841867e+01   7.7362795e+01   3.4068699e+01   4.8634423e+01   3.1860337e+01   3.2116639e+01  -1.3270326e+01  -9.2898060e+01  -5.4060976e+00  -5.0502030e+01  -9.1043914e+01   6.6529068e+01  -5.3427329e+01   3.1013512e+01  -6.6404770e+01  -6.6312153e+01  -2.5239928e+01  -4.3145109e+01  -4.4558711e+01
  -1.9555220e+01   4.0976361e+01   2.7048054e+01  -9.3357457e+00   2.8208005e+00  -6.8468937e+01   7.8676203e+01  -6.2244130e+01  -3.9354543e+01   5.2664904e+01   4.5123883e+01  -7.5240368e+00  -2.8849546e+01   4.2832086e+01  -7.8012995e+00  -2.3661345e+01  -4.2349579e+01  -9.8668419e+01   3.4830329e+01   3.6508989e+01  -6.9721763e+01  -8.8144957e+01  -3.2575623e+01  -3.6581841e+01   7.7372745e+01   6.4586452e+01  -9.5916351e+01  -7.0912034e+01  -2.4808698e+01  -5.5239760e+01
  -9.5924924e+01   7.1096484e+01   3.2328205e+00  -4.6727780e+01  -6.3565029e+01   3.6162240e+01  -1.8036217e+01  -9.6702858e+01   3.1979933e+01   3.0529302e+00   8.0081620e+00   1.3000001e+01   8.0826329e+01   8.3159484e+00   9.4217445e+01   2.5161753e+01   6.9084100e+01   8.9033306e+01  -1.4932016e+01   8.1944412e+01  -3.1756711e+01   9.8979944e+01   8.6393814e+01   1.8252135e+01  -1.3211173e+01  -6.0805450e+01   3.5343964e+01   7.8440390e+01   8.4151876e+01   5.2100854e+01
   1.0553719e+01  -4.6396020e+01  -3.1436262e+01   6.8331011e+01   3.0109834e+01  -8.4135338e+01   8.8266787e+01   8.5469392e+01  -8.0159193e+01  -4.4321922e+01   9.8398459e+01   9.6256888e+01   4.5152466e+01   9.2838894e+01   6.4311105e+00  -3.4223372e+00  -6.1072855e+01   2.9210218e+01   7.0521738e+01   8.7998690e+01  -1.1672381e+01   5.3156928e+01   7.5370323e+01  -7.7973914e+01   1.0692587e+01  -5.3988030e+01   4.3444234e+01   5.3512638e+01   6.0868094e+01  -4.4826449e+01
   1.8182188e+01   2.3177609e+01  -3.5460658e+01  -1.0440759e+01  -9.0520409e+01   2.9748337e+01   1.8927038e+01  -2.1624901e+01   7.2662549e+01   7.6117851e+01   7.4812357e+01   4.5682030e+01   3.0610502e+00   4.9987726e+01   8.5040033e+01   9.1137225e+01  -3.7294257e+01   1.9479834e+01   3.6748657e+01   9.7721295e+01   8.3873897e+01   7.1554484e+01   2.4770272e+01  -9.6720624e+01   1.5015123e+01   5.3658984e+01  -7.3372840e+01   2.0614294e+01   2.3824468e+01  -5.9246807e+01
  -1.4799124e+01   4.8539612e+01   1.4286771e+01  -5.2518460e+01  -2.4762851e+01  -7.4769827e+01  -4.4645727e+00   4.6860745e+01  -1.8488254e+01  -5.1535762e+01   5.2441347e+01   5.4832167e+01   4.6943563e+01  -5.2368094e+01  -3.1173386e+01   8.9713482e+01   7.1291006e+01  -3.1440427e+01  -2.8786119e+01  -8.3514295e+01  -5.4482591e-01  -7.4192381e+01  -5.9728142e+01  -4.6868380e+01   1.6544303e+01   4.3715279e+01  -6.5266959e+01  -5.5857470e+01  -4.3240015e+01  -1.3926950e+01
  -6.5210692e+01   7.1067120e+01  -6.5229017e+01   5.5006563e+01  -3.0087903e-01   3.8687178e+01   3.4744910e+01   6.2370287e+01   9.2921637e+01   2.3853556e+01  -7.0122568e+01  -7.4510108e+01   1.3416068e+01   1.3118450e+01   5.4067323e+00  -4.8574108e+01  -7.0955322e+01   6.2751854e+01   9.0303447e+01   5.4210686e+01  -2.9789000e+01   8.1115930e+01   8.5958496e+01  -9.5402842e+01  -4.6556228e+01  -3.8555908e+01  -1.1427664e+01  -2.0339857e+00   6.2939765e+01  -9.1150273e+00
   5.5243746e+01  -4.8699836e+01  -1.7642250e+01   7.8110415e+01   7.9423628e+01  -2.1274742e+01   6.9729340e+01  -5.3814616e+01  -5.2285413e+01   2.5728846e+01   6.0892690e+01  -4.9678662e+01  -6.7215401e+01  -5.7918105e+01   7.4570617e+00  -7.3838316e+01  -5.3775772e+01  -9.3398452e+01  -3.1121952e+01   9.8281590e+01  -5.4938585e+01  -8.6524319e+01  -1.9587034e+01   5.2787589e+01   3.8124632e+01   3.8140433e+01   4.4689339e+01   3.1205017e+01   7.3912162e+01   1.4008503e+01
   9.7219289e-01   9.6456473e+01   2.0478022e+01  -8.7281116e+01  -3.4033099e+00   8.0176475e+01  -1.6610721e+01   4.0858919e+01  -5.7266996e+01  -4.8632023e+01   3.4359271e+00   6.8644144e+01  -3.8774781e+01   2.9461495e+01   2.8173632e+01   8.0614682e+01   6.8174305e+01   4.1809285e+01  -7.3573863e+00  -1.0697704e+01  -2.3157144e+01  -2.9943147e+01  -9.2903484e+01  -6.4643971e+01   3.5230042e+01   6.4790207e+01  -5.4745666e+01  -6.6780705e+01   9.9495080e+01   5.6391100e+01
  -5.8710548e+01  -6.8652071e+01   9.7428204e+00  -8.4411237e+01  -5.0903633e+01   4.5226208e+01  -9.2026447e-01  -8.5612641e+01  -2.2804743e+01   1.9300291e+01  -7.3589375e+01   5.0734775e+01  -4.2038320e+01   3.4648302e+00  -9.0771487e+01   1.0893587e+01   3.9980486e+01   6.7447442e+01   2.4580522e+01  -9.2132381e+01  -5.7501564e+01  -9.0351167e+01  -4.1608492e+01   7.1384140e+01  -4.1643712e+01   8.2969986e+01  -9.0031500e+00   3.4428889e+00  -4.3658359e+01  -8.4161901e+01
   4.4111350e+01   7.0682905e+01  -2.6630651e+01   1.0447131e+01  -2.6453173e+01  -9.4532126e+00  -1.3699088e+01  -2.4064783e+00  -1.0095362e+01  -1.0053040e+01   1.2053067e+01  -8.8152844e+01  -8.9704812e+01  -6.1008494e+01   6.8044002e+01   2.5220759e+01  -2.9793159e+01  -5.0905274e+01  -2.4498428e+01   7.4575085e+01   5.4809144e+01  -9.1014441e+01  -1.9634323e+00   5.6038724e+01  -2.2110317e+01   3.2342665e+01   8.3526947e+01   6.8454570e+01  -1.7434130e+01   4.5809334e+01
