    17842  37.288273 -121.669002     3.726      114.1     -193.3      131.2     92.8     37.1     41.5 1984  4 25  4 35 19.170 1.9   1
    16751  37.293868 -121.671045     3.078      -67.4      427.5     -517.4    162.7     49.8     75.4 1984  4 27  7 48 23.500 1.0   1
    21644  37.291309 -121.670728     3.611      -38.8      143.5       15.9    112.6     36.3     44.2 1984  6 27 14 50 38.140 1.6   1
    22271  37.290295 -121.676514     3.853     -552.1       31.3      258.2    257.0     58.4     66.0 1984  7  7  0 17  9.970 2.7   1
    22280  37.290430 -121.669295     3.364       88.0       46.1     -230.8     95.9     36.1     46.4 1984  7  7  2 35  4.060 1.5   1
    23190  37.289913 -121.671257     3.606      -86.2      -11.2       11.3    116.3     35.9     42.7 1984  7 17 16 24 49.440 1.9   1
    25096  37.290743 -121.670638     3.348      -31.2       80.7     -247.0    109.8     36.0     46.7 1984  8  7  9  7  6.330 1.2   1
    32049  37.289323 -121.667196     3.474      274.2      -76.6     -121.2     84.6     37.9     46.2 1984 11 18  0 28 55.240 1.7   1
    35109  37.290637 -121.673063     3.685     -246.0       69.0       89.9    159.0     35.5     41.9 1984 12 22  4 43 44.710 1.6   1
    42349  37.288733 -121.668221     3.526      183.1     -142.5      -69.1     89.9     37.9     45.0 1985  2 28  1  9 58.300 0.8   1
    42555  37.288814 -121.667944     3.686      207.8     -133.3       91.4     88.4     38.0     43.4 1985  3  2  6 53 56.010 1.7   1
    42559  37.289823 -121.669930     3.584       31.5      -21.1      -11.0    100.4     36.0     43.0 1985  3  2  8 55  3.470 1.9   1
    42643  37.289319 -121.668050     3.529      198.5      -77.1      -65.8     86.7     36.7     44.0 1985  3  2  8 55 29.590 2.1   1
    42560  37.290422 -121.669027     3.452      112.0       45.3     -143.4     93.7     36.1     45.2 1985  3  2  8 58  0.480 1.2   1
    49626  37.293323 -121.670524     3.424      -21.0      367.0     -170.9    168.9     54.1     72.0 1985  6 15  1 38 57.380 0.9   1
    54084  37.289445 -121.667863     3.569      215.1      -63.3      -26.3     89.6     38.3     45.6 1985  8 28 20 35 10.100 1.6   1
    57770  37.290910 -121.668677     3.340      143.2       99.1     -255.1     91.8     36.2     47.2 1985 10 28  3 55 38.130 1.3   1
    62514  37.289185 -121.666357     3.464      348.4      -92.3     -130.9     84.4     39.9     48.6 1985 12 31 15 50 52.230 1.7   1
    62520  37.289840 -121.667114     3.381      281.4      -19.6     -214.3    181.0     80.8    102.1 1985 12 31 18  3  3.480 1.6   1
    73786  37.289355 -121.668392     3.260      168.4      -73.0     -335.4     87.3     36.0     46.8 1986  6  1 10 51 31.460 1.2   1
    77218  37.288888 -121.678931     3.804     -766.6     -125.3      208.5    160.9     52.9     58.9 1986  7 25  9 22 50.290 2.3   1
    77296  37.291903 -121.670760     3.249      -41.7      209.4     -346.1    713.5     43.9     60.1 1986  7 25 16  1 52.100 1.1   1
    81017  37.292143 -121.671965     3.670     -148.5      236.2       74.9     60.2     52.2     70.8 1986  9  2  7 24 15.870 0.8   1
    82606  37.291117 -121.671549     3.762     -111.7      122.5      166.5     62.1     50.2     99.0 1986  9 15 20 17 49.920 2.7   1
    83805  37.290767 -121.670614     3.623      -28.7       83.4       28.0     51.9     42.0     73.0 1986  9 25 12  1 52.830 1.4   1
    88698  37.291435 -121.671053     4.398      -67.5      157.4      803.0     77.0     66.4    142.4 1986 11 25 13  0 35.660 1.0   1
   101361  37.289722 -121.669580     3.690       62.6      -32.5       95.1     62.1     37.8     87.7 1987  6  3  6 56  7.740 1.9   1
   101362  37.288997 -121.669857     3.677       38.1     -112.7       82.1     52.0     44.5     75.4 1987  6  3  6 58 51.320 1.7   1
   103138  37.289319 -121.669482     3.588       71.1      -77.2       -7.3     42.2     42.2     67.2 1987  7 14 19  2 57.020 1.7   1
   110939  37.290670 -121.671338     3.428      -93.4       72.5     -166.6     58.7     45.3     79.5 1988  1 15  1 56 42.310 1.4   1
   112868  37.291756 -121.671785     4.395     -132.9      193.1      799.8     52.4     62.4    116.6 1988  2 25 10  0 17.780 0.9   1
   120788  37.290597 -121.671159     3.696      -77.4       64.7      100.7     49.0     43.3     54.9 1988  7 23 10 42 21.740 1.5   1
   126189  37.289128 -121.672192     3.839     -168.8      -98.4      243.6     84.6     80.8     85.2 1988 11  2  3  9 12.610 1.9   1
   126292  37.289181 -121.669149     3.550      101.4      -92.6      -44.6     47.3     41.0     57.5 1988 11  3  1 30  4.280 1.7   1
   126389  37.288525 -121.669857     3.704       38.0     -165.3      108.9     40.0     28.8     78.6 1988 11  4 13 34 34.720 1.9   1
   148939  37.288261 -121.669881     3.644       36.1     -194.5       49.4     72.0     65.7     83.3 1989 12 13  5 33 46.080 1.6   1
   158154  37.291699 -121.671956     3.747     -147.9      187.0      152.2     65.3     57.6     76.0 1990  5 23 11 11 37.580 1.0   1
   160503  37.290125 -121.669059     3.637      108.7       12.3       41.8     50.6     40.6     71.5 1990  7  5 20  4 42.800 1.7   1
   205031  37.290495 -121.669653     3.474       56.6       53.5     -120.9     72.5     45.5     75.4 1991  1 20  5  0 30.930 1.2   1
   215747  37.288428 -121.669596     3.695       61.5     -176.0      100.1     39.3     36.7     74.3 1991  5 29  9 45 22.620 1.8   1
   227435  37.289970 -121.669466     3.535       72.9       -4.9      -59.9     45.8     58.6     82.1 1991  8 10 17  6  5.760 1.2   1
   238704  37.289758 -121.669572     3.645       63.5      -28.3       49.9     45.1     38.1     64.8 1991 12  3  5 24 24.980 2.0   1
   238790  37.289246 -121.669596     3.700       61.4      -85.5      104.7     47.0     36.7     67.1 1991 12  4  0  8 49.550 1.9   1
   261841  37.291402 -121.671004     3.585      -63.3      154.2      -10.4     75.5     44.4    123.6 1992  4  6  9 39 49.410 0.9   1
   312743  37.289811 -121.671159     3.666      -77.0      -22.7       71.3     92.8     60.6     85.5 1992  8 29 17  4 29.020 1.6   1
   314921  37.287931 -121.668742     3.708      136.9     -231.4      113.0     63.0     65.3     76.0 1992  9 11  1 22 13.650 1.1   1
   331635  37.291178 -121.670890     3.570      -53.4      129.0      -24.6     58.5     45.1     81.0 1993  1 10 22 13  9.440 1.2   1
   389286  37.289026 -121.669377     3.556       80.9     -109.7      -38.9     49.3     54.1     68.1 1993 12 20 22 35  7.800 1.8   1
   399980  37.290072 -121.670565     3.486      -24.8        6.3     -108.8     41.6     28.0     79.4 1994  4  6  4 11 34.960 1.4   1
 30062741  37.289811 -121.670125     3.556       14.7      -22.4      -38.8     50.7     27.0     64.7 1994 11 16 16 50 58.150 2.0   1
 30062748  37.289860 -121.669694     3.631       52.8      -17.0       36.3     65.7     53.6     75.7 1994 11 16 18  3 42.360 1.3   1
 30069218  37.288851 -121.669173     3.793       98.6     -129.2      198.0     68.6     46.4     74.1 1995  3  3  9 38 49.200 1.2   1
 30069222  37.288851 -121.669425     3.727       76.7     -129.1      131.5     36.4     40.5     76.7 1995  3  3 12 30 15.850 1.8   1
 30069457  37.289278 -121.669588     3.527       62.2      -81.8      -68.1     53.3     51.5     77.3 1995  3  7 13 19 41.960 1.3   1
 30092060  37.289087 -121.669368     3.615       81.9     -103.1       19.7     39.8     33.8     74.2 1995 12 15 18 53 39.820 1.8   1
