    17842  37.288273 -121.669002     3.726      114.0     -193.3      131.2     10.7      4.3      4.8 1984  4 25  4 35 19.170 1.9   1
    16751  37.293864 -121.671102     3.077      -72.2      427.0     -518.4      9.4      2.7      4.2 1984  4 27  7 48 23.500 1.0   1
    21644  37.291309 -121.670736     3.611      -39.7      143.4       15.7     10.2      3.3      4.0 1984  6 27 14 50 38.140 1.6   1
    22271  37.290291 -121.676318     3.852     -534.9       30.5      257.2     14.1      2.2      2.5 1984  7  7  0 17  9.970 2.7   1
    22280  37.290430 -121.669295     3.364       87.7       46.1     -230.9      5.6      2.1      2.7 1984  7  7  2 35  4.060 1.5   1
    23190  37.289913 -121.671273     3.606      -87.2      -11.3       11.2     13.7      4.2      4.9 1984  7 17 16 24 49.440 1.9   1
    25096  37.290743 -121.670646     3.348      -31.4       80.7     -247.0      7.7      2.5      3.2 1984  8  7  9  7  6.330 1.2   1
    32049  37.289323 -121.667196     3.474      274.3      -76.6     -121.2      5.9      2.6      3.2 1984 11 18  0 28 55.240 1.7   1
    35109  37.290633 -121.673104     3.685     -249.5       68.7       89.6     15.8      3.2      3.8 1984 12 22  4 43 44.710 1.6   1
    42349  37.288729 -121.668221     3.526      183.0     -142.5      -69.1      6.8      2.9      3.4 1985  2 28  1  9 58.300 0.8   1
    42555  37.288814 -121.667944     3.686      207.5     -133.3       91.3      8.4      3.6      4.1 1985  3  2  6 53 56.010 1.7   1
    42559  37.289823 -121.669938     3.584       30.8      -21.2      -11.1      9.6      3.4      4.1 1985  3  2  8 55  3.470 1.9   1
    42643  37.289319 -121.668050     3.529      198.1      -77.1      -65.9      8.0      3.4      4.0 1985  3  2  8 55 29.590 2.1   1
    42560  37.290422 -121.669027     3.452      111.6       45.2     -143.5      7.8      3.0      3.7 1985  3  2  8 58  0.480 1.2   1
    49626  37.293323 -121.670532     3.424      -21.5      367.0     -171.0      8.8      2.8      3.7 1985  6 15  1 38 57.380 0.9   1
    54084  37.289445 -121.667863     3.569      215.1      -63.3      -26.3      5.6      2.4      2.9 1985  8 28 20 35 10.100 1.6   1
    57770  37.290910 -121.668677     3.340      143.2       99.1     -255.1      7.5      2.9      3.8 1985 10 28  3 55 38.130 1.3   1
    62514  37.289185 -121.666357     3.464      348.3      -92.3     -131.0      6.7      3.1      3.8 1985 12 31 15 50 52.230 1.7   1
    62520  37.289840 -121.667114     3.381      281.6      -19.5     -214.2      6.7      3.0      3.8 1985 12 31 18  3  3.480 1.6   1
    73786  37.289355 -121.668392     3.260      168.3      -73.0     -335.4      5.1      2.1      2.7 1986  6  1 10 51 31.460 1.2   1
    77218  37.288879 -121.678857     3.803     -760.2     -125.9      207.6     15.5      4.9      5.4 1986  7 25  9 22 50.290 2.3   1
    77296  37.291850 -121.671395     3.239      -98.3      203.8     -356.5      7.4      2.1      2.9 1986  7 25 16  1 52.100 1.1   1
    81017  37.291833 -121.671517     3.806     -108.8      201.7      211.3      9.9      7.6     14.7 1986  9  2  7 24 15.870 0.8   1
    82606  37.291471 -121.670833     3.631      -48.1      161.9       36.3     15.9     14.8     23.1 1986  9 15 20 17 49.920 2.7   1
    83805  37.290564 -121.670890     3.678      -53.3       60.8       83.1      6.0      5.7     10.6 1986  9 25 12  1 52.830 1.4   1
    88698  37.291626 -121.671802     3.722     -134.2      178.9      127.0      7.2      7.2     30.8 1986 11 25 13  0 35.660 1.0   1
   101361  37.289718 -121.669702     3.633       51.6      -32.8       37.9      5.3      5.6      7.6 1987  6  3  6 56  7.740 1.9   1
   101362  37.289022 -121.669303     3.610       87.3     -110.0       14.5      5.8      5.0      8.5 1987  6  3  6 58 51.320 1.7   1
   103138  37.289156 -121.669743     3.613       48.3      -95.2       17.9      4.4      4.8      7.9 1987  7 14 19  2 57.020 1.7   1
   110939  37.290198 -121.670646     3.514      -32.1       20.5      -81.3      8.6      6.5     11.9 1988  1 15  1 56 42.310 1.4   1
   112868  37.291890 -121.671761     4.073     -130.5      208.2      478.3      6.9      5.4     26.7 1988  2 25 10  0 17.780 0.9   1
   120788  37.290519 -121.670809     3.682      -46.3       56.2       87.1      5.4      6.3     11.6 1988  7 23 10 42 21.740 1.5   1
   126189  37.289360 -121.670573     3.662      -25.5      -72.9       67.1      6.5      5.7      9.4 1988 11  2  3  9 12.610 1.9   1
   126292  37.289058 -121.669198     3.594       96.5     -106.2       -1.0      5.9      4.6      6.9 1988 11  3  1 30  4.280 1.7   1
   126389  37.288635 -121.669596     3.619       61.5     -153.1       24.1      5.5      5.0      8.6 1988 11  4 13 34 34.720 1.9   1
   148939  37.288550 -121.669678     3.602       54.2     -162.4        6.6      6.1      5.3      8.3 1989 12 13  5 33 46.080 1.6   1
   158154  37.291581 -121.671704     3.803     -125.3      174.0      207.5      8.2      6.0      9.5 1990  5 23 11 11 37.580 1.0   1
   160503  37.289925 -121.669767     3.710       45.9       -9.9      115.2      5.2      5.1      8.1 1990  7  5 20  4 42.800 1.7   1
   205031  37.290243 -121.670093     3.495       17.2       25.2     -100.4      6.4      6.4      9.3 1991  1 20  5  0 30.930 1.2   1
   215747  37.288717 -121.669458     3.598       73.3     -144.0        3.3      5.3      4.9      8.3 1991  5 29  9 45 22.620 1.8   1
   227435  37.289884 -121.670898     3.546      -54.4      -14.4      -49.2      6.5      7.1     10.6 1991  8 10 17  6  5.760 1.2   1
   238704  37.289823 -121.669645     3.643       57.1      -21.3       48.2      6.4      4.6      6.7 1991 12  3  5 24 24.980 2.0   1
   238790  37.289319 -121.669629     3.668       58.6      -77.2       73.4      3.3      2.8      5.0 1991 12  4  0  8 49.550 1.9   1
   261841  37.291463 -121.671273     3.729      -87.2      160.6      133.4      9.4      7.9      9.7 1992  4  6  9 39 49.410 0.9   1
   312743  37.290047 -121.671208     3.688      -81.3        3.7       93.3      8.3      7.4      9.9 1992  8 29 17  4 29.020 1.6   1
   314921  37.287960 -121.669548     3.652       65.5     -227.9       56.6     11.4      6.7     11.8 1992  9 11  1 22 13.650 1.1   1
   331635  37.290951 -121.671794     3.637     -133.1      103.7       41.9      8.3      7.3     10.9 1993  1 10 22 13  9.440 1.2   1
   389286  37.288875 -121.669198     3.603       96.6     -126.2        7.5      3.8      3.4      5.1 1993 12 20 22 35  7.800 1.8   1
   399980  37.290043 -121.670597     3.542      -27.5        3.1      -53.2      4.4      6.2     10.3 1994  4  6  4 11 34.960 1.4   1
 30062741  37.289901 -121.669914     3.617       33.2      -12.4       22.1      8.1      5.8      8.9 1994 11 16 16 50 58.150 2.0   1
 30062748  37.289811 -121.670133     3.688       13.6      -22.6       92.5      7.1      6.3     10.3 1994 11 16 18  3 42.360 1.3   1
 30069218  37.288981 -121.669108     3.758      104.4     -114.5      163.1      6.9      5.6      9.1 1995  3  3  9 38 49.200 1.2   1
 30069222  37.288953 -121.669206     3.704       96.3     -118.0      108.5      6.7      4.8      6.7 1995  3  3 12 30 15.850 1.8   1
 30069457  37.289205 -121.669084     3.630      106.7      -89.9       35.2      7.6      5.4      8.8 1995  3  7 13 19 41.960 1.3   1
 30092060  37.289152 -121.669360     3.616       82.6      -95.5       21.1      4.4      3.5      5.8 1995 12 15 18 53 39.820 1.8   1
