    17842  37.288277 -121.668986     3.727      115.7     -193.0      131.6     91.4     36.6     40.9 1984  4 25  4 35 19.170 1.9   1
    16751  37.293884 -121.670825     3.082      -47.3      429.4     -513.1    173.3     57.6     86.7 1984  4 27  7 48 23.500 1.0   1
    21644  37.291309 -121.670703     3.611      -36.9      143.7       16.2    111.1     35.7     43.6 1984  6 27 14 50 38.140 1.6   1
    22271  37.290320 -121.677075     3.857     -601.5       33.8      261.5    347.6     41.8     47.2 1984  7  7  0 17  9.970 2.7   1
    22280  37.290434 -121.669287     3.365       89.1       46.3     -230.5     97.4     36.5     46.9 1984  7  7  2 35  4.060 1.5   1
    23190  37.289917 -121.671224     3.607      -83.1      -10.9       11.7    113.5     35.2     41.9 1984  7 17 16 24 49.440 1.9   1
    25096  37.290743 -121.670622     3.348      -29.8       80.9     -246.7    108.0     35.3     45.8 1984  8  7  9  7  6.330 1.2   1
    32049  37.289327 -121.667196     3.474      274.5      -76.5     -121.1     86.9     38.8     47.3 1984 11 18  0 28 55.240 1.7   1
    35109  37.290637 -121.672982     3.685     -238.9       69.3       90.4    151.3     35.0     41.3 1984 12 22  4 43 44.710 1.6   1
    42349  37.288733 -121.668221     3.526      183.6     -142.4      -68.9     90.7     38.1     45.2 1985  2 28  1  9 58.300 0.8   1
    42555  37.288814 -121.667936     3.687      208.5     -133.2       91.6     87.9     37.7     43.1 1985  3  2  6 53 56.010 1.7   1
    42559  37.289827 -121.669906     3.584       33.6      -20.8      -10.6    101.1     36.2     43.2 1985  3  2  8 55  3.470 1.9   1
    42643  37.289323 -121.668034     3.530      199.6      -76.9      -65.5     88.3     37.3     44.7 1985  3  2  8 55 29.590 2.1   1
    42560  37.290426 -121.669010     3.452      113.3       45.5     -143.1     95.7     36.8     46.0 1985  3  2  8 58  0.480 1.2   1
    49626  37.293323 -121.670500     3.425      -18.8      367.3     -170.5    148.8     47.6     63.4 1985  6 15  1 38 57.380 0.9   1
    54084  37.289445 -121.667863     3.569      215.4      -63.2      -26.3     90.3     38.4     45.8 1985  8 28 20 35 10.100 1.6   1
    57770  37.290910 -121.668660     3.340      144.1       99.3     -254.8     93.5     36.7     47.9 1985 10 28  3 55 38.130 1.3   1
    62514  37.289181 -121.666366     3.464      348.0      -92.4     -131.1     84.2     39.6     48.3 1985 12 31 15 50 52.230 1.7   1
    62520  37.289840 -121.667114     3.381      281.7      -19.5     -214.2    192.1     85.5    108.1 1985 12 31 18  3  3.480 1.6   1
    73786  37.289360 -121.668376     3.260      169.3      -72.8     -335.1     89.3     36.7     47.6 1986  6  1 10 51 31.460 1.2   1
    77218  37.288904 -121.679159     3.806     -786.3     -123.2      211.1    173.1     61.8     68.7 1986  7 25  9 22 50.290 2.3   1
    77296  37.291915 -121.675163     3.252     -432.6      210.9     -343.3    246.9     42.7     58.4 1986  7 25 16  1 52.100 1.1   1
    81017  37.292159 -121.671981     3.655     -149.8      238.1       60.1     61.1     51.8     67.9 1986  9  2  7 24 15.870 0.8   1
    82606  37.291081 -121.671631     3.807     -119.4      118.4      211.9     63.4     52.0    105.1 1986  9 15 20 17 49.920 2.7   1
    83805  37.290759 -121.670573     3.615      -25.0       82.6       20.0     55.7     44.6     74.3 1986  9 25 12  1 52.830 1.4   1
    88698  37.291459 -121.670972     4.389      -60.9      160.5      793.9     78.4     70.9    146.7 1986 11 25 13  0 35.660 1.0   1
   101361  37.289693 -121.669670     3.728       54.6      -35.5      132.9     66.4     39.1     89.5 1987  6  3  6 56  7.740 1.9   1
   101362  37.288989 -121.669881     3.694       35.9     -113.8       98.5     55.9     46.7     74.0 1987  6  3  6 58 51.320 1.7   1
   103138  37.289319 -121.669466     3.587       73.2      -77.3       -8.1     46.3     44.4     65.4 1987  7 14 19  2 57.020 1.7   1
   110939  37.290743 -121.671444     3.405     -102.8       81.0     -189.9     62.1     46.4     80.0 1988  1 15  1 56 42.310 1.4   1
   112868  37.291748 -121.671875     4.386     -140.6      192.3      790.4     58.4     67.5    128.1 1988  2 25 10  0 17.780 0.9   1
   120788  37.290629 -121.671191     3.695      -80.0       68.2       99.7     49.8     45.1     48.3 1988  7 23 10 42 21.740 1.5   1
   126189  37.289197 -121.672013     3.850     -152.7      -90.6      254.7     87.5     81.2     87.3 1988 11  2  3  9 12.610 1.9   1
   126292  37.289156 -121.669157     3.557      100.0      -95.3      -38.6     53.1     45.4     53.3 1988 11  3  1 30  4.280 1.7   1
   126389  37.288525 -121.669906     3.737       34.3     -165.5      142.1     40.8     29.9     81.2 1988 11  4 13 34 34.720 1.9   1
   148939  37.288139 -121.669800     3.655       43.1     -208.0       59.5     80.5     67.4     82.3 1989 12 13  5 33 46.080 1.6   1
   158154  37.291748 -121.672013     3.731     -152.7      192.5      135.8     64.9     59.0     74.3 1990  5 23 11 11 37.580 1.0   1
   160503  37.290116 -121.669084     3.657      106.9       11.3       62.0     41.5     37.0     53.9 1990  7  5 20  4 42.800 1.7   1
   205031  37.290523 -121.669686     3.466       53.4       56.2     -129.5     76.0     45.6     76.7 1991  1 20  5  0 30.930 1.2   1
   215747  37.288407 -121.669661     3.713       55.8     -178.4      117.8     42.4     40.2     73.4 1991  5 29  9 45 22.620 1.8   1
   227435  37.290035 -121.669507     3.518       68.9        2.2      -76.6     51.4     59.0     79.3 1991  8 10 17  6  5.760 1.2   1
   238704  37.289758 -121.669645     3.646       57.3      -28.3       50.8     46.9     39.0     66.3 1991 12  3  5 24 24.980 2.0   1
   238790  37.289225 -121.669629     3.711       58.2      -87.7      116.2     50.9     40.4     65.5 1991 12  4  0  8 49.550 1.9   1
   261841  37.291333 -121.670841     3.521      -49.0      146.2      -74.1     77.5     46.9    130.6 1992  4  6  9 39 49.410 0.9   1
   312743  37.289730 -121.670768     3.641      -42.7      -31.4       45.6     95.0     62.3     87.6 1992  8 29 17  4 29.020 1.6   1
   314921  37.287980 -121.668701     3.724      140.4     -225.7      128.4     61.7     64.2     76.0 1992  9 11  1 22 13.650 1.1   1
   331635  37.291219 -121.670866     3.550      -51.1      133.5      -45.1     63.1     44.6     80.4 1993  1 10 22 13  9.440 1.2   1
   389286  37.289067 -121.669320     3.545       85.9     -105.2      -49.8     53.6     56.9     66.5 1993 12 20 22 35  7.800 1.8   1
   399980  37.290084 -121.670573     3.477      -25.2        7.8     -118.5     41.5     30.0     81.1 1994  4  6  4 11 34.960 1.4   1
 30062741  37.289811 -121.670117     3.555       14.9      -22.5      -40.4     53.6     31.6     62.2 1994 11 16 16 50 58.150 2.0   1
 30062748  37.289893 -121.669702     3.612       51.7      -13.7       16.7     64.5     52.9     74.2 1994 11 16 18  3 42.360 1.3   1
 30069218  37.288847 -121.669124     3.783      103.1     -129.6      188.0     76.6     46.4     73.7 1995  3  3  9 38 49.200 1.2   1
 30069222  37.288802 -121.669450     3.741       74.6     -134.4      145.9     37.8     41.1     75.7 1995  3  3 12 30 15.850 1.8   1
 30069457  37.289266 -121.669515     3.503       68.3      -83.1      -92.1     56.5     50.2     77.9 1995  3  7 13 19 41.960 1.3   1
 30092060  37.289062 -121.669360     3.636       82.4     -105.9       40.7     55.7     36.7     56.0 1995 12 15 18 53 39.820 1.8   1
