    17842  37.288289 -121.668880     3.728      124.6     -191.6      133.4      2.1      0.9      1.0 1984  4 25  4 35 19.170 1.9   1
    16751  37.293876 -121.670931     3.080      -56.7      428.4     -515.3      2.8      0.8      1.3 1984  4 27  7 48 23.500 1.0   1
    21644  37.291321 -121.670557     3.613      -23.7      145.1       18.2      2.5      0.8      1.0 1984  6 27 14 50 38.140 1.6   1
    22271  37.290304 -121.676847     3.854     -581.7       32.2      259.4      3.9      0.8      0.9 1984  7  7  0 17  9.970 2.7   1
    22280  37.290446 -121.669173     3.367       98.8       47.7     -228.2      4.2      1.6      2.1 1984  7  7  2 35  4.060 1.5   1
    23190  37.289929 -121.671077     3.609      -69.9       -9.6       13.5      2.9      0.9      1.1 1984  7 17 16 24 49.440 1.9   1
    25096  37.290755 -121.670483     3.351      -17.0       82.3     -244.4      2.4      0.8      1.0 1984  8  7  9  7  6.330 1.2   1
    32049  37.289339 -121.667098     3.476      282.6      -74.9     -118.7      1.7      0.8      1.0 1984 11 18  0 28 55.240 1.7   1
    35109  37.290649 -121.672721     3.687     -215.6       70.4       91.9      3.8      0.9      1.1 1984 12 22  4 43 44.710 1.6   1
    42349  37.288745 -121.668115     3.528      192.5     -140.8      -66.7      2.2      1.0      1.1 1985  2 28  1  9 58.300 0.8   1
    42555  37.288831 -121.667839     3.689      217.0     -131.6       93.6      5.1      2.2      2.5 1985  3  2  6 53 56.010 1.7   1
    42559  37.289840 -121.669792     3.586       43.8      -19.5       -8.7      3.9      1.4      1.7 1985  3  2  8 55  3.470 1.9   1
    42643  37.289335 -121.667944     3.532      207.6      -75.4      -63.5      2.9      1.2      1.5 1985  3  2  8 55 29.590 2.1   1
    42560  37.290438 -121.668905     3.454      122.5       46.9     -140.9      2.5      1.0      1.2 1985  3  2  8 58  0.480 1.2   1
    49626  37.293335 -121.670361     3.427       -6.7      368.5     -168.3      3.3      1.1      1.4 1985  6 15  1 38 57.380 0.9   1
    54084  37.289461 -121.667757     3.571      224.2      -61.6      -24.0      5.6      2.4      2.8 1985  8 28 20 35 10.100 1.6   1
    57770  37.290922 -121.668563     3.343      153.2      100.7     -252.4      2.0      0.8      1.0 1985 10 28  3 55 38.130 1.3   1
    62514  37.289197 -121.666276     3.467      355.7      -90.7     -128.5      1.7      0.8      1.0 1985 12 31 15 50 52.230 1.7   1
    62520  37.289852 -121.667025     3.383      289.7      -17.9     -211.7      3.0      1.4      1.7 1985 12 31 18  3  3.480 1.6   1
    73786  37.289372 -121.668286     3.262      177.4      -71.5     -332.8      2.0      0.8      1.1 1986  6  1 10 51 31.460 1.2   1
    77218  37.288896 -121.679061     3.805     -777.7     -124.2      209.9      2.5      0.8      0.9 1986  7 25  9 22 50.290 2.3   1
    77296  37.291866 -121.671208     3.241      -81.4      205.3     -353.7      2.9      0.9      1.2 1986  7 25 16  1 52.100 1.1   1
    81017  37.291728 -121.671777     3.768     -131.9      190.0      173.1      2.7      3.3      5.2 1986  9  2  7 24 15.870 0.8   1
    82606  37.291329 -121.670565     3.641      -24.3      145.8       46.0      6.5      5.8      9.2 1986  9 15 20 17 49.920 2.7   1
    83805  37.290540 -121.671029     3.663      -66.0       58.2       68.4      2.7      2.4      4.0 1986  9 25 12  1 52.830 1.4   1
    88698  37.291496 -121.671867     3.736     -139.8      164.3      140.6      2.1      2.0      3.2 1986 11 25 13  0 35.660 1.0   1
   101361  37.289628 -121.669751     3.610       47.3      -43.0       15.0      1.2      1.9      3.1 1987  6  3  6 56  7.740 1.9   1
   101362  37.288888 -121.669287     3.588       88.4     -125.3       -7.0      1.4      1.6      2.8 1987  6  3  6 58 51.320 1.7   1
   103138  37.289140 -121.669653     3.600       56.1      -96.9        4.5      1.3      1.2      2.7 1987  7 14 19  2 57.020 1.7   1
   110939  37.289986 -121.670589     3.536      -26.7       -3.0      -59.2      2.9      2.2      3.9 1988  1 15  1 56 42.310 1.4   1
   112868  37.291553 -121.671761     3.723     -130.3      170.9      127.8      2.4      2.5      3.6 1988  2 25 10  0 17.780 0.9   1
   120788  37.290483 -121.670931     3.659      -56.9       52.1       63.9      2.4      2.1      3.5 1988  7 23 10 42 21.740 1.5   1
   126189  37.289478 -121.670256     3.661        3.1      -59.7       66.2      1.6      1.7      1.8 1988 11  2  3  9 12.610 1.9   1
   126292  37.288883 -121.669328     3.602       84.9     -125.4        7.2      2.1      1.9      3.0 1988 11  3  1 30  4.280 1.7   1
   126389  37.288688 -121.669466     3.607       72.8     -147.4       12.0      2.2      1.5      2.4 1988 11  4 13 34 34.720 1.9   1
   148939  37.288770 -121.669564     3.598       63.9     -138.1        3.2      1.9      1.9      2.3 1989 12 13  5 33 46.080 1.6   1
   158154  37.291667 -121.671737     3.777     -128.8      183.5      181.5      1.6      1.8      3.0 1990  5 23 11 11 37.580 1.0   1
   160503  37.289925 -121.669824     3.725       41.4       -9.7      130.4      2.9      2.0      3.0 1990  7  5 20  4 42.800 1.7   1
   205031  37.289974 -121.670321     3.501       -2.9       -4.7      -94.3      1.9      2.0      3.5 1991  1 20  5  0 30.930 1.2   1
   215747  37.288859 -121.669417     3.593       77.2     -128.2       -2.2      1.4      1.6      2.2 1991  5 29  9 45 22.620 1.8   1
   227435  37.289941 -121.670736     3.554      -39.9       -8.3      -40.7      2.5      2.7      4.1 1991  8 10 17  6  5.760 1.2   1
   238704  37.289758 -121.669873     3.646       36.7      -28.5       50.6      2.0      1.7      2.2 1991 12  3  5 24 24.980 2.0   1
   238790  37.289307 -121.669653     3.666       56.2      -78.8       71.0      1.8      1.0      2.1 1991 12  4  0  8 49.550 1.9   1
   261841  37.291524 -121.671582     3.736     -114.6      167.6      140.5      2.9      2.4      4.3 1992  4  6  9 39 49.410 0.9   1
   312743  37.290238 -121.671118     3.659      -73.9       25.0       64.4      3.6      2.9      4.7 1992  8 29 17  4 29.020 1.6   1
   314921  37.288407 -121.669474     3.589       72.3     -178.2       -6.0      4.4      2.9      4.5 1992  9 11  1 22 13.650 1.1   1
   331635  37.290999 -121.671729     3.621     -127.8      109.3       25.8      2.2      2.2      3.9 1993  1 10 22 13  9.440 1.2   1
   389286  37.288839 -121.669336     3.606       84.3     -130.3       10.7      1.9      1.3      2.0 1993 12 20 22 35  7.800 1.8   1
   399980  37.290100 -121.670557     3.590      -23.9        9.3       -5.5      1.7      1.9      3.7 1994  4  6  4 11 34.960 1.4   1
 30062741  37.289832 -121.669775     3.667       45.7      -20.4       72.2      3.0      1.9      3.3 1994 11 16 16 50 58.150 2.0   1
 30062748  37.289860 -121.670199     3.681        7.7      -17.2       85.5      2.4      1.9      2.8 1994 11 16 18  3 42.360 1.3   1
 30069218  37.289095 -121.669067     3.728      108.3     -102.0      133.3      2.1      1.9      3.3 1995  3  3  9 38 49.200 1.2   1
 30069222  37.288977 -121.669108     3.698      104.8     -115.0      102.4      2.5      2.0      2.5 1995  3  3 12 30 15.850 1.8   1
 30069457  37.289022 -121.669027     3.677      111.9     -110.1       82.3      3.2      2.3      3.4 1995  3  7 13 19 41.960 1.3   1
 30092060  37.289111 -121.669385     3.628       80.3     -100.4       33.1      2.0      1.2      2.3 1995 12 15 18 53 39.820 1.8   1
