    17842  37.288285 -121.668913     3.728      122.0     -192.0      132.8      6.8      2.7      3.1 1984  4 25  4 35 19.170 1.9   1
    16751  37.293872 -121.670964     3.079      -60.2      428.1     -516.0      8.1      2.4      3.6 1984  4 27  7 48 23.500 1.0   1
    21644  37.291317 -121.670597     3.613      -27.8      144.6       17.6     12.9      4.2      5.1 1984  6 27 14 50 38.140 1.6   1
    22271  37.290299 -121.676733     3.854     -571.6       31.8      258.8     19.5      3.9      4.4 1984  7  7  0 17  9.970 2.7   1
    22280  37.290442 -121.669206     3.366       96.3       47.3     -228.9      5.1      1.9      2.5 1984  7  7  2 35  4.060 1.5   1
    23190  37.289925 -121.671118     3.608      -73.9      -10.0       12.9      8.4      2.6      3.1 1984  7 17 16 24 49.440 1.9   1
    25096  37.290751 -121.670516     3.350      -20.5       81.9     -245.1     10.7      3.5      4.6 1984  8  7  9  7  6.330 1.2   1
    32049  37.289335 -121.667122     3.476      280.6      -75.3     -119.3      4.8      2.2      2.6 1984 11 18  0 28 55.240 1.7   1
    35109  37.290645 -121.672803     3.686     -222.7       70.0       91.4      9.0      2.1      2.4 1984 12 22  4 43 44.710 1.6   1
    42349  37.288741 -121.668140     3.528      190.4     -141.2      -67.3      6.3      2.7      3.2 1985  2 28  1  9 58.300 0.8   1
    42555  37.288822 -121.667871     3.688      214.2     -132.1       92.9      7.7      3.3      3.8 1985  3  2  6 53 56.010 1.7   1
    42559  37.289836 -121.669832     3.586       40.7      -19.9       -9.3      5.4      2.0      2.3 1985  3  2  8 55  3.470 1.9   1
    42643  37.289331 -121.667969     3.531      205.4      -75.8      -64.0      6.2      2.6      3.2 1985  3  2  8 55 29.590 2.1   1
    42560  37.290434 -121.668937     3.454      120.0       46.5     -141.5      5.3      2.0      2.6 1985  3  2  8 58  0.480 1.2   1
    49626  37.293331 -121.670402     3.426      -10.2      368.1     -169.0      8.8      2.8      3.8 1985  6 15  1 38 57.380 0.9   1
    54084  37.289457 -121.667790     3.570      221.6      -62.1      -24.6      8.6      3.7      4.4 1985  8 28 20 35 10.100 1.6   1
    57770  37.290918 -121.668587     3.342      150.7      100.3     -253.1      8.5      3.3      4.4 1985 10 28  3 55 38.130 1.3   1
    62514  37.289193 -121.666300     3.466      353.9      -91.1     -129.1     10.5      5.0      6.0 1985 12 31 15 50 52.230 1.7   1
    62520  37.289848 -121.667041     3.383      287.7      -18.3     -212.3      5.8      2.6      3.3 1985 12 31 18  3  3.480 1.6   1
    73786  37.289368 -121.668311     3.262      175.4      -71.8     -333.4      7.5      3.1      4.0 1986  6  1 10 51 31.460 1.2   1
    77218  37.288892 -121.679012     3.804     -773.6     -124.6      209.3      6.6      2.1      2.4 1986  7 25  9 22 50.290 2.3   1
    77296  37.291862 -121.671248     3.241      -85.0      205.0     -354.3      9.8      2.9      4.0 1986  7 25 16  1 52.100 1.1   1
    81017  37.291846 -121.671574     3.788     -114.3      203.3      193.3      5.4      6.9     10.3 1986  9  2  7 24 15.870 0.8   1
    82606  37.291443 -121.670719     3.630      -38.5      158.6       35.1     11.7     11.2     17.4 1986  9 15 20 17 49.920 2.7   1
    83805  37.290564 -121.670915     3.674      -55.8       60.8       78.6      5.2      4.8      7.6 1986  9 25 12  1 52.830 1.4   1
    88698  37.291492 -121.671899     3.749     -143.2      163.9      153.6      6.2      4.9      6.7 1986 11 25 13  0 35.660 1.0   1
   101361  37.289697 -121.669743     3.623       48.6      -35.4       28.1      3.6      3.8      5.6 1987  6  3  6 56  7.740 1.9   1
   101362  37.288981 -121.669271     3.604       90.5     -114.9        9.1      2.9      3.2      5.6 1987  6  3  6 58 51.320 1.7   1
   103138  37.289144 -121.669718     3.610       50.4      -96.6       14.6      2.8      2.7      4.7 1987  7 14 19  2 57.020 1.7   1
   110939  37.290104 -121.670589     3.534      -27.0       10.1      -61.4      4.3      3.9      7.3 1988  1 15  1 56 42.310 1.4   1
   112868  37.291728 -121.671818     3.699     -135.8      190.0      103.7      6.0      6.7     10.6 1988  2 25 10  0 17.780 0.9   1
   120788  37.290523 -121.670817     3.676      -47.2       56.3       80.6      5.1      4.8      7.4 1988  7 23 10 42 21.740 1.5   1
   126189  37.289408 -121.670394     3.661       -9.6      -67.3       65.9      4.2      2.6      4.4 1988 11  2  3  9 12.610 1.9   1
   126292  37.288989 -121.669230     3.602       93.5     -113.8        6.5      3.4      3.3      4.6 1988 11  3  1 30  4.280 1.7   1
   126389  37.288660 -121.669523     3.612       67.9     -150.5       17.2      3.1      3.1      5.3 1988 11  4 13 34 34.720 1.9   1
   148939  37.288623 -121.669678     3.597       54.2     -154.4        2.2      4.0      3.6      4.7 1989 12 13  5 33 46.080 1.6   1
   158154  37.291663 -121.671680     3.784     -123.2      182.7      188.6      5.4      5.9      8.7 1990  5 23 11 11 37.580 1.0   1
   160503  37.289921 -121.669808     3.716       42.9      -10.2      121.0      3.4      2.7      3.9 1990  7  5 20  4 42.800 1.7   1
   205031  37.290137 -121.670215     3.501        6.5       13.4      -93.7      4.0      4.4      6.6 1991  1 20  5  0 30.930 1.2   1
   215747  37.288778 -121.669466     3.591       73.0     -137.5       -4.2      3.5      2.9      3.9 1991  5 29  9 45 22.620 1.8   1
   227435  37.289897 -121.670882     3.552      -52.7      -13.3      -42.8      4.8      4.7      7.2 1991  8 10 17  6  5.760 1.2   1
   238704  37.289811 -121.669727     3.642       49.5      -22.7       46.7      4.6      3.1      4.6 1991 12  3  5 24 24.980 2.0   1
   238790  37.289319 -121.669637     3.667       58.0      -77.3       72.2      2.1      1.7      3.6 1991 12  4  0  8 49.550 1.9   1
   261841  37.291520 -121.671370     3.717      -95.9      167.1      122.2      6.0      5.7      9.4 1992  4  6  9 39 49.410 0.9   1
   312743  37.290116 -121.671159     3.674      -77.2       11.3       78.4      6.1      5.7      9.5 1992  8 29 17  4 29.020 1.6   1
   314921  37.288143 -121.669694     3.620       52.8     -207.6       24.4      8.3      5.1      8.7 1992  9 11  1 22 13.650 1.1   1
   331635  37.290975 -121.671745     3.628     -128.9      106.4       32.9      5.5      5.3      8.2 1993  1 10 22 13  9.440 1.2   1
   389286  37.288859 -121.669255     3.604       91.4     -128.1        9.0      2.8      2.6      3.0 1993 12 20 22 35  7.800 1.8   1
   399980  37.290051 -121.670589     3.562      -26.9        3.9      -33.1      3.9      4.2      7.0 1994  4  6  4 11 34.960 1.4   1
 30062741  37.289868 -121.669800     3.645       43.4      -16.0       49.6      6.5      4.0      6.3 1994 11 16 16 50 58.150 2.0   1
 30062748  37.289823 -121.670190     3.687        8.6      -21.3       91.7      3.4      3.3      5.1 1994 11 16 18  3 42.360 1.3   1
 30069218  37.289034 -121.669124     3.746      103.2     -109.0      150.6      4.6      3.1      4.9 1995  3  3  9 38 49.200 1.2   1
 30069222  37.288953 -121.669157     3.702      100.6     -117.7      107.4      4.1      3.5      3.7 1995  3  3 12 30 15.850 1.8   1
 30069457  37.289115 -121.669002     3.655      114.0      -99.7       59.8      5.7      3.6      6.4 1995  3  7 13 19 41.960 1.3   1
 30092060  37.289136 -121.669352     3.622       83.3      -97.5       27.1      2.9      2.3      2.9 1995 12 15 18 53 39.820 1.8   1
