    17842  37.288273 -121.669019     3.726      112.9     -193.5      131.0     19.0      7.6      8.5 1984  4 25  4 35 19.170 1.9   1
    16751  37.293860 -121.671126     3.076      -74.6      426.8     -518.9     30.4      9.0     13.6 1984  4 27  7 48 23.500 1.0   1
    21644  37.291305 -121.670752     3.611      -41.3      143.2       15.5     17.0      5.4      6.6 1984  6 27 14 50 38.140 1.6   1
    22271  37.290287 -121.676245     3.852     -528.3       30.4      257.1     35.1      6.4      7.2 1984  7  7  0 17  9.970 2.7   1
    22280  37.290430 -121.669303     3.364       87.1       46.0     -231.0     14.8      5.6      7.1 1984  7  7  2 35  4.060 1.5   1
    23190  37.289913 -121.671281     3.606      -88.2      -11.4       11.0     17.3      5.3      6.3 1984  7 17 16 24 49.440 1.9   1
    25096  37.290739 -121.670662     3.348      -33.2       80.5     -247.4     17.9      5.9      7.6 1984  8  7  9  7  6.330 1.2   1
    32049  37.289323 -121.667204     3.474      273.8      -76.6     -121.3     13.3      6.0      7.3 1984 11 18  0 28 55.240 1.7   1
    35109  37.290633 -121.673128     3.685     -251.6       68.7       89.5     28.1      6.1      7.2 1984 12 22  4 43 44.710 1.6   1
    42349  37.288729 -121.668229     3.526      182.4     -142.6      -69.2     14.9      6.3      7.4 1985  2 28  1  9 58.300 0.8   1
    42555  37.288810 -121.667961     3.686      206.7     -133.5       91.1     17.1      7.3      8.4 1985  3  2  6 53 56.010 1.7   1
    42559  37.289823 -121.669946     3.584       30.3      -21.2      -11.2     14.9      5.3      6.4 1985  3  2  8 55  3.470 1.9   1
    42643  37.289319 -121.668058     3.529      197.9      -77.2      -66.0     13.7      5.8      6.9 1985  3  2  8 55 29.590 2.1   1
    42560  37.290422 -121.669035     3.452      111.1       45.2     -143.6     14.1      5.4      6.8 1985  3  2  8 58  0.480 1.2   1
    49626  37.293319 -121.670549     3.424      -23.2      366.8     -171.3     18.7      6.0      7.9 1985  6 15  1 38 57.380 0.9   1
    54084  37.289441 -121.667871     3.568      214.0      -63.5      -26.6     13.9      6.0      7.1 1985  8 28 20 35 10.100 1.6   1
    57770  37.290906 -121.668685     3.340      142.4       99.0     -255.3     15.2      6.0      7.8 1985 10 28  3 55 38.130 1.3   1
    62514  37.289181 -121.666366     3.464      347.8      -92.4     -131.1     14.0      6.6      8.1 1985 12 31 15 50 52.230 1.7   1
    62520  37.289836 -121.667122     3.381      280.8      -19.7     -214.5     24.5     10.9     13.8 1985 12 31 18  3  3.480 1.6   1
    73786  37.289355 -121.668392     3.260      167.9      -73.1     -335.6     13.4      5.5      7.2 1986  6  1 10 51 31.460 1.2   1
    77218  37.288879 -121.678857     3.803     -759.7     -126.0      207.6     27.6      8.8      9.8 1986  7 25  9 22 50.290 2.3   1
    77296  37.291854 -121.671387     3.239      -97.1      203.9     -356.3     41.2     12.3     16.9 1986  7 25 16  1 52.100 1.1   1
    81017  37.292126 -121.671956     3.686     -148.1      234.3       90.5     11.6      9.0      8.7 1986  9  2  7 24 15.870 0.8   1
    82606  37.291166 -121.671468     3.724     -104.5      127.9      129.1     10.6      8.2     10.3 1986  9 15 20 17 49.920 2.7   1
    83805  37.290771 -121.670679     3.634      -34.6       83.9       39.3      8.6      7.4     10.1 1986  9 25 12  1 52.830 1.4   1
    88698  37.291382 -121.671094     4.403      -71.4      151.7      807.4     13.3     12.3     18.8 1986 11 25 13  0 35.660 1.0   1
   101361  37.289746 -121.669556     3.658       65.0      -30.0       63.4     10.1      6.9     10.7 1987  6  3  6 56  7.740 1.9   1
   101362  37.289014 -121.669767     3.649       46.1     -111.2       53.6      9.0      7.6     13.0 1987  6  3  6 58 51.320 1.7   1
   103138  37.289299 -121.669539     3.595       66.1      -79.3        0.1     10.3      8.9      8.4 1987  7 14 19  2 57.020 1.7   1
   110939  37.290499 -121.671110     3.445      -72.7       53.9     -150.1     17.1     11.0     14.1 1988  1 15  1 56 42.310 1.4   1
   112868  37.291728 -121.671647     4.407     -120.5      190.1      811.6     11.8     12.3     20.4 1988  2 25 10  0 17.780 0.9   1
   120788  37.290568 -121.671069     3.687      -69.1       61.6       92.3     11.9      9.3     11.9 1988  7 23 10 42 21.740 1.5   1
   126189  37.289071 -121.671940     3.795     -146.3     -105.0      199.7     22.5      9.3     22.2 1988 11  2  3  9 12.610 1.9   1
   126292  37.289209 -121.669173     3.551       98.8      -89.6      -44.3      8.1      6.7      8.3 1988 11  3  1 30  4.280 1.7   1
   126389  37.288521 -121.669857     3.670       38.3     -165.8       74.8     10.4      9.3     12.9 1988 11  4 13 34 34.720 1.9   1
   148939  37.288407 -121.669832     3.633       40.8     -178.2       38.3     12.0     13.8     11.1 1989 12 13  5 33 46.080 1.6   1
   158154  37.291646 -121.671883     3.764     -141.7      181.0      168.6     10.9      9.6     11.0 1990  5 23 11 11 37.580 1.0   1
   160503  37.290084 -121.669173     3.655       98.8        7.7       60.2     13.5      8.9     14.3 1990  7  5 20  4 42.800 1.7   1
   205031  37.290474 -121.669653     3.480       56.2       50.9     -115.0      8.7      7.6      6.3 1991  1 20  5  0 30.930 1.2   1
   215747  37.288472 -121.669515     3.673       68.3     -171.1       77.5      9.1      8.3     10.6 1991  5 29  9 45 22.620 1.8   1
   227435  37.289917 -121.669930     3.540       31.8      -10.8      -55.4     21.1     12.2     13.5 1991  8 10 17  6  5.760 1.2   1
   238704  37.289775 -121.669531     3.648       67.3      -26.8       52.9      5.7      5.9      6.8 1991 12  3  5 24 24.980 2.0   1
   238790  37.289270 -121.669588     3.687       62.3      -82.6       91.8      8.4      5.7      9.3 1991 12  4  0  8 49.550 1.9   1
   261841  37.291471 -121.671102     3.650      -72.4      161.6       54.6     12.1      8.9     15.2 1992  4  6  9 39 49.410 0.9   1
   312743  37.289909 -121.671379     3.695      -96.9      -11.6      100.0      9.1     11.0      9.7 1992  8 29 17  4 29.020 1.6   1
   314921  37.287773 -121.668758     3.709      136.0     -248.9      114.1     16.9     14.2     17.0 1992  9 11  1 22 13.650 1.1   1
   331635  37.291121 -121.671175     3.596      -79.0      122.9        1.0     16.1     10.6     12.2 1993  1 10 22 13  9.440 1.2   1
   389286  37.288985 -121.669295     3.576       88.3     -114.2      -19.5     13.4     11.1     11.6 1993 12 20 22 35  7.800 1.8   1
   399980  37.290059 -121.670573     3.501      -25.2        5.0      -94.0      9.1      6.6      9.8 1994  4  6  4 11 34.960 1.4   1
 30062741  37.289860 -121.670166     3.564       10.6      -17.2      -31.2     11.1      7.7      8.5 1994 11 16 16 50 58.150 2.0   1
 30062748  37.289856 -121.669743     3.651       48.0      -17.4       56.2      9.6      6.5      9.1 1994 11 16 18  3 42.360 1.3   1
 30069218  37.288863 -121.669165     3.797       99.5     -127.8      201.9     12.3      7.4      9.9 1995  3  3  9 38 49.200 1.2   1
 30069222  37.288912 -121.669401     3.710       78.9     -122.4      115.3      9.4      8.3      8.8 1995  3  3 12 30 15.850 1.8   1
 30069457  37.289372 -121.669531     3.541       67.4      -71.3      -54.5     13.7     11.0     15.6 1995  3  7 13 19 41.960 1.3   1
 30092060  37.289128 -121.669409     3.603       78.0      -98.4        8.2      9.1      8.6      6.5 1995 12 15 18 53 39.820 1.8   1
