    17842  37.288289 -121.668880     3.728      124.6     -191.6      133.4      4.1      1.7      1.8 1984  4 25  4 35 19.170 1.9   1
    16751  37.293876 -121.670923     3.080      -56.6      428.4     -515.2      5.6      1.7      2.6 1984  4 27  7 48 23.500 1.0   1
    21644  37.291321 -121.670549     3.613      -23.4      145.1       18.3      6.9      2.3      2.8 1984  6 27 14 50 38.140 1.6   1
    22271  37.290304 -121.676855     3.855     -582.2       32.2      259.4      4.2      0.9      1.0 1984  7  7  0 17  9.970 2.7   1
    22280  37.290446 -121.669173     3.367       98.9       47.7     -228.2      3.3      1.3      1.6 1984  7  7  2 35  4.060 1.5   1
    23190  37.289929 -121.671077     3.609      -69.6       -9.6       13.5      7.0      2.2      2.6 1984  7 17 16 24 49.440 1.9   1
    25096  37.290755 -121.670475     3.351      -16.8       82.3     -244.4      5.0      1.7      2.2 1984  8  7  9  7  6.330 1.2   1
    32049  37.289339 -121.667098     3.476      282.6      -74.9     -118.7      4.2      1.9      2.3 1984 11 18  0 28 55.240 1.7   1
    35109  37.290649 -121.672713     3.687     -215.1       70.4       91.9      4.0      0.9      1.1 1984 12 22  4 43 44.710 1.6   1
    42349  37.288745 -121.668115     3.528      192.7     -140.8      -66.6      2.4      1.0      1.2 1985  2 28  1  9 58.300 0.8   1
    42555  37.288831 -121.667847     3.689      216.7     -131.6       93.6      5.4      2.3      2.7 1985  3  2  6 53 56.010 1.7   1
    42559  37.289840 -121.669792     3.586       43.9      -19.5       -8.7      2.5      0.9      1.1 1985  3  2  8 55  3.470 1.9   1
    42643  37.289335 -121.667944     3.532      207.7      -75.4      -63.4      1.5      0.6      0.8 1985  3  2  8 55 29.590 2.1   1
    42560  37.290438 -121.668905     3.454      122.6       46.9     -140.9      2.9      1.1      1.4 1985  3  2  8 58  0.480 1.2   1
    49626  37.293335 -121.670361     3.427       -6.6      368.5     -168.3      3.3      1.1      1.4 1985  6 15  1 38 57.380 0.9   1
    54084  37.289461 -121.667757     3.571      224.3      -61.6      -23.9     13.6      5.8      6.9 1985  8 28 20 35 10.100 1.6   1
    57770  37.290922 -121.668563     3.343      153.3      100.7     -252.4      7.1      2.8      3.7 1985 10 28  3 55 38.130 1.3   1
    62514  37.289197 -121.666276     3.467      355.9      -90.6     -128.5      2.6      1.3      1.5 1985 12 31 15 50 52.230 1.7   1
    62520  37.289852 -121.667017     3.383      289.8      -17.9     -211.6      4.6      2.1      2.6 1985 12 31 18  3  3.480 1.6   1
    73786  37.289372 -121.668286     3.262      177.6      -71.4     -332.8      2.7      1.1      1.4 1986  6  1 10 51 31.460 1.2   1
    77218  37.288896 -121.679061     3.805     -777.9     -124.1      209.9      2.4      0.8      0.9 1986  7 25  9 22 50.290 2.3   1
    77296  37.291866 -121.671200     3.241      -81.1      205.3     -353.7      5.6      1.7      2.3 1986  7 25 16  1 52.100 1.1   1
    81017  37.291691 -121.671802     3.765     -134.3      185.9      170.0      2.2      2.5      3.3 1986  9  2  7 24 15.870 0.8   1
    82606  37.291284 -121.670492     3.645      -18.2      141.1       49.6      5.6      5.0      7.9 1986  9 15 20 17 49.920 2.7   1
    83805  37.290523 -121.671045     3.665      -67.0       56.7       69.7      2.7      2.2      3.5 1986  9 25 12  1 52.830 1.4   1
    88698  37.291504 -121.671826     3.735     -136.6      165.3      139.6      2.1      1.9      2.8 1986 11 25 13  0 35.660 1.0   1
   101361  37.289604 -121.669767     3.607       46.3      -45.6       11.6      1.1      1.7      2.7 1987  6  3  6 56  7.740 1.9   1
   101362  37.288863 -121.669312     3.583       86.8     -127.8      -12.2      1.3      1.8      2.9 1987  6  3  6 58 51.320 1.7   1
   103138  37.289140 -121.669645     3.596       57.0      -96.9        1.2      1.6      1.4      2.5 1987  7 14 19  2 57.020 1.7   1
   110939  37.289970 -121.670597     3.531      -27.5       -5.0      -64.2      2.1      1.8      3.4 1988  1 15  1 56 42.310 1.4   1
   112868  37.291545 -121.671737     3.721     -128.5      169.7      125.4      1.6      2.2      2.8 1988  2 25 10  0 17.780 0.9   1
   120788  37.290466 -121.670939     3.659      -58.0       50.0       64.0      2.5      1.9      3.8 1988  7 23 10 42 21.740 1.5   1
   126189  37.289498 -121.670239     3.661        4.6      -57.5       65.7      1.6      1.6      1.8 1988 11  2  3  9 12.610 1.9   1
   126292  37.288863 -121.669360     3.600       82.0     -127.9        4.6      2.0      2.0      2.9 1988 11  3  1 30  4.280 1.7   1
   126389  37.288696 -121.669458     3.606       73.3     -146.2       10.6      1.9      1.6      2.7 1988 11  4 13 34 34.720 1.9   1
   148939  37.288806 -121.669539     3.599       66.7     -134.3        3.8      1.9      1.8      2.2 1989 12 13  5 33 46.080 1.6   1
   158154  37.291667 -121.671729     3.779     -127.7      183.2      183.6      2.3      1.6      2.7 1990  5 23 11 11 37.580 1.0   1
   160503  37.289925 -121.669816     3.728       42.1       -9.7      132.9      2.5      2.0      2.9 1990  7  5 20  4 42.800 1.7   1
   205031  37.289937 -121.670337     3.497       -4.1       -8.4      -98.6      1.7      1.7      3.4 1991  1 20  5  0 30.930 1.2   1
   215747  37.288879 -121.669409     3.594       77.9     -126.1       -1.5      1.9      1.5      2.2 1991  5 29  9 45 22.620 1.8   1
   227435  37.289954 -121.670695     3.553      -36.0       -6.9      -42.5      2.7      2.3      3.7 1991  8 10 17  6  5.760 1.2   1
   238704  37.289738 -121.669914     3.646       33.2      -30.7       50.9      1.9      1.6      2.2 1991 12  3  5 24 24.980 2.0   1
   238790  37.289299 -121.669661     3.665       55.5      -79.4       70.4      1.7      1.3      2.3 1991 12  4  0  8 49.550 1.9   1
   261841  37.291524 -121.671598     3.743     -115.8      167.6      147.5      2.1      2.0      4.2 1992  4  6  9 39 49.410 0.9   1
   312743  37.290279 -121.671086     3.660      -70.7       29.4       65.1      2.8      2.6      4.5 1992  8 29 17  4 29.020 1.6   1
   314921  37.288477 -121.669409     3.582       78.0     -170.5      -12.8      3.7      2.6      4.2 1992  9 11  1 22 13.650 1.1   1
   331635  37.291003 -121.671720     3.625     -127.3      109.7       29.9      1.5      1.7      2.6 1993  1 10 22 13  9.440 1.2   1
   389286  37.288835 -121.669352     3.606       82.8     -131.1       11.3      1.4      1.2      1.7 1993 12 20 22 35  7.800 1.8   1
   399980  37.290116 -121.670549     3.594      -23.3       11.1       -1.1      1.9      1.8      3.3 1994  4  6  4 11 34.960 1.4   1
 30062741  37.289811 -121.669775     3.673       45.8      -22.5       77.6      3.0      2.0      3.3 1994 11 16 16 50 58.150 2.0   1
 30062748  37.289872 -121.670199     3.679        8.0      -15.9       83.5      2.2      1.6      2.2 1994 11 16 18  3 42.360 1.3   1
 30069218  37.289111 -121.669059     3.724      109.3     -100.1      128.7      1.9      1.6      2.8 1995  3  3  9 38 49.200 1.2   1
 30069222  37.288989 -121.669100     3.696      105.3     -114.0      101.1      2.2      1.8      2.8 1995  3  3 12 30 15.850 1.8   1
 30069457  37.289001 -121.669051     3.683      110.0     -112.3       88.1      3.1      1.9      2.5 1995  3  7 13 19 41.960 1.3   1
 30092060  37.289103 -121.669401     3.629       79.0     -101.2       33.5      1.6      1.5      2.5 1995 12 15 18 53 39.820 1.8   1
