    17842  37.288273 -121.669002     3.726      113.7     -193.3      131.2     89.3     35.6     39.9 1984  4 25  4 35 19.170 1.9   1
    16751  37.293864 -121.671110     3.077      -72.6      427.0     -518.5    108.2     32.2     48.9 1984  4 27  7 48 23.500 1.0   1
    21644  37.291309 -121.670736     3.611      -39.9      143.4       15.7    106.6     34.3     41.8 1984  6 27 14 50 38.140 1.6   1
    22271  37.290291 -121.676335     3.853     -536.0       30.7      257.4    180.1     34.9     39.5 1984  7  7  0 17  9.970 2.7   1
    22280  37.290430 -121.669295     3.364       87.8       46.1     -230.8     91.0     34.2     44.0 1984  7  7  2 35  4.060 1.5   1
    23190  37.289913 -121.671265     3.606      -86.9      -11.2       11.2    113.0     34.7     41.3 1984  7 17 16 24 49.440 1.9   1
    25096  37.290743 -121.670654     3.348      -32.2       80.6     -247.2    102.9     33.7     43.7 1984  8  7  9  7  6.330 1.2   1
    32049  37.289323 -121.667196     3.474      274.2      -76.6     -121.2     78.4     35.1     42.8 1984 11 18  0 28 55.240 1.7   1
    35109  37.290633 -121.673104     3.685     -249.9       68.8       89.6    156.8     34.3     40.5 1984 12 22  4 43 44.710 1.6   1
    42349  37.288729 -121.668229     3.526      182.6     -142.6      -69.2     82.6     34.8     41.3 1985  2 28  1  9 58.300 0.8   1
    42555  37.288814 -121.667952     3.686      207.3     -133.4       91.3     82.2     35.3     40.3 1985  3  2  6 53 56.010 1.7   1
    42559  37.289823 -121.669938     3.584       31.1      -21.1      -11.1     97.2     34.8     41.5 1985  3  2  8 55  3.470 1.9   1
    42643  37.289319 -121.668050     3.529      198.4      -77.1      -65.8     82.9     35.0     42.0 1985  3  2  8 55 29.590 2.1   1
    42560  37.290422 -121.669027     3.452      111.8       45.3     -143.4     89.6     34.5     43.2 1985  3  2  8 58  0.480 1.2   1
    49626  37.293319 -121.670540     3.424      -22.5      366.9     -171.2    189.5     60.5     80.6 1985  6 15  1 38 57.380 0.9   1
    54084  37.289445 -121.667863     3.569      214.8      -63.3      -26.4     81.6     34.9     41.5 1985  8 28 20 35 10.100 1.6   1
    57770  37.290906 -121.668677     3.340      142.6       99.1     -255.2     86.0     33.8     44.2 1985 10 28  3 55 38.130 1.3   1
    62514  37.289181 -121.666366     3.464      348.0      -92.4     -131.1     73.2     34.6     42.1 1985 12 31 15 50 52.230 1.7   1
    62520  37.289836 -121.667122     3.381      281.0      -19.6     -214.5    171.7     76.6     96.9 1985 12 31 18  3  3.480 1.6   1
    73786  37.289355 -121.668392     3.260      168.4      -73.0     -335.4     83.4     34.3     44.6 1986  6  1 10 51 31.460 1.2   1
    77218  37.288879 -121.678874     3.803     -761.2     -125.8      207.8    109.4     35.0     39.0 1986  7 25  9 22 50.290 2.3   1
    77296  37.291862 -121.671248     3.241      -85.5      205.0     -354.3    220.2     69.9     95.7 1986  7 25 16  1 52.100 1.1   1
    81017  37.292122 -121.671956     3.679     -148.0      234.1       84.2     62.1     54.0     59.8 1986  9  2  7 24 15.870 0.8   1
    82606  37.291154 -121.671476     3.735     -105.2      126.2      140.0     58.9     48.0     94.8 1986  9 15 20 17 49.920 2.7   1
    83805  37.290771 -121.670638     3.629      -30.8       83.9       34.1     51.5     39.2     67.7 1986  9 25 12  1 52.830 1.4   1
    88698  37.291414 -121.671094     4.401      -71.3      155.2      805.5     76.1     66.3    138.3 1986 11 25 13  0 35.660 1.0   1
   101361  37.289742 -121.669515     3.667       68.4      -30.2       72.2     58.4     37.3     84.2 1987  6  3  6 56  7.740 1.9   1
   101362  37.288997 -121.669849     3.666       39.1     -112.7       70.9     49.5     41.0     68.3 1987  6  3  6 58 51.320 1.7   1
   103138  37.289311 -121.669507     3.589       69.0      -77.9       -6.2     37.4     38.9     53.1 1987  7 14 19  2 57.020 1.7   1
   110939  37.290613 -121.671289     3.443      -88.7       66.5     -152.0     61.7     47.0     78.6 1988  1 15  1 56 42.310 1.4   1
   112868  37.291772 -121.671729     4.398     -127.6      194.9      803.2     55.5     63.7    123.8 1988  2 25 10  0 17.780 0.9   1
   120788  37.290568 -121.671151     3.696      -76.8       61.6      101.1     41.6     43.3     43.3 1988  7 23 10 42 21.740 1.5   1
   126189  37.289050 -121.672331     3.830     -180.8     -106.8      234.5     84.6     82.0     74.3 1988 11  2  3  9 12.610 1.9   1
   126292  37.289197 -121.669132     3.548      102.3      -90.6      -47.5     47.4     42.7     47.2 1988 11  3  1 30  4.280 1.7   1
   126389  37.288521 -121.669832     3.684       40.1     -165.6       88.6     40.0     30.2     77.7 1988 11  4 13 34 34.720 1.9   1
   148939  37.288359 -121.669897     3.638       34.6     -184.0       43.3     68.5     65.8     74.2 1989 12 13  5 33 46.080 1.6   1
   158154  37.291663 -121.671924     3.758     -145.4      182.8      162.7     66.4     56.7     68.3 1990  5 23 11 11 37.580 1.0   1
   160503  37.290141 -121.669035     3.642      111.1       14.1       46.6     53.4     41.2     76.0 1990  7  5 20  4 42.800 1.7   1
   205031  37.290483 -121.669637     3.479       57.4       51.9     -116.1     61.4     41.4     62.1 1991  1 20  5  0 30.930 1.2   1
   215747  37.288448 -121.669556     3.684       65.3     -173.7       88.5     35.6     35.5     68.7 1991  5 29  9 45 22.620 1.8   1
   227435  37.289921 -121.669442     3.547       75.1      -10.2      -48.5     41.3     64.6     73.8 1991  8 10 17  6  5.760 1.2   1
   238704  37.289762 -121.669531     3.644       66.9      -28.1       49.3     40.7     37.0     57.9 1991 12  3  5 24 24.980 2.0   1
   238790  37.289262 -121.669572     3.692       63.8      -83.8       97.0     46.4     34.6     60.8 1991 12  4  0  8 49.550 1.9   1
   261841  37.291455 -121.671118     3.626      -73.3      159.8       30.5     73.9     46.0    121.5 1992  4  6  9 39 49.410 0.9   1
   312743  37.289872 -121.671354     3.685      -94.8      -16.0       90.3     93.4     68.4    101.2 1992  8 29 17  4 29.020 1.6   1
   314921  37.287891 -121.668774     3.697      133.9     -235.8      102.2     63.4     63.9     70.8 1992  9 11  1 22 13.650 1.1   1
   331635  37.291146 -121.670898     3.584      -54.5      125.6      -10.9     65.3     47.8     75.8 1993  1 10 22 13  9.440 1.2   1
   389286  37.288989 -121.669417     3.564       77.0     -113.7      -31.5     50.7     56.3     60.0 1993 12 20 22 35  7.800 1.8   1
   399980  37.290063 -121.670573     3.494      -25.1        5.3     -101.1     38.7     28.3     77.5 1994  4  6  4 11 34.960 1.4   1
 30062741  37.289815 -121.670125     3.558       14.7      -22.2      -36.8     48.5     25.8     53.1 1994 11 16 16 50 58.150 2.0   1
 30062748  37.289848 -121.669670     3.644       54.5      -18.5       49.2     52.6     44.5     68.0 1994 11 16 18  3 42.360 1.3   1
 30069218  37.288851 -121.669214     3.798       94.9     -129.1      203.3     61.6     44.2     58.8 1995  3  3  9 38 49.200 1.2   1
 30069222  37.288883 -121.669401     3.717       78.5     -125.4      121.8     35.7     38.6     68.1 1995  3  3 12 30 15.850 1.8   1
 30069457  37.289294 -121.669621     3.542       59.5      -80.0      -53.1     52.3     52.6     69.5 1995  3  7 13 19 41.960 1.3   1
 30092060  37.289103 -121.669368     3.603       81.6     -101.0        8.0     39.4     37.1     69.8 1995 12 15 18 53 39.820 1.8   1
