    17842  37.288281 -121.668945     3.727      119.3     -192.4      132.3      7.4      2.9      3.3 1984  4 25  4 35 19.170 1.9   1
    16751  37.293868 -121.671021     3.078      -64.6      427.7     -516.9     18.2      5.4      8.2 1984  4 27  7 48 23.500 1.0   1
    21644  37.291313 -121.670646     3.612      -32.1      144.2       16.9      9.3      3.0      3.7 1984  6 27 14 50 38.140 1.6   1
    22271  37.290295 -121.676603     3.853     -559.8       31.3      258.2     22.0      4.0      4.5 1984  7  7  0 17  9.970 2.7   1
    22280  37.290438 -121.669238     3.366       93.4       46.9     -229.5      8.3      3.1      4.0 1984  7  7  2 35  4.060 1.5   1
    23190  37.289921 -121.671167     3.607      -78.2      -10.4       12.4     12.0      3.7      4.4 1984  7 17 16 24 49.440 1.9   1
    25096  37.290747 -121.670565     3.349      -24.5       81.5     -245.8     11.7      3.8      5.0 1984  8  7  9  7  6.330 1.2   1
    32049  37.289331 -121.667147     3.475      278.5      -75.7     -119.9      9.2      4.1      5.0 1984 11 18  0 28 55.240 1.7   1
    35109  37.290641 -121.672892     3.686     -230.8       69.6       90.8     21.5      4.6      5.5 1984 12 22  4 43 44.710 1.6   1
    42349  37.288737 -121.668172     3.527      187.9     -141.6      -67.9      9.4      4.0      4.7 1985  2 28  1  9 58.300 0.8   1
    42555  37.288822 -121.667896     3.687      212.0     -132.5       92.4      8.1      3.5      4.0 1985  3  2  6 53 56.010 1.7   1
    42559  37.289832 -121.669865     3.585       37.4      -20.3       -9.9     10.6      3.8      4.5 1985  3  2  8 55  3.470 1.9   1
    42643  37.289327 -121.668001     3.530      203.0      -76.3      -64.6     10.0      4.2      5.1 1985  3  2  8 55 29.590 2.1   1
    42560  37.290430 -121.668970     3.453      117.2       46.1     -142.2     10.1      3.9      4.9 1985  3  2  8 58  0.480 1.2   1
    49626  37.293327 -121.670451     3.425      -14.3      367.7     -169.7     13.8      4.4      5.9 1985  6 15  1 38 57.380 0.9   1
    54084  37.289453 -121.667814     3.570      219.5      -62.5      -25.2      7.7      3.3      3.9 1985  8 28 20 35 10.100 1.6   1
    57770  37.290914 -121.668620     3.341      148.0       99.9     -253.8     10.2      4.0      5.3 1985 10 28  3 55 38.130 1.3   1
    62514  37.289189 -121.666325     3.465      351.8      -91.6     -129.8      9.6      4.5      5.5 1985 12 31 15 50 52.230 1.7   1
    62520  37.289844 -121.667065     3.382      285.5      -18.8     -213.0      9.3      4.1      5.2 1985 12 31 18  3  3.480 1.6   1
    73786  37.289364 -121.668335     3.261      173.1      -72.2     -334.1      9.3      3.8      5.0 1986  6  1 10 51 31.460 1.2   1
    77218  37.288888 -121.678963     3.804     -769.3     -125.0      208.8     13.6      4.3      4.8 1986  7 25  9 22 50.290 2.3   1
    77296  37.291858 -121.671297     3.240      -89.2      204.6     -355.0     10.9      3.2      4.4 1986  7 25 16  1 52.100 1.1   1
    81017  37.291817 -121.671517     3.807     -109.3      200.0      212.4      7.4      7.1     12.5 1986  9  2  7 24 15.870 0.8   1
    82606  37.291459 -121.670768     3.630      -42.4      160.5       34.7     13.6     12.9     20.1 1986  9 15 20 17 49.920 2.7   1
    83805  37.290548 -121.670898     3.681      -54.4       59.3       85.8      4.6      4.6      8.2 1986  9 25 12  1 52.830 1.4   1
    88698  37.291484 -121.671875     3.757     -140.7      163.2      161.9      5.5      7.4     11.0 1986 11 25 13  0 35.660 1.0   1
   101361  37.289709 -121.669727     3.627       49.5      -34.1       32.1      4.1      4.2      6.0 1987  6  3  6 56  7.740 1.9   1
   101362  37.289001 -121.669271     3.607       89.9     -112.5       12.1      4.0      3.7      6.4 1987  6  3  6 58 51.320 1.7   1
   103138  37.289148 -121.669735     3.612       49.1      -96.2       16.7      3.4      3.2      5.6 1987  7 14 19  2 57.020 1.7   1
   110939  37.290145 -121.670622     3.526      -29.3       14.2      -69.4      5.9      5.0      8.4 1988  1 15  1 56 42.310 1.4   1
   112868  37.291980 -121.671761     3.651     -130.3      218.1       55.6      6.6      5.6     35.8 1988  2 25 10  0 17.780 0.9   1
   120788  37.290515 -121.670809     3.683      -46.0       55.4       87.5      4.2      4.0      7.7 1988  7 23 10 42 21.740 1.5   1
   126189  37.289392 -121.670467     3.665      -15.7      -69.2       69.5      5.7      3.4      6.7 1988 11  2  3  9 12.610 1.9   1
   126292  37.289018 -121.669214     3.599       95.3     -110.7        4.3      4.3      3.6      5.3 1988 11  3  1 30  4.280 1.7   1
   126389  37.288652 -121.669548     3.615       65.6     -151.4       19.8      4.1      3.5      6.3 1988 11  4 13 34 34.720 1.9   1
   148939  37.288590 -121.669686     3.599       53.4     -158.2        3.7      4.7      4.1      5.9 1989 12 13  5 33 46.080 1.6   1
   158154  37.291606 -121.671680     3.801     -123.6      176.7      205.4      7.1      5.9      9.6 1990  5 23 11 11 37.580 1.0   1
   160503  37.289921 -121.669792     3.714       43.9      -10.2      118.9      3.8      3.3      4.9 1990  7  5 20  4 42.800 1.7   1
   205031  37.290181 -121.670174     3.499       10.4       18.5      -96.4      4.4      5.2      7.4 1991  1 20  5  0 30.930 1.2   1
   215747  37.288749 -121.669466     3.593       72.7     -140.2       -2.1      4.1      3.4      5.7 1991  5 29  9 45 22.620 1.8   1
   227435  37.289884 -121.670915     3.549      -55.3      -14.3      -46.3      4.6      5.6      8.3 1991  8 10 17  6  5.760 1.2   1
   238704  37.289819 -121.669694     3.642       52.8      -21.9       46.6      5.1      3.3      4.9 1991 12  3  5 24 24.980 2.0   1
   238790  37.289319 -121.669629     3.668       58.4      -77.2       72.5      2.4      2.1      4.1 1991 12  4  0  8 49.550 1.9   1
   261841  37.291475 -121.671330     3.729      -92.5      162.0      133.7      7.9      6.2      8.7 1992  4  6  9 39 49.410 0.9   1
   312743  37.290076 -121.671183     3.682      -79.6        7.0       87.1      6.6      6.5     10.4 1992  8 29 17  4 29.020 1.6   1
   314921  37.288062 -121.669661     3.633       55.4     -216.6       37.8      9.2      5.6      9.8 1992  9 11  1 22 13.650 1.1   1
   331635  37.290942 -121.671777     3.637     -132.3      103.1       41.8      7.3      6.8     10.8 1993  1 10 22 13  9.440 1.2   1
   389286  37.288867 -121.669230     3.603       93.5     -127.3        8.3      3.0      2.8      3.7 1993 12 20 22 35  7.800 1.8   1
   399980  37.290043 -121.670605     3.552      -28.2        3.0      -42.8      3.4      5.2      8.3 1994  4  6  4 11 34.960 1.4   1
 30062741  37.289884 -121.669840     3.633       39.7      -14.6       38.1      6.9      4.6      6.9 1994 11 16 16 50 58.150 2.0   1
 30062748  37.289811 -121.670182     3.689        9.6      -22.4       93.6      4.8      3.8      5.7 1994 11 16 18  3 42.360 1.3   1
 30069218  37.289010 -121.669124     3.751      103.3     -111.4      155.9      5.4      4.0      6.4 1995  3  3  9 38 49.200 1.2   1
 30069222  37.288953 -121.669173     3.703       99.0     -118.0      108.3      5.0      4.0      4.7 1995  3  3 12 30 15.850 1.8   1
 30069457  37.289152 -121.669035     3.646      111.3      -95.8       50.8      6.1      4.1      6.6 1995  3  7 13 19 41.960 1.3   1
 30092060  37.289144 -121.669344     3.620       83.4      -96.6       24.6      3.5      2.6      4.0 1995 12 15 18 53 39.820 1.8   1
