    17842  37.288269 -121.669019     3.726      112.3     -193.6      130.9     14.4      5.7      6.4 1984  4 25  4 35 19.170 1.9   1
    16751  37.293860 -121.671143     3.076      -75.5      426.8     -519.1     14.4      4.2      6.4 1984  4 27  7 48 23.500 1.0   1
    21644  37.291305 -121.670760     3.611      -41.8      143.2       15.4     11.9      3.8      4.7 1984  6 27 14 50 38.140 1.6   1
    22271  37.290287 -121.676196     3.852     -523.9       30.3      256.9     14.7      2.6      2.9 1984  7  7  0 17  9.970 2.7   1
    22280  37.290430 -121.669320     3.364       85.9       45.9     -231.3      7.6      2.9      3.7 1984  7  7  2 35  4.060 1.5   1
    23190  37.289909 -121.671305     3.606      -89.9      -11.5       10.8      7.3      2.2      2.7 1984  7 17 16 24 49.440 1.9   1
    25096  37.290739 -121.670671     3.348      -33.8       80.5     -247.5      8.5      2.8      3.6 1984  8  7  9  7  6.330 1.2   1
    32049  37.289323 -121.667212     3.474      273.1      -76.8     -121.5      8.9      4.0      4.8 1984 11 18  0 28 55.240 1.7   1
    35109  37.290633 -121.673161     3.684     -254.9       68.5       89.3     12.0      2.6      3.0 1984 12 22  4 43 44.710 1.6   1
    42349  37.288729 -121.668237     3.526      181.7     -142.7      -69.4      6.8      2.9      3.4 1985  2 28  1  9 58.300 0.8   1
    42555  37.288810 -121.667961     3.686      206.4     -133.5       91.1      8.3      3.6      4.1 1985  3  2  6 53 56.010 1.7   1
    42559  37.289823 -121.669963     3.584       28.9      -21.4      -11.5      8.8      3.1      3.7 1985  3  2  8 55  3.470 1.9   1
    42643  37.289319 -121.668066     3.529      197.0      -77.3      -66.2      6.8      2.9      3.5 1985  3  2  8 55 29.590 2.1   1
    42560  37.290422 -121.669043     3.451      110.1       45.0     -143.8      7.3      2.8      3.5 1985  3  2  8 58  0.480 1.2   1
    49626  37.293319 -121.670565     3.424      -24.7      366.7     -171.6     13.3      4.2      5.6 1985  6 15  1 38 57.380 0.9   1
    54084  37.289441 -121.667879     3.568      213.9      -63.5      -26.6     11.2      4.8      5.7 1985  8 28 20 35 10.100 1.6   1
    57770  37.290906 -121.668693     3.340      141.6       98.9     -255.5      7.2      2.8      3.7 1985 10 28  3 55 38.130 1.3   1
    62514  37.289181 -121.666374     3.464      347.2      -92.6     -131.4      8.9      4.2      5.1 1985 12 31 15 50 52.230 1.7   1
    62520  37.289836 -121.667131     3.380      280.0      -19.8     -214.8     14.5      6.5      8.2 1985 12 31 18  3  3.480 1.6   1
    73786  37.289355 -121.668408     3.259      166.9      -73.2     -335.9      8.1      3.3      4.3 1986  6  1 10 51 31.460 1.2   1
    77218  37.288879 -121.678833     3.802     -757.8     -126.2      207.4     12.5      4.0      4.4 1986  7 25  9 22 50.290 2.3   1
    77296  37.291850 -121.671427     3.238     -101.2      203.6     -357.0     10.4      3.0      4.2 1986  7 25 16  1 52.100 1.1   1
    81017  37.292135 -121.671940     3.693     -146.7      235.4       97.9      5.6      4.8      4.4 1986  9  2  7 24 15.870 0.8   1
    82606  37.291199 -121.671427     3.714     -101.4      131.5      119.1      6.8      4.9      5.7 1986  9 15 20 17 49.920 2.7   1
    83805  37.290767 -121.670728     3.641      -39.1       83.7       45.9      4.5      3.8      5.0 1986  9 25 12  1 52.830 1.4   1
    88698  37.291333 -121.671151     4.403      -76.4      146.4      807.5      7.7      7.1     10.6 1986 11 25 13  0 35.660 1.0   1
   101361  37.289746 -121.669580     3.655       63.0      -29.6       59.9      5.6      4.1      6.4 1987  6  3  6 56  7.740 1.9   1
   101362  37.289030 -121.669621     3.625       59.3     -109.2       30.2      5.6      3.7      7.5 1987  6  3  6 58 51.320 1.7   1
   103138  37.289274 -121.669596     3.600       61.0      -82.2        4.9      5.6      5.4      3.7 1987  7 14 19  2 57.020 1.7   1
   110939  37.290409 -121.670964     3.450      -60.0       43.7     -145.4      7.7      5.0      8.4 1988  1 15  1 56 42.310 1.4   1
   112868  37.291687 -121.671598     4.420     -116.2      185.5      824.8      6.4      6.7     11.0 1988  2 25 10  0 17.780 0.9   1
   120788  37.290544 -121.670996     3.679      -62.7       58.5       83.5      6.9      5.8      7.1 1988  7 23 10 42 21.740 1.5   1
   126189  37.289087 -121.671484     3.752     -105.9     -102.9      156.7     11.8      5.1     12.1 1988 11  2  3  9 12.610 1.9   1
   126292  37.289217 -121.669214     3.554       94.9      -88.5      -41.5      3.9      3.6      4.1 1988 11  3  1 30  4.280 1.7   1
   126389  37.288509 -121.669865     3.661       37.7     -167.1       65.7      4.2      4.8      5.5 1988 11  4 13 34 34.720 1.9   1
   148939  37.288464 -121.669670     3.622       55.1     -172.0       27.3      6.5      7.7      6.8 1989 12 13  5 33 46.080 1.6   1
   158154  37.291614 -121.671899     3.771     -142.7      177.5      175.7      5.6      4.9      5.5 1990  5 23 11 11 37.580 1.0   1
   160503  37.290011 -121.669466     3.675       73.0       -0.7       79.8      8.4      6.1      8.9 1990  7  5 20  4 42.800 1.7   1
   205031  37.290446 -121.669694     3.481       52.7       48.1     -113.8      4.5      4.4      3.4 1991  1 20  5  0 30.930 1.2   1
   215747  37.288513 -121.669458     3.653       73.2     -166.8       58.3      5.0      4.6      7.8 1991  5 29  9 45 22.620 1.8   1
   227435  37.289913 -121.670483     3.537      -17.0      -11.1      -58.3     10.7      6.7      6.9 1991  8 10 17  6  5.760 1.2   1
   238704  37.289779 -121.669507     3.652       69.1      -26.0       57.2      3.8      3.4      4.5 1991 12  3  5 24 24.980 2.0   1
   238790  37.289282 -121.669613     3.682       59.7      -81.5       86.9      5.2      3.0      5.2 1991 12  4  0  8 49.550 1.9   1
   261841  37.291512 -121.671077     3.678      -69.8      166.0       83.3      6.4      5.4      8.5 1992  4  6  9 39 49.410 0.9   1
   312743  37.289941 -121.671338     3.706      -93.2       -8.0      111.3      5.9      6.1      5.0 1992  8 29 17  4 29.020 1.6   1
   314921  37.287683 -121.668742     3.716      137.4     -258.6      120.6      8.2      6.4      7.8 1992  9 11  1 22 13.650 1.1   1
   331635  37.291077 -121.671549     3.610     -111.7      118.0       14.6      8.7      6.0      6.6 1993  1 10 22 13  9.440 1.2   1
   389286  37.288961 -121.669116     3.589      103.8     -117.0       -6.2      7.9      5.8      5.5 1993 12 20 22 35  7.800 1.8   1
   399980  37.290051 -121.670573     3.511      -25.6        4.0      -84.5      5.2      3.8      5.0 1994  4  6  4 11 34.960 1.4   1
 30062741  37.289962 -121.670223     3.559        5.9       -6.0      -36.6      8.9      6.8      8.6 1994 11 16 16 50 58.150 2.0   1
 30062748  37.289872 -121.669840     3.658       39.8      -15.7       62.9      6.1      3.7      5.6 1994 11 16 18  3 42.360 1.3   1
 30069218  37.288863 -121.669100     3.795      105.2     -127.9      199.6      5.6      3.7      5.1 1995  3  3  9 38 49.200 1.2   1
 30069222  37.288949 -121.669377     3.703       80.8     -118.4      107.8      5.3      4.9      4.7 1995  3  3 12 30 15.850 1.8   1
 30069457  37.289437 -121.669434     3.538       75.7      -64.2      -56.7      7.7      5.8      7.4 1995  3  7 13 19 41.960 1.3   1
 30092060  37.289160 -121.669434     3.605       76.1      -94.9        9.7      4.5      4.5      4.8 1995 12 15 18 53 39.820 1.8   1
