    17842  37.288289 -121.668880     3.728      124.6     -191.6      133.4      5.4      2.2      2.4 1984  4 25  4 35 19.170 1.9   1
    16751  37.293876 -121.670923     3.080      -56.5      428.4     -515.2      8.7      2.6      4.0 1984  4 27  7 48 23.500 1.0   1
    21644  37.291321 -121.670549     3.613      -23.4      145.1       18.3      9.4      3.1      3.8 1984  6 27 14 50 38.140 1.6   1
    22271  37.290304 -121.676855     3.855     -582.2       32.2      259.4      4.6      1.0      1.1 1984  7  7  0 17  9.970 2.7   1
    22280  37.290446 -121.669173     3.367       98.9       47.7     -228.2      3.4      1.3      1.7 1984  7  7  2 35  4.060 1.5   1
    23190  37.289929 -121.671069     3.609      -69.6       -9.6       13.5      9.3      2.9      3.5 1984  7 17 16 24 49.440 1.9   1
    25096  37.290755 -121.670475     3.351      -16.8       82.3     -244.4      7.4      2.5      3.2 1984  8  7  9  7  6.330 1.2   1
    32049  37.289339 -121.667098     3.476      282.6      -74.9     -118.7      6.1      2.8      3.4 1984 11 18  0 28 55.240 1.7   1
    35109  37.290649 -121.672713     3.687     -215.2       70.4       91.9      4.7      1.1      1.3 1984 12 22  4 43 44.710 1.6   1
    42349  37.288745 -121.668115     3.528      192.7     -140.8      -66.7      6.8      2.9      3.4 1985  2 28  1  9 58.300 0.8   1
    42555  37.288831 -121.667847     3.689      216.7     -131.6       93.6      8.8      3.8      4.4 1985  3  2  6 53 56.010 1.7   1
    42559  37.289840 -121.669792     3.586       43.9      -19.5       -8.7      4.0      1.5      1.7 1985  3  2  8 55  3.470 1.9   1
    42643  37.289335 -121.667944     3.532      207.7      -75.4      -63.4      5.3      2.3      2.7 1985  3  2  8 55 29.590 2.1   1
    42560  37.290438 -121.668905     3.454      122.6       46.9     -140.9      2.5      1.0      1.2 1985  3  2  8 58  0.480 1.2   1
    49626  37.293335 -121.670361     3.427       -6.6      368.5     -168.3      3.8      1.2      1.6 1985  6 15  1 38 57.380 0.9   1
    54084  37.289457 -121.667765     3.571      223.9      -61.6      -24.0      7.9      3.4      4.1 1985  8 28 20 35 10.100 1.6   1
    57770  37.290922 -121.668555     3.343      153.4      100.7     -252.4      8.2      3.3      4.3 1985 10 28  3 55 38.130 1.3   1
    62514  37.289197 -121.666276     3.467      355.9      -90.6     -128.5      6.9      3.3      4.0 1985 12 31 15 50 52.230 1.7   1
    62520  37.289852 -121.667017     3.383      289.8      -17.9     -211.6      7.2      3.2      4.1 1985 12 31 18  3  3.480 1.6   1
    73786  37.289372 -121.668286     3.262      177.6      -71.4     -332.8      7.2      3.0      3.9 1986  6  1 10 51 31.460 1.2   1
    77218  37.288896 -121.679061     3.805     -777.9     -124.1      209.9      4.5      1.5      1.6 1986  7 25  9 22 50.290 2.3   1
    77296  37.291866 -121.671208     3.241      -81.2      205.3     -353.7      8.4      2.5      3.5 1986  7 25 16  1 52.100 1.1   1
    81017  37.291703 -121.671794     3.766     -133.7      187.2      170.9      2.2      2.5      4.1 1986  9  2  7 24 15.870 0.8   1
    82606  37.291300 -121.670508     3.643      -19.8      142.6       48.3      6.2      5.5      8.8 1986  9 15 20 17 49.920 2.7   1
    83805  37.290527 -121.671037     3.665      -66.6       57.1       69.4      2.3      2.4      4.1 1986  9 25 12  1 52.830 1.4   1
    88698  37.291500 -121.671834     3.735     -137.4      165.0      139.9      1.8      2.2      3.8 1986 11 25 13  0 35.660 1.0   1
   101361  37.289612 -121.669759     3.608       46.6      -44.8       12.7      1.2      1.9      3.0 1987  6  3  6 56  7.740 1.9   1
   101362  37.288871 -121.669303     3.584       87.2     -127.0      -10.9      2.3      1.5      2.8 1987  6  3  6 58 51.320 1.7   1
   103138  37.289140 -121.669645     3.597       56.8      -96.9        2.2      1.4      1.7      2.9 1987  7 14 19  2 57.020 1.7   1
   110939  37.289974 -121.670597     3.532      -27.3       -4.4      -62.9      2.9      2.0      4.0 1988  1 15  1 56 42.310 1.4   1
   112868  37.291545 -121.671745     3.721     -129.1      170.0      126.3      1.8      2.3      3.4 1988  2 25 10  0 17.780 0.9   1
   120788  37.290470 -121.670939     3.659      -57.6       50.5       63.6      2.2      2.2      4.0 1988  7 23 10 42 21.740 1.5   1
   126189  37.289490 -121.670239     3.660        4.2      -58.2       65.2      1.6      1.6      1.9 1988 11  2  3  9 12.610 1.9   1
   126292  37.288871 -121.669352     3.600       82.9     -127.1        5.2      1.7      1.6      2.4 1988 11  3  1 30  4.280 1.7   1
   126389  37.288692 -121.669458     3.606       73.3     -146.6       11.1      2.1      1.7      3.0 1988 11  4 13 34 34.720 1.9   1
   148939  37.288794 -121.669548     3.599       65.7     -135.4        3.6      2.1      1.9      2.6 1989 12 13  5 33 46.080 1.6   1
   158154  37.291667 -121.671737     3.778     -128.3      183.4      182.9      1.5      1.6      3.0 1990  5 23 11 11 37.580 1.0   1
   160503  37.289925 -121.669816     3.727       41.9       -9.8      132.2      2.6      1.9      2.9 1990  7  5 20  4 42.800 1.7   1
   205031  37.289950 -121.670329     3.498       -3.7       -7.3      -97.2      1.7      1.8      3.4 1991  1 20  5  0 30.930 1.2   1
   215747  37.288871 -121.669409     3.593       77.7     -126.8       -1.6      1.1      1.3      1.6 1991  5 29  9 45 22.620 1.8   1
   227435  37.289950 -121.670711     3.553      -37.3       -7.3      -41.9      2.3      2.3      3.2 1991  8 10 17  6  5.760 1.2   1
   238704  37.289742 -121.669897     3.646       34.3      -30.1       51.0      2.0      1.8      2.5 1991 12  3  5 24 24.980 2.0   1
   238790  37.289303 -121.669661     3.666       55.7      -79.2       70.6      1.7      1.3      2.4 1991 12  4  0  8 49.550 1.9   1
   261841  37.291524 -121.671590     3.740     -115.5      167.6      145.3      2.3      2.3      4.0 1992  4  6  9 39 49.410 0.9   1
   312743  37.290271 -121.671094     3.661      -71.6       28.3       65.9      2.6      2.0      3.6 1992  8 29 17  4 29.020 1.6   1
   314921  37.288456 -121.669434     3.584       76.0     -172.8      -11.0      4.2      2.8      4.3 1992  9 11  1 22 13.650 1.1   1
   331635  37.290999 -121.671729     3.624     -127.5      109.5       28.8      1.6      1.8      2.8 1993  1 10 22 13  9.440 1.2   1
   389286  37.288835 -121.669344     3.606       83.4     -130.9       11.3      2.1      1.4      2.3 1993 12 20 22 35  7.800 1.8   1
   399980  37.290108 -121.670549     3.593      -23.4       10.6       -2.3      2.2      1.9      3.5 1994  4  6  4 11 34.960 1.4   1
 30062741  37.289819 -121.669775     3.671       45.7      -21.8       75.9      2.5      1.8      3.1 1994 11 16 16 50 58.150 2.0   1
 30062748  37.289868 -121.670199     3.679        7.9      -16.3       84.1      2.2      1.7      2.5 1994 11 16 18  3 42.360 1.3   1
 30069218  37.289107 -121.669059     3.725      108.9     -100.7      130.2      2.2      1.5      2.5 1995  3  3  9 38 49.200 1.2   1
 30069222  37.288985 -121.669100     3.697      105.2     -114.3      101.4      2.4      1.8      2.4 1995  3  3 12 30 15.850 1.8   1
 30069457  37.289010 -121.669043     3.681      110.7     -111.6       86.2      3.1      2.3      3.3 1995  3  7 13 19 41.960 1.3   1
 30092060  37.289103 -121.669393     3.629       79.4     -101.0       33.5      1.3      1.2      1.9 1995 12 15 18 53 39.820 1.8   1
