    17842  37.288289 -121.668880     3.728      124.6     -191.6      133.4      5.0      2.0      2.3 1984  4 25  4 35 19.170 1.9   1
    16751  37.293876 -121.670923     3.080      -56.5      428.4     -515.2      5.7      1.7      2.6 1984  4 27  7 48 23.500 1.0   1
    21644  37.291321 -121.670557     3.613      -23.5      145.1       18.3      7.7      2.5      3.1 1984  6 27 14 50 38.140 1.6   1
    22271  37.290304 -121.676855     3.855     -582.1       32.2      259.4      8.7      1.9      2.1 1984  7  7  0 17  9.970 2.7   1
    22280  37.290446 -121.669173     3.367       98.9       47.7     -228.2      4.0      1.5      2.0 1984  7  7  2 35  4.060 1.5   1
    23190  37.289929 -121.671077     3.609      -69.7       -9.6       13.5      7.6      2.4      2.8 1984  7 17 16 24 49.440 1.9   1
    25096  37.290755 -121.670475     3.351      -16.8       82.3     -244.4      7.8      2.6      3.4 1984  8  7  9  7  6.330 1.2   1
    32049  37.289339 -121.667098     3.476      282.6      -74.9     -118.7      5.7      2.6      3.1 1984 11 18  0 28 55.240 1.7   1
    35109  37.290649 -121.672713     3.687     -215.2       70.4       91.9     10.1      2.4      2.8 1984 12 22  4 43 44.710 1.6   1
    42349  37.288745 -121.668115     3.528      192.6     -140.8      -66.7      5.8      2.5      2.9 1985  2 28  1  9 58.300 0.8   1
    42555  37.288831 -121.667847     3.689      216.8     -131.6       93.6     13.3      5.8      6.6 1985  3  2  6 53 56.010 1.7   1
    42559  37.289840 -121.669792     3.586       43.9      -19.5       -8.7      2.6      0.9      1.1 1985  3  2  8 55  3.470 1.9   1
    42643  37.289335 -121.667944     3.532      207.7      -75.4      -63.4      4.2      1.8      2.1 1985  3  2  8 55 29.590 2.1   1
    42560  37.290438 -121.668905     3.454      122.6       46.9     -140.9      2.9      1.1      1.4 1985  3  2  8 58  0.480 1.2   1
    49626  37.293335 -121.670361     3.427       -6.6      368.5     -168.3      3.4      1.1      1.5 1985  6 15  1 38 57.380 0.9   1
    54084  37.289461 -121.667765     3.571      224.0      -61.6      -24.0     12.9      5.6      6.6 1985  8 28 20 35 10.100 1.6   1
    57770  37.290922 -121.668563     3.343      153.3      100.7     -252.4      6.8      2.7      3.5 1985 10 28  3 55 38.130 1.3   1
    62514  37.289197 -121.666276     3.467      355.8      -90.6     -128.5      6.0      2.9      3.5 1985 12 31 15 50 52.230 1.7   1
    62520  37.289852 -121.667017     3.383      289.8      -17.9     -211.6      6.0      2.7      3.4 1985 12 31 18  3  3.480 1.6   1
    73786  37.289372 -121.668286     3.262      177.5      -71.4     -332.8      6.0      2.5      3.2 1986  6  1 10 51 31.460 1.2   1
    77218  37.288896 -121.679061     3.805     -777.9     -124.1      209.9      2.9      0.9      1.1 1986  7 25  9 22 50.290 2.3   1
    77296  37.291866 -121.671200     3.241      -81.2      205.3     -353.7      6.6      2.0      2.7 1986  7 25 16  1 52.100 1.1   1
    81017  37.291715 -121.671785     3.767     -132.8      188.6      171.9      2.3      2.8      4.5 1986  9  2  7 24 15.870 0.8   1
    82606  37.291313 -121.670532     3.642      -21.7      144.1       47.0      6.4      5.7      9.1 1986  9 15 20 17 49.920 2.7   1
    83805  37.290531 -121.671037     3.664      -66.3       57.6       69.1      2.3      2.3      4.0 1986  9 25 12  1 52.830 1.4   1
    88698  37.291496 -121.671851     3.735     -138.5      164.6      140.3      1.8      1.8      3.4 1986 11 25 13  0 35.660 1.0   1
   101361  37.289620 -121.669759     3.609       46.9      -43.9       13.7      1.7      2.0      3.1 1987  6  3  6 56  7.740 1.9   1
   101362  37.288875 -121.669295     3.586       87.8     -126.2       -9.0      2.0      2.0      3.3 1987  6  3  6 58 51.320 1.7   1
   103138  37.289140 -121.669653     3.598       56.4      -96.9        3.2      1.4      1.4      2.7 1987  7 14 19  2 57.020 1.7   1
   110939  37.289982 -121.670589     3.534      -27.0       -3.6      -61.3      3.0      2.4      4.3 1988  1 15  1 56 42.310 1.4   1
   112868  37.291553 -121.671753     3.722     -129.6      170.5      126.9      1.8      2.1      3.3 1988  2 25 10  0 17.780 0.9   1
   120788  37.290479 -121.670931     3.659      -57.2       51.3       63.7      2.2      2.2      4.1 1988  7 23 10 42 21.740 1.5   1
   126189  37.289482 -121.670247     3.660        3.7      -59.0       64.7      2.1      1.8      2.9 1988 11  2  3  9 12.610 1.9   1
   126292  37.288875 -121.669344     3.601       83.8     -126.3        6.0      1.6      1.6      2.3 1988 11  3  1 30  4.280 1.7   1
   126389  37.288688 -121.669466     3.607       73.1     -147.0       11.5      2.4      1.4      2.8 1988 11  4 13 34 34.720 1.9   1
   148939  37.288782 -121.669556     3.598       64.8     -136.7        3.4      2.0      1.8      2.5 1989 12 13  5 33 46.080 1.6   1
   158154  37.291667 -121.671737     3.777     -128.6      183.5      182.2      1.6      1.6      3.1 1990  5 23 11 11 37.580 1.0   1
   160503  37.289929 -121.669816     3.726       41.8       -9.7      131.2      2.8      2.1      3.2 1990  7  5 20  4 42.800 1.7   1
   205031  37.289962 -121.670321     3.499       -3.2       -6.0      -95.8      2.6      1.9      3.6 1991  1 20  5  0 30.930 1.2   1
   215747  37.288867 -121.669417     3.593       77.4     -127.4       -1.9      1.2      1.5      1.6 1991  5 29  9 45 22.620 1.8   1
   227435  37.289945 -121.670719     3.554      -38.6       -7.7      -41.2      2.1      2.5      3.7 1991  8 10 17  6  5.760 1.2   1
   238704  37.289750 -121.669889     3.646       35.4      -29.3       50.9      2.0      1.7      2.5 1991 12  3  5 24 24.980 2.0   1
   238790  37.289303 -121.669661     3.666       55.9      -79.0       70.9      1.9      1.3      2.4 1991 12  4  0  8 49.550 1.9   1
   261841  37.291524 -121.671590     3.738     -115.2      167.6      142.9      2.4      2.3      4.0 1992  4  6  9 39 49.410 0.9   1
   312743  37.290255 -121.671110     3.660      -72.8       26.7       65.1      2.8      2.1      4.0 1992  8 29 17  4 29.020 1.6   1
   314921  37.288436 -121.669450     3.586       74.2     -175.3       -8.9      4.3      2.8      4.5 1992  9 11  1 22 13.650 1.1   1
   331635  37.290999 -121.671729     3.623     -127.6      109.4       27.5      2.0      1.9      3.1 1993  1 10 22 13  9.440 1.2   1
   389286  37.288839 -121.669344     3.606       83.8     -130.6       11.0      1.9      1.4      2.2 1993 12 20 22 35  7.800 1.8   1
   399980  37.290104 -121.670557     3.591      -23.7       10.0       -3.7      1.6      2.1      3.5 1994  4  6  4 11 34.960 1.4   1
 30062741  37.289823 -121.669767     3.669       45.8      -21.2       74.1      3.0      2.1      3.5 1994 11 16 16 50 58.150 2.0   1
 30062748  37.289864 -121.670199     3.680        7.8      -16.7       84.7      2.0      1.6      2.2 1994 11 16 18  3 42.360 1.3   1
 30069218  37.289103 -121.669059     3.727      108.6     -101.3      131.6      1.9      1.8      3.0 1995  3  3  9 38 49.200 1.2   1
 30069222  37.288981 -121.669100     3.697      105.1     -114.6      101.8      2.2      1.7      2.2 1995  3  3 12 30 15.850 1.8   1
 30069457  37.289014 -121.669035     3.679      111.3     -110.9       84.4      3.3      2.2      3.1 1995  3  7 13 19 41.960 1.3   1
 30092060  37.289107 -121.669385     3.629       79.9     -100.8       33.4      2.1      1.2      2.2 1995 12 15 18 53 39.820 1.8   1
