    17842  37.288269 -121.669019     3.726      112.3     -193.6      130.9      7.7      3.1      3.4 1984  4 25  4 35 19.170 1.9   1
    16751  37.293860 -121.671143     3.076      -75.6      426.8     -519.1      8.8      2.6      3.9 1984  4 27  7 48 23.500 1.0   1
    21644  37.291305 -121.670760     3.610      -42.0      143.2       15.4      8.5      2.7      3.3 1984  6 27 14 50 38.140 1.6   1
    22271  37.290287 -121.676188     3.852     -522.9       30.3      256.9     16.1      2.8      3.1 1984  7  7  0 17  9.970 2.7   1
    22280  37.290426 -121.669320     3.364       85.8       45.8     -231.3      6.6      2.5      3.2 1984  7  7  2 35  4.060 1.5   1
    23190  37.289913 -121.671297     3.606      -89.3      -11.5       10.9     17.5      5.3      6.3 1984  7 17 16 24 49.440 1.9   1
    25096  37.290739 -121.670671     3.348      -33.9       80.5     -247.5      8.2      2.7      3.5 1984  8  7  9  7  6.330 1.2   1
    32049  37.289323 -121.667212     3.474      273.0      -76.8     -121.6      5.7      2.5      3.1 1984 11 18  0 28 55.240 1.7   1
    35109  37.290633 -121.673169     3.684     -255.6       68.5       89.2     14.2      3.0      3.6 1984 12 22  4 43 44.710 1.6   1
    42349  37.288729 -121.668237     3.526      181.6     -142.7      -69.4      6.6      2.8      3.3 1985  2 28  1  9 58.300 0.8   1
    42555  37.288810 -121.667961     3.686      206.2     -133.6       91.0      6.1      2.6      3.0 1985  3  2  6 53 56.010 1.7   1
    42559  37.289823 -121.669963     3.584       28.7      -21.4      -11.5      7.8      2.8      3.3 1985  3  2  8 55  3.470 1.9   1
    42643  37.289319 -121.668066     3.529      196.8      -77.4      -66.2      7.1      3.0      3.6 1985  3  2  8 55 29.590 2.1   1
    42560  37.290422 -121.669051     3.451      109.8       45.0     -143.9      8.2      3.2      4.0 1985  3  2  8 58  0.480 1.2   1
    49626  37.293319 -121.670573     3.423      -25.0      366.6     -171.6     13.5      4.3      5.7 1985  6 15  1 38 57.380 0.9   1
    54084  37.289441 -121.667879     3.568      213.8      -63.5      -26.7      6.1      2.6      3.1 1985  8 28 20 35 10.100 1.6   1
    57770  37.290906 -121.668693     3.340      141.5       98.9     -255.5      6.2      2.5      3.2 1985 10 28  3 55 38.130 1.3   1
    62514  37.289181 -121.666374     3.464      347.1      -92.6     -131.4      5.7      2.7      3.3 1985 12 31 15 50 52.230 1.7   1
    62520  37.289836 -121.667131     3.380      279.9      -19.9     -214.8      5.9      2.6      3.3 1985 12 31 18  3  3.480 1.6   1
    73786  37.289355 -121.668408     3.259      166.8      -73.3     -335.9      6.0      2.5      3.2 1986  6  1 10 51 31.460 1.2   1
    77218  37.288879 -121.678833     3.802     -757.4     -126.2      207.3      9.1      2.9      3.2 1986  7 25  9 22 50.290 2.3   1
    77296  37.291850 -121.671436     3.238     -101.6      203.6     -357.0      9.6      2.8      3.8 1986  7 25 16  1 52.100 1.1   1
    81017  37.292143 -121.671916     3.695     -144.4      236.1       99.7      5.5      4.2      3.7 1986  9  2  7 24 15.870 0.8   1
    82606  37.291211 -121.671411     3.712      -99.8      132.9      117.2      5.3      4.0      4.8 1986  9 15 20 17 49.920 2.7   1
    83805  37.290767 -121.670744     3.643      -40.7       83.7       48.0      3.4      3.0      3.9 1986  9 25 12  1 52.830 1.4   1
    88698  37.291317 -121.671200     4.402      -81.1      144.7      807.2      6.7      5.7      8.6 1986 11 25 13  0 35.660 1.0   1
   101361  37.289746 -121.669564     3.655       64.0      -29.6       60.1      5.4      3.5      5.1 1987  6  3  6 56  7.740 1.9   1
   101362  37.289034 -121.669572     3.620       63.7     -108.7       24.7      4.6      3.0      5.8 1987  6  3  6 58 51.320 1.7   1
   103138  37.289266 -121.669637     3.601       58.1      -83.2        6.0      4.3      4.2      3.6 1987  7 14 19  2 57.020 1.7   1
   110939  37.290389 -121.670947     3.452      -58.7       41.5     -143.4      5.4      3.8      6.2 1988  1 15  1 56 42.310 1.4   1
   112868  37.291675 -121.671615     4.424     -117.4      184.4      829.4      5.0      5.1      8.0 1988  2 25 10  0 17.780 0.9   1
   120788  37.290527 -121.670980     3.676      -61.5       56.7       81.4      6.0      5.0      6.0 1988  7 23 10 42 21.740 1.5   1
   126189  37.289095 -121.671322     3.738      -91.8     -102.0      142.8      9.6      4.2      9.8 1988 11  2  3  9 12.610 1.9   1
   126292  37.289221 -121.669230     3.554       93.7      -88.1      -40.7      3.4      3.0      3.0 1988 11  3  1 30  4.280 1.7   1
   126389  37.288501 -121.669865     3.658       37.7     -168.0       63.0      3.4      3.8      4.5 1988 11  4 13 34 34.720 1.9   1
   148939  37.288477 -121.669580     3.618       63.1     -170.6       23.3      6.3      6.1      5.4 1989 12 13  5 33 46.080 1.6   1
   158154  37.291606 -121.671916     3.773     -144.0      176.5      177.5      4.5      3.9      4.3 1990  5 23 11 11 37.580 1.0   1
   160503  37.289990 -121.669572     3.683       63.2       -2.9       87.4      6.7      4.9      7.1 1990  7  5 20  4 42.800 1.7   1
   205031  37.290438 -121.669718     3.482       50.5       46.8     -113.3      3.7      3.7      3.3 1991  1 20  5  0 30.930 1.2   1
   215747  37.288529 -121.669434     3.648       75.6     -164.9       53.2      3.9      3.9      5.6 1991  5 29  9 45 22.620 1.8   1
   227435  37.289913 -121.670614     3.538      -28.7      -11.4      -57.6      7.9      5.2      5.7 1991  8 10 17  6  5.760 1.2   1
   238704  37.289783 -121.669499     3.654       70.0      -25.7       58.7      3.4      2.7      3.5 1991 12  3  5 24 24.980 2.0   1
   238790  37.289282 -121.669629     3.681       58.3      -81.2       85.9      4.2      2.4      4.3 1991 12  4  0  8 49.550 1.9   1
   261841  37.291528 -121.671061     3.686      -68.9      168.2       91.1      4.6      4.8      6.4 1992  4  6  9 39 49.410 0.9   1
   312743  37.289950 -121.671289     3.709      -89.0       -7.4      114.4      5.7      4.7      4.3 1992  8 29 17  4 29.020 1.6   1
   314921  37.287667 -121.668726     3.716      138.5     -260.6      120.8      6.6      4.6      6.2 1992  9 11  1 22 13.650 1.1   1
   331635  37.291060 -121.671663     3.614     -122.3      116.0       18.5      7.0      5.0      5.0 1993  1 10 22 13  9.440 1.2   1
   389286  37.288944 -121.669084     3.592      107.1     -118.8       -2.7      6.0      4.5      4.0 1993 12 20 22 35  7.800 1.8   1
   399980  37.290043 -121.670573     3.514      -25.5        3.4      -81.0      4.6      3.4      4.1 1994  4  6  4 11 34.960 1.4   1
 30062741  37.289994 -121.670231     3.554        5.2       -2.2      -41.0      6.9      5.5      7.2 1994 11 16 16 50 58.150 2.0   1
 30062748  37.289880 -121.669857     3.659       38.0      -15.0       64.1      5.4      3.4      4.7 1994 11 16 18  3 42.360 1.3   1
 30069218  37.288859 -121.669084     3.794      106.6     -128.3      198.9      3.5      2.9      3.7 1995  3  3  9 38 49.200 1.2   1
 30069222  37.288965 -121.669360     3.701       82.0     -116.7      105.6      4.4      4.0      3.9 1995  3  3 12 30 15.850 1.8   1
 30069457  37.289453 -121.669393     3.538       79.1      -62.4      -57.3      6.5      4.7      5.8 1995  3  7 13 19 41.960 1.3   1
 30092060  37.289172 -121.669434     3.606       75.9      -93.6       10.5      3.6      3.6      4.1 1995 12 15 18 53 39.820 1.8   1
