    17842  37.288289 -121.668880     3.728      124.5     -191.6      133.3     13.8      5.6      6.2 1984  4 25  4 35 19.170 1.9   1
    16751  37.293876 -121.670923     3.080      -56.6      428.4     -515.2     15.6      4.7      7.1 1984  4 27  7 48 23.500 1.0   1
    21644  37.291321 -121.670565     3.613      -24.5      145.0       18.1     10.4      3.4      4.1 1984  6 27 14 50 38.140 1.6   1
    22271  37.290304 -121.676823     3.854     -579.7       32.1      259.3     18.6      3.9      4.5 1984  7  7  0 17  9.970 2.7   1
    22280  37.290446 -121.669173     3.367       98.8       47.7     -228.3     11.1      4.2      5.4 1984  7  7  2 35  4.060 1.5   1
    23190  37.289929 -121.671077     3.609      -69.9       -9.6       13.5     17.7      5.5      6.6 1984  7 17 16 24 49.440 1.9   1
    25096  37.290755 -121.670492     3.351      -17.8       82.2     -244.6     13.7      4.6      5.9 1984  8  7  9  7  6.330 1.2   1
    32049  37.289339 -121.667106     3.476      282.2      -75.0     -118.9      7.9      3.5      4.3 1984 11 18  0 28 55.240 1.7   1
    35109  37.290649 -121.672738     3.687     -217.0       70.3       91.8     20.4      4.8      5.7 1984 12 22  4 43 44.710 1.6   1
    42349  37.288745 -121.668123     3.528      192.1     -140.9      -66.8     11.2      4.8      5.7 1985  2 28  1  9 58.300 0.8   1
    42555  37.288826 -121.667847     3.689      216.6     -131.6       93.5      7.3      3.2      3.6 1985  3  2  6 53 56.010 1.7   1
    42559  37.289840 -121.669792     3.586       43.8      -19.5       -8.7     14.9      5.4      6.4 1985  3  2  8 55  3.470 1.9   1
    42643  37.289335 -121.667952     3.532      207.2      -75.5      -63.5      7.5      3.2      3.8 1985  3  2  8 55 29.590 2.1   1
    42560  37.290438 -121.668905     3.454      122.5       46.9     -140.9     14.1      5.5      6.9 1985  3  2  8 58  0.480 1.2   1
    49626  37.293335 -121.670369     3.427       -7.3      368.5     -168.4     12.3      4.0      5.3 1985  6 15  1 38 57.380 0.9   1
    54084  37.289457 -121.667765     3.571      223.7      -61.7      -24.1     10.9      4.7      5.6 1985  8 28 20 35 10.100 1.6   1
    57770  37.290922 -121.668563     3.343      152.7      100.6     -252.5     11.1      4.4      5.7 1985 10 28  3 55 38.130 1.3   1
    62514  37.289197 -121.666276     3.466      355.4      -90.7     -128.6      9.2      4.4      5.3 1985 12 31 15 50 52.230 1.7   1
    62520  37.289852 -121.667025     3.383      289.4      -18.0     -211.8      6.4      2.9      3.6 1985 12 31 18  3  3.480 1.6   1
    73786  37.289372 -121.668294     3.262      177.0      -71.5     -332.9     12.6      5.2      6.8 1986  6  1 10 51 31.460 1.2   1
    77218  37.288896 -121.679053     3.805     -776.9     -124.2      209.7     11.1      3.6      4.0 1986  7 25  9 22 50.290 2.3   1
    77296  37.291866 -121.671208     3.241      -81.2      205.3     -353.7     13.9      4.2      5.7 1986  7 25 16  1 52.100 1.1   1
    81017  37.291817 -121.671655     3.778     -121.6      200.0      182.8      3.9      4.1      6.7 1986  9  2  7 24 15.870 0.8   1
    82606  37.291406 -121.670671     3.634      -33.6      154.5       38.4      8.1      7.7     11.9 1986  9 15 20 17 49.920 2.7   1
    83805  37.290560 -121.670964     3.668      -59.9       60.6       72.9      3.4      2.9      4.8 1986  9 25 12  1 52.830 1.4   1
    88698  37.291488 -121.671916     3.743     -144.1      163.5      147.6      4.4      3.5      5.9 1986 11 25 13  0 35.660 1.0   1
   101361  37.289673 -121.669743     3.618       48.3      -37.8       23.0      2.0      2.6      3.9 1987  6  3  6 56  7.740 1.9   1
   101362  37.288944 -121.669271     3.599       90.3     -118.9        3.9      1.9      2.6      3.7 1987  6  3  6 58 51.320 1.7   1
   103138  37.289140 -121.669694     3.606       52.7      -96.9       10.9      1.9      2.1      3.3 1987  7 14 19  2 57.020 1.7   1
   110939  37.290055 -121.670581     3.539      -25.8        4.5      -56.1      3.3      2.5      5.0 1988  1 15  1 56 42.310 1.4   1
   112868  37.291606 -121.671785     3.725     -133.1      176.5      130.0      4.6      4.4      7.0 1988  2 25 10  0 17.780 0.9   1
   120788  37.290515 -121.670866     3.668      -51.1       55.8       72.7      3.1      2.4      4.3 1988  7 23 10 42 21.740 1.5   1
   126189  37.289433 -121.670321     3.662       -3.1      -64.5       66.4      3.0      2.1      3.7 1988 11  2  3  9 12.610 1.9   1
   126292  37.288949 -121.669271     3.604       90.1     -118.5        8.6      2.8      2.7      4.2 1988 11  3  1 30  4.280 1.7   1
   126389  37.288668 -121.669499     3.610       70.3     -149.5       14.8      2.1      2.5      3.7 1988 11  4 13 34 34.720 1.9   1
   148939  37.288680 -121.669637     3.597       57.4     -148.2        1.7      2.8      2.5      3.5 1989 12 13  5 33 46.080 1.6   1
   158154  37.291675 -121.671712     3.778     -126.2      184.3      182.7      3.8      3.7      5.6 1990  5 23 11 11 37.580 1.0   1
   160503  37.289925 -121.669816     3.719       42.1      -10.0      124.2      2.6      2.0      3.2 1990  7  5 20  4 42.800 1.7   1
   205031  37.290068 -121.670264     3.504        2.2        6.0      -91.5      2.9      3.1      4.2 1991  1 20  5  0 30.930 1.2   1
   215747  37.288810 -121.669450     3.591       74.4     -133.8       -4.3      2.2      2.1      3.2 1991  5 29  9 45 22.620 1.8   1
   227435  37.289913 -121.670833     3.555      -48.3      -11.4      -40.2      3.4      3.2      4.8 1991  8 10 17  6  5.760 1.2   1
   238704  37.289795 -121.669784     3.643       44.6      -24.3       47.8      2.7      2.3      3.5 1991 12  3  5 24 24.980 2.0   1
   238790  37.289315 -121.669645     3.667       57.4      -77.8       71.8      1.5      1.6      2.9 1991 12  4  0  8 49.550 1.9   1
   261841  37.291528 -121.671468     3.721     -104.4      168.2      125.5      4.5      3.6      6.3 1992  4  6  9 39 49.410 0.9   1
   312743  37.290161 -121.671143     3.665      -75.9       16.3       70.0      3.9      3.5      6.0 1992  8 29 17  4 29.020 1.6   1
   314921  37.288245 -121.669629     3.607       58.4     -196.3       11.5      3.3      3.7      6.1 1992  9 11  1 22 13.650 1.1   1
   331635  37.290987 -121.671729     3.621     -128.1      108.1       26.4      3.2      3.2      5.1 1993  1 10 22 13  9.440 1.2   1
   389286  37.288855 -121.669295     3.604       88.3     -128.8        9.4      2.9      2.0      3.5 1993 12 20 22 35  7.800 1.8   1
   399980  37.290063 -121.670573     3.575      -25.6        5.6      -20.5      2.7      2.8      4.4 1994  4  6  4 11 34.960 1.4   1
 30062741  37.289860 -121.669775     3.658       45.5      -17.1       63.1      4.3      2.9      4.5 1994 11 16 16 50 58.150 2.0   1
 30062748  37.289836 -121.670207     3.685        7.5      -19.9       89.8      2.1      2.2      3.5 1994 11 16 18  3 42.360 1.3   1
 30069218  37.289058 -121.669108     3.739      104.6     -106.1      143.7      1.9      1.7      2.9 1995  3  3  9 38 49.200 1.2   1
 30069222  37.288961 -121.669132     3.701      102.5     -116.8      105.5      2.4      2.1      1.8 1995  3  3 12 30 15.850 1.8   1
 30069457  37.289075 -121.669002     3.664      114.2     -104.4       68.6      3.7      2.2      3.1 1995  3  7 13 19 41.960 1.3   1
 30092060  37.289128 -121.669360     3.625       82.6      -98.6       30.0      1.8      1.6      2.5 1995 12 15 18 53 39.820 1.8   1
