    17842  37.288265 -121.669059     3.725      109.3     -194.0      130.3     11.3      4.5      5.0 1984  4 25  4 35 19.170 1.9   1
    16751  37.293856 -121.671183     3.075      -79.3      426.4     -519.8     14.4      4.2      6.4 1984  4 27  7 48 23.500 1.0   1
    21644  37.291300 -121.670809     3.610      -46.5      142.7       14.7     13.1      4.2      5.1 1984  6 27 14 50 38.140 1.6   1
    22271  37.290283 -121.675993     3.851     -505.7       29.8      256.3     38.4      6.6      7.4 1984  7  7  0 17  9.970 2.7   1
    22280  37.290426 -121.669352     3.363       83.1       45.5     -231.9     14.4      5.4      6.9 1984  7  7  2 35  4.060 1.5   1
    23190  37.289909 -121.671346     3.605      -94.1      -11.9       10.3     22.3      6.8      8.1 1984  7 17 16 24 49.440 1.9   1
    25096  37.290735 -121.670711     3.347      -37.6       80.1     -248.1     12.9      4.2      5.4 1984  8  7  9  7  6.330 1.2   1
    32049  37.289319 -121.667236     3.473      270.8      -77.2     -122.2     10.1      4.5      5.5 1984 11 18  0 28 55.240 1.7   1
    35109  37.290629 -121.673291     3.684     -266.0       68.0       88.6     19.5      4.1      4.9 1984 12 22  4 43 44.710 1.6   1
    42349  37.288725 -121.668270     3.525      179.1     -143.2      -70.1     12.3      5.2      6.2 1985  2 28  1  9 58.300 0.8   1
    42555  37.288806 -121.667993     3.685      203.5     -134.1       90.4     10.1      4.3      4.9 1985  3  2  6 53 56.010 1.7   1
    42559  37.289819 -121.669995     3.583       25.7      -21.8      -12.1     21.0      7.5      8.9 1985  3  2  8 55  3.470 1.9   1
    42643  37.289315 -121.668099     3.528      194.2      -77.8      -66.9     10.1      4.3      5.1 1985  3  2  8 55 29.590 2.1   1
    42560  37.290417 -121.669084     3.451      107.0       44.6     -144.5     11.4      4.4      5.5 1985  3  2  8 58  0.480 1.2   1
    49626  37.293315 -121.670605     3.423      -27.8      366.4     -172.1     32.0     10.1     13.5 1985  6 15  1 38 57.380 0.9   1
    54084  37.289437 -121.667904     3.568      211.3      -64.0      -27.3     10.5      4.5      5.3 1985  8 28 20 35 10.100 1.6   1
    57770  37.290902 -121.668726     3.339      138.9       98.5     -256.2     10.8      4.2      5.5 1985 10 28  3 55 38.130 1.3   1
    62514  37.289176 -121.666398     3.463      345.2      -93.0     -132.0     10.0      4.7      5.8 1985 12 31 15 50 52.230 1.7   1
    62520  37.289832 -121.667147     3.380      278.4      -20.2     -215.3     21.7      9.7     12.2 1985 12 31 18  3  3.480 1.6   1
    73786  37.289351 -121.668433     3.259      164.5      -73.6     -336.5     11.0      4.5      5.9 1986  6  1 10 51 31.460 1.2   1
    77218  37.288875 -121.678784     3.802     -753.2     -126.6      206.8     15.7      5.0      5.5 1986  7 25  9 22 50.290 2.3   1
    77296  37.291846 -121.671484     3.237     -105.9      203.2     -357.7     13.9      4.0      5.6 1986  7 25 16  1 52.100 1.1   1
    81017  37.291927 -121.671598     3.774     -116.1      212.2      178.9     15.1     12.0     20.9 1986  9  2  7 24 15.870 0.8   1
    82606  37.291443 -121.670972     3.645      -60.5      158.5       50.2     24.7     23.4     36.2 1986  9 15 20 17 49.920 2.7   1
    83805  37.290621 -121.670858     3.661      -50.7       67.4       66.3      8.0     10.4     15.4 1986  9 25 12  1 52.830 1.4   1
    88698  37.291504 -121.671639     4.113     -120.0      165.1      518.3     10.8     10.5     29.2 1986 11 25 13  0 35.660 1.0   1
   101361  37.289734 -121.669653     3.641       56.1      -31.4       46.3      8.4      9.0     12.1 1987  6  3  6 56  7.740 1.9   1
   101362  37.289042 -121.669377     3.612       81.1     -108.0       16.7      8.5      7.7     12.8 1987  6  3  6 58 51.320 1.7   1
   103138  37.289185 -121.669735     3.612       49.2      -92.2       16.5      6.8      7.5     12.4 1987  7 14 19  2 57.020 1.7   1
   110939  37.290275 -121.670736     3.492      -39.8       28.9     -102.9     12.6      9.9     18.1 1988  1 15  1 56 42.310 1.4   1
   112868  37.291809 -121.671729     4.256     -127.9      199.3      660.6     11.0      8.4     33.4 1988  2 25 10  0 17.780 0.9   1
   120788  37.290531 -121.670850     3.677      -50.0       57.6       81.5      7.6      8.4     15.7 1988  7 23 10 42 21.740 1.5   1
   126189  37.289290 -121.670785     3.678      -43.8      -80.3       83.1      9.8      8.9     14.5 1988 11  2  3  9 12.610 1.9   1
   126292  37.289115 -121.669206     3.582       95.9      -99.7      -12.8      8.7      6.9     10.3 1988 11  3  1 30  4.280 1.7   1
   126389  37.288595 -121.669678     3.630       53.8     -157.4       34.5      8.5      7.6     13.3 1988 11  4 13 34 34.720 1.9   1
   148939  37.288513 -121.669629     3.607       58.7     -166.7       11.8      9.4      8.1     12.8 1989 12 13  5 33 46.080 1.6   1
   158154  37.291593 -121.671769     3.790     -131.2      175.1      194.8     12.1      9.4     12.9 1990  5 23 11 11 37.580 1.0   1
   160503  37.289937 -121.669735     3.703       49.2       -8.7      108.2      7.7      7.5     12.1 1990  7  5 20  4 42.800 1.7   1
   205031  37.290320 -121.669963     3.489       28.6       33.9     -105.7     10.1      9.5     14.1 1991  1 20  5  0 30.930 1.2   1
   215747  37.288660 -121.669442     3.612       74.9     -150.5       16.8      8.1      7.6     12.8 1991  5 29  9 45 22.620 1.8   1
   227435  37.289889 -121.670841     3.543      -49.4      -13.8      -52.4     10.0     10.6     16.2 1991  8 10 17  6  5.760 1.2   1
   238704  37.289815 -121.669580     3.650       62.9      -22.1       55.0      9.1      5.7     10.8 1991 12  3  5 24 24.980 2.0   1
   238790  37.289315 -121.669629     3.671       58.4      -77.9       76.3      4.5      4.3      7.2 1991 12  4  0  8 49.550 1.9   1
   261841  37.291492 -121.671183     3.714      -79.2      163.8      119.3     13.8     11.0     13.9 1992  4  6  9 39 49.410 0.9   1
   312743  37.290015 -121.671216     3.695      -82.4        0.1      100.0     11.4     10.3     12.9 1992  8 29 17  4 29.020 1.6   1
   314921  37.287834 -121.669271     3.679       90.1     -242.3       83.5     17.3     10.1     17.7 1992  9 11  1 22 13.650 1.1   1
   331635  37.290987 -121.671777     3.630     -132.2      107.8       35.3     11.9     11.1     15.6 1993  1 10 22 13  9.440 1.2   1
   389286  37.288896 -121.669149     3.601      101.1     -124.3        5.6      5.9      4.9      8.0 1993 12 20 22 35  7.800 1.8   1
   399980  37.290047 -121.670589     3.530      -26.4        3.4      -65.6      6.7      9.1     15.4 1994  4  6  4 11 34.960 1.4   1
 30062741  37.289937 -121.670036     3.593       22.3       -8.5       -2.1     12.7      8.9     13.6 1994 11 16 16 50 58.150 2.0   1
 30062748  37.289823 -121.670052     3.682       21.1      -21.3       86.5     10.6      9.3     15.2 1994 11 16 18  3 42.360 1.3   1
 30069218  37.288936 -121.669092     3.770      106.0     -119.5      175.0     10.8      8.9     14.6 1995  3  3  9 38 49.200 1.2   1
 30069222  37.288957 -121.669255     3.703       91.6     -117.4      107.8     10.0      7.2     10.0 1995  3  3 12 30 15.850 1.8   1
 30069457  37.289290 -121.669189     3.600       97.6      -80.2        5.3     11.5      8.3     13.1 1995  3  7 13 19 41.960 1.3   1
 30092060  37.289164 -121.669377     3.612       80.6      -94.2       16.8      6.7      5.3      9.0 1995 12 15 18 53 39.820 1.8   1
