    17842  37.288289 -121.668888     3.728      124.3     -191.6      133.3     18.8      7.6      8.5 1984  4 25  4 35 19.170 1.9   1
    16751  37.293876 -121.670931     3.080      -56.9      428.4     -515.3     23.7      7.2     10.9 1984  4 27  7 48 23.500 1.0   1
    21644  37.291321 -121.670565     3.613      -24.2      145.0       18.1     16.5      5.4      6.6 1984  6 27 14 50 38.140 1.6   1
    22271  37.290304 -121.676831     3.854     -580.3       32.2      259.3     25.1      5.4      6.0 1984  7  7  0 17  9.970 2.7   1
    22280  37.290446 -121.669173     3.367       98.6       47.7     -228.3     18.0      6.9      8.8 1984  7  7  2 35  4.060 1.5   1
    23190  37.289929 -121.671077     3.609      -70.1       -9.6       13.5     19.3      6.1      7.2 1984  7 17 16 24 49.440 1.9   1
    25096  37.290755 -121.670483     3.351      -17.5       82.2     -244.5     17.3      5.8      7.5 1984  8  7  9  7  6.330 1.2   1
    32049  37.289339 -121.667106     3.476      282.3      -74.9     -118.8      8.0      3.6      4.4 1984 11 18  0 28 55.240 1.7   1
    35109  37.290649 -121.672729     3.687     -216.5       70.4       91.8     19.5      4.6      5.4 1984 12 22  4 43 44.710 1.6   1
    42349  37.288745 -121.668123     3.528      192.3     -140.8      -66.8     13.6      5.8      6.9 1985  2 28  1  9 58.300 0.8   1
    42555  37.288831 -121.667839     3.689      216.9     -131.6       93.6     16.1      7.0      8.0 1985  3  2  6 53 56.010 1.7   1
    42559  37.289840 -121.669800     3.586       43.6      -19.5       -8.8     19.7      7.1      8.5 1985  3  2  8 55  3.470 1.9   1
    42643  37.289335 -121.667952     3.532      207.4      -75.5      -63.5     10.5      4.5      5.3 1985  3  2  8 55 29.590 2.1   1
    42560  37.290438 -121.668905     3.454      122.4       46.8     -140.9     19.3      7.5      9.4 1985  3  2  8 58  0.480 1.2   1
    49626  37.293335 -121.670369     3.427       -7.1      368.5     -168.4     10.2      3.3      4.4 1985  6 15  1 38 57.380 0.9   1
    54084  37.289461 -121.667765     3.571      224.0      -61.6      -24.0     19.0      8.2      9.7 1985  8 28 20 35 10.100 1.6   1
    57770  37.290922 -121.668563     3.343      152.8      100.6     -252.5      7.4      2.9      3.8 1985 10 28  3 55 38.130 1.3   1
    62514  37.289197 -121.666276     3.466      355.5      -90.7     -128.6      2.6      1.2      1.5 1985 12 31 15 50 52.230 1.7   1
    62520  37.289852 -121.667025     3.383      289.5      -17.9     -211.7      8.5      3.8      4.8 1985 12 31 18  3  3.480 1.6   1
    73786  37.289372 -121.668286     3.262      177.2      -71.5     -332.9     12.3      5.1      6.6 1986  6  1 10 51 31.460 1.2   1
    77218  37.288896 -121.679053     3.805     -777.1     -124.2      209.8     10.3      3.4      3.7 1986  7 25  9 22 50.290 2.3   1
    77296  37.291866 -121.671208     3.241      -81.4      205.3     -353.7     21.2      6.4      8.7 1986  7 25 16  1 52.100 1.1   1
    81017  37.291797 -121.671696     3.775     -124.6      197.7      180.4      3.7      3.7      6.0 1986  9  2  7 24 15.870 0.8   1
    82606  37.291390 -121.670646     3.635      -31.8      152.5       40.2      5.7      5.3      8.1 1986  9 15 20 17 49.920 2.7   1
    83805  37.290556 -121.670980     3.666      -61.7       60.2       71.3      3.1      2.3      4.1 1986  9 25 12  1 52.830 1.4   1
    88698  37.291488 -121.671908     3.741     -143.5      163.6      145.5      3.8      3.1      5.0 1986 11 25 13  0 35.660 1.0   1
   101361  37.289665 -121.669743     3.616       48.1      -38.9       21.0      1.4      2.5      4.0 1987  6  3  6 56  7.740 1.9   1
   101362  37.288928 -121.669271     3.597       89.9     -120.5        1.5      1.8      2.3      3.5 1987  6  3  6 58 51.320 1.7   1
   103138  37.289144 -121.669686     3.604       53.5      -96.9        9.4      1.6      1.7      3.0 1987  7 14 19  2 57.020 1.7   1
   110939  37.290035 -121.670581     3.539      -25.8        2.4      -55.6      2.7      2.4      4.6 1988  1 15  1 56 42.310 1.4   1
   112868  37.291585 -121.671777     3.727     -132.3      174.4      131.7      4.1      4.1      6.5 1988  2 25 10  0 17.780 0.9   1
   120788  37.290511 -121.670882     3.665      -52.7       55.1       70.0      3.0      2.5      4.2 1988  7 23 10 42 21.740 1.5   1
   126189  37.289441 -121.670304     3.660       -1.2      -63.6       64.7      2.7      2.0      3.5 1988 11  2  3  9 12.610 1.9   1
   126292  37.288928 -121.669287     3.604       89.0     -120.4        9.1      2.8      2.8      4.3 1988 11  3  1 30  4.280 1.7   1
   126389  37.288672 -121.669491     3.609       71.0     -149.1       14.3      1.8      2.2      3.3 1988 11  4 13 34 34.720 1.9   1
   148939  37.288700 -121.669629     3.597       58.8     -145.7        1.6      2.9      2.4      3.8 1989 12 13  5 33 46.080 1.6   1
   158154  37.291675 -121.671720     3.777     -127.3      184.2      181.9      3.4      2.9      4.6 1990  5 23 11 11 37.580 1.0   1
   160503  37.289925 -121.669816     3.721       41.7       -9.8      125.5      2.4      2.0      3.5 1990  7  5 20  4 42.800 1.7   1
   205031  37.290043 -121.670280     3.504        0.9        3.2      -91.4      2.4      3.0      3.9 1991  1 20  5  0 30.930 1.2   1
   215747  37.288822 -121.669442     3.591       75.1     -132.4       -3.9      2.0      2.0      2.8 1991  5 29  9 45 22.620 1.8   1
   227435  37.289921 -121.670809     3.555      -46.4      -10.5      -40.1      3.2      3.0      4.6 1991  8 10 17  6  5.760 1.2   1
   238704  37.289791 -121.669808     3.643       42.8      -25.0       48.1      2.6      2.3      3.6 1991 12  3  5 24 24.980 2.0   1
   238790  37.289311 -121.669645     3.667       57.2      -77.9       71.6      1.2      1.5      2.7 1991 12  4  0  8 49.550 1.9   1
   261841  37.291528 -121.671501     3.724     -107.4      168.0      128.8      4.0      3.3      5.6 1992  4  6  9 39 49.410 0.9   1
   312743  37.290177 -121.671143     3.663      -75.8       18.0       67.5      3.8      3.5      5.8 1992  8 29 17  4 29.020 1.6   1
   314921  37.288281 -121.669588     3.603       62.1     -192.3        7.6      3.5      3.4      5.4 1992  9 11  1 22 13.650 1.1   1
   331635  37.290991 -121.671737     3.620     -128.2      108.5       25.2      2.9      2.9      4.7 1993  1 10 22 13  9.440 1.2   1
   389286  37.288851 -121.669303     3.605       87.3     -129.1        9.5      2.6      1.8      3.3 1993 12 20 22 35  7.800 1.8   1
   399980  37.290072 -121.670573     3.579      -25.2        6.5      -16.6      2.4      2.7      4.2 1994  4  6  4 11 34.960 1.4   1
 30062741  37.289856 -121.669775     3.660       45.6      -17.6       64.6      2.7      2.8      4.8 1994 11 16 16 50 58.150 2.0   1
 30062748  37.289840 -121.670207     3.684        7.6      -19.3       88.7      1.8      2.1      3.1 1994 11 16 18  3 42.360 1.3   1
 30069218  37.289067 -121.669100     3.736      105.5     -105.2      141.2      2.1      1.9      3.1 1995  3  3  9 38 49.200 1.2   1
 30069222  37.288965 -121.669124     3.700      103.2     -116.4      104.7      2.4      2.0      2.1 1995  3  3 12 30 15.850 1.8   1
 30069457  37.289062 -121.669002     3.667      113.9     -105.8       71.9      4.1      2.1      2.9 1995  3  7 13 19 41.960 1.3   1
 30092060  37.289124 -121.669360     3.626       82.3      -98.9       30.8      2.2      1.5      2.6 1995 12 15 18 53 39.820 1.8   1
