    17842  37.288269 -121.669019     3.726      112.3     -193.6      130.9     13.2      5.3      5.9 1984  4 25  4 35 19.170 1.9   1
    16751  37.293860 -121.671134     3.076      -75.1      426.8     -519.0     23.8      7.0     10.7 1984  4 27  7 48 23.500 1.0   1
    21644  37.291305 -121.670760     3.611      -41.6      143.2       15.5     15.4      4.9      6.0 1984  6 27 14 50 38.140 1.6   1
    22271  37.290287 -121.676213     3.852     -525.7       30.4      257.0     30.0      5.3      6.0 1984  7  7  0 17  9.970 2.7   1
    22280  37.290430 -121.669312     3.364       86.4       45.9     -231.2     10.8      4.1      5.2 1984  7  7  2 35  4.060 1.5   1
    23190  37.289913 -121.671297     3.606      -89.3      -11.5       10.9     13.6      4.2      5.0 1984  7 17 16 24 49.440 1.9   1
    25096  37.290739 -121.670662     3.348      -33.5       80.5     -247.4     15.6      5.1      6.6 1984  8  7  9  7  6.330 1.2   1
    32049  37.289323 -121.667204     3.474      273.4      -76.7     -121.4     10.7      4.8      5.8 1984 11 18  0 28 55.240 1.7   1
    35109  37.290633 -121.673145     3.684     -253.6       68.6       89.4     20.4      4.4      5.2 1984 12 22  4 43 44.710 1.6   1
    42349  37.288729 -121.668237     3.526      182.0     -142.7      -69.3     10.8      4.6      5.4 1985  2 28  1  9 58.300 0.8   1
    42555  37.288810 -121.667961     3.686      206.5     -133.5       91.1     13.8      5.9      6.7 1985  3  2  6 53 56.010 1.7   1
    42559  37.289823 -121.669954     3.584       29.4      -21.4      -11.4     11.7      4.2      5.0 1985  3  2  8 55  3.470 1.9   1
    42643  37.289319 -121.668066     3.529      197.3      -77.3      -66.1     10.7      4.5      5.4 1985  3  2  8 55 29.590 2.1   1
    42560  37.290422 -121.669043     3.451      110.5       45.1     -143.7     10.7      4.1      5.1 1985  3  2  8 58  0.480 1.2   1
    49626  37.293319 -121.670557     3.424      -24.1      366.7     -171.5     14.9      4.8      6.3 1985  6 15  1 38 57.380 0.9   1
    54084  37.289441 -121.667879     3.568      213.9      -63.5      -26.6     12.6      5.4      6.4 1985  8 28 20 35 10.100 1.6   1
    57770  37.290906 -121.668685     3.340      142.0       98.9     -255.4     10.6      4.1      5.4 1985 10 28  3 55 38.130 1.3   1
    62514  37.289181 -121.666366     3.464      347.5      -92.5     -131.3     11.2      5.3      6.5 1985 12 31 15 50 52.230 1.7   1
    62520  37.289836 -121.667122     3.380      280.4      -19.8     -214.6     13.4      6.0      7.6 1985 12 31 18  3  3.480 1.6   1
    73786  37.289355 -121.668400     3.259      167.2      -73.2     -335.7     10.4      4.3      5.6 1986  6  1 10 51 31.460 1.2   1
    77218  37.288879 -121.678841     3.803     -758.5     -126.1      207.4     18.9      6.0      6.7 1986  7 25  9 22 50.290 2.3   1
    77296  37.291850 -121.671419     3.238     -100.5      203.6     -356.8     28.2      8.3     11.3 1986  7 25 16  1 52.100 1.1   1
    81017  37.292131 -121.671956     3.690     -148.1      234.8       94.9      7.4      5.8      6.0 1986  9  2  7 24 15.870 0.8   1
    82606  37.291187 -121.671452     3.718     -103.1      129.9      122.7      8.6      6.4      7.3 1986  9 15 20 17 49.920 2.7   1
    83805  37.290767 -121.670711     3.638      -37.3       83.7       43.0      5.8      5.0      6.9 1986  9 25 12  1 52.830 1.4   1
    88698  37.291353 -121.671110     4.403      -73.1      148.7      807.8      9.8      8.9     13.2 1986 11 25 13  0 35.660 1.0   1
   101361  37.289746 -121.669580     3.656       63.1      -29.7       61.3      6.9      5.3      8.0 1987  6  3  6 56  7.740 1.9   1
   101362  37.289022 -121.669686     3.634       53.5     -110.0       39.0      7.8      4.4     10.4 1987  6  3  6 58 51.320 1.7   1
   103138  37.289286 -121.669572     3.598       63.6      -80.8        3.1      7.2      6.8      5.9 1987  7 14 19  2 57.020 1.7   1
   110939  37.290442 -121.671012     3.447      -64.2       47.3     -147.6     11.2      7.2     10.8 1988  1 15  1 56 42.310 1.4   1
   112868  37.291703 -121.671606     4.414     -117.0      187.2      819.0      8.1      8.0     13.6 1988  2 25 10  0 17.780 0.9   1
   120788  37.290556 -121.671021     3.682      -65.0       60.3       86.8      8.5      6.9      9.0 1988  7 23 10 42 21.740 1.5   1
   126189  37.289079 -121.671680     3.770     -123.3     -104.0      174.9     15.6      6.6     15.6 1988 11  2  3  9 12.610 1.9   1
   126292  37.289213 -121.669198     3.553       96.5      -89.0      -42.6      5.2      4.7      5.5 1988 11  3  1 30  4.280 1.7   1
   126389  37.288517 -121.669865     3.664       37.7     -166.3       69.2      5.2      6.3      6.9 1988 11  4 13 34 34.720 1.9   1
   148939  37.288444 -121.669751     3.627       47.8     -174.3       32.4      8.1      9.9      8.5 1989 12 13  5 33 46.080 1.6   1
   158154  37.291630 -121.671883     3.768     -141.6      179.2      172.7      7.2      6.6      7.8 1990  5 23 11 11 37.580 1.0   1
   160503  37.290039 -121.669328     3.664       85.2        2.6       69.3      9.7      7.5     10.6 1990  7  5 20  4 42.800 1.7   1
   205031  37.290458 -121.669670     3.481       54.6       49.4     -114.4      5.9      5.5      4.9 1991  1 20  5  0 30.930 1.2   1
   215747  37.288493 -121.669491     3.662       70.6     -168.8       67.1      6.9      6.2     10.1 1991  5 29  9 45 22.620 1.8   1
   227435  37.289917 -121.670264     3.537        2.0      -10.9      -58.1     14.9      8.9      8.9 1991  8 10 17  6  5.760 1.2   1
   238704  37.289779 -121.669523     3.650       68.2      -26.3       55.4      4.5      4.1      5.7 1991 12  3  5 24 24.980 2.0   1
   238790  37.289274 -121.669596     3.684       61.1      -82.0       88.7      6.4      3.8      6.5 1991 12  4  0  8 49.550 1.9   1
   261841  37.291492 -121.671094     3.666      -71.1      163.7       70.9      9.1      6.5     10.6 1992  4  6  9 39 49.410 0.9   1
   312743  37.289933 -121.671370     3.702      -96.0       -9.1      106.6      6.4      8.0      6.6 1992  8 29 17  4 29.020 1.6   1
   314921  37.287716 -121.668742     3.714      136.9     -255.2      118.8     11.3      9.4     10.7 1992  9 11  1 22 13.650 1.1   1
   331635  37.291101 -121.671395     3.604      -97.8      120.4        8.9     11.6      7.7      8.7 1993  1 10 22 13  9.440 1.2   1
   389286  37.288973 -121.669189     3.584       97.6     -115.4      -11.5     10.4      7.8      8.0 1993 12 20 22 35  7.800 1.8   1
   399980  37.290055 -121.670573     3.506      -25.4        4.6      -88.7      6.1      4.9      6.7 1994  4  6  4 11 34.960 1.4   1
 30062741  37.289913 -121.670207     3.563        7.5      -11.5      -32.0     10.5      7.6      8.4 1994 11 16 16 50 58.150 2.0   1
 30062748  37.289868 -121.669800     3.655       43.1      -16.4       60.3      7.8      4.9      6.9 1994 11 16 18  3 42.360 1.3   1
 30069218  37.288863 -121.669124     3.796      103.0     -127.7      200.7      8.3      4.8      7.5 1995  3  3  9 38 49.200 1.2   1
 30069222  37.288932 -121.669385     3.706       79.9     -120.2      110.9      6.6      6.3      6.0 1995  3  3 12 30 15.850 1.8   1
 30069457  37.289412 -121.669474     3.539       72.2      -66.8      -55.9     10.1      7.7     10.1 1995  3  7 13 19 41.960 1.3   1
 30092060  37.289148 -121.669425     3.604       76.7      -96.3        8.9      6.3      6.3      5.2 1995 12 15 18 53 39.820 1.8   1
