    17842  37.288289 -121.668888     3.728      124.5     -191.6      133.3     19.0      7.7      8.6 1984  4 25  4 35 19.170 1.9   1
    16751  37.293876 -121.670931     3.080      -56.9      428.4     -515.3     14.7      4.4      6.7 1984  4 27  7 48 23.500 1.0   1
    21644  37.291321 -121.670557     3.613      -23.9      145.1       18.2     20.2      6.6      8.1 1984  6 27 14 50 38.140 1.6   1
    22271  37.290304 -121.676839     3.854     -581.2       32.2      259.4     35.5      7.6      8.6 1984  7  7  0 17  9.970 2.7   1
    22280  37.290446 -121.669173     3.367       98.9       47.7     -228.2     31.3     11.9     15.3 1984  7  7  2 35  4.060 1.5   1
    23190  37.289929 -121.671077     3.609      -70.1       -9.6       13.5     15.8      5.0      5.9 1984  7 17 16 24 49.440 1.9   1
    25096  37.290755 -121.670483     3.351      -17.2       82.3     -244.5     23.5      7.8     10.2 1984  8  7  9  7  6.330 1.2   1
    32049  37.289339 -121.667106     3.476      282.5      -74.9     -118.8     20.1      9.0     11.0 1984 11 18  0 28 55.240 1.7   1
    35109  37.290649 -121.672721     3.687     -215.9       70.4       91.9     22.8      5.4      6.4 1984 12 22  4 43 44.710 1.6   1
    42349  37.288745 -121.668115     3.528      192.4     -140.8      -66.7     11.0      4.7      5.5 1985  2 28  1  9 58.300 0.8   1
    42555  37.288826 -121.667847     3.689      216.7     -131.6       93.5     31.4     13.6     15.5 1985  3  2  6 53 56.010 1.7   1
    42559  37.289840 -121.669792     3.586       43.7      -19.5       -8.7     19.3      7.0      8.4 1985  3  2  8 55  3.470 1.9   1
    42643  37.289335 -121.667944     3.532      207.5      -75.5      -63.5     14.6      6.2      7.4 1985  3  2  8 55 29.590 2.1   1
    42560  37.290438 -121.668913     3.454      122.3       46.8     -141.0     14.9      5.8      7.2 1985  3  2  8 58  0.480 1.2   1
    49626  37.293335 -121.670361     3.427       -6.8      368.5     -168.3     12.9      4.2      5.6 1985  6 15  1 38 57.380 0.9   1
    54084  37.289457 -121.667765     3.571      223.8      -61.7      -24.1     42.1     18.1     21.6 1985  8 28 20 35 10.100 1.6   1
    57770  37.290922 -121.668563     3.343      153.0      100.7     -252.4     21.1      8.4     10.9 1985 10 28  3 55 38.130 1.3   1
    62514  37.289197 -121.666276     3.467      355.6      -90.7     -128.5     17.6      8.4     10.2 1985 12 31 15 50 52.230 1.7   1
    62520  37.289852 -121.667017     3.383      289.7      -17.9     -211.7     16.2      7.3      9.2 1985 12 31 18  3  3.480 1.6   1
    73786  37.289372 -121.668286     3.262      177.3      -71.5     -332.9     15.3      6.4      8.3 1986  6  1 10 51 31.460 1.2   1
    77218  37.288896 -121.679053     3.805     -777.5     -124.2      209.8     26.3      8.6      9.5 1986  7 25  9 22 50.290 2.3   1
    77296  37.291866 -121.671208     3.241      -81.5      205.3     -353.7     11.2      3.4      4.6 1986  7 25 16  1 52.100 1.1   1
    81017  37.291736 -121.671769     3.770     -131.0      191.2      175.0      3.0      2.9      4.9 1986  9  2  7 24 15.870 0.8   1
    82606  37.291341 -121.670597     3.641      -27.8      147.2       45.8      5.8      5.4      8.4 1986  9 15 20 17 49.920 2.7   1
    83805  37.290544 -121.671029     3.663      -65.8       58.8       67.7      2.4      2.2      4.0 1986  9 25 12  1 52.830 1.4   1
    88698  37.291492 -121.671883     3.736     -141.3      163.9      140.8      2.0      2.6      4.0 1986 11 25 13  0 35.660 1.0   1
   101361  37.289636 -121.669751     3.611       47.6      -42.1       16.3      2.3      2.1      3.2 1987  6  3  6 56  7.740 1.9   1
   101362  37.288896 -121.669287     3.590       89.0     -124.2       -4.9      1.5      2.1      3.1 1987  6  3  6 58 51.320 1.7   1
   103138  37.289140 -121.669661     3.601       55.7      -96.9        5.9      1.8      1.6      2.6 1987  7 14 19  2 57.020 1.7   1
   110939  37.289994 -121.670589     3.538      -26.5       -2.3      -56.7      2.2      2.5      4.2 1988  1 15  1 56 42.310 1.4   1
   112868  37.291561 -121.671761     3.723     -130.9      171.6      128.3      3.0      2.7      4.3 1988  2 25 10  0 17.780 0.9   1
   120788  37.290491 -121.670923     3.659      -56.5       52.9       64.0      2.1      2.0      3.7 1988  7 23 10 42 21.740 1.5   1
   126189  37.289469 -121.670256     3.661        2.6      -60.6       65.7      3.2      1.8      3.9 1988 11  2  3  9 12.610 1.9   1
   126292  37.288896 -121.669312     3.603       86.3     -124.2        8.3      2.6      2.4      3.7 1988 11  3  1 30  4.280 1.7   1
   126389  37.288680 -121.669466     3.608       72.6     -148.0       12.8      1.6      1.9      3.0 1988 11  4 13 34 34.720 1.9   1
   148939  37.288757 -121.669580     3.598       62.9     -139.6        2.7      2.2      2.2      3.1 1989 12 13  5 33 46.080 1.6   1
   158154  37.291671 -121.671745     3.775     -129.1      183.7      180.4      2.4      2.6      3.8 1990  5 23 11 11 37.580 1.0   1
   160503  37.289929 -121.669824     3.724       41.0       -9.6      129.2      2.1      1.6      2.8 1990  7  5 20  4 42.800 1.7   1
   205031  37.289986 -121.670312     3.503       -2.3       -3.3      -92.2      2.2      2.7      3.2 1991  1 20  5  0 30.930 1.2   1
   215747  37.288851 -121.669425     3.592       76.8     -129.1       -2.6      2.0      1.7      2.8 1991  5 29  9 45 22.620 1.8   1
   227435  37.289937 -121.670760     3.555      -41.5       -8.8      -40.6      2.6      2.5      3.8 1991  8 10 17  6  5.760 1.2   1
   238704  37.289766 -121.669857     3.645       38.1      -27.7       50.3      2.7      1.8      2.9 1991 12  3  5 24 24.980 2.0   1
   238790  37.289307 -121.669653     3.666       56.4      -78.6       71.2      1.7      1.5      2.7 1991 12  4  0  8 49.550 1.9   1
   261841  37.291524 -121.671566     3.733     -113.6      167.5      138.1      3.4      2.6      4.8 1992  4  6  9 39 49.410 0.9   1
   312743  37.290226 -121.671134     3.662      -74.8       23.3       66.6      2.5      2.9      3.6 1992  8 29 17  4 29.020 1.6   1
   314921  37.288379 -121.669491     3.593       70.5     -181.5       -2.5      4.9      3.2      5.1 1992  9 11  1 22 13.650 1.1   1
   331635  37.290995 -121.671737     3.619     -128.3      109.1       23.9      2.3      2.2      3.0 1993  1 10 22 13  9.440 1.2   1
   389286  37.288843 -121.669328     3.605       84.9     -130.0       10.2      1.9      1.8      2.9 1993 12 20 22 35  7.800 1.8   1
   399980  37.290092 -121.670565     3.588      -24.3        8.6       -7.6      2.3      2.3      3.4 1994  4  6  4 11 34.960 1.4   1
 30062741  37.289836 -121.669775     3.665       45.5      -19.7       70.3      2.1      1.9      3.3 1994 11 16 16 50 58.150 2.0   1
 30062748  37.289856 -121.670207     3.682        7.4      -17.8       86.5      2.0      2.0      3.2 1994 11 16 18  3 42.360 1.3   1
 30069218  37.289091 -121.669076     3.730      107.9     -102.7      134.9      2.4      1.8      3.0 1995  3  3  9 38 49.200 1.2   1
 30069222  37.288973 -121.669108     3.698      104.5     -115.4      103.1      2.5      1.9      2.3 1995  3  3 12 30 15.850 1.8   1
 30069457  37.289030 -121.669019     3.675      112.4     -109.2       80.2      3.5      2.6      4.0 1995  3  7 13 19 41.960 1.3   1
 30092060  37.289115 -121.669377     3.628       80.8     -100.0       32.4      1.5      1.5      2.4 1995 12 15 18 53 39.820 1.8   1
