    17842  37.288285 -121.668896     3.728      123.5     -191.8      133.1      6.6      2.7      3.0 1984  4 25  4 35 19.170 1.9   1
    16751  37.293872 -121.670939     3.080      -58.0      428.3     -515.5      9.6      2.9      4.4 1984  4 27  7 48 23.500 1.0   1
    21644  37.291321 -121.670573     3.613      -25.3      144.9       18.0     10.7      3.5      4.2 1984  6 27 14 50 38.140 1.6   1
    22271  37.290304 -121.676807     3.854     -577.9       32.0      259.2     16.2      3.4      3.8 1984  7  7  0 17  9.970 2.7   1
    22280  37.290442 -121.669181     3.367       97.9       47.5     -228.5      5.6      2.1      2.7 1984  7  7  2 35  4.060 1.5   1
    23190  37.289925 -121.671094     3.608      -71.5       -9.8       13.3      7.6      2.4      2.8 1984  7 17 16 24 49.440 1.9   1
    25096  37.290755 -121.670492     3.350      -18.4       82.1     -244.7      6.0      2.0      2.6 1984  8  7  9  7  6.330 1.2   1
    32049  37.289339 -121.667114     3.476      281.7      -75.1     -119.0      5.2      2.3      2.8 1984 11 18  0 28 55.240 1.7   1
    35109  37.290649 -121.672746     3.687     -218.2       70.3       91.7      8.2      1.9      2.3 1984 12 22  4 43 44.710 1.6   1
    42349  37.288745 -121.668123     3.528      191.7     -140.9      -66.9      5.2      2.2      2.6 1985  2 28  1  9 58.300 0.8   1
    42555  37.288826 -121.667855     3.688      216.0     -131.8       93.4     15.8      6.8      7.8 1985  3  2  6 53 56.010 1.7   1
    42559  37.289836 -121.669808     3.586       42.6      -19.7       -9.0      6.8      2.5      2.9 1985  3  2  8 55  3.470 1.9   1
    42643  37.289335 -121.667961     3.531      206.7      -75.6      -63.7      5.5      2.3      2.8 1985  3  2  8 55 29.590 2.1   1
    42560  37.290434 -121.668921     3.454      121.6       46.7     -141.1      4.8      1.9      2.4 1985  3  2  8 58  0.480 1.2   1
    49626  37.293335 -121.670378     3.427       -7.9      368.4     -168.5      5.8      1.9      2.5 1985  6 15  1 38 57.380 0.9   1
    54084  37.289457 -121.667773     3.571      222.9      -61.8      -24.3      7.0      3.0      3.6 1985  8 28 20 35 10.100 1.6   1
    57770  37.290922 -121.668571     3.342      152.3      100.5     -252.7      5.5      2.2      2.8 1985 10 28  3 55 38.130 1.3   1
    62514  37.289197 -121.666284     3.466      355.1      -90.8     -128.7      8.6      4.1      5.0 1985 12 31 15 50 52.230 1.7   1
    62520  37.289852 -121.667033     3.383      288.9      -18.1     -211.9      4.7      2.1      2.6 1985 12 31 18  3  3.480 1.6   1
    73786  37.289372 -121.668294     3.262      176.7      -71.6     -333.0      6.3      2.6      3.4 1986  6  1 10 51 31.460 1.2   1
    77218  37.288896 -121.679036     3.805     -776.1     -124.3      209.6      6.8      2.2      2.4 1986  7 25  9 22 50.290 2.3   1
    77296  37.291862 -121.671216     3.241      -82.6      205.2     -353.9     10.4      3.1      4.3 1986  7 25 16  1 52.100 1.1   1
    81017  37.291833 -121.671623     3.782     -118.3      202.0      186.7      4.7      5.9      9.2 1986  9  2  7 24 15.870 0.8   1
    82606  37.291427 -121.670695     3.632      -35.9      156.5       36.8      9.6      9.2     14.3 1986  9 15 20 17 49.920 2.7   1
    83805  37.290568 -121.670939     3.670      -57.8       61.2       74.4      4.4      4.0      6.5 1986  9 25 12  1 52.830 1.4   1
    88698  37.291488 -121.671916     3.746     -144.2      163.4      150.5      5.6      4.9      7.8 1986 11 25 13  0 35.660 1.0   1
   101361  37.289685 -121.669743     3.620       48.5      -36.7       25.1      2.9      3.2      4.6 1987  6  3  6 56  7.740 1.9   1
   101362  37.288961 -121.669263     3.601       90.8     -117.1        6.2      2.5      2.8      4.6 1987  6  3  6 58 51.320 1.7   1
   103138  37.289144 -121.669702     3.607       51.8      -96.7       12.2      2.5      2.2      3.7 1987  7 14 19  2 57.020 1.7   1
   110939  37.290076 -121.670589     3.538      -26.3        6.8      -57.4      3.5      3.5      6.3 1988  1 15  1 56 42.310 1.4   1
   112868  37.291634 -121.671802     3.720     -134.4      180.0      124.8      5.8      5.8      9.2 1988  2 25 10  0 17.780 0.9   1
   120788  37.290523 -121.670841     3.671      -49.3       56.4       75.7      4.2      3.8      6.1 1988  7 23 10 42 21.740 1.5   1
   126189  37.289425 -121.670353     3.664       -5.7      -65.5       68.5      3.7      2.4      4.0 1988 11  2  3  9 12.610 1.9   1
   126292  37.288965 -121.669255     3.602       91.3     -116.3        7.3      2.9      2.8      3.4 1988 11  3  1 30  4.280 1.7   1
   126389  37.288664 -121.669507     3.610       69.4     -149.8       15.2      2.7      2.7      4.4 1988 11  4 13 34 34.720 1.9   1
   148939  37.288656 -121.669661     3.597       55.9     -151.0        1.9      3.5      3.1      4.0 1989 12 13  5 33 46.080 1.6   1
   158154  37.291675 -121.671696     3.779     -124.8      184.2      184.0      4.5      5.0      7.5 1990  5 23 11 11 37.580 1.0   1
   160503  37.289921 -121.669808     3.718       42.5      -10.2      122.9      3.0      2.6      3.5 1990  7  5 20  4 42.800 1.7   1
   205031  37.290096 -121.670239     3.503        4.1        9.1      -91.6      2.9      4.0      5.7 1991  1 20  5  0 30.930 1.2   1
   215747  37.288794 -121.669458     3.591       73.7     -135.5       -4.2      2.7      2.5      3.3 1991  5 29  9 45 22.620 1.8   1
   227435  37.289901 -121.670858     3.555      -50.4      -12.5      -40.3      3.7      4.0      6.1 1991  8 10 17  6  5.760 1.2   1
   238704  37.289803 -121.669767     3.643       46.5      -23.7       47.6      3.9      2.5      3.8 1991 12  3  5 24 24.980 2.0   1
   238790  37.289315 -121.669637     3.667       57.7      -77.6       72.2      1.8      1.4      3.0 1991 12  4  0  8 49.550 1.9   1
   261841  37.291528 -121.671419     3.718     -100.6      168.2      122.6      5.1      4.7      8.0 1992  4  6  9 39 49.410 0.9   1
   312743  37.290145 -121.671151     3.668      -76.2       14.4       72.9      5.5      4.9      8.1 1992  8 29 17  4 29.020 1.6   1
   314921  37.288212 -121.669678     3.610       54.1     -200.2       14.8      6.9      4.5      7.6 1992  9 11  1 22 13.650 1.1   1
   331635  37.290983 -121.671729     3.623     -128.1      107.6       28.2      4.6      4.3      6.7 1993  1 10 22 13  9.440 1.2   1
   389286  37.288855 -121.669279     3.605       89.7     -128.6        9.6      2.3      2.3      2.7 1993 12 20 22 35  7.800 1.8   1
   399980  37.290055 -121.670581     3.570      -26.2        4.6      -25.5      3.0      3.6      6.0 1994  4  6  4 11 34.960 1.4   1
 30062741  37.289860 -121.669775     3.653       45.3      -17.0       58.2      5.5      3.5      5.5 1994 11 16 16 50 58.150 2.0   1
 30062748  37.289832 -121.670199     3.686        7.6      -20.5       90.7      3.3      3.2      5.1 1994 11 16 18  3 42.360 1.3   1
 30069218  37.289046 -121.669124     3.742      103.5     -107.3      146.6      4.0      2.7      4.2 1995  3  3  9 38 49.200 1.2   1
 30069222  37.288961 -121.669141     3.701      101.7     -117.1      106.1      3.6      2.9      3.0 1995  3  3 12 30 15.850 1.8   1
 30069457  37.289087 -121.668994     3.660      114.5     -102.8       65.0      4.5      3.2      5.1 1995  3  7 13 19 41.960 1.3   1
 30092060  37.289132 -121.669352     3.624       83.0      -98.1       29.1      2.5      2.1      2.8 1995 12 15 18 53 39.820 1.8   1
