    17842  37.288289 -121.668888     3.728      124.3     -191.6      133.3      5.2      2.1      2.3 1984  4 25  4 35 19.170 1.9   1
    16751  37.293876 -121.670931     3.080      -56.9      428.4     -515.3      8.5      2.6      3.9 1984  4 27  7 48 23.500 1.0   1
    21644  37.291321 -121.670557     3.613      -24.0      145.0       18.2     14.4      4.7      5.8 1984  6 27 14 50 38.140 1.6   1
    22271  37.290304 -121.676839     3.854     -580.7       32.2      259.3     18.3      3.9      4.4 1984  7  7  0 17  9.970 2.7   1
    22280  37.290442 -121.669173     3.367       98.5       47.6     -228.3      9.9      3.8      4.8 1984  7  7  2 35  4.060 1.5   1
    23190  37.289929 -121.671077     3.609      -70.2       -9.7       13.5      9.5      3.0      3.5 1984  7 17 16 24 49.440 1.9   1
    25096  37.290755 -121.670483     3.351      -17.4       82.2     -244.5      9.1      3.0      3.9 1984  8  7  9  7  6.330 1.2   1
    32049  37.289339 -121.667106     3.476      282.3      -74.9     -118.8      8.8      4.0      4.8 1984 11 18  0 28 55.240 1.7   1
    35109  37.290649 -121.672729     3.687     -216.3       70.4       91.9     14.1      3.3      3.9 1984 12 22  4 43 44.710 1.6   1
    42349  37.288745 -121.668115     3.528      192.4     -140.8      -66.7     11.9      5.1      6.0 1985  2 28  1  9 58.300 0.8   1
    42555  37.288826 -121.667847     3.689      216.5     -131.7       93.5     20.0      8.6      9.9 1985  3  2  6 53 56.010 1.7   1
    42559  37.289840 -121.669800     3.586       43.6      -19.5       -8.8      4.2      1.5      1.8 1985  3  2  8 55  3.470 1.9   1
    42643  37.289335 -121.667952     3.532      207.5      -75.5      -63.5     10.2      4.3      5.2 1985  3  2  8 55 29.590 2.1   1
    42560  37.290438 -121.668913     3.454      122.2       46.8     -141.0     11.0      4.3      5.4 1985  3  2  8 58  0.480 1.2   1
    49626  37.293335 -121.670369     3.427       -6.9      368.5     -168.3     10.0      3.3      4.3 1985  6 15  1 38 57.380 0.9   1
    54084  37.289457 -121.667765     3.571      223.8      -61.7      -24.1     15.0      6.4      7.7 1985  8 28 20 35 10.100 1.6   1
    57770  37.290922 -121.668563     3.343      152.9      100.6     -252.5      8.9      3.5      4.6 1985 10 28  3 55 38.130 1.3   1
    62514  37.289197 -121.666276     3.467      355.5      -90.7     -128.6      6.7      3.2      3.9 1985 12 31 15 50 52.230 1.7   1
    62520  37.289852 -121.667025     3.383      289.6      -17.9     -211.7      8.2      3.7      4.7 1985 12 31 18  3  3.480 1.6   1
    73786  37.289372 -121.668286     3.262      177.2      -71.5     -332.9      3.4      1.4      1.8 1986  6  1 10 51 31.460 1.2   1
    77218  37.288896 -121.679053     3.805     -777.2     -124.2      209.8     10.9      3.5      3.9 1986  7 25  9 22 50.290 2.3   1
    77296  37.291866 -121.671208     3.241      -81.5      205.3     -353.7     11.6      3.5      4.8 1986  7 25 16  1 52.100 1.1   1
    81017  37.291772 -121.671720     3.774     -126.9      195.3      178.6      3.2      3.5      5.5 1986  9  2  7 24 15.870 0.8   1
    82606  37.291370 -121.670630     3.637      -30.3      150.6       42.3      7.3      6.9     10.7 1986  9 15 20 17 49.920 2.7   1
    83805  37.290552 -121.671004     3.665      -63.4       59.7       69.9      2.9      2.5      4.3 1986  9 25 12  1 52.830 1.4   1
    88698  37.291488 -121.671899     3.739     -142.8      163.7      143.7      3.6      3.0      4.7 1986 11 25 13  0 35.660 1.0   1
   101361  37.289653 -121.669751     3.614       47.8      -40.1       19.2      2.6      2.3      3.7 1987  6  3  6 56  7.740 1.9   1
   101362  37.288916 -121.669279     3.594       89.5     -121.9       -0.9      1.8      2.1      3.3 1987  6  3  6 58 51.320 1.7   1
   103138  37.289140 -121.669678     3.603       54.3      -97.0        8.3      1.9      2.0      3.3 1987  7 14 19  2 57.020 1.7   1
   110939  37.290019 -121.670581     3.539      -25.9        0.7      -55.7      2.4      2.3      4.3 1988  1 15  1 56 42.310 1.4   1
   112868  37.291573 -121.671769     3.726     -131.7      173.2      131.3      3.5      3.7      5.8 1988  2 25 10  0 17.780 0.9   1
   120788  37.290503 -121.670898     3.663      -54.1       54.4       67.8      2.6      1.7      3.4 1988  7 23 10 42 21.740 1.5   1
   126189  37.289453 -121.670280     3.661        0.4      -62.4       66.2      3.5      2.0      3.9 1988 11  2  3  9 12.610 1.9   1
   126292  37.288916 -121.669295     3.604       88.1     -121.8        9.0      2.7      2.2      3.7 1988 11  3  1 30  4.280 1.7   1
   126389  37.288676 -121.669482     3.609       71.7     -148.8       13.8      1.9      2.2      3.4 1988 11  4 13 34 34.720 1.9   1
   148939  37.288721 -121.669604     3.597       60.3     -143.4        1.9      2.6      2.5      3.7 1989 12 13  5 33 46.080 1.6   1
   158154  37.291675 -121.671737     3.776     -128.2      184.1      181.3      3.1      2.9      4.4 1990  5 23 11 11 37.580 1.0   1
   160503  37.289929 -121.669824     3.722       41.4       -9.7      126.7      2.7      2.3      3.7 1990  7  5 20  4 42.800 1.7   1
   205031  37.290023 -121.670288     3.504       -0.2        0.8      -91.5      2.4      2.8      3.6 1991  1 20  5  0 30.930 1.2   1
   215747  37.288835 -121.669434     3.592       75.8     -131.2       -3.5      1.9      1.7      2.4 1991  5 29  9 45 22.620 1.8   1
   227435  37.289925 -121.670793     3.555      -44.8       -9.9      -40.1      3.0      2.8      4.3 1991  8 10 17  6  5.760 1.2   1
   238704  37.289783 -121.669824     3.644       41.1      -25.9       49.0      2.7      2.1      3.0 1991 12  3  5 24 24.980 2.0   1
   238790  37.289311 -121.669645     3.666       56.9      -78.1       71.3      1.2      1.5      2.7 1991 12  4  0  8 49.550 1.9   1
   261841  37.291528 -121.671525     3.727     -109.8      167.8      132.1      3.7      3.0      5.2 1992  4  6  9 39 49.410 0.9   1
   312743  37.290194 -121.671143     3.660      -75.6       19.7       65.2      3.0      3.1      4.5 1992  8 29 17  4 29.020 1.6   1
   314921  37.288318 -121.669556     3.599       65.2     -188.5        3.9      4.5      3.4      5.4 1992  9 11  1 22 13.650 1.1   1
   331635  37.290995 -121.671737     3.620     -128.2      108.8       24.4      2.7      2.7      4.1 1993  1 10 22 13  9.440 1.2   1
   389286  37.288847 -121.669312     3.605       86.4     -129.4        9.8      2.6      1.7      2.9 1993 12 20 22 35  7.800 1.8   1
   399980  37.290080 -121.670565     3.582      -24.7        7.4      -13.1      2.4      2.5      4.0 1994  4  6  4 11 34.960 1.4   1
 30062741  37.289848 -121.669775     3.662       45.6      -18.3       66.5      2.5      2.4      4.2 1994 11 16 16 50 58.150 2.0   1
 30062748  37.289848 -121.670199     3.683        7.6      -18.7       87.7      1.8      2.0      3.0 1994 11 16 18  3 42.360 1.3   1
 30069218  37.289075 -121.669092     3.734      106.3     -104.2      138.9      2.2      1.6      2.7 1995  3  3  9 38 49.200 1.2   1
 30069222  37.288969 -121.669116     3.699      103.7     -116.0      104.1      2.3      2.0      1.6 1995  3  3 12 30 15.850 1.8   1
 30069457  37.289050 -121.669010     3.670      113.4     -107.1       75.1      3.8      2.2      3.1 1995  3  7 13 19 41.960 1.3   1
 30092060  37.289119 -121.669368     3.627       81.7      -99.4       31.5      1.8      1.6      2.5 1995 12 15 18 53 39.820 1.8   1
