    17842  37.288277 -121.668978     3.727      115.9     -193.0      131.6     97.2     38.9     43.5 1984  4 25  4 35 19.170 1.9   1
    16751  37.293949 -121.670068     3.099       19.3      436.7     -496.4    426.2     49.3     73.9 1984  4 27  7 48 23.500 1.0   1
    21644  37.291309 -121.670719     3.611      -38.1      143.6       16.0    118.2     37.8     46.0 1984  6 27 14 50 38.140 1.6   1
    22271  37.290348 -121.674422     3.861     -366.4       37.2      265.8    275.0     59.3     66.9 1984  7  7  0 17  9.970 2.7   1
    22280  37.290426 -121.669328     3.364       84.9       45.7     -231.5    108.3     39.9     51.2 1984  7  7  2 35  4.060 1.5   1
    23190  37.289921 -121.671183     3.607      -79.7      -10.6       12.2    122.4     38.7     45.9 1984  7 17 16 24 49.440 1.9   1
    25096  37.290743 -121.670646     3.348      -31.7       80.7     -247.1    116.8     37.6     48.8 1984  8  7  9  7  6.330 1.2   1
    32049  37.289315 -121.667253     3.472      269.0      -77.6     -122.7    105.9     46.4     56.5 1984 11 18  0 28 55.240 1.7   1
    35109  37.290645 -121.672835     3.686     -225.7       70.0       91.3    161.4     41.3     48.8 1984 12 22  4 43 44.710 1.6   1
    42349  37.288725 -121.668270     3.525      179.0     -143.2      -70.1    106.3     43.8     51.9 1985  2 28  1  9 58.300 0.8   1
    42555  37.288810 -121.667969     3.686      205.6     -133.7       90.9     96.4     40.9     46.7 1985  3  2  6 53 56.010 1.7   1
    42559  37.289823 -121.669930     3.584       32.0      -21.0      -10.9    107.8     38.3     45.7 1985  3  2  8 55  3.470 1.9   1
    42643  37.289315 -121.668075     3.529      196.3      -77.5      -66.4     97.2     40.5     48.6 1985  3  2  8 55 29.590 2.1   1
    42560  37.290417 -121.669059     3.451      109.3       44.9     -144.0    106.0     40.0     50.2 1985  3  2  8 58  0.480 1.2   1
    49626  37.293323 -121.670508     3.424      -19.6      367.2     -170.7    147.4     46.7     62.2 1985  6 15  1 38 57.380 0.9   1
    54084  37.289437 -121.667920     3.568      210.3      -64.1      -27.6    105.9     44.3     52.7 1985  8 28 20 35 10.100 1.6   1
    57770  37.290902 -121.668709     3.339      139.7       98.6     -256.0    107.2     41.2     53.9 1985 10 28  3 55 38.130 1.3   1
    62514  37.289172 -121.666431     3.462      342.2      -93.7     -133.0    106.7     49.3     60.1 1985 12 31 15 50 52.230 1.7   1
    62520  37.289832 -121.667163     3.379      276.9      -20.5     -215.7    216.1     94.5    119.6 1985 12 31 18  3  3.480 1.6   1
    73786  37.289351 -121.668424     3.259      165.5      -73.5     -336.2    101.5     41.0     53.3 1986  6  1 10 51 31.460 1.2   1
    77218  37.288981 -121.679907     3.817     -852.7     -114.7      221.6    426.3     53.0     58.9 1986  7 25  9 22 50.290 2.3   1
    77296  37.291947 -121.673739     3.259     -305.9      214.7     -336.2    296.6     58.5     79.6 1986  7 25 16  1 52.100 1.1   1
    81017  37.292171 -121.672005     3.630     -152.4      239.2       35.1     66.0     55.1     68.3 1986  9  2  7 24 15.870 0.8   1
    82606  37.291040 -121.671737     3.884     -128.4      114.0      288.9     76.4     77.4    154.0 1986  9 15 20 17 49.920 2.7   1
    83805  37.290751 -121.670483     3.605      -17.4       81.6        9.5     59.0     49.9     79.7 1986  9 25 12  1 52.830 1.4   1
    88698  37.291524 -121.670850     4.368      -49.9      167.4      773.0     70.7     77.9    158.6 1986 11 25 13  0 35.660 1.0   1
   101361  37.289653 -121.669792     3.790       43.8      -40.3      194.6     82.1     46.9     99.7 1987  6  3  6 56  7.740 1.9   1
   101362  37.288953 -121.669930     3.717       31.6     -117.7      121.6     56.7     52.6     68.1 1987  6  3  6 58 51.320 1.7   1
   103138  37.289294 -121.669442     3.586       75.2      -79.8       -8.8     50.9     49.2     63.3 1987  7 14 19  2 57.020 1.7   1
   110939  37.290861 -121.671655     3.367     -121.0       93.7     -228.4     75.3     53.5     81.1 1988  1 15  1 56 42.310 1.4   1
   112868  37.291760 -121.671997     4.363     -151.4      193.8      768.1     77.0     79.5    145.3 1988  2 25 10  0 17.780 0.9   1
   120788  37.290658 -121.671257     3.691      -86.1       71.6       96.3     49.6     54.0     46.5 1988  7 23 10 42 21.740 1.5   1
   126189  37.289254 -121.671745     3.861     -128.9      -84.6      265.9     98.4     85.3     82.2 1988 11  2  3  9 12.610 1.9   1
   126292  37.289111 -121.669214     3.568       95.6     -100.1      -27.4     52.7     50.9     74.5 1988 11  3  1 30  4.280 1.7   1
   126389  37.288513 -121.669971     3.791       28.5     -166.8      195.7     57.0     36.2     94.3 1988 11  4 13 34 34.720 1.9   1
   148939  37.287992 -121.669613     3.684       59.9     -224.4       88.6     93.2     72.0     86.3 1989 12 13  5 33 46.080 1.6   1
   158154  37.291817 -121.672087     3.703     -159.8      200.2      108.3     68.9     64.8     95.5 1990  5 23 11 11 37.580 1.0   1
   160503  37.290108 -121.669124     3.671      102.9       10.4       75.9     41.9     39.5     59.9 1990  7  5 20  4 42.800 1.7   1
   205031  37.290564 -121.669775     3.448       45.3       60.9     -146.9     85.5     55.8     87.7 1991  1 20  5  0 30.930 1.2   1
   215747  37.288387 -121.669751     3.738       47.5     -180.7      143.3     43.7     40.0     74.0 1991  5 29  9 45 22.620 1.8   1
   227435  37.290125 -121.669588     3.494       62.1       12.1     -101.4     63.5     65.9     79.8 1991  8 10 17  6  5.760 1.2   1
   238704  37.289766 -121.669767     3.646       46.1      -27.7       50.8     51.5     39.3     70.4 1991 12  3  5 24 24.980 2.0   1
   238790  37.289197 -121.669686     3.727       53.6      -90.7      131.9     54.1     45.0     66.0 1991 12  4  0  8 49.550 1.9   1
   261841  37.291231 -121.670622     3.421      -29.5      134.8     -174.2     83.5     59.1    134.1 1992  4  6  9 39 49.410 0.9   1
   312743  37.289624 -121.670093     3.595       17.2      -43.3       -0.5    114.4     72.0     95.6 1992  8 29 17  4 29.020 1.6   1
   314921  37.288062 -121.668652     3.743      144.8     -216.7      147.7     68.5     71.9     84.9 1992  9 11  1 22 13.650 1.1   1
   331635  37.291272 -121.670801     3.518      -45.4      139.6      -77.5     60.0     48.3     78.5 1993  1 10 22 13  9.440 1.2   1
   389286  37.289111 -121.669246     3.528       92.6     -100.2      -66.9     67.3     64.0     65.8 1993 12 20 22 35  7.800 1.8   1
   399980  37.290108 -121.670589     3.465      -26.4       10.4     -130.5     46.8     33.2     86.5 1994  4  6  4 11 34.960 1.4   1
 30062741  37.289811 -121.670125     3.554       14.5      -22.5      -41.3     55.1     34.1     65.4 1994 11 16 16 50 58.150 2.0   1
 30062748  37.289941 -121.669694     3.580       52.9       -8.0      -15.1     65.7     55.9     75.6 1994 11 16 18  3 42.360 1.3   1
 30069218  37.288843 -121.669059     3.762      109.0     -129.9      167.3     84.1     51.3     71.5 1995  3  3  9 38 49.200 1.2   1
 30069222  37.288737 -121.669474     3.761       72.2     -141.9      165.5     52.1     48.8     70.1 1995  3  3 12 30 15.850 1.8   1
 30069457  37.289262 -121.669393     3.463       79.7      -83.6     -132.0     64.5     64.8     86.3 1995  3  7 13 19 41.960 1.3   1
 30092060  37.289030 -121.669344     3.659       84.0     -109.5       64.1     51.6     45.8     56.1 1995 12 15 18 53 39.820 1.8   1
