    17842  37.288269 -121.669019     3.726      112.3     -193.6      130.9      6.1      2.4      2.7 1984  4 25  4 35 19.170 1.9   1
    16751  37.293860 -121.671143     3.076      -75.7      426.7     -519.1      8.8      2.6      3.9 1984  4 27  7 48 23.500 1.0   1
    21644  37.291305 -121.670760     3.610      -42.1      143.2       15.4      6.6      2.1      2.6 1984  6 27 14 50 38.140 1.6   1
    22271  37.290287 -121.676180     3.852     -522.5       30.3      256.9     18.5      3.2      3.6 1984  7  7  0 17  9.970 2.7   1
    22280  37.290430 -121.669312     3.364       86.3       45.9     -231.2     11.4      4.3      5.5 1984  7  7  2 35  4.060 1.5   1
    23190  37.289909 -121.671305     3.606      -89.9      -11.5       10.8     11.5      3.5      4.2 1984  7 17 16 24 49.440 1.9   1
    25096  37.290739 -121.670671     3.348      -33.9       80.5     -247.5      6.3      2.0      2.7 1984  8  7  9  7  6.330 1.2   1
    32049  37.289323 -121.667212     3.473      273.0      -76.8     -121.6      4.8      2.1      2.6 1984 11 18  0 28 55.240 1.7   1
    35109  37.290633 -121.673177     3.684     -255.8       68.5       89.2     11.2      2.4      2.8 1984 12 22  4 43 44.710 1.6   1
    42349  37.288729 -121.668245     3.526      181.5     -142.8      -69.5      5.2      2.2      2.6 1985  2 28  1  9 58.300 0.8   1
    42555  37.288810 -121.667961     3.686      206.1     -133.6       91.0      5.1      2.2      2.5 1985  3  2  6 53 56.010 1.7   1
    42559  37.289819 -121.669963     3.584       28.6      -21.5      -11.5      6.1      2.2      2.6 1985  3  2  8 55  3.470 1.9   1
    42643  37.289319 -121.668066     3.529      196.7      -77.4      -66.3      5.4      2.3      2.7 1985  3  2  8 55 29.590 2.1   1
    42560  37.290422 -121.669051     3.451      109.8       45.0     -143.9      5.4      2.1      2.6 1985  3  2  8 58  0.480 1.2   1
    49626  37.293319 -121.670573     3.423      -25.1      366.6     -171.6     10.0      3.2      4.2 1985  6 15  1 38 57.380 0.9   1
    54084  37.289441 -121.667879     3.568      213.8      -63.5      -26.7      4.9      2.1      2.5 1985  8 28 20 35 10.100 1.6   1
    57770  37.290906 -121.668693     3.340      141.4       98.9     -255.5      5.3      2.1      2.7 1985 10 28  3 55 38.130 1.3   1
    62514  37.289181 -121.666374     3.464      347.1      -92.6     -131.4      4.7      2.2      2.7 1985 12 31 15 50 52.230 1.7   1
    62520  37.289836 -121.667131     3.380      279.8      -19.9     -214.8      5.4      2.4      3.0 1985 12 31 18  3  3.480 1.6   1
    73786  37.289355 -121.668408     3.259      166.7      -73.3     -335.9      5.3      2.2      2.8 1986  6  1 10 51 31.460 1.2   1
    77218  37.288875 -121.678825     3.802     -757.2     -126.2      207.3     11.5      3.6      4.0 1986  7 25  9 22 50.290 2.3   1
    77296  37.291850 -121.671436     3.238     -101.7      203.5     -357.0      7.0      2.0      2.8 1986  7 25 16  1 52.100 1.1   1
    81017  37.292147 -121.671883     3.695     -141.3      236.8      100.4      5.6      3.6      3.4 1986  9  2  7 24 15.870 0.8   1
    82606  37.291223 -121.671395     3.711      -98.1      134.1      116.2      4.3      3.4      4.1 1986  9 15 20 17 49.920 2.7   1
    83805  37.290767 -121.670768     3.645      -42.5       83.6       49.5      3.0      2.5      3.2 1986  9 25 12  1 52.830 1.4   1
    88698  37.291309 -121.671265     4.402      -86.7      143.5      807.0      6.3      4.7      7.4 1986 11 25 13  0 35.660 1.0   1
   101361  37.289746 -121.669548     3.654       65.4      -29.6       59.2      4.1      2.7      4.2 1987  6  3  6 56  7.740 1.9   1
   101362  37.289038 -121.669531     3.616       67.4     -108.4       21.3      4.4      2.5      4.8 1987  6  3  6 58 51.320 1.7   1
   103138  37.289258 -121.669670     3.602       54.9      -84.2        6.9      3.8      3.5      3.6 1987  7 14 19  2 57.020 1.7   1
   110939  37.290377 -121.670955     3.453      -59.2       40.2     -141.8      3.9      2.8      4.6 1988  1 15  1 56 42.310 1.4   1
   112868  37.291671 -121.671639     4.428     -119.5      183.8      833.2      4.3      3.7      5.9 1988  2 25 10  0 17.780 0.9   1
   120788  37.290511 -121.670980     3.675      -61.1       55.0       80.0      5.1      4.3      4.9 1988  7 23 10 42 21.740 1.5   1
   126189  37.289103 -121.671200     3.727      -80.7     -101.2      132.2      7.8      3.7      8.1 1988 11  2  3  9 12.610 1.9   1
   126292  37.289225 -121.669238     3.555       92.8      -87.8      -40.2      3.1      2.5      2.2 1988 11  3  1 30  4.280 1.7   1
   126389  37.288493 -121.669865     3.656       37.3     -168.7       61.0      3.2      3.2      3.9 1988 11  4 13 34 34.720 1.9   1
   148939  37.288481 -121.669474     3.616       72.0     -170.1       20.4      6.4      5.0      4.4 1989 12 13  5 33 46.080 1.6   1
   158154  37.291597 -121.671924     3.774     -145.1      175.7      178.5      3.8      3.0      3.6 1990  5 23 11 11 37.580 1.0   1
   160503  37.289974 -121.669661     3.687       55.7       -4.3       92.4      5.7      4.0      5.7 1990  7  5 20  4 42.800 1.7   1
   205031  37.290426 -121.669751     3.482       47.9       45.6     -112.7      3.5      3.3      3.4 1991  1 20  5  0 30.930 1.2   1
   215747  37.288546 -121.669409     3.645       78.0     -163.2       50.3      3.7      3.4      4.2 1991  5 29  9 45 22.620 1.8   1
   227435  37.289909 -121.670703     3.538      -36.5      -11.9      -56.7      6.2      4.3      4.6 1991  8 10 17  6  5.760 1.2   1
   238704  37.289783 -121.669491     3.655       70.9      -25.5       59.8      2.9      2.0      3.0 1991 12  3  5 24 24.980 2.0   1
   238790  37.289286 -121.669653     3.680       56.6      -80.8       85.4      3.8      2.3      3.8 1991 12  4  0  8 49.550 1.9   1
   261841  37.291549 -121.671061     3.691      -68.3      170.3       95.8      3.8      4.3      5.0 1992  4  6  9 39 49.410 0.9   1
   312743  37.289950 -121.671240     3.711      -84.8       -7.2      116.3      5.3      3.6      3.7 1992  8 29 17  4 29.020 1.6   1
   314921  37.287655 -121.668709     3.715      140.2     -261.8      119.9      5.6      3.4      5.3 1992  9 11  1 22 13.650 1.1   1
   331635  37.291044 -121.671761     3.616     -130.6      114.3       21.0      5.8      4.3      3.9 1993  1 10 22 13  9.440 1.2   1
   389286  37.288932 -121.669059     3.595      109.0     -120.3       -0.3      4.7      3.9      3.1 1993 12 20 22 35  7.800 1.8   1
   399980  37.290043 -121.670573     3.517      -25.2        3.0      -78.3      4.0      2.8      3.5 1994  4  6  4 11 34.960 1.4   1
 30062741  37.290015 -121.670231     3.551        5.1        0.2      -43.9      5.1      4.4      5.4 1994 11 16 16 50 58.150 2.0   1
 30062748  37.289884 -121.669873     3.660       37.0      -14.3       64.8      4.6      3.0      4.1 1994 11 16 18  3 42.360 1.3   1
 30069218  37.288855 -121.669076     3.793      107.4     -128.7      198.3      2.4      2.5      2.7 1995  3  3  9 38 49.200 1.2   1
 30069222  37.288977 -121.669352     3.699       83.1     -115.2      103.9      3.8      3.4      3.3 1995  3  3 12 30 15.850 1.8   1
 30069457  37.289465 -121.669352     3.537       83.0      -61.2      -57.9      5.9      4.1      4.9 1995  3  7 13 19 41.960 1.3   1
 30092060  37.289181 -121.669434     3.606       75.8      -92.7       11.2      3.1      3.1      3.4 1995 12 15 18 53 39.820 1.8   1
