    17842  37.288277 -121.668978     3.727      116.2     -192.9      131.7    118.0     47.9     53.6 1984  4 25  4 35 19.170 1.9   1
    16751  37.294010 -121.675602     3.113     -471.2      443.3     -481.7    226.9     58.6     86.6 1984  4 27  7 48 23.500 1.0   1
    21644  37.291305 -121.670776     3.610      -43.2      143.1       15.2    142.9     45.5     55.5 1984  6 27 14 50 38.140 1.6   1
    22271  37.290442 -121.676880     3.874     -584.5       47.4      278.7    251.9     66.1     74.4 1984  7  7  0 17  9.970 2.7   1
    22280  37.290405 -121.669539     3.359       66.1       43.2     -235.7    145.8     47.2     60.8 1984  7  7  2 35  4.060 1.5   1
    23190  37.289929 -121.671045     3.609      -67.4       -9.3       13.9    144.4     49.6     58.9 1984  7 17 16 24 49.440 1.9   1
    25096  37.290731 -121.670776     3.346      -43.2       79.5     -249.1    145.2     44.4     57.7 1984  8  7  9  7  6.330 1.2   1
    32049  37.289270 -121.667562     3.465      242.1      -82.8     -130.4    175.5     61.3     75.2 1984 11 18  0 28 55.240 1.7   1
    35109  37.290670 -121.672339     3.690     -181.7       72.9       95.4    168.8     54.2     63.9 1984 12 22  4 43 44.710 1.6   1
    42349  37.288688 -121.668538     3.519      155.2     -147.2      -75.8    157.2     54.2     64.5 1985  2 28  1  9 58.300 0.8   1
    42555  37.288790 -121.668123     3.683      192.0     -136.1       87.7    118.3     47.7     54.6 1985  3  2  6 53 56.010 1.7   1
    42559  37.289815 -121.670011     3.583       24.5      -22.0      -12.3    130.8     45.6     54.4 1985  3  2  8 55  3.470 1.9   1
    42643  37.289294 -121.668237     3.525      181.6      -80.0      -70.0    120.3     47.3     56.9 1985  3  2  8 55 29.590 2.1   1
    42560  37.290397 -121.669255     3.447       91.6       42.4     -147.9    137.4     47.0     59.0 1985  3  2  8 58  0.480 1.2   1
    49626  37.293315 -121.670597     3.423      -27.4      366.4     -172.0    254.7     78.8    105.1 1985  6 15  1 38 57.380 0.9   1
    54084  37.289400 -121.668188     3.561      185.9      -68.4      -33.6    156.8     55.2     66.0 1985  8 28 20 35 10.100 1.6   1
    57770  37.290873 -121.668962     3.334      117.8       95.4     -261.5    179.0     52.5     69.1 1985 10 28  3 55 38.130 1.3   1
    62514  37.289115 -121.666764     3.453      312.6     -100.0     -142.4    172.8     65.5     80.5 1985 12 31 15 50 52.230 1.7   1
    62520  37.289787 -121.667456     3.371      251.1      -25.4     -223.6    339.0    112.4    143.4 1985 12 31 18  3  3.480 1.6   1
    73786  37.289323 -121.668636     3.254      146.3      -76.6     -341.5    132.3     48.5     63.3 1986  6  1 10 51 31.460 1.2   1
    77218  37.289050 -121.674406     3.826     -365.0     -107.1      230.9    209.9     65.6     72.7 1986  7 25  9 22 50.290 2.3   1
    77296  37.292041 -121.676652     3.277     -564.0      224.7     -317.6    246.5     65.4     88.0 1986  7 25 16  1 52.100 1.1   1
    81017  37.292147 -121.672062     3.590     -157.5      236.5       -5.1     79.4     64.9     94.6 1986  9  2  7 24 15.870 0.8   1
    82606  37.290788 -121.671973     4.047     -149.4       85.9      451.8     77.1     86.3    159.6 1986  9 15 20 17 49.920 2.7   1
    83805  37.290739 -121.670312     3.595       -2.5       80.2       -0.1     72.6     62.5    102.6 1986  9 25 12  1 52.830 1.4   1
    88698  37.291695 -121.670638     4.335      -30.8      186.7      740.0     77.6     91.2    193.4 1986 11 25 13  0 35.660 1.0   1
   101361  37.289596 -121.669938     3.890       30.7      -46.6      294.5     60.2     75.7    149.3 1987  6  3  6 56  7.740 1.9   1
   101362  37.288879 -121.670020     3.747       23.5     -126.1      152.2     66.8     66.0     71.1 1987  6  3  6 58 51.320 1.7   1
   103138  37.289221 -121.669434     3.588       75.8      -88.1       -6.8     67.8     60.4     93.6 1987  7 14 19  2 57.020 1.7   1
   110939  37.291032 -121.672021     3.303     -154.0      113.1     -291.8     94.1     65.9    112.2 1988  1 15  1 56 42.310 1.4   1
   112868  37.291825 -121.672152     4.318     -165.1      201.1      723.2     96.8     89.9    163.8 1988  2 25 10  0 17.780 0.9   1
   120788  37.290690 -121.671411     3.682      -99.5       75.1       87.3     69.9     65.9     63.3 1988  7 23 10 42 21.740 1.5   1
   126189  37.289290 -121.671297     3.869      -89.6      -80.6      273.6    118.8    100.8    113.6 1988 11  2  3  9 12.610 1.9   1
   126292  37.289026 -121.669336     3.591       84.2     -109.9       -4.3     68.1     62.7     90.5 1988 11  3  1 30  4.280 1.7   1
   126389  37.288489 -121.670060     3.877       20.6     -169.2      281.8     64.3     68.6    141.4 1988 11  4 13 34 34.720 1.9   1
   148939  37.287793 -121.669173     3.730       99.0     -246.8      135.0    124.1     89.0    119.2 1989 12 13  5 33 46.080 1.6   1
   158154  37.291943 -121.672168     3.625     -166.8      214.0       29.8     77.7     75.5    131.4 1990  5 23 11 11 37.580 1.0   1
   160503  37.290120 -121.669206     3.691       96.3       11.9       95.6     47.7     49.6     70.3 1990  7  5 20  4 42.800 1.7   1
   205031  37.290641 -121.669995     3.415       25.7       69.7     -180.6    108.2     67.2    112.5 1991  1 20  5  0 30.930 1.2   1
   215747  37.288395 -121.669881     3.773       36.2     -179.8      177.7     57.6     50.7     71.7 1991  5 29  9 45 22.620 1.8   1
   227435  37.290263 -121.669694     3.459       52.5       27.4     -135.6     74.0     68.2    101.2 1991  8 10 17  6  5.760 1.2   1
   238704  37.289783 -121.670020     3.643       24.0      -25.9       48.4     69.1     49.5     76.2 1991 12  3  5 24 24.980 2.0   1
   238790  37.289181 -121.669751     3.746       47.8      -92.7      151.1     67.2     54.9     60.9 1991 12  4  0  8 49.550 1.9   1
   261841  37.291077 -121.670353     3.265       -5.4      118.0     -330.0    108.6     71.4    170.3 1992  4  6  9 39 49.410 0.9   1
   312743  37.289482 -121.668929     3.513      120.3      -59.3      -81.7    142.1     87.4    120.0 1992  8 29 17  4 29.020 1.6   1
   314921  37.288245 -121.668555     3.761      153.4     -196.6      165.5     75.8     82.7     99.4 1992  9 11  1 22 13.650 1.1   1
   331635  37.291357 -121.670646     3.469      -31.9      149.0     -126.4     66.9     55.5    105.5 1993  1 10 22 13  9.440 1.2   1
   389286  37.289164 -121.669132     3.505      102.2      -94.6      -90.5     84.4     77.3     91.8 1993 12 20 22 35  7.800 1.8   1
   399980  37.290149 -121.670622     3.454      -29.3       14.7     -140.7     63.0     47.1    109.2 1994  4  6  4 11 34.960 1.4   1
 30062741  37.289815 -121.670142     3.558       13.0      -22.3      -37.4     58.5     41.7     92.6 1994 11 16 16 50 58.150 2.0   1
 30062748  37.290051 -121.669588     3.531       62.3        4.0      -64.2     78.3     66.5    103.0 1994 11 16 18  3 42.360 1.3   1
 30069218  37.288863 -121.668970     3.721      116.6     -127.6      125.8     91.1     59.5     91.0 1995  3  3  9 38 49.200 1.2   1
 30069222  37.288643 -121.669499     3.786       70.1     -152.3      190.7     67.4     59.5     64.0 1995  3  3 12 30 15.850 1.8   1
 30069457  37.289270 -121.669149     3.397      101.2      -82.7     -197.7     85.0     77.6    119.2 1995  3  7 13 19 41.960 1.3   1
 30092060  37.289001 -121.669328     3.679       85.2     -112.5       84.1     56.1     57.1     65.8 1995 12 15 18 53 39.820 1.8   1
