    17842  37.288289 -121.668888     3.728      124.4     -191.6      133.3     15.5      6.3      7.0 1984  4 25  4 35 19.170 1.9   1
    16751  37.293876 -121.670931     3.080      -56.9      428.4     -515.3     25.3      7.6     11.6 1984  4 27  7 48 23.500 1.0   1
    21644  37.291321 -121.670557     3.613      -24.0      145.0       18.2     20.2      6.6      8.1 1984  6 27 14 50 38.140 1.6   1
    22271  37.290304 -121.676839     3.854     -580.9       32.2      259.3     23.8      5.1      5.8 1984  7  7  0 17  9.970 2.7   1
    22280  37.290446 -121.669173     3.367       99.0       47.7     -228.2     41.2     15.7     20.1 1984  7  7  2 35  4.060 1.5   1
    23190  37.289929 -121.671077     3.609      -70.2       -9.7       13.5     26.0      8.2      9.7 1984  7 17 16 24 49.440 1.9   1
    25096  37.290755 -121.670483     3.351      -17.3       82.2     -244.5     13.6      4.5      5.9 1984  8  7  9  7  6.330 1.2   1
    32049  37.289339 -121.667106     3.476      282.4      -74.9     -118.8      6.6      3.0      3.6 1984 11 18  0 28 55.240 1.7   1
    35109  37.290649 -121.672721     3.687     -216.1       70.4       91.9     17.2      4.1      4.8 1984 12 22  4 43 44.710 1.6   1
    42349  37.288745 -121.668115     3.528      192.4     -140.8      -66.7     20.7      8.8     10.4 1985  2 28  1  9 58.300 0.8   1
    42555  37.288831 -121.667847     3.689      216.8     -131.6       93.6     31.3     13.5     15.5 1985  3  2  6 53 56.010 1.7   1
    42559  37.289840 -121.669800     3.586       43.6      -19.5       -8.8     17.7      6.4      7.6 1985  3  2  8 55  3.470 1.9   1
    42643  37.289335 -121.667944     3.532      207.5      -75.4      -63.5      2.9      1.2      1.5 1985  3  2  8 55 29.590 2.1   1
    42560  37.290438 -121.668905     3.454      122.3       46.8     -141.0      9.4      3.6      4.6 1985  3  2  8 58  0.480 1.2   1
    49626  37.293335 -121.670361     3.427       -6.8      368.5     -168.3     14.1      4.6      6.1 1985  6 15  1 38 57.380 0.9   1
    54084  37.289461 -121.667757     3.571      224.1      -61.6      -24.0     30.5     13.1     15.6 1985  8 28 20 35 10.100 1.6   1
    57770  37.290922 -121.668563     3.343      152.9      100.7     -252.5      9.2      3.6      4.7 1985 10 28  3 55 38.130 1.3   1
    62514  37.289197 -121.666276     3.467      355.6      -90.7     -128.6     10.7      5.1      6.2 1985 12 31 15 50 52.230 1.7   1
    62520  37.289852 -121.667025     3.383      289.7      -17.9     -211.7      9.4      4.2      5.3 1985 12 31 18  3  3.480 1.6   1
    73786  37.289372 -121.668286     3.262      177.2      -71.5     -332.9     17.3      7.2      9.3 1986  6  1 10 51 31.460 1.2   1
    77218  37.288896 -121.679053     3.805     -777.3     -124.2      209.8      6.7      2.2      2.4 1986  7 25  9 22 50.290 2.3   1
    77296  37.291866 -121.671208     3.241      -81.6      205.3     -353.8     28.3      8.5     11.7 1986  7 25 16  1 52.100 1.1   1
    81017  37.291756 -121.671745     3.772     -129.1      193.2      176.7      3.0      3.2      5.3 1986  9  2  7 24 15.870 0.8   1
    82606  37.291357 -121.670614     3.639      -28.9      148.9       44.0      6.3      5.9      9.2 1986  9 15 20 17 49.920 2.7   1
    83805  37.290548 -121.671021     3.664      -64.7       59.3       68.7      2.6      2.3      4.2 1986  9 25 12  1 52.830 1.4   1
    88698  37.291492 -121.671891     3.737     -142.1      163.8      142.2      2.9      2.8      4.6 1986 11 25 13  0 35.660 1.0   1
   101361  37.289644 -121.669751     3.613       47.7      -41.1       17.6      1.5      2.2      3.3 1987  6  3  6 56  7.740 1.9   1
   101362  37.288904 -121.669279     3.592       89.3     -123.1       -2.9      1.6      2.1      3.2 1987  6  3  6 58 51.320 1.7   1
   103138  37.289140 -121.669670     3.602       55.0      -96.9        7.0      1.5      1.5      2.6 1987  7 14 19  2 57.020 1.7   1
   110939  37.290007 -121.670581     3.539      -26.1       -0.9      -56.1      2.6      2.2      4.1 1988  1 15  1 56 42.310 1.4   1
   112868  37.291565 -121.671769     3.725     -131.3      172.2      130.0      3.4      3.4      5.1 1988  2 25 10  0 17.780 0.9   1
   120788  37.290499 -121.670915     3.661      -55.4       53.7       65.7      2.4      2.2      4.0 1988  7 23 10 42 21.740 1.5   1
   126189  37.289457 -121.670272     3.660        1.5      -61.7       64.7      2.2      1.8      3.1 1988 11  2  3  9 12.610 1.9   1
   126292  37.288904 -121.669303     3.604       87.2     -123.1        8.7      2.9      2.5      3.9 1988 11  3  1 30  4.280 1.7   1
   126389  37.288676 -121.669474     3.608       72.2     -148.4       13.4      1.9      2.3      3.6 1988 11  4 13 34 34.720 1.9   1
   148939  37.288741 -121.669596     3.597       61.6     -141.4        2.2      3.0      2.3      3.9 1989 12 13  5 33 46.080 1.6   1
   158154  37.291671 -121.671737     3.776     -128.6      183.9      180.9      2.6      2.6      4.1 1990  5 23 11 11 37.580 1.0   1
   160503  37.289929 -121.669824     3.723       41.2       -9.7      128.0      1.9      1.8      3.3 1990  7  5 20  4 42.800 1.7   1
   205031  37.290002 -121.670304     3.503       -1.3       -1.4      -91.8      2.5      2.8      4.0 1991  1 20  5  0 30.930 1.2   1
   215747  37.288843 -121.669425     3.592       76.3     -130.1       -3.0      1.7      1.6      2.3 1991  5 29  9 45 22.620 1.8   1
   227435  37.289933 -121.670776     3.555      -43.0       -9.2      -40.4      2.7      2.8      4.2 1991  8 10 17  6  5.760 1.2   1
   238704  37.289775 -121.669840     3.645       39.5      -26.8       49.7      2.3      2.1      3.3 1991 12  3  5 24 24.980 2.0   1
   238790  37.289311 -121.669653     3.666       56.6      -78.3       71.2      1.2      1.5      2.7 1991 12  4  0  8 49.550 1.9   1
   261841  37.291524 -121.671549     3.731     -111.9      167.6      135.4      3.6      2.8      4.9 1992  4  6  9 39 49.410 0.9   1
   312743  37.290210 -121.671134     3.661      -75.2       21.5       66.1      2.7      2.9      3.6 1992  8 29 17  4 29.020 1.6   1
   314921  37.288350 -121.669523     3.596       68.0     -184.8        0.5      4.9      3.2      5.2 1992  9 11  1 22 13.650 1.1   1
   331635  37.290995 -121.671737     3.619     -128.2      108.9       24.1      2.4      2.3      3.2 1993  1 10 22 13  9.440 1.2   1
   389286  37.288847 -121.669320     3.605       85.6     -129.7        9.9      2.2      1.7      2.9 1993 12 20 22 35  7.800 1.8   1
   399980  37.290088 -121.670565     3.585      -24.5        8.0      -10.1      2.4      2.5      3.9 1994  4  6  4 11 34.960 1.4   1
 30062741  37.289844 -121.669775     3.663       45.6      -19.0       68.3      2.7      2.6      4.4 1994 11 16 16 50 58.150 2.0   1
 30062748  37.289852 -121.670207     3.682        7.4      -18.2       87.1      2.0      2.2      3.4 1994 11 16 18  3 42.360 1.3   1
 30069218  37.289083 -121.669084     3.732      107.1     -103.4      136.8      2.0      1.7      2.8 1995  3  3  9 38 49.200 1.2   1
 30069222  37.288973 -121.669116     3.699      104.1     -115.7      103.6      2.3      1.9      2.5 1995  3  3 12 30 15.850 1.8   1
 30069457  37.289038 -121.669019     3.673      112.9     -108.2       77.8      3.9      2.1      2.8 1995  3  7 13 19 41.960 1.3   1
 30092060  37.289115 -121.669368     3.627       81.3      -99.7       32.1      2.0      1.5      2.6 1995 12 15 18 53 39.820 1.8   1
