    81017  37.302934 -121.670345     3.542       -5.0     1434.0      -53.5     28.3     29.5     36.4 1986  9  2  7 24 15.870 0.8   1
    82606  37.302616 -121.669661     3.401       55.3     1398.6     -194.3    363.1    400.6    810.9 1986  9 15 20 17 49.920 2.7   1
    83805  37.302271 -121.669320     3.523       85.6     1360.2      -71.8     28.2     27.2     30.7 1986  9 25 12  1 52.830 1.4   1
    88698  37.302962 -121.670321     3.560       -2.9     1437.2      -35.4     28.3     28.1     29.2 1986 11 25 13  0 35.660 1.0   1
   101361  37.301196 -121.668563     3.542      152.9     1241.0      -53.0     20.5     21.8     23.0 1987  6  3  6 56  7.740 1.9   1
   101362  37.300549 -121.668075     3.543      196.4     1169.4      -51.7     20.3     21.6     21.5 1987  6  3  6 58 51.320 1.7   1
   103138  37.300842 -121.668376     3.549      169.3     1201.8      -45.6     20.3     21.5     21.1 1987  7 14 19  2 57.020 1.7   1
   110939  37.301160 -121.669792     3.515       44.0     1237.1      -79.9     31.4     25.3     58.3 1988  1 15  1 56 42.310 1.4   1
   112868  37.302934 -121.670142     3.507       13.1     1434.0      -88.5     28.0     27.8     25.6 1988  2 25 10  0 17.780 0.9   1
   120788  37.302254 -121.669206     3.528       96.0     1358.2      -67.1     30.7     27.3     40.5 1988  7 23 10 42 21.740 1.5   1
   126189  37.301127 -121.668465     3.512      161.8     1233.3      -83.2     20.8     21.6     22.8 1988 11  2  3  9 12.610 1.9   1
   126292  37.300521 -121.668172     3.552      187.5     1166.1      -42.7     20.2     21.5     20.3 1988 11  3  1 30  4.280 1.7   1
   126389  37.300460 -121.668009     3.546      202.0     1159.4      -48.8     20.3     21.6     20.8 1988 11  4 13 34 34.720 1.9   1
   148939  37.300488 -121.667562     3.441      241.5     1162.5     -153.9     20.1     21.5     19.5 1989 12 13  5 33 46.080 1.6   1
   158154  37.303011 -121.670288     3.595        0.2     1442.2        0.1     27.4     29.7     28.6 1990  5 23 11 11 37.580 1.0   1
   160503  37.300985 -121.668115     3.458      192.9     1217.4     -136.9     20.2     22.1     20.4 1990  7  5 20  4 42.800 1.7   1
   205031  37.300997 -121.669100     3.378      105.0     1219.1     -217.1     30.9     25.9     60.5 1991  1 20  5  0 30.930 1.2   1
   215747  37.300529 -121.667562     3.441      241.5     1167.0     -154.0     20.0     21.5     19.4 1991  5 29  9 45 22.620 1.8   1
   227435  37.301066 -121.669214     3.405       95.4     1226.6     -190.3     29.9     25.1     54.6 1991  8 10 17  6  5.760 1.2   1
   238704  37.301172 -121.668384     3.479      169.0     1238.1     -116.3     20.4     21.7     20.4 1991 12  3  5 24 24.980 2.0   1
   238790  37.300741 -121.667879     3.459      213.9     1190.5     -135.9     20.0     21.5     19.5 1991 12  4  0  8 49.550 1.9   1
   261841  37.302869 -121.670117     3.541       15.1     1426.7      -53.8     28.3     27.7     28.7 1992  4  6  9 39 49.410 0.9   1
   312743  37.302873 -121.669751     3.843       47.3     1427.0      247.6    422.4    515.0    895.0 1992  8 29 17  4 29.020 1.6   1
   314921  37.301208 -121.667432     3.748      253.5     1242.4      152.9     21.5     43.3    110.4 1992  9 11  1 22 13.650 1.1   1
   331635  37.302649 -121.670256     3.526        3.1     1402.4      -69.2     28.8     27.6     33.1 1993  1 10 22 13  9.440 1.2   1
   389286  37.300427 -121.667586     3.452      239.7     1155.4     -142.6     20.0     21.5     19.6 1993 12 20 22 35  7.800 1.8   1
   399980  37.301286 -121.669198     3.478       96.4     1250.9     -116.7     29.9     24.8     51.4 1994  4  6  4 11 34.960 1.4   1
 30062741  37.301579 -121.668213     3.687      184.1     1283.5       91.9     20.3     31.0     66.6 1994 11 16 16 50 58.150 2.0   1
 30062748  37.301892 -121.668612     3.668      148.7     1318.0       73.2     20.9     38.5     92.9 1994 11 16 18  3 42.360 1.3   1
 30069218  37.301038 -121.667285     3.652      266.4     1223.5       57.1     20.2     31.5     70.3 1995  3  3  9 38 49.200 1.2   1
 30069222  37.301188 -121.667310     3.727      264.4     1240.1      131.9     20.6     33.7     76.8 1995  3  3 12 30 15.850 1.8   1
 30069457  37.300533 -121.667407     3.535      255.5     1167.4      -60.4     20.1     21.8     19.3 1995  3  7 13 19 41.960 1.3   1
 30092060  37.300684 -121.667651     3.476      234.0     1184.2     -119.2     20.0     21.5     19.0 1995 12 15 18 53 39.820 1.8   1
