    81017  37.303333 -121.670711     3.524      -37.7     1478.0      -70.9     60.8     77.9     81.2 1986  9  2  7 24 15.870 0.8   1
    82606  37.302856 -121.669539     3.424       66.6     1425.3     -171.0     54.7     55.7     82.4 1986  9 15 20 17 49.920 2.7   1
    83805  37.302393 -121.669124     3.490      102.9     1373.8     -105.0     47.8     45.9     68.6 1986  9 25 12  1 52.830 1.4   1
    88698  37.303174 -121.669971     4.329       28.1     1460.6      733.5     75.1     86.5    251.8 1986 11 25 13  0 35.660 1.0   1
   101361  37.301591 -121.667586     3.469      239.3     1285.0     -126.1     56.7     54.8     83.1 1987  6  3  6 56  7.740 1.9   1
   101362  37.300321 -121.668197     3.375      185.2     1143.8     -219.9     50.8     48.3     72.4 1987  6  3  6 58 51.320 1.7   1
   103138  37.300745 -121.668050     3.429      198.7     1191.0     -165.6     45.4     41.7     64.7 1987  7 14 19  2 57.020 1.7   1
   110939  37.301876 -121.670020     3.353       23.5     1316.3     -242.5     62.4     58.7     89.1 1988  1 15  1 56 42.310 1.4   1
   112868  37.304277 -121.670020     4.315       24.1     1582.8      719.6     60.1     66.6    153.8 1988  2 25 10  0 17.780 0.9   1
   120788  37.301790 -121.669971     3.555       28.0     1307.1      -40.4     56.6     50.7     74.1 1988  7 23 10 42 21.740 1.5   1
   126189  37.299768 -121.671908     3.722     -143.9     1082.7      126.6     55.4     52.2     73.3 1988 11  2  3  9 12.610 1.9   1
   126292  37.300956 -121.667391     3.369      256.7     1214.5     -225.7     44.9     52.0     63.5 1988 11  3  1 30  4.280 1.7   1
   126389  37.300061 -121.668221     3.504      183.2     1115.2      -90.7     52.5     52.4     76.2 1988 11  4 13 34 34.720 1.9   1
   148939  37.300871 -121.667708     3.504      228.8     1204.7      -90.7     57.6     63.9     88.4 1989 12 13  5 33 46.080 1.6   1
   158154  37.303121 -121.670760     3.744      -41.6     1454.8      148.9     61.3     72.8    104.5 1990  5 23 11 11 37.580 1.0   1
   160503  37.302026 -121.667261     3.489      268.3     1333.0     -106.3     42.0     50.8     60.0 1990  7  5 20  4 42.800 1.7   1
   205031  37.301904 -121.668172     3.295      187.4     1319.7     -300.1     65.1     46.5     74.1 1991  1 20  5  0 30.930 1.2   1
   215747  37.300146 -121.667708     3.443      228.8     1124.6     -152.3     52.3     59.7     72.0 1991  5 29  9 45 22.620 1.8   1
   227435  37.300960 -121.668229     3.459      182.6     1214.9     -136.0     70.8     82.9     81.9 1991  8 10 17  6  5.760 1.2   1
   238704  37.301404 -121.667822     3.477      218.3     1263.9     -117.8     39.1     38.3     56.0 1991 12  3  5 24 24.980 2.0   1
   238790  37.301001 -121.667822     3.539      218.4     1219.2      -55.7     46.5     44.8     68.1 1991 12  4  0  8 49.550 1.9   1
   261841  37.303280 -121.669816     3.565       41.6     1472.2      -29.7     68.2     77.4    129.2 1992  4  6  9 39 49.410 0.9   1
   312743  37.301961 -121.669914     3.554       33.5     1325.8      -41.1     60.3     68.9     81.3 1992  8 29 17  4 29.020 1.6   1
   314921  37.299239 -121.667432     3.548      253.6     1023.9      -47.4     53.9     51.6     85.7 1992  9 11  1 22 13.650 1.1   1
   331635  37.302494 -121.669572     3.455       63.4     1385.0     -140.4     86.9     74.4     89.6 1993  1 10 22 13  9.440 1.2   1
   389286  37.299976 -121.668132     3.396      191.3     1105.5     -199.5     52.3     60.9     72.7 1993 12 20 22 35  7.800 1.8   1
   399980  37.301575 -121.669067     3.340      108.6     1283.1     -254.8     58.3     65.4     80.3 1994  4  6  4 11 34.960 1.4   1
 30062741  37.301335 -121.668530     3.360      156.0     1256.3     -234.8     49.2     44.0     67.0 1994 11 16 16 50 58.150 2.0   1
 30062748  37.301640 -121.667912     3.534      210.5     1290.4      -61.1     78.7     84.2     80.2 1994 11 16 18  3 42.360 1.3   1
 30069218  37.300391 -121.667790     3.701      221.5     1151.4      105.5     56.9     73.1     87.1 1995  3  3  9 38 49.200 1.2   1
 30069222  37.300818 -121.667603     3.555      238.2     1199.1      -40.4     57.4     61.8     77.3 1995  3  3 12 30 15.850 1.8   1
 30069457  37.301290 -121.667716     3.407      227.8     1251.6     -188.5     79.1     74.5     90.1 1995  3  7 13 19 41.960 1.3   1
 30092060  37.300826 -121.667668     3.390      232.2     1200.0     -204.8     46.1     52.7     62.5 1995 12 15 18 53 39.820 1.8   1
