    81017  37.302877 -121.670426     3.547      -12.5     1427.3      -47.8     27.9     26.0     32.3 1986  9  2  7 24 15.870 0.8   1
    82606  37.303044 -121.669613     3.514       60.0     1445.9      -80.8    318.8    331.7    460.0 1986  9 15 20 17 49.920 2.7   1
    83805  37.302222 -121.669409     3.536       78.2     1354.9      -58.8     27.2     24.0     28.1 1986  9 25 12  1 52.830 1.4   1
    88698  37.302901 -121.670410     3.565      -10.9     1430.4      -30.6     27.9     24.6     25.9 1986 11 25 13  0 35.660 1.0   1
   101361  37.301278 -121.668595     3.555      150.3     1249.8      -40.6     19.4     20.9     39.1 1987  6  3  6 56  7.740 1.9   1
   101362  37.300614 -121.668066     3.549      197.1     1176.3      -46.2     19.3     20.7     39.6 1987  6  3  6 58 51.320 1.7   1
   103138  37.300916 -121.668392     3.558      168.3     1209.8      -36.8     19.2     20.7     38.9 1987  7 14 19  2 57.020 1.7   1
   110939  37.301233 -121.669930     3.523       31.6     1244.9      -71.7     33.7     24.5     70.2 1988  1 15  1 56 42.310 1.4   1
   112868  37.302873 -121.670231     3.510        4.9     1426.9      -84.7     27.7     24.3     22.8 1988  2 25 10  0 17.780 0.9   1
   120788  37.302197 -121.669287     3.538       89.0     1352.3      -57.2     29.6     24.2     36.4 1988  7 23 10 42 21.740 1.5   1
   126189  37.301217 -121.668530     3.535      156.1     1243.4      -60.1     20.2     20.8     41.6 1988 11  2  3  9 12.610 1.9   1
   126292  37.300598 -121.668221     3.569      183.3     1174.5      -26.0     19.2     20.7     39.2 1988 11  3  1 30  4.280 1.7   1
   126389  37.300553 -121.668075     3.574      196.3     1169.5      -21.6     19.4     20.8     39.6 1988 11  4 13 34 34.720 1.9   1
   148939  37.300549 -121.667489     3.435      248.0     1169.0     -160.5     19.1     20.7     39.8 1989 12 13  5 33 46.080 1.6   1
   158154  37.302905 -121.670337     3.592       -4.5     1430.8       -3.4     27.4     26.1     25.1 1990  5 23 11 11 37.580 1.0   1
   160503  37.301058 -121.668042     3.451      199.1     1225.5     -144.2     19.3     21.5     40.7 1990  7  5 20  4 42.800 1.7   1
   205031  37.301062 -121.669189     3.375       97.2     1225.9     -219.9     32.8     25.0     71.7 1991  1 20  5  0 30.930 1.2   1
   215747  37.300582 -121.667497     3.432      247.8     1172.6     -163.0     19.1     20.7     39.7 1991  5 29  9 45 22.620 1.8   1
   227435  37.301123 -121.669287     3.399       88.8     1233.0     -195.6     32.4     24.3     68.3 1991  8 10 17  6  5.760 1.2   1
   238704  37.301221 -121.668278     3.467      178.1     1243.5     -128.1     19.6     20.9     40.4 1991 12  3  5 24 24.980 2.0   1
   238790  37.300793 -121.667814     3.452      219.3     1196.3     -142.9     19.1     20.7     39.7 1991 12  4  0  8 49.550 1.9   1
   261841  37.302795 -121.670190     3.547        8.4     1418.3      -48.3     27.9     24.2     25.7 1992  4  6  9 39 49.410 0.9   1
   312743  37.302153 -121.669710     3.706       51.0     1346.9      111.2    364.4    437.2    482.2 1992  8 29 17  4 29.020 1.6   1
   314921  37.301188 -121.667326     3.720      262.8     1240.3      124.7     23.3     58.9    161.7 1992  9 11  1 22 13.650 1.1   1
   331635  37.302580 -121.670337     3.533       -4.3     1394.5      -62.1     28.6     24.3     29.4 1993  1 10 22 13  9.440 1.2   1
   389286  37.300476 -121.667513     3.444      246.4     1160.9     -151.4     19.1     20.7     39.8 1993 12 20 22 35  7.800 1.8   1
   399980  37.301343 -121.669287     3.474       88.9     1257.3     -121.3     32.5     24.2     67.0 1994  4  6  4 11 34.960 1.4   1
 30062741  37.301363 -121.668115     3.667      192.5     1259.6       71.7     23.7     60.1    162.8 1994 11 16 16 50 58.150 2.0   1
 30062748  37.301758 -121.668465     3.701      161.7     1303.3      106.3     25.0     73.8    181.2 1994 11 16 18  3 42.360 1.3   1
 30069218  37.301135 -121.667196     3.661      274.1     1234.3       66.4     21.7     52.1    145.2 1995  3  3  9 38 49.200 1.2   1
 30069222  37.301135 -121.667204     3.690      273.6     1234.1       95.2     23.0     56.5    154.8 1995  3  3 12 30 15.850 1.8   1
 30069457  37.300590 -121.667326     3.525      262.9     1173.5      -70.0     19.2     21.0     39.6 1995  3  7 13 19 41.960 1.3   1
 30092060  37.300732 -121.667578     3.466      240.2     1189.5     -128.9     19.1     20.7     39.5 1995 12 15 18 53 39.820 1.8   1
