    81017  37.302974 -121.670247     3.508        3.3     1438.3      -86.8     17.9     21.7     50.7 1986  9  2  7 24 15.870 0.8   1
    82606  37.301652 -121.669816     3.136       41.6     1291.6     -459.6     89.0    146.6    436.9 1986  9 15 20 17 49.920 2.7   1
    83805  37.302262 -121.669198     3.465       96.7     1359.4     -129.8     13.2     12.9     27.8 1986  9 25 12  1 52.830 1.4   1
    88698  37.303015 -121.670223     3.532        5.6     1442.8      -63.6     17.8     16.8     38.7 1986 11 25 13  0 35.660 1.0   1
   101361  37.301078 -121.668237     3.442      182.1     1227.8     -152.8      9.3     10.4     23.4 1987  6  3  6 56  7.740 1.9   1
   101362  37.300423 -121.667684     3.431      231.0     1155.1     -164.1      9.0      8.8     21.3 1987  6  3  6 58 51.320 1.7   1
   103138  37.300728 -121.668018     3.444      201.2     1188.9     -150.8      8.9      9.0     21.0 1987  7 14 19  2 57.020 1.7   1
   110939  37.300993 -121.669531     3.439       67.2     1218.3     -155.8     25.2     18.7     57.6 1988  1 15  1 56 42.310 1.4   1
   112868  37.302983 -121.670060     3.486       20.3     1439.0     -109.6     16.5     14.9     32.5 1988  2 25 10  0 17.780 0.9   1
   120788  37.302287 -121.669189     3.503       97.2     1362.0      -92.4     18.6     13.8     40.7 1988  7 23 10 42 21.740 1.5   1
   126189  37.301143 -121.668660     3.528      144.0     1235.0      -66.8     11.3      9.9     28.0 1988 11  2  3  9 12.610 1.9   1
   126292  37.300439 -121.667912     3.471      210.9     1157.1     -123.6      8.8      8.8     20.6 1988 11  3  1 30  4.280 1.7   1
   126389  37.300399 -121.667782     3.476      222.5     1152.3     -119.0      9.0      9.4     21.8 1988 11  4 13 34 34.720 1.9   1
   148939  37.300553 -121.667790     3.480      221.7     1169.7     -115.2      8.7      8.5     19.6 1989 12 13  5 33 46.080 1.6   1
   158154  37.303215 -121.670280     3.602        0.6     1465.1        6.5     14.6     21.9     38.9 1990  5 23 11 11 37.580 1.0   1
   160503  37.301046 -121.668319     3.498      174.7     1224.4      -97.0      8.8     11.1     21.2 1990  7  5 20  4 42.800 1.7   1
   205031  37.300936 -121.669198     3.381       96.9     1211.9     -214.1     27.1     20.6     68.4 1991  1 20  5  0 30.930 1.2   1
   215747  37.300582 -121.667757     3.474      224.1     1172.8     -121.2      8.6      8.7     20.1 1991  5 29  9 45 22.620 1.8   1
   227435  37.301070 -121.669523     3.461       67.9     1226.8     -134.4     24.3     18.8     56.6 1991  8 10 17  6  5.760 1.2   1
   238704  37.301229 -121.668571     3.512      152.3     1244.4      -82.9      9.6     10.3     23.5 1991 12  3  5 24 24.980 2.0   1
   238790  37.300798 -121.668058     3.490      197.9     1196.5     -104.6      8.6      9.0     21.4 1991 12  4  0  8 49.550 1.9   1
   261841  37.302958 -121.670076     3.518       19.0     1436.3      -76.7     17.6     15.2     38.7 1992  4  6  9 39 49.410 0.9   1
   312743  37.303715 -121.669076     4.210      107.8     1520.4      614.5     13.1     16.2    302.2 1992  8 29 17  4 29.020 1.6   1
   314921  37.301306 -121.667529     3.774      244.8     1253.0      179.0      9.7     31.8     88.8 1992  9 11  1 22 13.650 1.1   1
   331635  37.302714 -121.670093     3.481       17.6     1409.5     -114.3     17.3     14.5     37.4 1993  1 10 22 13  9.440 1.2   1
   389286  37.300476 -121.667790     3.488      221.3     1161.1     -107.3      8.7      8.7     20.7 1993 12 20 22 35  7.800 1.8   1
   399980  37.301274 -121.669491     3.524       70.6     1249.4      -71.1     24.5     18.3     53.5 1994  4  6  4 11 34.960 1.4   1
 30062741  37.301632 -121.668319     3.704      174.4     1289.1      109.0      9.6     26.8     72.4 1994 11 16 16 50 58.150 2.0   1
 30062748  37.301904 -121.668709     3.675      140.0     1319.4       80.3     10.7     34.2     92.8 1994 11 16 18  3 42.360 1.3   1
 30069218  37.301152 -121.667391     3.688      257.2     1235.9       93.3      9.6     29.9     83.2 1995  3  3  9 38 49.200 1.2   1
 30069222  37.301213 -121.667424     3.730      253.9     1242.7      135.3      9.6     27.0     73.4 1995  3  3 12 30 15.850 1.8   1
 30069457  37.300549 -121.667578     3.550      240.6     1169.2      -45.2      9.1      9.3     21.8 1995  3  7 13 19 41.960 1.3   1
 30092060  37.300732 -121.667847     3.506      216.6     1189.5      -89.4      8.7      8.8     21.0 1995 12 15 18 53 39.820 1.8   1
