    81017  37.303133 -121.670573     3.533      -25.4     1456.1      -62.1     16.5     21.8     21.2 1986  9  2  7 24 15.870 0.8   1
    82606  37.302942 -121.669613     3.492       59.6     1434.6     -103.2     15.1     14.8     22.0 1986  9 15 20 17 49.920 2.7   1
    83805  37.302315 -121.669312     3.490       86.3     1365.1     -105.3     12.9     12.1     18.0 1986  9 25 12  1 52.830 1.4   1
    88698  37.303060 -121.669637     4.342       57.6     1447.6      747.2     22.4     23.6     65.3 1986 11 25 13  0 35.660 1.0   1
   101361  37.301506 -121.667952     3.519      206.8     1275.4      -76.2     15.8     14.6     21.7 1987  6  3  6 56  7.740 1.9   1
   101362  37.300688 -121.667676     3.419      231.6     1184.7     -175.8     14.9     13.2     20.0 1987  6  3  6 58 51.320 1.7   1
   103138  37.300728 -121.668221     3.452      183.4     1189.0     -143.0     12.6     11.0     17.2 1987  7 14 19  2 57.020 1.7   1
   110939  37.301672 -121.669458     3.252       73.8     1294.0     -343.3     17.2     15.4     24.6 1988  1 15  1 56 42.310 1.4   1
   112868  37.304036 -121.669832     4.391       40.1     1556.2      795.5     17.7     18.3     39.6 1988  2 25 10  0 17.780 0.9   1
   120788  37.301860 -121.669613     3.490       59.8     1314.7     -105.0     15.5     13.1     19.4 1988  7 23 10 42 21.740 1.5   1
   126189  37.300716 -121.668888     3.520      124.4     1187.5      -75.5     15.5     13.3     20.5 1988 11  2  3  9 12.610 1.9   1
   126292  37.300972 -121.667619     3.388      236.7     1216.1     -207.2     12.0     13.6     16.8 1988 11  3  1 30  4.280 1.7   1
   126389  37.300138 -121.668278     3.530      178.5     1123.5      -65.3     14.2     13.8     20.2 1988 11  4 13 34 34.720 1.9   1
   148939  37.300960 -121.667464     3.505      250.1     1214.9      -90.6     15.8     16.8     24.7 1989 12 13  5 33 46.080 1.6   1
   158154  37.303019 -121.670654     3.642      -32.4     1443.2       46.8     16.6     19.6     26.9 1990  5 23 11 11 37.580 1.0   1
   160503  37.301379 -121.668376     3.551      169.9     1261.2      -44.1     12.2     13.7     16.3 1990  7  5 20  4 42.800 1.7   1
   205031  37.301855 -121.668294     3.286      176.7     1314.1     -308.9     18.3     12.5     19.8 1991  1 20  5  0 30.930 1.2   1
   215747  37.300330 -121.667676     3.479      231.8     1144.7     -115.7     14.4     15.6     19.5 1991  5 29  9 45 22.620 1.8   1
   227435  37.301066 -121.669710     3.371       51.2     1226.4     -223.9     20.6     21.8     22.4 1991  8 10 17  6  5.760 1.2   1
   238704  37.301416 -121.667912     3.500      210.6     1265.5      -95.0     10.7     10.1     14.8 1991 12  3  5 24 24.980 2.0   1
   238790  37.301017 -121.667977     3.551      204.9     1221.2      -43.7     12.4     11.7     17.1 1991 12  4  0  8 49.550 1.9   1
   261841  37.303190 -121.669629     3.531       58.4     1462.1      -64.0     18.4     20.5     35.6 1992  4  6  9 39 49.410 0.9   1
   312743  37.302010 -121.669849     3.575       38.9     1331.3      -19.9     16.4     18.0     21.3 1992  8 29 17  4 29.020 1.6   1
   314921  37.299182 -121.667448     3.623      252.0     1017.5       27.6     15.1     13.4     23.2 1992  9 11  1 22 13.650 1.1   1
   331635  37.302010 -121.671159     3.460      -77.4     1331.4     -134.8     25.9     19.8     23.6 1993  1 10 22 13  9.440 1.2   1
   389286  37.300122 -121.667725     3.442      227.2     1121.9     -153.1     14.6     16.0     19.6 1993 12 20 22 35  7.800 1.8   1
   399980  37.301514 -121.669181     3.338       98.3     1276.1     -257.1     15.6     17.0     21.2 1994  4  6  4 11 34.960 1.4   1
 30062741  37.301481 -121.668717     3.378      138.9     1272.8     -217.5     13.4     11.6     18.3 1994 11 16 16 50 58.150 2.0   1
 30062748  37.301510 -121.668433     3.528      164.3     1275.9      -67.4     22.0     21.9     21.1 1994 11 16 18  3 42.360 1.3   1
 30069218  37.300435 -121.667570     3.689      240.8     1156.3       94.1     15.4     18.8     22.7 1995  3  3  9 38 49.200 1.2   1
 30069222  37.300834 -121.667611     3.545      237.0     1200.7      -50.6     15.2     15.8     19.9 1995  3  3 12 30 15.850 1.8   1
 30069457  37.301416 -121.667472     3.366      249.4     1265.3     -228.8     24.2     19.7     25.0 1995  3  7 13 19 41.960 1.3   1
 30092060  37.300895 -121.667806     3.431      220.0     1207.6     -164.6     12.5     13.7     16.8 1995 12 15 18 53 39.820 1.8   1
