    81017  37.302966 -121.670247     3.513        3.9     1437.5      -82.1     18.0     21.7     47.9 1986  9  2  7 24 15.870 0.8   1
    82606  37.301640 -121.669824     3.131       40.9     1290.4     -464.0     89.9    148.1    442.8 1986  9 15 20 17 49.920 2.7   1
    83805  37.302262 -121.669206     3.465       96.2     1359.4     -130.0     13.2     12.9     27.6 1986  9 25 12  1 52.830 1.4   1
    88698  37.303015 -121.670223     3.537        5.8     1443.0      -58.4     17.8     16.9     40.1 1986 11 25 13  0 35.660 1.0   1
   101361  37.301078 -121.668229     3.442      182.5     1227.9     -153.0      9.3     10.4     23.2 1987  6  3  6 56  7.740 1.9   1
   101362  37.300423 -121.667692     3.431      230.4     1155.3     -164.4      8.9      8.8     21.1 1987  6  3  6 58 51.320 1.7   1
   103138  37.300732 -121.668018     3.444      201.5     1189.3     -151.1      8.8      9.1     20.8 1987  7 14 19  2 57.020 1.7   1
   110939  37.300989 -121.669531     3.438       67.3     1218.1     -157.3     25.2     18.6     57.1 1988  1 15  1 56 42.310 1.4   1
   112868  37.302983 -121.670060     3.490       20.2     1439.2     -104.9     16.5     15.0     33.5 1988  2 25 10  0 17.780 0.9   1
   120788  37.302291 -121.669189     3.502       97.2     1362.3      -93.0     18.5     13.8     40.6 1988  7 23 10 42 21.740 1.5   1
   126189  37.301143 -121.668660     3.528      144.5     1235.2      -67.2     11.2      9.9     27.8 1988 11  2  3  9 12.610 1.9   1
   126292  37.300439 -121.667904     3.471      211.4     1157.0     -123.8      8.7      8.8     20.4 1988 11  3  1 30  4.280 1.7   1
   126389  37.300399 -121.667782     3.476      222.4     1152.4     -119.2      9.0      9.4     21.7 1988 11  4 13 34 34.720 1.9   1
   148939  37.300557 -121.667790     3.480      221.6     1169.9     -115.3      8.7      8.5     19.4 1989 12 13  5 33 46.080 1.6   1
   158154  37.303202 -121.670280     3.603        0.7     1463.8        8.3     14.6     21.9     37.0 1990  5 23 11 11 37.580 1.0   1
   160503  37.301050 -121.668319     3.498      174.5     1224.6      -97.2      8.7     11.1     21.0 1990  7  5 20  4 42.800 1.7   1
   205031  37.300932 -121.669189     3.379       97.2     1211.6     -215.8     27.0     20.6     67.9 1991  1 20  5  0 30.930 1.2   1
   215747  37.300582 -121.667765     3.474      223.9     1172.6     -121.4      8.6      8.7     20.0 1991  5 29  9 45 22.620 1.8   1
   227435  37.301070 -121.669515     3.459       68.4     1226.8     -135.8     24.2     18.7     56.1 1991  8 10 17  6  5.760 1.2   1
   238704  37.301229 -121.668571     3.512      152.4     1244.6      -83.2      9.6     10.3     23.3 1991 12  3  5 24 24.980 2.0   1
   238790  37.300793 -121.668058     3.490      197.8     1196.4     -104.9      8.5      9.1     21.3 1991 12  4  0  8 49.550 1.9   1
   261841  37.302954 -121.670076     3.519       18.8     1436.2      -76.3     17.5     15.2     38.7 1992  4  6  9 39 49.410 0.9   1
   312743  37.303711 -121.669076     4.200      107.4     1520.2      604.5     12.9     16.3    341.9 1992  8 29 17  4 29.020 1.6   1
   314921  37.301294 -121.667529     3.771      244.5     1251.7      175.5      9.6     31.4     88.6 1992  9 11  1 22 13.650 1.1   1
   331635  37.302714 -121.670093     3.481       17.4     1409.5     -114.3     17.3     14.5     37.2 1993  1 10 22 13  9.440 1.2   1
   389286  37.300480 -121.667790     3.488      221.3     1161.5     -107.4      8.6      8.7     20.5 1993 12 20 22 35  7.800 1.8   1
   399980  37.301270 -121.669482     3.523       71.1     1249.0      -72.4     24.4     18.2     53.1 1994  4  6  4 11 34.960 1.4   1
 30062741  37.301640 -121.668327     3.708      174.2     1290.3      112.7      9.5     26.2     72.2 1994 11 16 16 50 58.150 2.0   1
 30062748  37.301908 -121.668709     3.679      140.2     1320.1       83.6     10.7     33.7     92.8 1994 11 16 18  3 42.360 1.3   1
 30069218  37.301152 -121.667391     3.688      256.8     1236.0       92.8      9.5     29.6     83.4 1995  3  3  9 38 49.200 1.2   1
 30069222  37.301221 -121.667424     3.735      254.1     1243.5      139.7      9.6     26.4     74.0 1995  3  3 12 30 15.850 1.8   1
 30069457  37.300553 -121.667570     3.550      241.1     1169.6      -45.4      9.1      9.3     21.6 1995  3  7 13 19 41.960 1.3   1
 30092060  37.300736 -121.667847     3.505      216.4     1189.8      -89.6      8.6      8.8     20.8 1995 12 15 18 53 39.820 1.8   1
