    81017  37.303308 -121.670711     3.513      -37.6     1475.5      -82.0     60.4     77.3     79.6 1986  9  2  7 24 15.870 0.8   1
    82606  37.302865 -121.669548     3.432       65.3     1426.4     -163.6     54.5     55.5     82.3 1986  9 15 20 17 49.920 2.7   1
    83805  37.302384 -121.669132     3.488      102.3     1372.7     -107.0     47.7     45.9     68.0 1986  9 25 12  1 52.830 1.4   1
    88698  37.303174 -121.669963     4.321       29.0     1460.5      726.3     75.0     86.8    243.8 1986 11 25 13  0 35.660 1.0   1
   101361  37.301607 -121.667594     3.478      238.5     1286.4     -117.1     56.6     54.8     82.4 1987  6  3  6 56  7.740 1.9   1
   101362  37.300326 -121.668205     3.377      184.8     1144.5     -218.1     50.7     48.0     74.8 1987  6  3  6 58 51.320 1.7   1
   103138  37.300741 -121.668050     3.427      198.4     1190.2     -167.6     45.3     41.5     65.1 1987  7 14 19  2 57.020 1.7   1
   110939  37.301843 -121.670020     3.338       23.5     1313.0     -256.8     62.3     58.7     88.5 1988  1 15  1 56 42.310 1.4   1
   112868  37.304277 -121.670020     4.319       24.1     1582.9      723.6     60.0     66.7    149.4 1988  2 25 10  0 17.780 0.9   1
   120788  37.301701 -121.669906     3.502       33.7     1297.2      -93.3     56.5     49.5     73.9 1988  7 23 10 42 21.740 1.5   1
   126189  37.299776 -121.671924     3.725     -145.0     1083.3      130.2     55.1     51.7     72.7 1988 11  2  3  9 12.610 1.9   1
   126292  37.300956 -121.667399     3.369      256.3     1214.4     -226.4     44.8     51.9     64.0 1988 11  3  1 30  4.280 1.7   1
   126389  37.300077 -121.668237     3.513      181.9     1116.9      -81.8     52.4     52.3     76.1 1988 11  4 13 34 34.720 1.9   1
   148939  37.300875 -121.667716     3.512      227.7     1205.5      -83.5     57.4     63.7     88.8 1989 12 13  5 33 46.080 1.6   1
   158154  37.302926 -121.670703     3.643      -37.0     1432.9       47.7     61.3     75.1     99.9 1990  5 23 11 11 37.580 1.0   1
   160503  37.302022 -121.667269     3.489      267.8     1332.4     -106.5     42.0     50.9     59.4 1990  7  5 20  4 42.800 1.7   1
   205031  37.301900 -121.668188     3.293      186.1     1318.9     -301.8     65.1     46.5     74.7 1991  1 20  5  0 30.930 1.2   1
   215747  37.300159 -121.667716     3.449      228.2     1126.0     -146.1     52.1     59.3     73.6 1991  5 29  9 45 22.620 1.8   1
   227435  37.300940 -121.668229     3.448      182.5     1212.4     -147.1     70.8     83.1     81.1 1991  8 10 17  6  5.760 1.2   1
   238704  37.301392 -121.667839     3.476      217.4     1262.8     -119.0     39.0     38.3     56.1 1991 12  3  5 24 24.980 2.0   1
   238790  37.300997 -121.667855     3.540      215.9     1218.9      -55.0     45.4     44.5     64.9 1991 12  4  0  8 49.550 1.9   1
   261841  37.303280 -121.669816     3.565       41.8     1472.3      -30.1     68.3     81.2    141.0 1992  4  6  9 39 49.410 0.9   1
   312743  37.301965 -121.669906     3.559       33.9     1326.5      -35.8     60.1     68.8     81.2 1992  8 29 17  4 29.020 1.6   1
   314921  37.299723 -121.667432     3.769      253.1     1077.6      173.9     53.3     48.7     82.7 1992  9 11  1 22 13.650 1.1   1
   331635  37.302470 -121.669572     3.443       63.7     1382.3     -152.2     86.8     74.5     88.6 1993  1 10 22 13  9.440 1.2   1
   389286  37.299972 -121.668132     3.395      191.3     1105.2     -200.2     52.1     60.6     73.6 1993 12 20 22 35  7.800 1.8   1
   399980  37.301554 -121.669051     3.330      109.4     1280.5     -265.4     58.2     65.2     80.3 1994  4  6  4 11 34.960 1.4   1
 30062741  37.301326 -121.668530     3.357      156.2     1255.4     -237.7     49.1     43.8     67.4 1994 11 16 16 50 58.150 2.0   1
 30062748  37.301619 -121.667912     3.524      210.4     1287.9      -70.7     78.5     84.2     79.6 1994 11 16 18  3 42.360 1.3   1
 30069218  37.300387 -121.667790     3.703      221.4     1151.3      108.3     56.6     72.6     86.4 1995  3  3  9 38 49.200 1.2   1
 30069222  37.300753 -121.667586     3.519      239.3     1191.5      -76.2     56.8     60.7     74.9 1995  3  3 12 30 15.850 1.8   1
 30069457  37.301282 -121.667716     3.402      227.9     1250.5     -192.8     79.0     74.5     89.9 1995  3  7 13 19 41.960 1.3   1
 30092060  37.300830 -121.667676     3.393      231.6     1200.4     -202.2     46.0     52.4     63.5 1995 12 15 18 53 39.820 1.8   1
