    81017  37.303345 -121.670711     3.525      -37.7     1479.2      -70.2     60.6     77.5     80.1 1986  9  2  7 24 15.870 0.8   1
    82606  37.302865 -121.669548     3.427       65.6     1425.9     -168.4     54.7     55.7     82.5 1986  9 15 20 17 49.920 2.7   1
    83805  37.302393 -121.669141     3.493      101.9     1373.7     -102.5     47.9     46.0     68.3 1986  9 25 12  1 52.830 1.4   1
    88698  37.303210 -121.669987     4.383       26.8     1464.7      788.2     75.2     87.0    245.2 1986 11 25 13  0 35.660 1.0   1
   101361  37.301599 -121.667603     3.477      238.3     1285.8     -117.6     56.7     55.0     82.5 1987  6  3  6 56  7.740 1.9   1
   101362  37.300326 -121.668205     3.375      185.1     1144.2     -220.2     50.8     48.1     75.1 1987  6  3  6 58 51.320 1.7   1
   103138  37.300741 -121.668066     3.431      197.2     1190.5     -163.8     45.5     41.7     65.3 1987  7 14 19  2 57.020 1.7   1
   110939  37.301880 -121.670028     3.354       22.8     1316.7     -241.5     62.5     58.8     89.1 1988  1 15  1 56 42.310 1.4   1
   112868  37.304293 -121.670003     4.326       25.0     1584.4      730.8     60.2     66.9    149.8 1988  2 25 10  0 17.780 0.9   1
   120788  37.301644 -121.669930     3.461       31.6     1290.6     -134.1     55.9     49.4     72.5 1988  7 23 10 42 21.740 1.5   1
   126189  37.299776 -121.671916     3.725     -144.3     1083.3      129.4     55.2     51.9     72.9 1988 11  2  3  9 12.610 1.9   1
   126292  37.300960 -121.667391     3.371      256.7     1214.9     -224.4     44.9     52.0     64.2 1988 11  3  1 30  4.280 1.7   1
   126389  37.300077 -121.668229     3.512      182.5     1116.9      -82.9     52.5     52.5     76.2 1988 11  4 13 34 34.720 1.9   1
   148939  37.300887 -121.667716     3.514      227.8     1206.8      -81.5     57.6     63.9     89.0 1989 12 13  5 33 46.080 1.6   1
   158154  37.302970 -121.670711     3.659      -37.3     1438.1       64.0     61.5     74.9    102.2 1990  5 23 11 11 37.580 1.0   1
   160503  37.302022 -121.667261     3.489      268.2     1332.7     -106.1     42.1     51.0     59.6 1990  7  5 20  4 42.800 1.7   1
   205031  37.301900 -121.668197     3.298      185.3     1319.2     -296.9     65.3     46.6     75.0 1991  1 20  5  0 30.930 1.2   1
   215747  37.300163 -121.667708     3.448      228.5     1126.2     -146.6     52.3     59.5     73.7 1991  5 29  9 45 22.620 1.8   1
   227435  37.300968 -121.668229     3.461      182.6     1215.7     -133.7     71.1     83.3     81.6 1991  8 10 17  6  5.760 1.2   1
   238704  37.301404 -121.667830     3.478      218.0     1263.9     -116.8     39.1     38.4     56.3 1991 12  3  5 24 24.980 2.0   1
   238790  37.300997 -121.667847     3.538      216.5     1219.0      -56.7     45.6     44.7     65.1 1991 12  4  0  8 49.550 1.9   1
   261841  37.303369 -121.669800     3.598       43.0     1482.1        2.4     68.5     81.4    141.5 1992  4  6  9 39 49.410 0.9   1
   312743  37.301986 -121.669922     3.565       32.8     1328.4      -29.8     60.3     69.0     81.4 1992  8 29 17  4 29.020 1.6   1
   314921  37.299268 -121.667432     3.558      253.6     1026.9      -37.4     53.9     51.7     86.0 1992  9 11  1 22 13.650 1.1   1
   331635  37.302507 -121.669548     3.458       65.5     1386.5     -137.1     87.1     74.7     89.1 1993  1 10 22 13  9.440 1.2   1
   389286  37.299988 -121.668140     3.401      190.6     1107.0     -193.7     52.3     60.8     73.8 1993 12 20 22 35  7.800 1.8   1
   399980  37.301575 -121.669059     3.343      108.8     1283.2     -252.2     58.4     65.4     80.8 1994  4  6  4 11 34.960 1.4   1
 30062741  37.301335 -121.668522     3.361      156.3     1256.4     -234.2     49.2     44.0     67.7 1994 11 16 16 50 58.150 2.0   1
 30062748  37.301648 -121.667904     3.537      211.2     1291.3      -58.0     78.8     84.4     80.0 1994 11 16 18  3 42.360 1.3   1
 30069218  37.300415 -121.667790     3.711      221.4     1154.2      115.8     56.8     72.9     86.7 1995  3  3  9 38 49.200 1.2   1
 30069222  37.300753 -121.667586     3.519      239.3     1191.7      -76.3     57.0     60.8     75.7 1995  3  3 12 30 15.850 1.8   1
 30069457  37.301314 -121.667716     3.419      227.8     1254.0     -175.6     79.2     74.7     90.3 1995  3  7 13 19 41.960 1.3   1
 30092060  37.300834 -121.667668     3.393      232.3     1200.7     -202.3     46.1     52.6     63.7 1995 12 15 18 53 39.820 1.8   1
