    23190  36.907776 -121.716113     7.826    -4073.7   -42422.3     4230.7  37945.3  39039.2   3270.5 1984  7 17 16 24 49.440 1.9   1
    81017  37.304195 -121.670337     3.495       -4.6     1574.0      -99.6   1157.1   1216.8    111.4 1986  9  2  7 24 15.870 0.8   1
    82606  37.302743 -121.669425     3.427       76.8     1412.4     -168.3   1150.9   1173.2    158.4 1986  9 15 20 17 49.920 2.7   1
    83805  37.302100 -121.669230     3.456       93.7     1341.4     -139.5   1155.2   1178.3    123.6 1986  9 25 12  1 52.830 1.4   1
    88698  37.303048 -121.669702     4.232       51.7     1446.4      636.9   1155.9   1215.6    193.1 1986 11 25 13  0 35.660 1.0   1
   101361  37.301371 -121.667554     3.437      242.2     1260.6     -158.2   1151.4   1166.9    198.1 1987  6  3  6 56  7.740 1.9   1
   101362  37.300435 -121.668351     3.524      171.4     1156.6      -71.4   1148.9   1178.0    115.0 1987  6  3  6 58 51.320 1.7   1
   103138  37.300663 -121.668018     3.462      201.2     1181.8     -133.3   1145.7   1174.2    127.4 1987  7 14 19  2 57.020 1.7   1
   110939  37.301733 -121.670394     3.332       -9.7     1300.4     -263.2   1154.2   1180.7    118.6 1988  1 15  1 56 42.310 1.4   1
   112868  37.304167 -121.669775     4.229       45.1     1570.5      634.2   1161.9   1225.1    154.7 1988  2 25 10  0 17.780 0.9   1
   120788  37.302885 -121.669670     3.570       55.1     1428.6      -25.3   1155.0   1210.8     91.8 1988  7 23 10 42 21.740 1.5   1
   126189  37.300476 -121.671639     3.742     -119.4     1161.2      147.0   1134.7   1190.9     70.8 1988 11  2  3  9 12.610 1.9   1
   126292  37.300850 -121.667391     3.405      256.8     1202.4     -190.1   1149.0   1174.7    143.6 1988 11  3  1 30  4.280 1.7   1
   126389  37.299841 -121.668245     3.496      181.4     1090.4      -99.1   1141.5   1162.1    168.8 1988 11  4 13 34 34.720 1.9   1
   148939  37.300842 -121.667619     3.542      236.8     1201.6      -53.0   1145.2   1172.9    145.8 1989 12 13  5 33 46.080 1.6   1
   158154  37.303878 -121.670646     3.395      -32.1     1538.7     -200.3   1158.1   1219.2    162.0 1990  5 23 11 11 37.580 1.0   1
   160503  37.301729 -121.667391     3.450      256.8     1300.1     -145.4   1155.3   1181.4    139.9 1990  7  5 20  4 42.800 1.7   1
   205031  37.301648 -121.668726     3.317      138.6     1290.9     -277.9   1155.7   1175.8    142.1 1991  1 20  5  0 30.930 1.2   1
   215747  37.300216 -121.667716     3.548      228.2     1132.2      -46.9   1148.9   1179.0    117.7 1991  5 29  9 45 22.620 1.8   1
   227435  37.300549 -121.668677     3.414      142.8     1169.4     -181.1   1152.1   1181.1    122.6 1991  8 10 17  6  5.760 1.2   1
   238704  37.301265 -121.667904     3.494      211.5     1248.8     -101.4   1153.9   1181.5    116.1 1991 12  3  5 24 24.980 2.0   1
   238790  37.300879 -121.667871     3.558      214.5     1205.6      -36.7   1152.2   1181.0    117.3 1991 12  4  0  8 49.550 1.9   1
   261841  37.303040 -121.669751     3.526       47.8     1445.6      -69.1   1156.9   1183.6    147.3 1992  4  6  9 39 49.410 0.9   1
   312743  37.301794 -121.669824     3.553       40.9     1307.3      -42.0   1151.2   1177.6    112.8 1992  8 29 17  4 29.020 1.6   1
   314921  37.299650 -121.667415     3.777      254.5     1069.3      181.8   1140.3   1177.6    124.7 1992  9 11  1 22 13.650 1.1   1
   331635  37.302144 -121.669824     3.405       41.2     1346.0     -190.1   1158.2   1180.2    127.0 1993  1 10 22 13  9.440 1.2   1
   389286  37.299939 -121.667993     3.452      203.4     1101.3     -143.3   1142.3   1174.7    127.8 1993 12 20 22 35  7.800 1.8   1
   399980  37.301461 -121.669189     3.347       97.3     1270.4     -247.9   1151.5   1174.9    136.7 1994  4  6  4 11 34.960 1.4   1
 30062741  37.301184 -121.668465     3.390      161.7     1239.6     -204.9   1148.2   1173.7    133.1 1994 11 16 16 50 58.150 2.0   1
 30062748  37.301314 -121.667969     3.498      205.5     1254.0      -96.8   1156.9   1185.4    121.1 1994 11 16 18  3 42.360 1.3   1
 30069218  37.300891 -121.667603     3.712      238.0     1207.3      117.1   1149.1   1203.0     98.0 1995  3  3  9 38 49.200 1.2   1
 30069222  37.300688 -121.667505     3.569      246.8     1184.4      -26.1   1150.4   1181.2    121.4 1995  3  3 12 30 15.850 1.8   1
 30069457  37.301001 -121.667871     3.394      214.3     1219.3     -201.3   1153.1   1179.0    140.9 1995  3  7 13 19 41.960 1.3   1
 30092060  37.300798 -121.667651     3.467      233.7     1196.8     -128.1   1149.2   1177.4    130.5 1995 12 15 18 53 39.820 1.8   1
