    81017  37.304236 -121.670044     3.746       21.8     1578.4      151.1     19.3     26.4     56.4 1986  9  2  7 24 15.870 0.8   1
    82606  37.301685 -121.669775     3.223       45.7     1295.2     -371.8     98.4    161.6    476.6 1986  9 15 20 17 49.920 2.7   1
    83805  37.302132 -121.669157     3.478      100.1     1344.8     -117.1     15.2     14.1     30.1 1986  9 25 12  1 52.830 1.4   1
    88698  37.304610 -121.669808     3.345       42.7     1620.0     -249.7     18.6     19.7    159.0 1986 11 25 13  0 35.660 1.0   1
   101361  37.300859 -121.668302     3.462      176.3     1203.7     -133.4      9.8     11.5     27.6 1987  6  3  6 56  7.740 1.9   1
   101362  37.300208 -121.667757     3.450      224.1     1131.3     -144.8      9.4      9.9     26.1 1987  6  3  6 58 51.320 1.7   1
   103138  37.300513 -121.668091     3.463      194.8     1165.2     -132.1      9.3     10.1     25.6 1987  7 14 19  2 57.020 1.7   1
   110939  37.300793 -121.669539     3.454       66.0     1196.1     -141.4     26.6     20.2     64.1 1988  1 15  1 56 42.310 1.4   1
   112868  37.304610 -121.669686     3.324       53.3     1620.0     -270.8     17.6     19.1    139.2 1988  2 25 10  0 17.780 0.9   1
   120788  37.302116 -121.669059     3.498      109.0     1343.1      -97.5     22.5     15.4     46.9 1988  7 23 10 42 21.740 1.5   1
   126189  37.300936 -121.668750     3.551      136.6     1211.9      -43.8     11.8     11.0     32.5 1988 11  2  3  9 12.610 1.9   1
   126292  37.300224 -121.667985     3.492      204.4     1133.0     -103.4      9.2      9.8     25.8 1988 11  3  1 30  4.280 1.7   1
   126389  37.300183 -121.667855     3.493      215.9     1128.3     -101.6      9.5     10.4     26.1 1988 11  4 13 34 34.720 1.9   1
   148939  37.300342 -121.667863     3.499      215.3     1146.0      -95.8      9.1      9.5     24.5 1989 12 13  5 33 46.080 1.6   1
   158154  37.304329 -121.670068     3.810       19.7     1588.7      215.1     16.2     26.9     46.2 1990  5 23 11 11 37.580 1.0   1
   160503  37.300830 -121.668384     3.517      168.7     1200.2      -78.1      9.2     12.3     25.7 1990  7  5 20  4 42.800 1.7   1
   205031  37.300728 -121.669214     3.392       95.0     1188.9     -202.6     28.5     22.3     74.4 1991  1 20  5  0 30.930 1.2   1
   215747  37.300366 -121.667839     3.493      217.2     1148.7     -102.3      9.0      9.7     25.0 1991  5 29  9 45 22.620 1.8   1
   227435  37.300859 -121.669548     3.470       65.9     1203.6     -124.6     25.6     20.3     62.1 1991  8 10 17  6  5.760 1.2   1
   238704  37.301013 -121.668636     3.531      146.5     1220.5      -64.1     10.1     11.5     28.2 1991 12  3  5 24 24.980 2.0   1
   238790  37.300578 -121.668132     3.510      191.1     1172.2      -85.0      8.9     10.2     26.1 1991 12  4  0  8 49.550 1.9   1
   261841  37.303418 -121.669930     3.494       31.7     1487.5     -101.0     19.0     16.4     38.9 1992  4  6  9 39 49.410 0.9   1
   312743  37.304134 -121.668856     4.172      126.7     1567.0      577.3     20.4     52.4    145.9 1992  8 29 17  4 29.020 1.6   1
   314921  37.300899 -121.667611     3.734      237.5     1207.8      139.3     10.1     32.3     93.6 1992  9 11  1 22 13.650 1.1   1
   331635  37.303158 -121.670190     3.486        8.5     1458.7     -109.5     18.8     16.0     39.8 1993  1 10 22 13  9.440 1.2   1
   389286  37.300260 -121.667863     3.507      214.8     1137.2      -88.5      9.0      9.7     25.5 1993 12 20 22 35  7.800 1.8   1
   399980  37.301066 -121.669507     3.537       69.4     1226.5      -58.0     25.8     19.9     59.9 1994  4  6  4 11 34.960 1.4   1
 30062741  37.300989 -121.668465     3.591      161.4     1218.1       -3.7      9.3     12.1     27.6 1994 11 16 16 50 58.150 2.0   1
 30062748  37.301339 -121.668840     3.579      128.2     1256.6      -16.0     10.1     15.1     29.6 1994 11 16 18  3 42.360 1.3   1
 30069218  37.300708 -121.667464     3.633      250.1     1187.0       37.7     10.1     32.0     89.8 1995  3  3  9 38 49.200 1.2   1
 30069222  37.300452 -121.667570     3.575      241.0     1158.2      -20.0      9.7      9.9     25.7 1995  3  3 12 30 15.850 1.8   1
 30069457  37.300330 -121.667643     3.571      234.8     1144.8      -24.5      9.5     10.2     26.6 1995  3  7 13 19 41.960 1.3   1
 30092060  37.300517 -121.667928     3.526      209.4     1165.6      -69.4      9.0      9.9     26.1 1995 12 15 18 53 39.820 1.8   1
