    81017  37.303215 -121.670646     3.531      -31.8     1465.0      -64.2     18.4     24.5     23.8 1986  9  2  7 24 15.870 0.8   1
    82606  37.302922 -121.669653     3.488       56.5     1432.5     -107.4     16.9     16.6     24.8 1986  9 15 20 17 49.920 2.7   1
    83805  37.302319 -121.669295     3.489       87.9     1365.6     -105.6     14.5     13.6     20.3 1986  9 25 12  1 52.830 1.4   1
    88698  37.303056 -121.669661     4.340       55.4     1447.4      745.2     25.1     26.6     74.0 1986 11 25 13  0 35.660 1.0   1
   101361  37.301518 -121.667952     3.521      206.8     1276.5      -74.3     17.5     16.4     24.5 1987  6  3  6 56  7.740 1.9   1
   101362  37.300602 -121.667847     3.417      216.8     1175.3     -178.2     16.5     14.7     22.6 1987  6  3  6 58 51.320 1.7   1
   103138  37.300724 -121.668197     3.454      185.2     1188.7     -141.3     14.0     12.4     19.4 1987  7 14 19  2 57.020 1.7   1
   110939  37.301672 -121.669425     3.253       76.4     1294.0     -341.9     19.3     17.4     27.7 1988  1 15  1 56 42.310 1.4   1
   112868  37.304041 -121.669840     4.388       40.0     1556.7      792.6     19.7     20.6     45.1 1988  2 25 10  0 17.780 0.9   1
   120788  37.301860 -121.669621     3.487       59.0     1314.4     -107.9     17.4     14.9     21.9 1988  7 23 10 42 21.740 1.5   1
   126189  37.300680 -121.668970     3.527      116.6     1183.6      -67.6     17.9     15.2     23.6 1988 11  2  3  9 12.610 1.9   1
   126292  37.300964 -121.667603     3.390      238.0     1215.0     -205.2     13.5     15.4     19.0 1988 11  3  1 30  4.280 1.7   1
   126389  37.300134 -121.668294     3.532      177.0     1123.0      -63.2     16.0     15.6     22.7 1988 11  4 13 34 34.720 1.9   1
   148939  37.300960 -121.667546     3.516      242.8     1214.8      -78.9     17.6     18.9     27.4 1989 12 13  5 33 46.080 1.6   1
   158154  37.303019 -121.670622     3.644      -29.4     1443.4       48.6     18.7     22.2     30.4 1990  5 23 11 11 37.580 1.0   1
   160503  37.301497 -121.668123     3.549      191.6     1274.3      -46.1     13.8     15.5     18.7 1990  7  5 20  4 42.800 1.7   1
   205031  37.301864 -121.668270     3.288      179.1     1315.3     -307.1     20.2     14.0     22.3 1991  1 20  5  0 30.930 1.2   1
   215747  37.300309 -121.667692     3.478      230.2     1142.3     -117.3     16.0     17.6     22.0 1991  5 29  9 45 22.620 1.8   1
   227435  37.301078 -121.669694     3.370       52.9     1227.7     -224.7     23.3     24.7     25.3 1991  8 10 17  6  5.760 1.2   1
   238704  37.301416 -121.667928     3.499      209.3     1265.4      -95.8     11.9     11.4     16.7 1991 12  3  5 24 24.980 2.0   1
   238790  37.301017 -121.667961     3.553      206.5     1221.2      -41.9     13.8     13.2     19.3 1991 12  4  0  8 49.550 1.9   1
   261841  37.303170 -121.669653     3.528       56.6     1460.1      -67.6     20.7     23.1     39.8 1992  4  6  9 39 49.410 0.9   1
   312743  37.302002 -121.669873     3.573       36.6     1330.3      -22.3     18.4     20.3     24.1 1992  8 29 17  4 29.020 1.6   1
   314921  37.299190 -121.667448     3.621      252.1     1018.2       25.8     17.1     15.1     26.3 1992  9 11  1 22 13.650 1.1   1
   331635  37.302075 -121.670996     3.461      -62.4     1338.4     -133.9     29.1     22.4     26.8 1993  1 10 22 13  9.440 1.2   1
   389286  37.300085 -121.667814     3.435      219.4     1117.9     -160.6     16.3     18.0     22.1 1993 12 20 22 35  7.800 1.8   1
   399980  37.301522 -121.669165     3.337       99.5     1276.9     -257.8     17.5     19.2     24.0 1994  4  6  4 11 34.960 1.4   1
 30062741  37.301424 -121.668709     3.383      139.6     1266.2     -211.9     15.1     13.1     20.5 1994 11 16 16 50 58.150 2.0   1
 30062748  37.301534 -121.668359     3.527      171.3     1278.3      -67.7     24.3     24.8     23.8 1994 11 16 18  3 42.360 1.3   1
 30069218  37.300427 -121.667611     3.691      237.2     1155.6       96.1     17.2     21.3     25.6 1995  3  3  9 38 49.200 1.2   1
 30069222  37.300818 -121.667611     3.542      237.2     1199.2      -52.6     17.1     17.9     22.5 1995  3  3 12 30 15.850 1.8   1
 30069457  37.301420 -121.667448     3.367      251.9     1265.6     -228.3     27.1     22.2     28.1 1995  3  7 13 19 41.960 1.3   1
 30092060  37.300879 -121.667822     3.428      218.4     1205.8     -167.2     14.0     15.5     18.9 1995 12 15 18 53 39.820 1.8   1
