    23190  37.692806 -122.253320     1.737   -51561.6    44703.0    -1858.2  35397.7  36898.6   2899.7 1984  7 17 16 24 49.440 1.9   1
    81017  37.280143 -121.654142     3.862     1431.6    -1095.7      266.5   1076.6   1106.4    144.8 1986  9  2  7 24 15.870 0.8   1
    82606  37.279451 -121.652987     3.591     1534.6    -1172.3       -3.9   1079.1   1146.5    158.8 1986  9 15 20 17 49.920 2.7   1
    83805  37.278707 -121.652848     3.711     1546.5    -1255.2      115.7   1073.3   1113.4    116.7 1986  9 25 12  1 52.830 1.4   1
    88698  37.278337 -121.653158     4.331     1518.9    -1296.0      736.3   1091.8   1165.9    213.3 1986 11 25 13  0 35.660 1.0   1
   101361  37.278076 -121.651489     3.396     1667.0    -1324.7     -199.6   1077.7   1149.2    138.1 1987  6  3  6 56  7.740 1.9   1
   101362  37.276599 -121.652108     3.655     1612.4    -1489.0       59.5   1073.8   1125.3     83.5 1987  6  3  6 58 51.320 1.7   1
   103138  37.276876 -121.652002     3.610     1621.6    -1458.0       14.7   1067.4   1114.5    102.2 1987  7 14 19  2 57.020 1.7   1
   110939  37.278931 -121.653678     3.771     1472.8    -1230.2      175.6   1068.3   1081.3    197.1 1988  1 15  1 56 42.310 1.4   1
   112868  37.279525 -121.653255     4.469     1510.2    -1164.0      873.7   1086.6   1153.1    155.6 1988  2 25 10  0 17.780 0.9   1
   120788  37.278373 -121.653459     3.805     1492.2    -1292.1      209.8   1077.0   1110.9    107.9 1988  7 23 10 42 21.740 1.5   1
   126189  37.275981 -121.655436     3.828     1317.1    -1557.7      232.7   1075.4   1128.3     83.9 1988 11  2  3  9 12.610 1.9   1
   126292  37.277096 -121.651416     3.568     1673.7    -1433.8      -27.3   1066.1   1116.1     94.1 1988 11  3  1 30  4.280 1.7   1
   126389  37.276534 -121.652271     3.389     1598.1    -1496.2     -205.8   1071.4   1144.3    136.9 1988 11  4 13 34 34.720 1.9   1
   148939  37.276506 -121.651693     3.557     1649.4    -1499.3      -37.8   1071.8   1135.8    109.8 1989 12 13  5 33 46.080 1.6   1
   158154  37.279810 -121.654199     4.027     1426.6    -1132.6      432.0   1075.6   1100.5    162.5 1990  5 23 11 11 37.580 1.0   1
   160503  37.278044 -121.651001     3.648     1710.1    -1328.5       52.7   1081.5   1124.4     96.9 1990  7  5 20  4 42.800 1.7   1
   205031  37.278483 -121.652116     3.634     1611.7    -1279.9       38.7   1069.0   1099.7    159.8 1991  1 20  5  0 30.930 1.2   1
   215747  37.276322 -121.651571     3.663     1659.7    -1519.5       68.4   1073.6   1128.2     83.6 1991  5 29  9 45 22.620 1.8   1
   227435  37.277283 -121.652091     3.682     1613.5    -1413.2       86.9   1073.8   1106.7    149.0 1991  8 10 17  6  5.760 1.2   1
   238704  37.277677 -121.651750     3.705     1644.0    -1369.2      110.0   1066.0   1111.6     97.1 1991 12  3  5 24 24.980 2.0   1
   238790  37.277051 -121.651587     3.686     1658.4    -1438.6       90.7   1076.6   1125.2     85.6 1991 12  4  0  8 49.550 1.9   1
   261841  37.279069 -121.653491     3.789     1489.4    -1214.6      193.4   1075.1   1093.8    226.3 1992  4  6  9 39 49.410 0.9   1
   312743  37.278019 -121.653784     3.712     1463.4    -1331.3      116.9   1076.7   1115.8    169.2 1992  8 29 17  4 29.020 1.6   1
   314921  37.275057 -121.651400     3.618     1675.3    -1660.0       22.9   1073.7   1131.8    109.9 1992  9 11  1 22 13.650 1.1   1
   331635  37.279065 -121.653255     3.743     1510.7    -1215.3      147.8   1078.1   1102.7    163.8 1993  1 10 22 13  9.440 1.2   1
   389286  37.276164 -121.652100     3.580     1613.2    -1537.1      -15.2   1069.8   1112.3    128.2 1993 12 20 22 35  7.800 1.8   1
   399980  37.278109 -121.652840     3.617     1547.2    -1321.5       21.4   1070.7   1104.2    134.5 1994  4  6  4 11 34.960 1.4   1
 30062741  37.277681 -121.652401     3.610     1586.2    -1368.8       14.5   1068.8   1111.4    109.0 1994 11 16 16 50 58.150 2.0   1
 30062748  37.277852 -121.651831     3.734     1637.0    -1350.0      138.7   1074.3   1111.8    143.0 1994 11 16 18  3 42.360 1.3   1
 30069218  37.276286 -121.651815     3.793     1638.0    -1523.5      198.3   1069.3   1121.5    114.3 1995  3  3  9 38 49.200 1.2   1
 30069222  37.276766 -121.651473     3.678     1668.6    -1470.4       82.9   1073.1   1130.3     87.7 1995  3  3 12 30 15.850 1.8   1
 30069457  37.277515 -121.651750     3.629     1643.8    -1387.1       34.4   1070.4   1104.2    169.6 1995  3  7 13 19 41.960 1.3   1
 30092060  37.276998 -121.651473     3.615     1668.6    -1444.5       19.6   1075.1   1124.2     91.6 1995 12 15 18 53 39.820 1.8   1
