    81017  37.303060 -121.670492     3.537      -18.1     1447.8      -57.9     15.2     19.2     19.4 1986  9  2  7 24 15.870 0.8   1
    82606  37.302950 -121.669588     3.497       61.7     1435.7      -98.3     14.0     13.5     20.1 1986  9 15 20 17 49.920 2.7   1
    83805  37.302311 -121.669336     3.489       84.5     1364.5     -105.7     11.9     11.0     16.4 1986  9 25 12  1 52.830 1.4   1
    88698  37.303056 -121.669645     4.342       57.2     1447.3      746.5     20.7     21.5     59.3 1986 11 25 13  0 35.660 1.0   1
   101361  37.301493 -121.667952     3.516      206.8     1274.0      -78.7     14.6     13.3     19.9 1987  6  3  6 56  7.740 1.9   1
   101362  37.300732 -121.667586     3.421      239.4     1189.6     -174.0     13.8     12.0     18.2 1987  6  3  6 58 51.320 1.7   1
   103138  37.300724 -121.668245     3.451      181.2     1188.4     -143.9     11.6     10.0     15.7 1987  7 14 19  2 57.020 1.7   1
   110939  37.301668 -121.669491     3.250       71.0     1293.5     -344.7     15.8     14.0     22.5 1988  1 15  1 56 42.310 1.4   1
   112868  37.304032 -121.669865     4.391       37.7     1555.9      795.9     16.2     16.6     36.0 1988  2 25 10  0 17.780 0.9   1
   120788  37.301864 -121.669604     3.493       60.4     1315.2     -102.3     14.2     11.9     17.7 1988  7 23 10 42 21.740 1.5   1
   126189  37.300720 -121.668848     3.520      127.5     1188.3      -75.2     14.2     12.2     18.7 1988 11  2  3  9 12.610 1.9   1
   126292  37.300981 -121.667635     3.386      235.5     1217.1     -208.7     11.0     12.4     15.3 1988 11  3  1 30  4.280 1.7   1
   126389  37.300134 -121.668270     3.527      178.6     1123.3      -68.1     13.0     12.5     18.4 1988 11  4 13 34 34.720 1.9   1
   148939  37.300944 -121.667391     3.491      256.8     1213.2     -103.9     14.6     15.3     22.9 1989 12 13  5 33 46.080 1.6   1
   158154  37.303015 -121.670671     3.640      -33.9     1442.9       45.1     15.2     17.8     24.6 1990  5 23 11 11 37.580 1.0   1
   160503  37.301355 -121.668441     3.551      163.7     1258.8      -44.4     11.1     12.4     14.8 1990  7  5 20  4 42.800 1.7   1
   205031  37.301839 -121.668327     3.285      173.6     1312.2     -309.7     17.0     11.4     18.0 1991  1 20  5  0 30.930 1.2   1
   215747  37.300342 -121.667668     3.481      232.1     1146.1     -114.6     13.2     14.2     17.8 1991  5 29  9 45 22.620 1.8   1
   227435  37.301062 -121.669702     3.372       51.8     1226.3     -222.9     18.8     19.8     20.4 1991  8 10 17  6  5.760 1.2   1
   238704  37.301416 -121.667912     3.501      210.7     1265.4      -94.3      9.8      9.2     13.5 1991 12  3  5 24 24.980 2.0   1
   238790  37.301013 -121.668009     3.550      202.2     1220.5      -45.5     11.3     10.7     15.6 1991 12  4  0  8 49.550 1.9   1
   261841  37.303202 -121.669621     3.534       59.3     1463.8      -60.8     16.8     18.7     32.5 1992  4  6  9 39 49.410 0.9   1
   312743  37.302030 -121.669824     3.582       41.0     1333.5      -13.5     15.2     16.5     19.6 1992  8 29 17  4 29.020 1.6   1
   314921  37.299182 -121.667448     3.623      251.9     1017.5       28.3     13.8     12.2     21.1 1992  9 11  1 22 13.650 1.1   1
   331635  37.302002 -121.671200     3.461      -80.8     1330.2     -134.4     23.7     18.1     21.5 1993  1 10 22 13  9.440 1.2   1
   389286  37.300138 -121.667684     3.446      230.8     1123.6     -149.1     13.4     14.5     17.8 1993 12 20 22 35  7.800 1.8   1
   399980  37.301506 -121.669181     3.339       98.1     1275.3     -256.2     14.2     15.4     19.4 1994  4  6  4 11 34.960 1.4   1
 30062741  37.301538 -121.668717     3.369      139.1     1278.8     -225.6     12.2     10.6     16.8 1994 11 16 16 50 58.150 2.0   1
 30062748  37.301506 -121.668481     3.529      160.4     1275.4      -66.4     20.3     20.0     19.3 1994 11 16 18  3 42.360 1.3   1
 30069218  37.300431 -121.667562     3.689      241.4     1156.3       93.6     14.0     17.1     20.6 1995  3  3  9 38 49.200 1.2   1
 30069222  37.300834 -121.667627     3.546      236.3     1200.9      -49.1     13.9     14.4     18.1 1995  3  3 12 30 15.850 1.8   1
 30069457  37.301408 -121.667521     3.366      245.2     1264.5     -229.0     22.2     17.9     22.8 1995  3  7 13 19 41.960 1.3   1
 30092060  37.300907 -121.667798     3.433      220.7     1208.8     -162.4     11.5     12.5     15.3 1995 12 15 18 53 39.820 1.8   1
