    81017  37.302865 -121.670475     3.548      -16.8     1426.0      -47.3     24.2     23.9     31.2 1986  9  2  7 24 15.870 0.8   1
    82606  37.302861 -121.669596     3.428       61.3     1425.7     -167.2    308.2    316.9    392.8 1986  9 15 20 17 49.920 2.7   1
    83805  37.302193 -121.669385     3.532       80.1     1351.8      -62.9     24.1     21.7     25.7 1986  9 25 12  1 52.830 1.4   1
    88698  37.302897 -121.670459     3.564      -15.0     1429.7      -31.0     24.3     22.5     25.2 1986 11 25 13  0 35.660 1.0   1
   101361  37.301245 -121.668587     3.546      150.6     1246.2      -48.8     18.3     17.5     19.6 1987  6  3  6 56  7.740 1.9   1
   101362  37.300578 -121.668042     3.539      199.2     1172.5      -56.4     18.1     17.1     17.6 1987  6  3  6 58 51.320 1.7   1
   103138  37.300883 -121.668376     3.549      169.2     1206.1      -46.1     18.1     17.1     17.5 1987  7 14 19  2 57.020 1.7   1
   110939  37.301200 -121.669938     3.515       31.0     1241.2      -80.1     34.6     22.3     67.5 1988  1 15  1 56 42.310 1.4   1
   112868  37.302865 -121.670280     3.511        0.9     1426.2      -84.5     24.0     22.2     22.1 1988  2 25 10  0 17.780 0.9   1
   120788  37.302173 -121.669271     3.533       90.5     1349.2      -61.9     26.4     21.9     34.3 1988  7 23 10 42 21.740 1.5   1
   126189  37.301204 -121.668587     3.542      150.8     1242.0      -53.6     19.1     17.4     22.3 1988 11  2  3  9 12.610 1.9   1
   126292  37.300562 -121.668221     3.562      183.4     1170.7      -32.6     18.0     17.1     16.8 1988 11  3  1 30  4.280 1.7   1
   126389  37.300517 -121.668075     3.569      196.5     1165.5      -25.6     17.9     17.9     18.3 1988 11  4 13 34 34.720 1.9   1
   148939  37.300505 -121.667448     3.419      251.7     1164.3     -176.0     18.0     17.2     17.6 1989 12 13  5 33 46.080 1.6   1
   158154  37.302852 -121.670369     3.584       -7.2     1424.9      -10.8     23.5     24.0     24.2 1990  5 23 11 11 37.580 1.0   1
   160503  37.301017 -121.668009     3.437      201.8     1221.0     -157.9     18.2     18.1     20.0 1990  7  5 20  4 42.800 1.7   1
   205031  37.301017 -121.669181     3.360       98.4     1221.3     -235.1     33.7     22.8     68.7 1991  1 20  5  0 30.930 1.2   1
   215747  37.300537 -121.667448     3.416      251.5     1167.6     -179.0     18.0     17.2     17.6 1991  5 29  9 45 22.620 1.8   1
   227435  37.301082 -121.669263     3.383       90.6     1228.5     -212.3     33.2     22.1     65.2 1991  8 10 17  6  5.760 1.2   1
   238704  37.301180 -121.668245     3.452      181.2     1239.3     -142.8     18.5     17.4     20.2 1991 12  3  5 24 24.980 2.0   1
   238790  37.300757 -121.667773     3.437      223.0     1192.1     -158.2     18.0     17.2     17.7 1991 12  4  0  8 49.550 1.9   1
   261841  37.302771 -121.670231     3.547        5.2     1415.6      -47.6     24.3     22.1     24.9 1992  4  6  9 39 49.410 0.9   1
   312743  37.301904 -121.669832     3.610       40.6     1319.5       14.4    350.7    417.2    399.7 1992  8 29 17  4 29.020 1.6   1
   314921  37.301481 -121.667334     3.819      262.2     1272.7      223.6     18.9     35.5     91.9 1992  9 11  1 22 13.650 1.1   1
   331635  37.302555 -121.670378     3.534       -7.9     1391.9      -60.6     25.0     22.1     28.4 1993  1 10 22 13  9.440 1.2   1
   389286  37.300431 -121.667464     3.428      250.3     1156.3     -166.9     18.0     17.2     17.7 1993 12 20 22 35  7.800 1.8   1
   399980  37.301302 -121.669255     3.457       91.6     1252.7     -138.4     33.3     21.9     63.9 1994  4  6  4 11 34.960 1.4   1
 30062741  37.301737 -121.668132     3.785      191.4     1300.9      189.5     18.4     28.6     69.4 1994 11 16 16 50 58.150 2.0   1
 30062748  37.301973 -121.668490     3.753      159.7     1327.0      157.7     19.4     39.6    101.7 1994 11 16 18  3 42.360 1.3   1
 30069218  37.301282 -121.667187     3.712      274.9     1250.4      116.5     18.3     28.6     68.5 1995  3  3  9 38 49.200 1.2   1
 30069222  37.301392 -121.667212     3.778      273.1     1262.9      182.6     18.5     29.0     68.5 1995  3  3 12 30 15.850 1.8   1
 30069457  37.300541 -121.667285     3.512      266.3     1168.2      -83.5     18.0     17.4     17.8 1995  3  7 13 19 41.960 1.3   1
 30092060  37.300692 -121.667537     3.451      243.8     1185.1     -144.1     18.0     17.2     17.3 1995 12 15 18 53 39.820 1.8   1
