    81017  37.302979 -121.670239     3.508        4.0     1438.6      -86.9     17.9     21.7     50.7 1986  9  2  7 24 15.870 0.8   1
    82606  37.301652 -121.669816     3.135       41.8     1291.5     -459.9     89.0    146.5    436.6 1986  9 15 20 17 49.920 2.7   1
    83805  37.302262 -121.669198     3.465       96.7     1359.3     -129.8     13.2     12.9     27.8 1986  9 25 12  1 52.830 1.4   1
    88698  37.303015 -121.670223     3.532        5.7     1442.7      -63.6     17.8     16.8     38.7 1986 11 25 13  0 35.660 1.0   1
   101361  37.301074 -121.668229     3.442      182.5     1227.6     -152.8      9.3     10.4     23.4 1987  6  3  6 56  7.740 1.9   1
   101362  37.300423 -121.667692     3.431      230.5     1155.1     -164.1      9.0      8.8     21.3 1987  6  3  6 58 51.320 1.7   1
   103138  37.300728 -121.668009     3.444      201.8     1188.9     -150.8      8.9      9.0     21.0 1987  7 14 19  2 57.020 1.7   1
   110939  37.300997 -121.669531     3.439       67.2     1218.6     -155.8     25.2     18.7     57.6 1988  1 15  1 56 42.310 1.4   1
   112868  37.302983 -121.670052     3.486       20.7     1439.1     -109.6     16.5     14.9     32.5 1988  2 25 10  0 17.780 0.9   1
   120788  37.302291 -121.669189     3.503       97.4     1362.2      -92.4     18.6     13.8     40.7 1988  7 23 10 42 21.740 1.5   1
   126189  37.301147 -121.668660     3.528      144.2     1235.4      -66.8     11.3      9.9     28.0 1988 11  2  3  9 12.610 1.9   1
   126292  37.300435 -121.667904     3.471      211.1     1156.7     -123.6      8.8      8.8     20.6 1988 11  3  1 30  4.280 1.7   1
   126389  37.300399 -121.667782     3.476      222.4     1152.3     -119.0      9.0      9.4     21.8 1988 11  4 13 34 34.720 1.9   1
   148939  37.300557 -121.667798     3.480      221.2     1169.9     -115.2      8.7      8.5     19.6 1989 12 13  5 33 46.080 1.6   1
   158154  37.303215 -121.670288     3.602        0.1     1464.9        6.5     14.6     21.9     38.9 1990  5 23 11 11 37.580 1.0   1
   160503  37.301050 -121.668319     3.498      174.6     1224.6      -97.0      8.8     11.1     21.2 1990  7  5 20  4 42.800 1.7   1
   205031  37.300936 -121.669198     3.381       96.7     1212.0     -214.1     27.1     20.6     68.4 1991  1 20  5  0 30.930 1.2   1
   215747  37.300578 -121.667765     3.474      223.8     1172.5     -121.2      8.6      8.7     20.1 1991  5 29  9 45 22.620 1.8   1
   227435  37.301070 -121.669531     3.461       67.3     1226.9     -134.4     24.3     18.8     56.6 1991  8 10 17  6  5.760 1.2   1
   238704  37.301229 -121.668571     3.512      152.1     1244.4      -82.9      9.6     10.3     23.5 1991 12  3  5 24 24.980 2.0   1
   238790  37.300793 -121.668058     3.490      197.7     1196.4     -104.6      8.6      9.0     21.4 1991 12  4  0  8 49.550 1.9   1
   261841  37.302954 -121.670068     3.518       19.4     1436.1      -76.7     17.6     15.2     38.7 1992  4  6  9 39 49.410 0.9   1
   312743  37.303719 -121.669076     4.210      107.7     1520.8      614.6     13.1     16.2    301.5 1992  8 29 17  4 29.020 1.6   1
   314921  37.301302 -121.667537     3.774      244.2     1252.8      179.0      9.7     31.8     88.8 1992  9 11  1 22 13.650 1.1   1
   331635  37.302714 -121.670085     3.481       17.7     1409.4     -114.3     17.3     14.5     37.4 1993  1 10 22 13  9.440 1.2   1
   389286  37.300480 -121.667790     3.488      221.3     1161.4     -107.3      8.7      8.7     20.7 1993 12 20 22 35  7.800 1.8   1
   399980  37.301270 -121.669491     3.524       70.8     1249.3      -71.0     24.5     18.3     53.5 1994  4  6  4 11 34.960 1.4   1
 30062741  37.301628 -121.668327     3.704      174.1     1288.9      109.0      9.6     26.8     72.4 1994 11 16 16 50 58.150 2.0   1
 30062748  37.301900 -121.668701     3.675      140.5     1319.3       80.3     10.7     34.2     92.8 1994 11 16 18  3 42.360 1.3   1
 30069218  37.301147 -121.667383     3.688      257.5     1235.6       93.3      9.6     29.9     83.2 1995  3  3  9 38 49.200 1.2   1
 30069222  37.301213 -121.667424     3.730      254.0     1242.6      135.3      9.6     27.0     73.4 1995  3  3 12 30 15.850 1.8   1
 30069457  37.300553 -121.667570     3.550      240.8     1169.4      -45.2      9.1      9.3     21.8 1995  3  7 13 19 41.960 1.3   1
 30092060  37.300732 -121.667855     3.506      216.1     1189.4      -89.4      8.7      8.8     21.0 1995 12 15 18 53 39.820 1.8   1
