    81017  37.302987 -121.670312     3.520       -2.5     1439.6      -75.5      8.9     15.4     28.8 1986  9  2  7 24 15.870 0.8   1
    82606  37.301770 -121.669645     3.140       57.4     1304.7     -455.5    116.7    228.6    752.8 1986  9 15 20 17 49.920 2.7   1
    83805  37.302271 -121.669238     3.483       92.8     1360.4     -111.7     10.8     20.3     22.8 1986  9 25 12  1 52.830 1.4   1
    88698  37.303031 -121.670296     3.544       -0.8     1444.5      -50.7     12.3     18.7     29.2 1986 11 25 13  0 35.660 1.0   1
   101361  37.301127 -121.668311     3.482      175.2     1233.1     -113.3      8.7     19.8     20.6 1987  6  3  6 56  7.740 1.9   1
   101362  37.300509 -121.667904     3.500      211.5     1164.4      -94.6      8.4     19.3     19.7 1987  6  3  6 58 51.320 1.7   1
   103138  37.300789 -121.668164     3.496      188.2     1195.8      -99.0      8.2     19.4     18.6 1987  7 14 19  2 57.020 1.7   1
   110939  37.301115 -121.669897     3.531       34.4     1232.0      -64.3     22.4     22.1     50.3 1988  1 15  1 56 42.310 1.4   1
   112868  37.303011 -121.670117     3.493       15.2     1442.3     -102.3     11.4     18.3     24.7 1988  2 25 10  0 17.780 0.9   1
   120788  37.302291 -121.669198     3.509       96.5     1362.4      -86.0     14.7     20.7     32.2 1988  7 23 10 42 21.740 1.5   1
   126189  37.301119 -121.668481     3.510      160.0     1232.5      -84.7     10.1     19.5     23.3 1988 11  2  3  9 12.610 1.9   1
   126292  37.300488 -121.668034     3.518      199.8     1162.3      -76.9      8.2     19.3     18.5 1988 11  3  1 30  4.280 1.7   1
   126389  37.300423 -121.667887     3.512      213.0     1155.0      -83.4      8.2     19.6     18.8 1988 11  4 13 34 34.720 1.9   1
   148939  37.300500 -121.667643     3.453      234.5     1163.9     -142.4      7.8     19.2     16.6 1989 12 13  5 33 46.080 1.6   1
   158154  37.303109 -121.670321     3.589       -2.6     1453.2       -6.3     10.7     20.6     30.4 1990  5 23 11 11 37.580 1.0   1
   160503  37.300985 -121.668188     3.473      186.2     1217.4     -122.2      7.9     20.0     18.1 1990  7  5 20  4 42.800 1.7   1
   205031  37.300956 -121.669271     3.401       89.9     1214.1     -194.6     22.7     22.9     55.4 1991  1 20  5  0 30.930 1.2   1
   215747  37.300549 -121.667660     3.458      233.1     1169.1     -137.1      7.6     19.3     16.8 1991  5 29  9 45 22.620 1.8   1
   227435  37.301029 -121.669425     3.437       76.5     1222.6     -158.3     20.5     21.9     46.9 1991  8 10 17  6  5.760 1.2   1
   238704  37.301188 -121.668522     3.500      156.5     1240.2      -94.6      8.6     19.7     19.7 1991 12  3  5 24 24.980 2.0   1
   238790  37.300753 -121.667936     3.470      208.4     1191.8     -125.0      7.6     19.4     17.9 1991 12  4  0  8 49.550 1.9   1
   261841  37.302938 -121.670109     3.525       16.1     1434.4      -70.6     12.3     18.6     29.9 1992  4  6  9 39 49.410 0.9   1
   312743  37.303707 -121.669100     4.274      105.6     1519.4      678.9     11.0     20.9    216.0 1992  8 29 17  4 29.020 1.6   1
   314921  37.301213 -121.667497     3.755      247.1     1242.6      160.3      8.2     31.6     72.9 1992  9 11  1 22 13.650 1.1   1
   331635  37.302710 -121.670199     3.500        8.3     1409.1      -95.4     14.6     18.4     30.9 1993  1 10 22 13  9.440 1.2   1
   389286  37.300435 -121.667668     3.467      232.4     1156.6     -128.1      7.6     19.3     17.2 1993 12 20 22 35  7.800 1.8   1
   399980  37.301249 -121.669434     3.512       75.7     1246.9      -82.6     20.6     21.8     44.1 1994  4  6  4 11 34.960 1.4   1
 30062741  37.301546 -121.668270     3.683      178.8     1279.7       88.1      8.1     28.6     57.9 1994 11 16 16 50 58.150 2.0   1
 30062748  37.301868 -121.668669     3.671      143.7     1315.5       75.7      8.9     33.4     74.0 1994 11 16 18  3 42.360 1.3   1
 30069218  37.301054 -121.667334     3.664      261.6     1225.2       69.2      8.0     30.4     66.5 1995  3  3  9 38 49.200 1.2   1
 30069222  37.301115 -121.667383     3.710      257.4     1232.1      114.6      8.1     28.7     58.5 1995  3  3 12 30 15.850 1.8   1
 30069457  37.300525 -121.667497     3.542      247.8     1166.4      -52.8      7.9     19.3     17.9 1995  3  7 13 19 41.960 1.3   1
 30092060  37.300696 -121.667733     3.489      226.3     1185.7     -105.9      7.6     19.4     17.4 1995 12 15 18 53 39.820 1.8   1
