    81017  37.303027 -121.670426     3.539      -12.4     1444.3      -56.5     14.4     17.5     18.1 1986  9  2  7 24 15.870 0.8   1
    82606  37.302966 -121.669572     3.502       63.6     1437.3      -93.4     13.2     12.6     18.8 1986  9 15 20 17 49.920 2.7   1
    83805  37.302299 -121.669352     3.489       82.9     1363.5     -106.4     11.1     10.3     15.3 1986  9 25 12  1 52.830 1.4   1
    88698  37.303056 -121.669653     4.344       56.2     1447.2      748.7     19.5     20.0     55.3 1986 11 25 13  0 35.660 1.0   1
   101361  37.301481 -121.667961     3.515      206.6     1272.7      -80.6     13.8     12.4     18.6 1987  6  3  6 56  7.740 1.9   1
   101362  37.300753 -121.667546     3.423      243.1     1191.8     -171.8     13.0     11.3     17.0 1987  6  3  6 58 51.320 1.7   1
   103138  37.300716 -121.668270     3.451      178.8     1187.8     -143.9     10.9      9.4     14.7 1987  7 14 19  2 57.020 1.7   1
   110939  37.301660 -121.669523     3.250       68.0     1292.7     -345.2     14.9     13.1     21.1 1988  1 15  1 56 42.310 1.4   1
   112868  37.304032 -121.669881     4.393       35.8     1555.6      798.1     15.2     15.5     33.5 1988  2 25 10  0 17.780 0.9   1
   120788  37.301868 -121.669604     3.495       60.5     1315.4     -100.1     13.3     11.1     16.5 1988  7 23 10 42 21.740 1.5   1
   126189  37.300732 -121.668840     3.521      128.7     1189.6      -73.9     13.4     11.3     17.4 1988 11  2  3  9 12.610 1.9   1
   126292  37.300985 -121.667635     3.386      234.9     1217.7     -209.5     10.3     11.5     14.3 1988 11  3  1 30  4.280 1.7   1
   126389  37.300134 -121.668278     3.525      178.1     1123.3      -70.2     12.2     11.7     17.2 1988 11  4 13 34 34.720 1.9   1
   148939  37.300928 -121.667326     3.479      262.9     1211.3     -115.6     13.7     14.3     21.7 1989 12 13  5 33 46.080 1.6   1
   158154  37.303015 -121.670679     3.639      -34.7     1443.0       44.4     14.2     16.5     22.9 1990  5 23 11 11 37.580 1.0   1
   160503  37.301359 -121.668473     3.551      161.2     1258.9      -43.7     10.4     11.6     13.8 1990  7  5 20  4 42.800 1.7   1
   205031  37.301823 -121.668359     3.285      170.8     1310.6     -310.4     16.0     10.7     16.8 1991  1 20  5  0 30.930 1.2   1
   215747  37.300350 -121.667668     3.482      232.0     1147.2     -112.9     12.4     13.2     16.7 1991  5 29  9 45 22.620 1.8   1
   227435  37.301066 -121.669694     3.372       52.4     1226.3     -222.7     17.5     18.5     19.0 1991  8 10 17  6  5.760 1.2   1
   238704  37.301416 -121.667912     3.501      210.6     1265.3      -93.6      9.2      8.5     12.6 1991 12  3  5 24 24.980 2.0   1
   238790  37.301005 -121.668034     3.549      200.0     1219.6      -46.4     10.7      9.9     14.6 1991 12  4  0  8 49.550 1.9   1
   261841  37.303219 -121.669613     3.536       59.9     1465.3      -59.3     15.8     17.4     30.4 1992  4  6  9 39 49.410 0.9   1
   312743  37.302030 -121.669816     3.581       41.8     1333.7      -13.9     14.2     15.4     18.2 1992  8 29 17  4 29.020 1.6   1
   314921  37.299182 -121.667448     3.624      252.0     1017.4       28.8     12.8     11.3     19.6 1992  9 11  1 22 13.650 1.1   1
   331635  37.301998 -121.671200     3.461      -80.9     1329.8     -134.6     22.1     16.8     20.1 1993  1 10 22 13  9.440 1.2   1
   389286  37.300142 -121.667668     3.448      232.1     1124.2     -147.5     12.5     13.5     16.6 1993 12 20 22 35  7.800 1.8   1
   399980  37.301497 -121.669181     3.339       98.0     1274.5     -255.6     13.3     14.4     18.1 1994  4  6  4 11 34.960 1.4   1
 30062741  37.301571 -121.668709     3.364      140.3     1282.6     -231.5     11.4      9.9     15.7 1994 11 16 16 50 58.150 2.0   1
 30062748  37.301501 -121.668498     3.529      158.5     1274.7      -66.2     19.1     18.6     18.0 1994 11 16 18  3 42.360 1.3   1
 30069218  37.300435 -121.667562     3.688      241.4     1156.7       93.3     13.1     15.9     19.2 1995  3  3  9 38 49.200 1.2   1
 30069222  37.300842 -121.667619     3.547      237.0     1201.7      -47.7     13.0     13.4     16.9 1995  3  3 12 30 15.850 1.8   1
 30069457  37.301400 -121.667554     3.365      242.4     1263.7     -229.6     20.8     16.7     21.2 1995  3  7 13 19 41.960 1.3   1
 30092060  37.300911 -121.667790     3.434      221.2     1209.3     -160.8     10.8     11.6     14.3 1995 12 15 18 53 39.820 1.8   1
