    81017  37.302897 -121.670435     3.545      -12.7     1429.9      -49.6     26.8     26.6     34.0 1986  9  2  7 24 15.870 0.8   1
    82606  37.302881 -121.669645     3.464       57.0     1428.0     -130.6    335.5    347.3    465.5 1986  9 15 20 17 49.920 2.7   1
    83805  37.302246 -121.669417     3.533       77.2     1357.5      -62.2     26.6     24.2     28.9 1986  9 25 12  1 52.830 1.4   1
    88698  37.302926 -121.670410     3.563      -10.7     1433.1      -31.8     26.9     25.1     27.3 1986 11 25 13  0 35.660 1.0   1
   101361  37.301184 -121.668555     3.531      153.6     1239.7      -64.0     19.4     19.6     26.0 1987  6  3  6 56  7.740 1.9   1
   101362  37.300537 -121.668034     3.529      199.6     1167.7      -66.1     19.3     19.4     25.3 1987  6  3  6 58 51.320 1.7   1
   103138  37.300834 -121.668359     3.537      170.8     1200.7      -58.1     19.2     19.4     24.8 1987  7 14 19  2 57.020 1.7   1
   110939  37.301156 -121.669873     3.513       37.1     1236.7      -81.8     32.4     23.8     63.1 1988  1 15  1 56 42.310 1.4   1
   112868  37.302897 -121.670223     3.510        5.4     1429.7      -85.1     26.6     24.8     24.0 1988  2 25 10  0 17.780 0.9   1
   120788  37.302226 -121.669295     3.536       88.0     1355.1      -59.3     29.1     24.4     38.0 1988  7 23 10 42 21.740 1.5   1
   126189  37.301123 -121.668449     3.503      162.8     1232.7      -91.8     19.9     19.5     26.8 1988 11  2  3  9 12.610 1.9   1
   126292  37.300513 -121.668180     3.545      186.9     1165.3      -49.8     19.2     19.4     24.5 1988 11  3  1 30  4.280 1.7   1
   126389  37.300464 -121.668018     3.543      201.5     1159.5      -52.1     19.3     19.5     24.8 1988 11  4 13 34 34.720 1.9   1
   148939  37.300472 -121.667497     3.419      247.5     1160.6     -175.8     19.1     19.4     24.3 1989 12 13  5 33 46.080 1.6   1
   158154  37.302950 -121.670353     3.595       -5.6     1435.8       -0.5     26.0     26.7     26.6 1990  5 23 11 11 37.580 1.0   1
   160503  37.300972 -121.668042     3.435      199.2     1216.3     -159.9     19.2     20.2     25.8 1990  7  5 20  4 42.800 1.7   1
   205031  37.300989 -121.669157     3.369      100.5     1218.0     -226.5     31.7     24.4     65.0 1991  1 20  5  0 30.930 1.2   1
   215747  37.300505 -121.667505     3.418      247.1     1164.3     -177.6     19.0     19.4     24.3 1991  5 29  9 45 22.620 1.8   1
   227435  37.301054 -121.669255     3.394       92.0     1225.2     -200.8     31.0     23.7     60.5 1991  8 10 17  6  5.760 1.2   1
   238704  37.301143 -121.668294     3.454      176.8     1234.9     -141.5     19.5     19.6     25.4 1991 12  3  5 24 24.980 2.0   1
   238790  37.300720 -121.667806     3.437      219.8     1188.0     -158.1     19.0     19.4     24.3 1991 12  4  0  8 49.550 1.9   1
   261841  37.302828 -121.670199     3.545        8.0     1421.9      -49.9     26.8     24.7     27.0 1992  4  6  9 39 49.410 0.9   1
   312743  37.302181 -121.669775     3.719       45.7     1350.2      123.4    389.3    468.1    502.5 1992  8 29 17  4 29.020 1.6   1
   314921  37.301379 -121.667383     3.794      257.7     1261.3      199.4     20.7     44.6    116.4 1992  9 11  1 22 13.650 1.1   1
   331635  37.302612 -121.670337     3.531       -4.3     1398.1      -63.8     27.4     24.7     31.0 1993  1 10 22 13  9.440 1.2   1
   389286  37.300403 -121.667513     3.429      246.1     1152.7     -165.8     19.0     19.4     24.4 1993 12 20 22 35  7.800 1.8   1
   399980  37.301274 -121.669246     3.469       92.1     1249.6     -126.0     31.1     23.4     58.6 1994  4  6  4 11 34.960 1.4   1
 30062741  37.301803 -121.668164     3.767      188.5     1308.1      171.9     19.7     34.7     86.1 1994 11 16 16 50 58.150 2.0   1
 30062748  37.302136 -121.668555     3.742      154.0     1345.2      146.4     20.3     42.1    107.6 1994 11 16 18  3 42.360 1.3   1
 30069218  37.301237 -121.667228     3.706      271.2     1245.4      111.2     19.3     33.1     81.9 1995  3  3  9 38 49.200 1.2   1
 30069222  37.301335 -121.667261     3.768      268.7     1256.5      173.3     20.2     39.0     97.9 1995  3  3 12 30 15.850 1.8   1
 30069457  37.300517 -121.667334     3.514      261.8     1165.7      -81.3     19.1     19.6     23.8 1995  3  7 13 19 41.960 1.3   1
 30092060  37.300663 -121.667578     3.452      240.2     1181.7     -142.9     19.0     19.4     24.0 1995 12 15 18 53 39.820 1.8   1
