    81017  37.303007 -121.670329     3.527       -3.4     1441.7      -67.6     14.0     16.4     38.8 1986  9  2  7 24 15.870 0.8   1
    82606  37.301644 -121.669572     3.062       63.2     1290.8     -533.6     69.8    107.3    315.4 1986  9 15 20 17 49.920 2.7   1
    83805  37.302291 -121.669255     3.493       91.5     1362.5     -101.8     10.9      9.9     22.4 1986  9 25 12  1 52.830 1.4   1
    88698  37.303044 -121.670304     3.549       -1.2     1445.8      -45.9     14.1     12.8     30.3 1986 11 25 13  0 35.660 1.0   1
   101361  37.301168 -121.668400     3.509      167.2     1237.7      -86.0      8.3      8.0     20.6 1987  6  3  6 56  7.740 1.9   1
   101362  37.300553 -121.668009     3.534      201.7     1169.8      -61.3      8.0      6.9     19.9 1987  6  3  6 58 51.320 1.7   1
   103138  37.300834 -121.668270     3.527      179.0     1200.7      -68.0      7.7      7.0     18.7 1987  7 14 19  2 57.020 1.7   1
   110939  37.301139 -121.669938     3.548       30.8     1234.6      -47.2     21.0     14.7     47.9 1988  1 15  1 56 42.310 1.4   1
   112868  37.303023 -121.670117     3.497       15.4     1443.7      -97.7     12.9     11.3     25.3 1988  2 25 10  0 17.780 0.9   1
   120788  37.302303 -121.669198     3.514       96.7     1363.7      -80.8     14.3     10.5     31.0 1988  7 23 10 42 21.740 1.5   1
   126189  37.301143 -121.668465     3.516      161.4     1235.0      -79.2      9.5      7.6     22.4 1988 11  2  3  9 12.610 1.9   1
   126292  37.300525 -121.668115     3.541      193.0     1166.6      -53.6      7.6      6.8     18.2 1988 11  3  1 30  4.280 1.7   1
   126389  37.300448 -121.667928     3.528      209.1     1158.0      -67.0      7.6      7.2     18.4 1988 11  4 13 34 34.720 1.9   1
   148939  37.300525 -121.667619     3.455      236.6     1166.2     -139.9      7.1      6.4     16.0 1989 12 13  5 33 46.080 1.6   1
   158154  37.303113 -121.670304     3.590       -1.4     1453.7       -5.0     11.4     16.8     29.7 1990  5 23 11 11 37.580 1.0   1
   160503  37.301001 -121.668156     3.473      188.9     1219.2     -122.3      7.2      8.5     17.5 1990  7  5 20  4 42.800 1.7   1
   205031  37.300960 -121.669255     3.404       91.9     1214.9     -191.1     21.1     15.7     52.3 1991  1 20  5  0 30.930 1.2   1
   215747  37.300562 -121.667635     3.459      235.5     1170.6     -136.3      6.9      6.6     16.2 1991  5 29  9 45 22.620 1.8   1
   227435  37.301034 -121.669393     3.437       79.6     1223.1     -158.5     18.9     14.2     44.2 1991  8 10 17  6  5.760 1.2   1
   238704  37.301200 -121.668465     3.497      161.8     1241.6      -98.1      8.0      7.9     19.1 1991 12  3  5 24 24.980 2.0   1
   238790  37.300773 -121.667920     3.473      209.9     1194.1     -121.8      6.9      6.9     17.2 1991 12  4  0  8 49.550 1.9   1
   261841  37.302950 -121.670109     3.529       15.9     1435.6      -66.0     13.8     11.5     30.0 1992  4  6  9 39 49.410 0.9   1
   312743  37.303711 -121.669084     4.287      106.7     1519.9      692.1     10.6     12.4    191.1 1992  8 29 17  4 29.020 1.6   1
   314921  37.301147 -121.667497     3.732      247.7     1235.6      136.9      7.6     25.2     71.4 1992  9 11  1 22 13.650 1.1   1
   331635  37.302726 -121.670199     3.506        8.2     1410.6      -89.1     14.7     11.0     30.3 1993  1 10 22 13  9.440 1.2   1
   389286  37.300456 -121.667635     3.468      234.9     1158.9     -126.7      6.9      6.6     16.6 1993 12 20 22 35  7.800 1.8   1
   399980  37.301249 -121.669393     3.509       79.7     1246.9      -85.6     19.1     13.9     41.6 1994  4  6  4 11 34.960 1.4   1
 30062741  37.301453 -121.668262     3.650      179.6     1269.5       55.4      7.5     20.6     56.5 1994 11 16 16 50 58.150 2.0   1
 30062748  37.301794 -121.668660     3.643      144.5     1307.3       47.7      8.3     26.3     72.0 1994 11 16 18  3 42.360 1.3   1
 30069218  37.300972 -121.667326     3.634      262.3     1216.1       38.6      7.4     23.0     64.8 1995  3  3  9 38 49.200 1.2   1
 30069222  37.301046 -121.667375     3.684      258.3     1224.3       88.8      7.5     20.8     57.0 1995  3  3 12 30 15.850 1.8   1
 30069457  37.300541 -121.667456     3.543      250.8     1168.3      -52.1      7.2      7.0     17.3 1995  3  7 13 19 41.960 1.3   1
 30092060  37.300720 -121.667716     3.491      228.3     1188.0     -104.1      6.9      6.7     16.7 1995 12 15 18 53 39.820 1.8   1
