    81017  37.303011 -121.670296     3.516       -0.6     1442.5      -79.2     16.0     19.1     45.0 1986  9  2  7 24 15.870 0.8   1
    82606  37.301652 -121.669840     3.120       39.9     1291.3     -475.4     78.7    129.0    385.5 1986  9 15 20 17 49.920 2.7   1
    83805  37.302283 -121.669214     3.470       95.3     1361.7     -125.2     11.9     11.5     24.9 1986  9 25 12  1 52.830 1.4   1
    88698  37.303052 -121.670264     3.538        1.9     1446.7      -57.5     16.0     14.8     34.8 1986 11 25 13  0 35.660 1.0   1
   101361  37.301090 -121.668221     3.449      183.0     1229.4     -146.3      8.6      9.2     21.2 1987  6  3  6 56  7.740 1.9   1
   101362  37.300452 -121.667708     3.443      228.9     1158.1     -152.1      8.1      7.8     19.3 1987  6  3  6 58 51.320 1.7   1
   103138  37.300753 -121.668026     3.454      200.6     1191.5     -141.6      8.1      8.0     18.9 1987  7 14 19  2 57.020 1.7   1
   110939  37.301034 -121.669580     3.456       62.5     1222.9     -139.4     22.9     16.6     52.0 1988  1 15  1 56 42.310 1.4   1
   112868  37.303023 -121.670093     3.489       17.5     1443.6     -105.9     14.7     13.2     29.1 1988  2 25 10  0 17.780 0.9   1
   120788  37.302307 -121.669198     3.501       96.8     1364.2      -93.7     16.3     12.2     35.7 1988  7 23 10 42 21.740 1.5   1
   126189  37.301139 -121.668604     3.520      149.5     1234.5      -74.9     10.4      8.8     25.3 1988 11  2  3  9 12.610 1.9   1
   126292  37.300460 -121.667920     3.482      210.2     1159.3     -113.0      8.2      7.8     19.0 1988 11  3  1 30  4.280 1.7   1
   126389  37.300407 -121.667790     3.484      221.2     1153.3     -111.1      8.3      8.3     19.8 1988 11  4 13 34 34.720 1.9   1
   148939  37.300525 -121.667749     3.468      225.4     1166.6     -127.2      7.9      7.5     17.6 1989 12 13  5 33 46.080 1.6   1
   158154  37.303182 -121.670321     3.593       -2.7     1461.3       -1.8     13.0     19.5     34.4 1990  5 23 11 11 37.580 1.0   1
   160503  37.301017 -121.668278     3.490      178.0     1220.9     -104.9      8.0      9.9     19.1 1990  7  5 20  4 42.800 1.7   1
   205031  37.300944 -121.669214     3.387       95.0     1212.9     -208.5     24.1     18.1     60.3 1991  1 20  5  0 30.930 1.2   1
   215747  37.300570 -121.667741     3.469      225.8     1171.2     -126.4      7.8      7.6     17.9 1991  5 29  9 45 22.620 1.8   1
   227435  37.301058 -121.669499     3.453       70.1     1225.5     -142.1     21.6     16.5     50.2 1991  8 10 17  6  5.760 1.2   1
   238704  37.301213 -121.668571     3.509      152.5     1242.8      -86.3      8.8      9.2     21.0 1991 12  3  5 24 24.980 2.0   1
   238790  37.300777 -121.668009     3.482      201.7     1194.4     -112.6      7.7      8.0     19.1 1991 12  4  0  8 49.550 1.9   1
   261841  37.302966 -121.670093     3.519       17.0     1437.6      -75.6     15.8     13.4     34.5 1992  4  6  9 39 49.410 0.9   1
   312743  37.303735 -121.669084     4.239      106.7     1522.6      643.7     11.8     14.5    267.8 1992  8 29 17  4 29.020 1.6   1
   314921  37.301249 -121.667521     3.760      245.5     1246.7      165.4      8.6     28.4     79.2 1992  9 11  1 22 13.650 1.1   1
   331635  37.302730 -121.670133     3.486       14.0     1411.4     -109.4     15.8     12.8     33.5 1993  1 10 22 13  9.440 1.2   1
   389286  37.300460 -121.667765     3.481      224.0     1159.4     -114.3      7.8      7.7     18.3 1993 12 20 22 35  7.800 1.8   1
   399980  37.301270 -121.669482     3.522       71.1     1249.0      -72.8     21.8     16.1     47.4 1994  4  6  4 11 34.960 1.4   1
 30062741  37.301611 -121.668302     3.700      175.8     1287.2      105.4      8.5     23.7     64.0 1994 11 16 16 50 58.150 2.0   1
 30062748  37.301900 -121.668685     3.677      141.9     1319.2       81.9      9.5     30.3     82.0 1994 11 16 18  3 42.360 1.3   1
 30069218  37.301115 -121.667367     3.680      258.7     1231.8       84.9      8.5     26.4     73.4 1995  3  3  9 38 49.200 1.2   1
 30069222  37.301172 -121.667415     3.722      255.0     1238.3      127.0      8.5     23.9     64.8 1995  3  3 12 30 15.850 1.8   1
 30069457  37.300545 -121.667554     3.549      242.7     1168.5      -46.5      8.1      8.2     19.2 1995  3  7 13 19 41.960 1.3   1
 30092060  37.300720 -121.667822     3.500      219.0     1188.3      -94.8      7.8      7.8     18.6 1995 12 15 18 53 39.820 1.8   1
