    81017  37.303259 -121.670695     3.525      -35.9     1470.1      -70.1     23.4     30.7     30.5 1986  9  2  7 24 15.870 0.8   1
    82606  37.302877 -121.669686     3.476       53.3     1427.7     -118.8     21.5     21.3     32.2 1986  9 15 20 17 49.920 2.7   1
    83805  37.302332 -121.669263     3.490       91.1     1367.0     -105.1     18.4     17.5     26.1 1986  9 25 12  1 52.830 1.4   1
    88698  37.303056 -121.669800     4.332       43.1     1447.5      736.8     31.7     34.6     95.3 1986 11 25 13  0 35.660 1.0   1
   101361  37.301526 -121.667912     3.521      210.4     1277.6      -74.1     22.1     20.9     31.7 1987  6  3  6 56  7.740 1.9   1
   101362  37.300464 -121.668075     3.407      196.5     1159.8     -187.7     20.4     18.6     29.2 1987  6  3  6 58 51.320 1.7   1
   103138  37.300708 -121.668213     3.454      184.2     1186.9     -140.9     17.7     15.9     25.0 1987  7 14 19  2 57.020 1.7   1
   110939  37.301685 -121.669417     3.260       77.4     1295.2     -335.4     24.6     22.6     35.9 1988  1 15  1 56 42.310 1.4   1
   112868  37.304077 -121.669938     4.367       31.0     1560.8      772.1     24.9     26.5     59.0 1988  2 25 10  0 17.780 0.9   1
   120788  37.301823 -121.669661     3.480       55.3     1310.4     -115.5     22.3     19.2     28.5 1988  7 23 10 42 21.740 1.5   1
   126189  37.300472 -121.669539     3.579       66.5     1160.5      -16.4     28.3     21.9     31.2 1988 11  2  3  9 12.610 1.9   1
   126292  37.300952 -121.667586     3.389      239.6     1213.7     -205.6     17.3     19.8     24.5 1988 11  3  1 30  4.280 1.7   1
   126389  37.300106 -121.668327     3.529      174.1     1120.1      -66.0     20.4     20.0     29.3 1988 11  4 13 34 34.720 1.9   1
   148939  37.300932 -121.667676     3.523      231.9     1211.5      -72.2     22.3     24.3     34.5 1989 12 13  5 33 46.080 1.6   1
   158154  37.303015 -121.670565     3.647      -24.4     1442.7       51.8     23.8     28.5     38.9 1990  5 23 11 11 37.580 1.0   1
   160503  37.301794 -121.667676     3.523      231.5     1307.4      -72.5     17.1     19.6     23.7 1990  7  5 20  4 42.800 1.7   1
   205031  37.301880 -121.668254     3.293      180.4     1316.6     -302.4     25.4     17.8     28.6 1991  1 20  5  0 30.930 1.2   1
   215747  37.300244 -121.667741     3.472      225.9     1135.4     -123.3     20.4     22.6     28.4 1991  5 29  9 45 22.620 1.8   1
   227435  37.301180 -121.669263     3.391       90.6     1239.3     -203.6     29.5     35.8     32.2 1991  8 10 17  6  5.760 1.2   1
   238704  37.301404 -121.667936     3.497      208.5     1264.0      -98.0     15.2     14.6     21.6 1991 12  3  5 24 24.980 2.0   1
   238790  37.301009 -121.667952     3.551      207.4     1220.2      -43.6     17.6     17.0     24.9 1991 12  4  0  8 49.550 1.9   1
   261841  37.303247 -121.669694     3.560       52.4     1468.6      -34.8     26.4     30.9     53.5 1992  4  6  9 39 49.410 0.9   1
   312743  37.301969 -121.669938     3.567       31.3     1327.0      -28.4     23.3     26.1     31.0 1992  8 29 17  4 29.020 1.6   1
   314921  37.299231 -121.667367     3.624      258.7     1023.1       28.7     22.3     19.4     34.3 1992  9 11  1 22 13.650 1.1   1
   331635  37.302266 -121.670386     3.457       -8.6     1359.6     -138.4     36.0     28.7     34.3 1993  1 10 22 13  9.440 1.2   1
   389286  37.300024 -121.667977     3.420      205.0     1111.0     -174.6     20.6     23.2     28.5 1993 12 20 22 35  7.800 1.8   1
   399980  37.301534 -121.669157     3.337      100.5     1278.3     -258.2     22.4     24.8     30.7 1994  4  6  4 11 34.960 1.4   1
 30062741  37.301367 -121.668693     3.379      141.6     1259.7     -215.7     19.1     16.8     26.2 1994 11 16 16 50 58.150 2.0   1
 30062748  37.301563 -121.668213     3.528      184.0     1281.7      -67.3     30.5     31.9     30.4 1994 11 16 18  3 42.360 1.3   1
 30069218  37.300407 -121.667716     3.696      228.2     1153.3      100.7     22.0     27.5     32.8 1995  3  3  9 38 49.200 1.2   1
 30069222  37.300785 -121.667643     3.537      234.5     1195.2      -58.6     22.0     23.0     29.0 1995  3  3 12 30 15.850 1.8   1
 30069457  37.301375 -121.667562     3.377      242.0     1261.0     -218.4     33.9     28.6     35.6 1995  3  7 13 19 41.960 1.3   1
 30092060  37.300842 -121.667847     3.421      216.2     1201.8     -174.3     17.9     19.9     24.4 1995 12 15 18 53 39.820 1.8   1
