    81017  37.303023 -121.670312     3.519       -2.2     1443.6      -75.6     15.4     18.2     43.0 1986  9  2  7 24 15.870 0.8   1
    82606  37.301591 -121.669849     3.092       38.8     1284.7     -503.6     74.5    120.5    357.9 1986  9 15 20 17 49.920 2.7   1
    83805  37.302291 -121.669222     3.473       94.7     1362.4     -121.7     11.6     11.0     24.0 1986  9 25 12  1 52.830 1.4   1
    88698  37.303056 -121.670288     3.541        0.1     1447.4      -54.6     15.4     14.1     33.4 1986 11 25 13  0 35.660 1.0   1
   101361  37.301107 -121.668237     3.455      182.2     1231.0     -139.8      8.4      8.8     20.6 1987  6  3  6 56  7.740 1.9   1
   101362  37.300468 -121.667741     3.456      225.6     1160.3     -138.9      8.0      7.4     19.0 1987  6  3  6 58 51.320 1.7   1
   103138  37.300765 -121.668050     3.463      198.7     1193.1     -132.3      7.8      7.6     18.4 1987  7 14 19  2 57.020 1.7   1
   110939  37.301066 -121.669670     3.476       54.7     1226.5     -118.7     22.3     15.9     50.6 1988  1 15  1 56 42.310 1.4   1
   112868  37.303031 -121.670109     3.491       16.2     1444.8     -104.4     14.1     12.6     27.9 1988  2 25 10  0 17.780 0.9   1
   120788  37.302307 -121.669198     3.503       97.0     1364.4      -92.5     15.6     11.7     34.1 1988  7 23 10 42 21.740 1.5   1
   126189  37.301135 -121.668547     3.515      154.1     1234.3      -80.5     10.1      8.4     24.3 1988 11  2  3  9 12.610 1.9   1
   126292  37.300476 -121.667944     3.492      208.1     1161.0     -102.7      8.0      7.5     18.6 1988 11  3  1 30  4.280 1.7   1
   126389  37.300415 -121.667822     3.491      218.9     1154.4     -103.8      8.1      7.9     19.2 1988 11  4 13 34 34.720 1.9   1
   148939  37.300521 -121.667708     3.461      228.8     1166.0     -134.3      7.7      7.1     17.0 1989 12 13  5 33 46.080 1.6   1
   158154  37.303158 -121.670329     3.590       -3.5     1458.8       -4.9     12.4     18.6     32.7 1990  5 23 11 11 37.580 1.0   1
   160503  37.301001 -121.668254     3.484      180.6     1219.5     -111.4      7.8      9.4     18.5 1990  7  5 20  4 42.800 1.7   1
   205031  37.300952 -121.669230     3.390       93.6     1214.0     -205.5     23.2     17.2     57.6 1991  1 20  5  0 30.930 1.2   1
   215747  37.300562 -121.667716     3.465      227.9     1170.7     -130.0      7.5      7.2     17.2 1991  5 29  9 45 22.620 1.8   1
   227435  37.301050 -121.669458     3.444       73.4     1224.8     -150.6     20.7     15.7     48.2 1991  8 10 17  6  5.760 1.2   1
   238704  37.301213 -121.668563     3.507      152.8     1242.7      -88.2      8.5      8.7     20.2 1991 12  3  5 24 24.980 2.0   1
   238790  37.300773 -121.667985     3.477      204.1     1194.0     -118.5      7.5      7.5     18.5 1991 12  4  0  8 49.550 1.9   1
   261841  37.302970 -121.670109     3.520       15.8     1437.9      -74.7     15.2     12.7     33.1 1992  4  6  9 39 49.410 0.9   1
   312743  37.303735 -121.669092     4.245      106.1     1522.6      650.1     11.4     13.8    233.2 1992  8 29 17  4 29.020 1.6   1
   314921  37.301233 -121.667513     3.756      246.1     1244.9      161.1      8.3     27.2     76.1 1992  9 11  1 22 13.650 1.1   1
   331635  37.302734 -121.670158     3.490       11.6     1411.8     -105.0     15.4     12.2     32.3 1993  1 10 22 13  9.440 1.2   1
   389286  37.300460 -121.667725     3.476      226.9     1159.1     -119.1      7.5      7.3     17.6 1993 12 20 22 35  7.800 1.8   1
   399980  37.301270 -121.669474     3.519       72.1     1249.1      -75.9     20.9     15.3     45.4 1994  4  6  4 11 34.960 1.4   1
 30062741  37.301611 -121.668294     3.699      177.0     1286.9      103.9      8.2     22.6     61.2 1994 11 16 16 50 58.150 2.0   1
 30062748  37.301908 -121.668677     3.678      142.5     1319.9       83.2      9.1     28.9     78.4 1994 11 16 18  3 42.360 1.3   1
 30069218  37.301103 -121.667367     3.677      259.2     1230.5       81.8      8.2     25.2     70.3 1995  3  3  9 38 49.200 1.2   1
 30069222  37.301160 -121.667399     3.719      256.2     1237.1      124.2      8.2     22.8     62.1 1995  3  3 12 30 15.850 1.8   1
 30069457  37.300541 -121.667537     3.547      244.1     1168.2      -48.3      7.8      7.7     18.4 1995  3  7 13 19 41.960 1.3   1
 30092060  37.300720 -121.667790     3.496      221.5     1188.2      -98.8      7.5      7.4     17.9 1995 12 15 18 53 39.820 1.8   1
