    81017  37.303019 -121.670321     3.521       -3.2     1443.4      -73.9     15.0     17.7     41.7 1986  9  2  7 24 15.870 0.8   1
    82606  37.301481 -121.669881     3.043       36.3     1272.7     -552.6     73.0    117.6    349.4 1986  9 15 20 17 49.920 2.7   1
    83805  37.302291 -121.669222     3.477       94.2     1362.5     -117.9     11.4     10.6     23.5 1986  9 25 12  1 52.830 1.4   1
    88698  37.303060 -121.670296     3.543       -0.8     1447.7      -52.0     15.0     13.7     32.6 1986 11 25 13  0 35.660 1.0   1
   101361  37.301119 -121.668254     3.465      180.3     1232.6     -129.7      8.3      8.5     20.5 1987  6  3  6 56  7.740 1.9   1
   101362  37.300492 -121.667806     3.473      220.2     1163.0     -121.8      8.0      7.2     19.1 1987  6  3  6 58 51.320 1.7   1
   103138  37.300781 -121.668083     3.476      195.3     1195.1     -119.4      7.8      7.4     18.4 1987  7 14 19  2 57.020 1.7   1
   110939  37.301103 -121.669784     3.503       44.8     1230.5      -91.9     22.0     15.5     50.2 1988  1 15  1 56 42.310 1.4   1
   112868  37.303040 -121.670109     3.492       15.6     1445.4     -103.1     13.8     12.2     27.1 1988  2 25 10  0 17.780 0.9   1
   120788  37.302311 -121.669198     3.505       96.9     1364.8      -90.1     15.3     11.3     33.2 1988  7 23 10 42 21.740 1.5   1
   126189  37.301139 -121.668506     3.511      157.7     1234.5      -84.4      9.9      8.1     23.7 1988 11  2  3  9 12.610 1.9   1
   126292  37.300492 -121.667977     3.503      204.9     1162.6      -91.9      7.9      7.3     18.5 1988 11  3  1 30  4.280 1.7   1
   126389  37.300427 -121.667847     3.500      216.6     1155.7      -94.7      8.0      7.7     19.0 1988 11  4 13 34 34.720 1.9   1
   148939  37.300517 -121.667676     3.455      232.0     1165.7     -140.2      7.5      6.9     16.8 1989 12 13  5 33 46.080 1.6   1
   158154  37.303149 -121.670329     3.589       -3.4     1457.8       -5.6     12.1     18.1     31.9 1990  5 23 11 11 37.580 1.0   1
   160503  37.301005 -121.668213     3.478      183.8     1219.7     -116.8      7.6      9.1     18.2 1990  7  5 20  4 42.800 1.7   1
   205031  37.300964 -121.669238     3.393       92.8     1215.2     -202.4     22.6     16.8     56.2 1991  1 20  5  0 30.930 1.2   1
   215747  37.300566 -121.667692     3.461      230.5     1171.1     -134.1      7.3      7.0     16.9 1991  5 29  9 45 22.620 1.8   1
   227435  37.301050 -121.669425     3.437       76.4     1224.7     -158.6     20.3     15.3     47.3 1991  8 10 17  6  5.760 1.2   1
   238704  37.301213 -121.668547     3.504      154.2     1242.6      -91.3      8.4      8.5     19.8 1991 12  3  5 24 24.980 2.0   1
   238790  37.300773 -121.667952     3.472      206.9     1193.9     -123.0      7.3      7.3     18.1 1991 12  4  0  8 49.550 1.9   1
   261841  37.302966 -121.670117     3.522       15.5     1437.6      -73.0     14.8     12.4     32.2 1992  4  6  9 39 49.410 0.9   1
   312743  37.303731 -121.669092     4.251      106.1     1522.3      656.3     11.2     13.4    223.1 1992  8 29 17  4 29.020 1.6   1
   314921  37.301237 -121.667505     3.756      246.9     1245.3      161.3      8.1     26.6     74.6 1992  9 11  1 22 13.650 1.1   1
   331635  37.302734 -121.670174     3.494       10.1     1411.9     -101.5     15.2     11.9     31.7 1993  1 10 22 13  9.440 1.2   1
   389286  37.300456 -121.667700     3.470      229.6     1158.6     -125.0      7.4      7.1     17.4 1993 12 20 22 35  7.800 1.8   1
   399980  37.301270 -121.669450     3.514       74.6     1249.2      -80.7     20.4     14.9     44.4 1994  4  6  4 11 34.960 1.4   1
 30062741  37.301595 -121.668278     3.694      178.4     1285.4       99.3      8.0     22.0     59.7 1994 11 16 16 50 58.150 2.0   1
 30062748  37.301904 -121.668677     3.676      143.1     1319.5       81.2      8.9     28.1     76.5 1994 11 16 18  3 42.360 1.3   1
 30069218  37.301099 -121.667350     3.674      260.7     1230.2       78.9      8.0     24.6     68.6 1995  3  3  9 38 49.200 1.2   1
 30069222  37.301160 -121.667391     3.717      256.9     1237.0      122.4      8.0     22.2     60.5 1995  3  3 12 30 15.850 1.8   1
 30069457  37.300545 -121.667513     3.545      246.1     1168.6      -50.6      7.6      7.5     18.0 1995  3  7 13 19 41.960 1.3   1
 30092060  37.300720 -121.667765     3.492      223.9     1187.9     -103.3      7.4      7.2     17.6 1995 12 15 18 53 39.820 1.8   1
