    81017  37.302869 -121.670524     3.549      -21.2     1426.6      -46.5     23.5     21.5     27.9 1986  9  2  7 24 15.870 0.8   1
    82606  37.303125 -121.669515     3.528       68.2     1455.0      -66.8    271.6    282.6    397.6 1986  9 15 20 17 49.920 2.7   1
    83805  37.302181 -121.669368     3.531       81.3     1350.4      -64.1     22.8     19.7     24.2 1986  9 25 12  1 52.830 1.4   1
    88698  37.302897 -121.670500     3.563      -19.1     1430.0      -32.5     23.5     20.3     22.6 1986 11 25 13  0 35.660 1.0   1
   101361  37.301274 -121.668620     3.556      148.2     1249.8      -39.0     17.0     17.7     33.4 1987  6  3  6 56  7.740 1.9   1
   101362  37.300614 -121.668058     3.548      197.6     1176.4      -46.7     16.9     17.5     33.9 1987  6  3  6 58 51.320 1.7   1
   103138  37.300920 -121.668408     3.560      166.9     1210.4      -35.3     16.9     17.5     33.2 1987  7 14 19  2 57.020 1.7   1
   110939  37.301213 -121.670003     3.525       25.2     1242.8      -69.7     33.4     21.3     66.8 1988  1 15  1 56 42.310 1.4   1
   112868  37.302869 -121.670329     3.511       -3.8     1426.7      -84.2     23.3     20.0     19.7 1988  2 25 10  0 17.780 0.9   1
   120788  37.302157 -121.669246     3.530       92.2     1347.6      -64.9     25.0     19.8     31.2 1988  7 23 10 42 21.740 1.5   1
   126189  37.301261 -121.668717     3.572      139.3     1248.3      -23.1     18.0     17.6     36.2 1988 11  2  3  9 12.610 1.9   1
   126292  37.300606 -121.668254     3.577      180.1     1175.5      -17.6     16.9     17.6     33.7 1988 11  3  1 30  4.280 1.7   1
   126389  37.300566 -121.668115     3.589      192.3     1170.9       -6.3     17.1     17.6     34.0 1988 11  4 13 34 34.720 1.9   1
   148939  37.300533 -121.667424     3.421      253.7     1167.5     -174.4     16.8     17.5     34.3 1989 12 13  5 33 46.080 1.6   1
   158154  37.302828 -121.670402     3.581      -10.4     1422.0      -13.9     23.0     21.6     21.5 1990  5 23 11 11 37.580 1.0   1
   160503  37.301042 -121.667993     3.439      203.1     1223.7     -155.9     17.0     18.3     35.1 1990  7  5 20  4 42.800 1.7   1
   205031  37.301034 -121.669214     3.365       95.2     1222.9     -230.2     32.5     21.7     67.8 1991  1 20  5  0 30.930 1.2   1
   215747  37.300562 -121.667440     3.417      252.8     1170.4     -177.6     16.8     17.5     34.3 1991  5 29  9 45 22.620 1.8   1
   227435  37.301095 -121.669303     3.386       87.2     1229.6     -208.7     32.2     21.2     65.1 1991  8 10 17  6  5.760 1.2   1
   238704  37.301208 -121.668221     3.454      183.1     1242.5     -140.6     17.2     17.7     34.8 1991 12  3  5 24 24.980 2.0   1
   238790  37.300781 -121.667757     3.438      224.7     1194.9     -156.8     16.8     17.5     34.2 1991 12  4  0  8 49.550 1.9   1
   261841  37.302763 -121.670280     3.553        0.5     1415.0      -42.2     23.5     19.9     22.1 1992  4  6  9 39 49.410 0.9   1
   312743  37.302275 -121.669572     3.721       63.6     1360.5      126.1    310.1    372.2    422.4 1992  8 29 17  4 29.020 1.6   1
   314921  37.301245 -121.667285     3.736      266.0     1246.4      140.8     19.9     50.2    139.2 1992  9 11  1 22 13.650 1.1   1
   331635  37.302551 -121.670426     3.538      -11.9     1391.4      -56.9     24.3     19.9     25.4 1993  1 10 22 13  9.440 1.2   1
   389286  37.300460 -121.667448     3.429      251.8     1159.4     -165.9     16.8     17.5     34.3 1993 12 20 22 35  7.800 1.8   1
   399980  37.301310 -121.669295     3.460       88.4     1253.5     -135.2     32.2     21.0     63.9 1994  4  6  4 11 34.960 1.4   1
 30062741  37.301404 -121.668083     3.682      195.4     1264.0       86.7     20.1     50.5    140.0 1994 11 16 16 50 58.150 2.0   1
 30062748  37.301766 -121.668433     3.709      164.8     1304.2      114.3     20.9     59.4    150.9 1994 11 16 18  3 42.360 1.3   1
 30069218  37.301180 -121.667163     3.674      276.8     1239.0       78.5     18.5     43.7    124.0 1995  3  3  9 38 49.200 1.2   1
 30069222  37.301184 -121.667171     3.706      276.7     1239.8      110.4     19.6     47.8    132.8 1995  3  3 12 30 15.850 1.8   1
 30069457  37.300562 -121.667253     3.510      269.4     1170.6      -85.4     16.9     17.8     34.4 1995  3  7 13 19 41.960 1.3   1
 30092060  37.300716 -121.667521     3.452      245.6     1187.7     -143.2     16.8     17.5     34.0 1995 12 15 18 53 39.820 1.8   1
