  1.7842000e+004  1.2260000e+002  1.1353000e+003 -6.7700000e+001  1.9400000e+001  1.9600000e+001  3.9600000e+001
  1.6751000e+004 -9.9999000e+004 -9.9999000e+004 -9.9999000e+004 -9.9999000e+004 -9.9999000e+004 -9.9999000e+004
  2.1644000e+004 -9.9999000e+004 -9.9999000e+004 -9.9999000e+004 -9.9999000e+004 -9.9999000e+004 -9.9999000e+004
  2.2271000e+004 -9.9999000e+004 -9.9999000e+004 -9.9999000e+004 -9.9999000e+004 -9.9999000e+004 -9.9999000e+004
  2.2280000e+004 -9.9999000e+004 -9.9999000e+004 -9.9999000e+004 -9.9999000e+004 -9.9999000e+004 -9.9999000e+004
  2.3190000e+004 -9.9999000e+004 -9.9999000e+004 -9.9999000e+004 -9.9999000e+004 -9.9999000e+004 -9.9999000e+004
  2.5096000e+004 -9.9999000e+004 -9.9999000e+004 -9.9999000e+004 -9.9999000e+004 -9.9999000e+004 -9.9999000e+004
  2.8475000e+004 -9.9999000e+004 -9.9999000e+004 -9.9999000e+004 -9.9999000e+004 -9.9999000e+004 -9.9999000e+004
  3.2049000e+004 -9.9999000e+004 -9.9999000e+004 -9.9999000e+004 -9.9999000e+004 -9.9999000e+004 -9.9999000e+004
  3.5109000e+004 -9.9999000e+004 -9.9999000e+004 -9.9999000e+004 -9.9999000e+004 -9.9999000e+004 -9.9999000e+004
  4.2349000e+004 -9.9999000e+004 -9.9999000e+004 -9.9999000e+004 -9.9999000e+004 -9.9999000e+004 -9.9999000e+004
  4.2555000e+004 -9.9999000e+004 -9.9999000e+004 -9.9999000e+004 -9.9999000e+004 -9.9999000e+004 -9.9999000e+004
  4.2559000e+004 -9.9999000e+004 -9.9999000e+004 -9.9999000e+004 -9.9999000e+004 -9.9999000e+004 -9.9999000e+004
  4.2643000e+004 -9.9999000e+004 -9.9999000e+004 -9.9999000e+004 -9.9999000e+004 -9.9999000e+004 -9.9999000e+004
  4.2560000e+004 -9.9999000e+004 -9.9999000e+004 -9.9999000e+004 -9.9999000e+004 -9.9999000e+004 -9.9999000e+004
  4.9626000e+004 -9.9999000e+004 -9.9999000e+004 -9.9999000e+004 -9.9999000e+004 -9.9999000e+004 -9.9999000e+004
  5.4084000e+004 -9.9999000e+004 -9.9999000e+004 -9.9999000e+004 -9.9999000e+004 -9.9999000e+004 -9.9999000e+004
  5.7770000e+004 -9.9999000e+004 -9.9999000e+004 -9.9999000e+004 -9.9999000e+004 -9.9999000e+004 -9.9999000e+004
  6.2514000e+004 -9.9999000e+004 -9.9999000e+004 -9.9999000e+004 -9.9999000e+004 -9.9999000e+004 -9.9999000e+004
  6.2520000e+004 -9.9999000e+004 -9.9999000e+004 -9.9999000e+004 -9.9999000e+004 -9.9999000e+004 -9.9999000e+004
  6.7820000e+004 -9.9999000e+004 -9.9999000e+004 -9.9999000e+004 -9.9999000e+004 -9.9999000e+004 -9.9999000e+004
  7.3786000e+004 -9.9999000e+004 -9.9999000e+004 -9.9999000e+004 -9.9999000e+004 -9.9999000e+004 -9.9999000e+004
  7.7218000e+004 -9.9999000e+004 -9.9999000e+004 -9.9999000e+004 -9.9999000e+004 -9.9999000e+004 -9.9999000e+004
  7.7296000e+004 -9.9999000e+004 -9.9999000e+004 -9.9999000e+004 -9.9999000e+004 -9.9999000e+004 -9.9999000e+004
  8.1017000e+004 -1.2600000e+002  1.3915000e+003 -3.6400000e+001  2.6400000e+001  2.4700000e+001  3.0800000e+001
  8.2606000e+004 -4.1700000e+001  1.2513000e+003 -5.2460000e+002  3.4590000e+002  3.1270000e+002  8.2330000e+002
  8.3805000e+004 -3.2800000e+001  1.3168000e+003 -4.9900000e+001  2.5700000e+001  2.2600000e+001  2.7300000e+001
  8.8698000e+004 -1.2440000e+002  1.3948000e+003 -2.0900000e+001  2.6500000e+001  2.3500000e+001  2.5100000e+001
  1.0136100e+005  4.2500000e+001  1.2160000e+003 -2.6400000e+001  1.9300000e+001  1.9600000e+001  3.8100000e+001
  1.0136200e+005  9.1800000e+001  1.1435000e+003 -3.1700000e+001  1.9200000e+001  1.9400000e+001  3.8600000e+001
  1.0277600e+005 -9.9999000e+004 -9.9999000e+004 -9.9999000e+004 -9.9999000e+004 -9.9999000e+004 -9.9999000e+004
  1.0313800e+005  6.1400000e+001  1.1769000e+003 -2.1000000e+001  1.9100000e+001  1.9400000e+001  3.7900000e+001
  1.1093900e+005 -8.1800000e+001  1.2094000e+003 -5.4100000e+001  3.8800000e+001  2.3500000e+001  7.9300000e+001
  1.1286800e+005 -1.0770000e+002  1.3914000e+003 -7.5300000e+001  2.6300000e+001  2.3200000e+001  2.1900000e+001
  1.2078800e+005 -2.1400000e+001  1.3144000e+003 -4.9500000e+001  2.8000000e+001  2.2800000e+001  3.5000000e+001
  1.2618900e+005  3.3700000e+001  1.2140000e+003 -1.2300000e+001  2.0200000e+001  1.9500000e+001  4.1000000e+001
  1.2629200e+005  7.6100000e+001  1.1422000e+003 -8.3000000e+000  1.9200000e+001  1.9400000e+001  3.8300000e+001
  1.2638900e+005  9.3000000e+001  1.1365000e+003 -1.4000000e+001  1.9200000e+001  1.9500000e+001  3.8500000e+001
  1.4893900e+005  1.4350000e+002  1.1356000e+003 -1.4550000e+002  1.9100000e+001  1.9400000e+001  3.8900000e+001
  1.5815400e+005 -1.1680000e+002  1.3899000e+003 -4.0000000e-001  2.6000000e+001  2.4900000e+001  2.3800000e+001
  1.6050300e+005  9.4100000e+001  1.1919000e+003 -1.3010000e+002  1.9200000e+001  2.0100000e+001  3.9800000e+001
  2.0503100e+005 -1.3400000e+001  1.1890000e+003 -2.1000000e+002  3.7900000e+001  2.3900000e+001  8.0900000e+001
  2.0836400e+005 -9.9999000e+004 -9.9999000e+004 -9.9999000e+004 -9.9999000e+004 -9.9999000e+004 -9.9999000e+004
  2.1574700e+005  1.4320000e+002  1.1398000e+003 -1.4770000e+002  1.9000000e+001  1.9400000e+001  3.8900000e+001
  2.2743500e+005 -2.1100000e+001  1.1958000e+003 -1.8820000e+002  3.7500000e+001  2.3400000e+001  7.7900000e+001
  2.3870400e+005  7.3000000e+001  1.2095000e+003 -1.1670000e+002  1.9500000e+001  1.9500000e+001  3.9600000e+001
  2.3879000e+005  1.1560000e+002  1.1631000e+003 -1.3080000e+002  1.9000000e+001  1.9400000e+001  3.8900000e+001
  2.6184100e+005 -1.0400000e+002  1.3808000e+003 -3.6900000e+001  2.6500000e+001  2.3200000e+001  2.4500000e+001
  3.1274300e+005 -4.7800000e+001  1.4095000e+003 -6.7100000e+001  3.4480000e+002  4.1480000e+002  1.0219000e+003
  3.1492100e+005  1.6040000e+002  1.1999000e+003  1.1300000e+002  2.2900000e+001  5.6400000e+001  1.6100000e+002
  3.3155200e+005 -9.9999000e+004 -9.9999000e+004 -9.9999000e+004 -9.9999000e+004 -9.9999000e+004 -9.9999000e+004
  3.3163500e+005 -1.1300000e+002  1.3565000e+003 -5.5800000e+001  2.7000000e+001  2.3100000e+001  2.7900000e+001
  3.5262000e+005 -9.9999000e+004 -9.9999000e+004 -9.9999000e+004 -9.9999000e+004 -9.9999000e+004 -9.9999000e+004
  3.0036393e+007 -9.9999000e+004 -9.9999000e+004 -9.9999000e+004 -9.9999000e+004 -9.9999000e+004 -9.9999000e+004
  3.8928600e+005  1.4200000e+002  1.1280000e+003 -1.3550000e+002  1.9000000e+001  1.9400000e+001  3.8800000e+001
  3.9998000e+005 -2.0600000e+001  1.2201000e+003 -1.1420000e+002  3.7600000e+001  2.3200000e+001  7.6600000e+001
  3.0062741e+007  8.9900000e+001  1.2155000e+003  5.5900000e+001  2.3200000e+001  5.7200000e+001  1.6210000e+002
  3.0062748e+007  5.9300000e+001  1.2536000e+003  8.4500000e+001  2.4400000e+001  7.0900000e+001  1.7930000e+002
  3.0069218e+007  1.7160000e+002  1.1943000e+003  5.5900000e+001  2.1300000e+001  4.8500000e+001  1.4090000e+002
  3.0069222e+007  1.7130000e+002  1.1936000e+003  8.4200000e+001  2.2600000e+001  5.3700000e+001  1.5370000e+002
  3.0069457e+007  1.5830000e+002  1.1397000e+003 -5.4400000e+001  1.9100000e+001  1.9700000e+001  3.8600000e+001
  3.0073191e+007 -9.9999000e+004 -9.9999000e+004 -9.9999000e+004 -9.9999000e+004 -9.9999000e+004 -9.9999000e+004
  3.0076454e+007 -9.9999000e+004 -9.9999000e+004 -9.9999000e+004 -9.9999000e+004 -9.9999000e+004 -9.9999000e+004
  3.0092060e+007  1.3550000e+002  1.1567000e+003 -1.1310000e+002  1.9000000e+001  1.9400000e+001  3.8600000e+001
  4.7813800e+005 -9.9999000e+004 -9.9999000e+004 -9.9999000e+004 -9.9999000e+004 -9.9999000e+004 -9.9999000e+004
  4.7814100e+005 -9.9999000e+004 -9.9999000e+004 -9.9999000e+004 -9.9999000e+004 -9.9999000e+004 -9.9999000e+004
  4.7815900e+005 -9.9999000e+004 -9.9999000e+004 -9.9999000e+004 -9.9999000e+004 -9.9999000e+004 -9.9999000e+004
  5.2927400e+005 -9.9999000e+004 -9.9999000e+004 -9.9999000e+004 -9.9999000e+004 -9.9999000e+004 -9.9999000e+004
