           1 % nrand - number of ransom starts used
         204 %np number of parameters
 % format is i = 1,j=1:np then i=2,j=1:np and so on until i =nrand and j = np
   121.597080014370     
   1146.64302135457     
  -16.9977245737810     
  -51.1991123681444     
   1362.17240765137     
  -88.6550698723421     
  -23.1267733754351     
   1302.81214642935     
  -53.8844280707805     
  -1.09426134017871     
   1237.73267873684     
  -6.55754487184079     
   92.8034631062166     
   1121.70012061202     
  -67.0152333617808     
   53.5375246095952     
   1201.52690529991     
  -55.5946227896053     
  -8.26808972028786     
   1211.14172293473     
  -108.774426642736     
  -52.9170971823590     
   1368.75139296184     
  -21.8012918096339     
   101.209808137971     
   1147.80239562801     
  -81.5792003596494     
  -25.3671227207396     
   1304.88287673158     
  -53.9938699113596     
   122.888754754760     
   1187.16764124850     
  -15.7771036499733     
   118.975704735995     
   1167.52022910555     
  -26.4600640230115     
   59.3507147027682     
   1202.41629800822     
  -56.6681964374748     
   84.8369608247062     
   1159.77853200105     
  -74.5611351956423     
   28.2311835024418     
   1240.80726716630     
  -67.8842707040987     
  -70.6093973326384     
   1347.30237895352     
  -43.8316940560573     
   60.5407625976574     
   1203.49560991975     
  -59.0140999036111     
  -33.5057515374754     
   1212.64172489305     
  -92.7366462709567     
   105.742391583108     
   1144.20967331330     
  -80.5076119445796     
   120.393916038074     
   1168.78126618434     
  -26.0326860458319     
  -9.91236600418492     
   1313.01216391495     
  -42.8063665111573     
  -38.3301510000000     
   18.7263480000000     
  -266.060960000000     
   69.2097624019964     
   1209.25173267189     
  -59.6407392607046     
   35.4501913325910     
   1240.85642971447     
  -61.4134898011933     
  -82.3395938383604     
   1368.23246019283     
  -27.8789421597141     
  -3.55958846898710     
   1235.16740480219     
  -10.4271989205336     
  -31.3383486561370     
   1311.74113781276     
  -51.0642025971411     
  -104.977962308786     
   1386.59904961822     
  -40.1117226916524     
   61.1199102362356     
   1205.45576404204     
  -58.8674091787384     
   102.761051876043     
   1146.38369840284     
  -79.5289178191458     
  -86.4763964823362     
   1340.91669060516     
  -20.8428785391504     
   83.6669432702413     
   1168.36607965942     
  -80.4314928317469     
  -38.4824262826314     
   1211.26403094759     
  -94.9016382313483     
  -91.2212881027098     
   1377.62741666918     
  -56.6898207057256     
  -25.6336589162970     
   1305.66900001895     
  -52.1325000064609     
   61.4102480931873     
   1205.00557668966     
  -57.2388546159256     
   96.3574124175698     
   1141.19766504337     
  -75.7545214656507     
   110.374958011572     
   1158.44912813947     
  -24.0268953505929     
   114.737844453976     
   1153.24480342049     
  -89.5832466456475     
  -86.8549456227515     
   1365.65505519673     
  -28.7949792340755     
   84.4073791670356     
   1208.57714901608     
  -78.6425002426840     
  -22.4128342287066     
   1203.54427827862     
  -110.522520476991     
  -87.1818011850499     
   1320.38321618688     
  -2.42224475257598     
   117.924057190387     
   1153.27100579629     
  -89.9673294106673     
  -12.1177426343399     
   1198.58621611842     
  -138.136321263614     
   67.0672264162125     
   1212.26039006524     
  -67.9505155945366     
   103.461996272464     
   1169.19575890741     
  -92.3474722412913     
  -78.2182030074036     
   1354.60185524955     
  -31.7291329915904     
  -30.0249508315406     
   1293.88508033931     
  -54.2798535584665     
   142.605915641749     
   1176.92993447084     
  -36.3615657457651     
  -90.5233685573737     
   1334.89721489405     
  -17.9952525631437     
  -97.3750018062046     
   1333.99099696540     
  -68.5070595521920     
   150.238954538501     
   1213.54858537975     
  -94.0499280904686     
  -79.2817838287779     
   1332.48779640565     
  -3.72648510270218     
   117.828241395370     
   1148.99315326537     
  -87.3178609645726     
  -22.5069845530976     
   1212.11368255053     
  -108.888716840925     
   95.7412578416940     
   1224.28205928701     
  -74.0623127516074     
   41.9406518059910     
   1257.79297696652     
  -80.9581964735023     
   144.479113309285     
   1180.24258839706     
  -34.9425852481254     
   140.849381535916     
   1176.83803779962     
  -33.5145562203268     
   142.880220654894     
   1140.11673308510     
  -78.7805122442823     
  -66.0108741507853     
   1346.42709204959     
 -0.525366942763426     
  -29.0340463348629     
   1199.54375137364     
  -40.6203154738659     
   119.267220152238     
   1160.96284497705     
  -91.8135322962402     
   69.5155693582785     
   1209.63208877643     
  -63.4350479542304     
   21.3781701078162     
   1233.99037011956     
  -76.4418925900366     
   122.118534888313     
   1174.30878044212     
  -35.1212454311127     
   101.325591472958     
   1161.60009799584     
  -85.3020673414345     
