  2.2127385e+002
  1.1975444e+003
  7.6962690e+001
  2.8155710e+002
  1.8717844e+002
 -5.5314676e+001
 -4.1684822e+001
  6.8954813e+001
 -1.8190283e+002
 -6.0789509e+001
 -2.2975867e+002
 -7.9611791e+001
  2.2431098e+002
 -7.4503708e+001
 -5.4391043e+001
  8.4950370e+001
  2.7616811e+001
 -1.1018177e+002
 -1.6451994e+002
 -3.2142058e+002
 -1.8718192e+001
 -1.9635034e+002
  1.4586801e+002
 -1.1874437e+002
  9.2442961e+001
 -1.4879495e+002
 -2.5156447e+002
  5.5803279e+001
  7.1778540e+001
 -1.5620526e+002
  1.0228572e+001
  1.5305558e+002
  6.3341106e+001
  7.5721394e+001
 -5.3033802e+001
  2.0982785e+002
 -2.7319132e+002
  9.6764548e+001
  1.5476493e+002
  1.6283725e+002
 -7.1296881e+001
  2.9877875e+001
 -9.6383048e+001
  4.7768892e+001
  1.1739349e+002
  2.5613077e+002
 -5.9877993e+001
 -1.0489143e+002
 -1.7495316e+002
  2.6692870e+002
 -6.4888772e+001
 -2.8635214e+001
  7.3090077e+001
 -3.1345177e+002
 -1.6650420e+002
 -4.8459325e+001
  3.7898144e+001
 -2.2865863e+001
 -4.2302007e+001
 -1.0149947e+002
  6.2826454e+001
 -1.4590112e+002
  1.2530769e+001
  3.4053582e+002
  1.5138050e+002
 -3.2632835e+002
 -1.3701251e+002
 -1.2152931e+001
  2.5087304e+002
  2.3765020e+002
  1.6818544e+002
 -1.8064450e+002
 -1.2201879e+002
  1.4884489e+003
 -1.3626285e+002
  4.2614261e+000
  1.4262798e+003
 -5.2924815e+002
 -1.0637152e+002
  1.3221456e+003
  4.1714446e+001
 -2.9340501e+002
  1.2911619e+003
 -1.3985356e+002
  1.8274563e+002
  1.1199861e+003
 -1.3988952e+002
 -5.0389237e+001
  1.2470897e+003
  1.5883381e+002
 -2.4098415e+001
  9.6845371e+001
 -3.4985046e+001
  1.1035657e+002
  1.1195823e+003
 -9.9238569e+001
  1.1722076e+002
  1.3105431e+003
  1.3298115e+002
 -1.0076235e+002
  1.2354194e+003
  8.3087932e+001
  1.7480449e+002
  1.3532181e+003
 -1.7348981e+002
 -7.5686215e+001
  1.1862381e+003
 -2.1158027e+002
  3.5302075e+001
  1.2344872e+003
  7.6405505e+001
  1.7162748e+002
  1.0409705e+003
  1.3309072e+002
 -3.0643696e+001
  9.7352307e+002
 -2.9817684e+002
 -1.7735367e+001
  1.3702854e+003
 -1.8479081e+002
  6.2260172e+001
  1.2479298e+003
 -9.0822190e+001
  1.1112697e+002
  1.0418155e+003
 -1.6827460e+002
  1.1616301e+002
  1.3521699e+002
  1.2440873e+002
  7.0827128e+001
  1.2006798e+003
 -3.4469704e+002
  1.7332043e+002
  1.3265993e+003
 -1.1262665e+002
  1.6027236e+002
  1.1327308e+003
  6.1708150e+001
  8.0873343e+001
  1.1240454e+003
  1.8614583e+001
 -2.6454791e+002
  1.5344925e+003
 -1.9158942e+002
  4.6023650e+001
  1.4897318e+003
 -1.2527226e+002
  2.1532252e+002
  1.0966489e+003
  9.7747323e+000
 -1.3932644e-001
 -2.4531293e+001
  3.1149783e+001
 -2.6479673e+002
  1.2728703e+003
 -1.0709157e+001
  2.4344061e+002
  7.6248426e+001
 -1.4089062e+001
 -4.5603102e+001
 -1.0155385e+002
  2.4631063e+002
 -4.9034538e+001
  1.0778845e+003
 -1.7243349e+001
 -1.9906738e+002
  1.1948731e+003
 -1.7630936e+000
 -5.3750481e+001
  1.1372194e+003
 -3.6606270e+000
  2.1668972e+002
  1.1699441e+003
 -9.3781058e+001
  1.5792803e+002
  1.0913065e+003
  1.3938185e+002
  1.9564270e+002
  1.3682734e+003
  2.8137138e+002
  1.5608254e+002
  1.2837761e+003
 -1.8940941e+002
 -1.3274789e+002
 -2.0710987e+002
  1.4369736e+001
 -1.9502257e+001
  2.5776228e+000
  1.2691481e+001
  5.0926124e+001
  1.1826984e+003
 -1.2043721e+002
 -1.4032408e+002
  1.2098077e+002
  3.8360747e+001
  1.9144673e+002
 -7.0166290e+000
  7.5224896e+001
 -1.1008055e+002
  9.7037555e+001
 -1.8398744e+001
 -2.3273083e+002
 -5.2414294e+001
 -5.3008808e+001
