    17842  37.278853 -121.670003     2.771       21.3    -1273.5     -873.0      4.4      3.0     15.3 1984  4 25  4 35 19.170 1.9   1
    21644  37.280367 -121.671248     2.939      -89.3    -1105.3     -705.7      6.0      3.9     37.3 1984  6 27 14 50 38.140 1.6   1
    32049  37.278923 -121.670223     2.762        1.8    -1265.9     -881.9      3.9      2.9     12.8 1984 11 18  0 28 55.240 1.7   1
    35109  37.280355 -121.671248     2.937      -89.3    -1106.9     -707.7      5.7      3.8     37.0 1984 12 22  4 43 44.710 1.6   1
    42349  37.278870 -121.669922     2.698       27.8    -1271.7     -946.5      5.9      3.4     92.1 1985  2 28  1  9 58.300 0.8   1
    42555  37.278788 -121.670011     2.781       19.9    -1280.6     -863.2      4.4      2.9     14.8 1985  3  2  6 53 56.010 1.7   1
    42559  37.279464 -121.670557     2.724      -28.3    -1205.6     -920.8      4.2      3.0     17.2 1985  3  2  8 55  3.470 1.9   1
    42643  37.279179 -121.670321     2.734       -7.5    -1237.3     -910.7      4.1      2.9     14.0 1985  3  2  8 55 29.590 2.1   1
    42560  37.279769 -121.670890     2.791      -57.8    -1171.8     -853.3      4.6      3.3     92.3 1985  3  2  8 58  0.480 1.2   1
    49626  37.280969 -121.671533     2.790     -114.7    -1038.5     -854.5     10.2      5.8     90.8 1985  6 15  1 38 57.380 0.9   1
    54084  37.279447 -121.670662     2.792      -37.4    -1207.5     -852.4      4.0      2.9     16.4 1985  8 28 20 35 10.100 1.6   1
    57770  37.279460 -121.671883     2.641     -145.6    -1206.4    -1003.0     11.4     13.4    145.3 1985 10 28  3 55 38.130 1.3   1
    62514  37.278923 -121.670296     2.800       -4.8    -1265.9     -844.5      3.9      2.8     13.0 1985 12 31 15 50 52.230 1.7   1
    62520  37.278800 -121.670068     2.798       15.1    -1279.3     -846.5      4.1      2.9     13.7 1985 12 31 18  3  3.480 1.6   1
    67820  37.280379 -121.671444     3.016     -106.6    -1104.1     -627.9      5.9      4.0     34.8 1986  3  8 10 32  4.410 1.6   1
    82606  37.280994 -121.670923     2.878      -60.8    -1036.1     -765.9     34.7     27.2    159.6 1986  9 15 20 17 49.920 2.7   1
    83805  37.280457 -121.671411     2.980     -104.1    -1095.6     -664.2      5.8      4.1     33.8 1986  9 25 12  1 52.830 1.4   1
    88698  37.280998 -121.671696     2.840     -129.3    -1035.7     -803.9      9.8      5.6     90.6 1986 11 25 13  0 35.660 1.0   1
   101361  37.279496 -121.670614     2.759      -33.4    -1202.3     -885.3      4.1      3.0     15.0 1987  6  3  6 56  7.740 1.9   1
   101362  37.278947 -121.670304     2.806       -6.0    -1263.2     -837.9      4.0      2.8     13.0 1987  6  3  6 58 51.320 1.7   1
   102776  37.281006 -121.671712     2.846     -130.5    -1034.7     -798.6      9.7      5.6     90.0 1987  7  7  1 44 26.990 1.0   1
   103138  37.279207 -121.670467     2.767      -19.9    -1234.0     -876.9      4.0      2.8     12.8 1987  7 14 19  2 57.020 1.7   1
   110939  37.279456 -121.671875     2.616     -144.9    -1206.7    -1027.9     10.8     13.3    155.1 1988  1 15  1 56 42.310 1.4   1
   112868  37.281034 -121.671688     2.841     -128.7    -1031.6     -803.2      9.7      5.5     90.4 1988  2 25 10  0 17.780 0.9   1
   126189  37.279468 -121.670573     2.711      -29.5    -1205.1     -933.4      4.4      2.9     27.1 1988 11  2  3  9 12.610 1.9   1
   126292  37.278906 -121.670117     2.583       10.5    -1267.7    -1061.7      4.1      3.0     68.9 1988 11  3  1 30  4.280 1.7   1
   126389  37.278825 -121.670044     2.734       17.6    -1276.8     -910.0      4.2      2.9     14.0 1988 11  4 13 34 34.720 1.9   1
   148939  37.279008 -121.670809     3.044      -50.3    -1256.3     -600.1      4.7      3.5     14.8 1989 12 13  5 33 46.080 1.6   1
   158154  37.280965 -121.672355     3.023     -187.6    -1039.3     -621.3      7.8      6.5     52.0 1990  5 23 11 11 37.580 1.0   1
   160503  37.279435 -121.671094     2.996      -75.7    -1208.7     -648.0      4.0      3.8     11.3 1990  7  5 20  4 42.800 1.7   1
   208364  37.280981 -121.672217     2.981     -175.4    -1037.5     -663.7      7.8      6.4     53.3 1991  3 22 11 23 27.560 1.0   1
   215747  37.279032 -121.670671     2.986      -37.9    -1253.7     -658.2      4.1      3.3     12.6 1991  5 29  9 45 22.620 1.8   1
   227435  37.279818 -121.672168     2.887     -171.3    -1166.3     -756.9     36.9     55.3    201.6 1991  8 10 17  6  5.760 1.2   1
   238704  37.279582 -121.671126     2.978      -78.3    -1192.9     -666.3      4.1      3.5     11.6 1991 12  3  5 24 24.980 2.0   1
   238790  37.279220 -121.670890     2.996      -58.1    -1232.8     -648.6      4.1      3.3     12.6 1991 12  4  0  8 49.550 1.9   1
   314921  37.278894 -121.670435     3.010      -17.4    -1269.0     -634.4      5.7      4.0     15.8 1992  9 11  1 22 13.650 1.1   1
