    17842  37.284892 -121.668099     2.805      190.1     -603.2     -839.6     11.1      9.7     40.1 1984  4 25  4 35 19.170 1.9   1
    21644  37.286466 -121.669482     2.920       67.3     -428.4     -724.2     15.0     10.8    175.8 1984  6 27 14 50 38.140 1.6   1
    28475  37.287056 -121.669035     1.868      106.5     -363.0    -1776.5     15.0     11.8    371.9 1984  9 23  8 43 14.720 1.1   1
    32049  37.284908 -121.668286     2.778      173.3     -601.4     -866.5      9.1      9.4     32.5 1984 11 18  0 28 55.240 1.7   1
    35109  37.286466 -121.669442     2.912       70.9     -428.4     -732.6     13.8     10.6    179.2 1984 12 22  4 43 44.710 1.6   1
    42349  37.284859 -121.668075     2.733      192.2     -607.0     -911.4     13.5     10.1     52.1 1985  2 28  1  9 58.300 0.8   1
    42555  37.284819 -121.668066     2.797      192.9     -611.2     -847.5     10.7      9.6     38.0 1985  3  2  6 53 56.010 1.7   1
    42559  37.285522 -121.668595     2.731      145.7     -533.3     -913.3      9.8      9.6     40.8 1985  3  2  8 55  3.470 1.9   1
    42643  37.285193 -121.668384     2.752      164.2     -570.0     -892.2      9.8      9.5     35.9 1985  3  2  8 55 29.590 2.1   1
    42560  37.285779 -121.669320     2.839       81.4     -504.9     -805.6      9.2     10.2     21.1 1985  3  2  8 58  0.480 1.2   1
    49626  37.286987 -121.670133     2.987        9.5     -370.8     -657.7     15.4     11.4     45.5 1985  6 15  1 38 57.380 0.9   1
    54084  37.285490 -121.668701     2.809      136.1     -536.7     -835.2      9.6      9.6     39.1 1985  8 28 20 35 10.100 1.6   1
    57770  37.285311 -121.670467     3.247      -20.2     -556.9     -397.3     20.4     27.3    520.9 1985 10 28  3 55 38.130 1.3   1
    62514  37.284912 -121.668359     2.817      166.6     -601.1     -827.6      9.4      9.4     32.9 1985 12 31 15 50 52.230 1.7   1
    62520  37.284835 -121.668140     2.822      186.2     -609.6     -822.6     10.1      9.5     35.9 1985 12 31 18  3  3.480 1.6   1
    67820  37.286515 -121.669548     2.966       61.2     -423.3     -678.7     14.9     10.8    182.3 1986  3  8 10 32  4.410 1.6   1
    73786  37.284745 -121.669832     1.924       35.8     -619.5    -1720.1     82.5    301.3    119.7 1986  6  1 10 51 31.460 1.2   1
    82606  37.286983 -121.670044     2.782       17.5     -371.4     -862.4    167.3     51.2    326.5 1986  9 15 20 17 49.920 2.7   1
    83805  37.286621 -121.669564     2.951       60.1     -411.4     -693.8     14.8     10.8    182.0 1986  9 25 12  1 52.830 1.4   1
    88698  37.286934 -121.669759     2.972       42.5     -376.5     -672.1     14.4     12.6     23.6 1986 11 25 13  0 35.660 1.0   1
   101361  37.285628 -121.668449     2.725      158.6     -521.8     -919.7      9.4      9.6     34.9 1987  6  3  6 56  7.740 1.9   1
   101362  37.285022 -121.668123     2.770      187.6     -588.9     -873.9      9.3      9.4     32.7 1987  6  3  6 58 51.320 1.7   1
   102776  37.287077 -121.670215     3.035        2.4     -361.0     -609.6     15.1     11.5     43.1 1987  7  7  1 44 26.990 1.0   1
   103138  37.285291 -121.668343     2.751      168.2     -558.9     -893.6      9.3      9.4     33.1 1987  7 14 19  2 57.020 1.7   1
   110939  37.285327 -121.670020     1.465       19.6     -555.0    -2179.8     19.6     27.2    498.3 1988  1 15  1 56 42.310 1.4   1
   112868  37.286959 -121.669784     2.979       40.4     -373.9     -665.0     14.4     12.3     22.9 1988  2 25 10  0 17.780 0.9   1
   126189  37.285531 -121.668538     2.686      150.7     -532.6     -958.3     10.5      9.7     37.2 1988 11  2  3  9 12.610 1.9   1
   126292  37.284928 -121.667847     2.206      212.5     -599.1    -1438.2      9.3      9.4    132.2 1988 11  3  1 30  4.280 1.7   1
   126389  37.284908 -121.667944     2.719      203.3     -601.4     -925.1     10.3      9.5     36.6 1988 11  4 13 34 34.720 1.9   1
   148939  37.285006 -121.668913     3.081      117.5     -590.8     -563.4      9.4      9.4     33.7 1989 12 13  5 33 46.080 1.6   1
   158154  37.287280 -121.670158     3.107        6.9     -338.4     -537.2     13.1     12.0     20.4 1990  5 23 11 11 37.580 1.0   1
   160503  37.285478 -121.669214     3.020       91.1     -538.5     -624.4      9.8     10.3     34.1 1990  7  5 20  4 42.800 1.7   1
   208364  37.287073 -121.670801     3.302      -50.0     -361.1     -342.2     15.2     11.3     43.1 1991  3 22 11 23 27.560 1.0   1
   215747  37.285055 -121.668726     3.021      134.1     -585.3     -623.8      9.7      9.4     33.0 1991  5 29  9 45 22.620 1.8   1
   227435  37.285392 -121.670174     2.710        5.7     -547.6     -934.8     19.9     27.4    389.2 1991  8 10 17  6  5.760 1.2   1
   238704  37.285588 -121.669198     2.989       92.3     -526.1     -655.3      9.8      9.6     38.7 1991 12  3  5 24 24.980 2.0   1
   238790  37.285229 -121.668937     3.006      115.7     -565.9     -638.1      9.6      9.4     33.2 1991 12  4  0  8 49.550 1.9   1
   314921  37.284892 -121.668604     3.040      145.2     -603.5     -604.8     13.0      9.8     41.6 1992  9 11  1 22 13.650 1.1   1
