    17842  37.278833 -121.670003     2.781       21.0    -1275.9     -863.2      4.2      2.9     17.8 1984  4 25  4 35 19.170 1.9   1
    21644  37.280371 -121.671232     2.957      -88.4    -1104.9     -687.3      5.6      3.7     29.1 1984  6 27 14 50 38.140 1.6   1
    32049  37.278910 -121.670264     2.786       -2.0    -1267.3     -858.0      3.7      2.7     16.1 1984 11 18  0 28 55.240 1.7   1
    35109  37.280359 -121.671240     2.955      -89.0    -1106.4     -689.7      5.2      3.6     28.8 1984 12 22  4 43 44.710 1.6   1
    42349  37.278870 -121.669873     2.641       32.8    -1271.5    -1003.0      6.3      3.5     95.1 1985  2 28  1  9 58.300 0.8   1
    42555  37.278772 -121.670036     2.799       17.9    -1282.5     -845.8      4.1      2.8     17.2 1985  3  2  6 53 56.010 1.7   1
    42559  37.279447 -121.670597     2.743      -32.0    -1207.7     -901.2      3.9      2.8     18.8 1985  3  2  8 55  3.470 1.9   1
    42643  37.279167 -121.670353     2.756      -10.4    -1238.5     -888.3      4.0      2.8     17.2 1985  3  2  8 55 29.590 2.1   1
    42560  37.279757 -121.670833     2.703      -52.9    -1173.4     -941.3      5.2      3.2     25.1 1985  3  2  8 58  0.480 1.2   1
    49626  37.280949 -121.671517     2.759     -113.1    -1041.0     -885.4      8.3      4.8     43.5 1985  6 15  1 38 57.380 0.9   1
    54084  37.279427 -121.670703     2.811      -41.2    -1209.7     -833.4      3.7      2.8     17.4 1985  8 28 20 35 10.100 1.6   1
    57770  37.279504 -121.671769     2.570     -136.0    -1201.4    -1074.4     12.6     18.2    152.1 1985 10 28  3 55 38.130 1.3   1
    62514  37.278906 -121.670329     2.821       -7.9    -1267.6     -823.6      3.6      2.7     15.6 1985 12 31 15 50 52.230 1.7   1
    62520  37.278788 -121.670101     2.817       12.4    -1280.8     -827.7      3.8      2.7     16.3 1985 12 31 18  3  3.480 1.6   1
    67820  37.280383 -121.671411     3.029     -104.2    -1103.6     -615.6      5.4      3.8     26.2 1986  3  8 10 32  4.410 1.6   1
    82606  37.281042 -121.670980     2.863      -65.8    -1030.7     -781.3     19.8     21.0    153.4 1986  9 15 20 17 49.920 2.7   1
    83805  37.280461 -121.671411     2.999     -104.2    -1095.1     -645.6      5.3      3.8     25.0 1986  9 25 12  1 52.830 1.4   1
    88698  37.280977 -121.671680     2.811     -127.9    -1037.6     -833.4      7.7      4.6     41.5 1986 11 25 13  0 35.660 1.0   1
   101361  37.279476 -121.670671     2.782      -38.3    -1204.4     -862.6      3.8      2.8     17.1 1987  6  3  6 56  7.740 1.9   1
   101362  37.278931 -121.670353     2.829      -10.1    -1264.8     -815.8      3.6      2.7     15.4 1987  6  3  6 58 51.320 1.7   1
   102776  37.280981 -121.671688     2.815     -128.6    -1037.1     -829.8      7.6      4.6     41.3 1987  7  7  1 44 26.990 1.0   1
   103138  37.279191 -121.670524     2.793      -25.0    -1235.9     -851.3      3.7      2.7     16.0 1987  7 14 19  2 57.020 1.7   1
   110939  37.279504 -121.671753     2.544     -134.3    -1201.4    -1100.4     12.2     18.1    154.6 1988  1 15  1 56 42.310 1.4   1
   112868  37.281014 -121.671672     2.810     -127.3    -1033.8     -834.4      7.6      4.6     41.5 1988  2 25 10  0 17.780 0.9   1
   126189  37.279443 -121.670622     2.703      -33.6    -1207.8     -941.5      4.0      2.9     18.5 1988 11  2  3  9 12.610 1.9   1
   126292  37.278894 -121.670174     2.659        5.7    -1268.8     -985.0     11.1      5.8    187.8 1988 11  3  1 30  4.280 1.7   1
   126389  37.278809 -121.670076     2.755       14.4    -1278.4     -889.1      4.0      2.8     17.0 1988 11  4 13 34 34.720 1.9   1
   148939  37.279008 -121.670801     3.058      -49.9    -1256.4     -586.1      4.2      3.2     13.4 1989 12 13  5 33 46.080 1.6   1
   158154  37.280969 -121.672339     3.062     -186.1    -1038.9     -582.4      6.2      4.9     21.7 1990  5 23 11 11 37.580 1.0   1
   160503  37.279447 -121.671069     3.004      -73.3    -1207.6     -640.3      3.4      3.4      9.7 1990  7  5 20  4 42.800 1.7   1
   208364  37.280981 -121.672225     3.023     -175.8    -1037.2     -620.9      6.0      4.6     20.6 1991  3 22 11 23 27.560 1.0   1
   215747  37.279036 -121.670646     2.998      -36.3    -1253.1     -646.2      3.5      2.9     10.9 1991  5 29  9 45 22.620 1.8   1
   227435  37.279928 -121.672160     2.794     -170.0    -1154.5     -850.7     31.7     52.4    172.6 1991  8 10 17  6  5.760 1.2   1
   238704  37.279598 -121.671094     2.983      -76.0    -1190.6     -661.2      3.6      3.2     10.0 1991 12  3  5 24 24.980 2.0   1
   238790  37.279232 -121.670874     3.007      -56.1    -1231.4     -637.3      3.5      3.0     10.9 1991 12  4  0  8 49.550 1.9   1
   314921  37.278898 -121.670410     3.019      -15.0    -1268.4     -624.9      5.0      3.5     13.7 1992  9 11  1 22 13.650 1.1   1
