    17842  37.288871 -121.668840     3.670      123.8     -161.8       25.9    397.4    329.0     69.9 1984  4 25  4 35 19.170 1.9   1
    16751  37.294401 -121.672331     3.484     -185.6      451.9     -160.3   5637.9   5954.1  13911.7 1984  4 27  7 48 23.500 1.0   1
    21644  37.290454 -121.670833     3.738      -52.4       13.9       93.8    398.9    326.3     73.9 1984  6 27 14 50 38.140 1.6   1
    22280  37.299304 -121.669295     3.880       83.8      996.3      235.8   4399.9   9245.2  14439.2 1984  7  7  2 35  4.060 1.5   1
    23190  37.291659 -121.670028     3.706       18.5      147.5       61.7   2838.3   4972.5   8330.2 1984  7 17 16 24 49.440 1.9   1
    25096  37.289864 -121.670386     3.497      -12.7      -51.3     -147.3    397.9    324.2     86.3 1984  8  7  9  7  6.330 1.2   1
    28475  37.290605 -121.671948     3.574     -151.4       30.9      -70.2    406.7    327.6    139.9 1984  9 23  8 43 14.720 1.1   1
    32049  37.287675 -121.669922     3.653       28.3     -294.2        8.3    395.6    321.4     77.4 1984 11 18  0 28 55.240 1.7   1
    35109  37.290426 -121.670817     3.611      -50.9       10.6      -33.7    398.7    328.0     66.5 1984 12 22  4 43 44.710 1.6   1
    42349  37.287569 -121.669230     3.776       89.8     -306.3      131.6    396.2    323.1     76.8 1985  2 28  1  9 58.300 0.8   1
    42555  37.288639 -121.669515     3.703       64.4     -187.4       59.0    398.0    327.3     69.7 1985  3  2  6 53 56.010 1.7   1
    42559  37.289172 -121.669946     3.631       26.1     -128.2      -13.5    396.7    324.4     73.4 1985  3  2  8 55  3.470 1.9   1
    42643  37.288607 -121.669539     3.616       61.8     -191.2      -28.4    398.9    323.8     79.2 1985  3  2  8 55 29.590 2.1   1
    42560  37.289661 -121.670874     3.782      -56.1      -74.1      138.0    398.0    322.8     82.3 1985  3  2  8 58  0.480 1.2   1
    49626  37.291463 -121.671126     3.825      -78.7      125.8      180.3    402.3    327.0     99.0 1985  6 15  1 38 57.380 0.9   1
    54084  37.289266 -121.669930     3.656       27.1     -117.9       11.7    395.9    323.2     74.9 1985  8 28 20 35 10.100 1.6   1
    57770  37.288696 -121.674333     3.757     -362.9     -181.3      112.7    397.3    322.2     90.5 1985 10 28  3 55 38.130 1.3   1
    62514  37.288338 -121.668604     3.684      144.8     -221.0       39.5    397.3    322.0     81.2 1985 12 31 15 50 52.230 1.7   1
    62520  37.288513 -121.669710     3.701       47.2     -201.6       56.5    396.3    322.3     93.6 1985 12 31 18  3  3.480 1.6   1
    67820  37.290112 -121.672876     3.607     -234.0      -23.9      -37.5    400.1    327.4     88.0 1986  3  8 10 32  4.410 1.6   1
    73786  37.289282 -121.668921     3.418      116.7     -116.2     -225.9    397.6    320.3     89.9 1986  6  1 10 51 31.460 1.2   1
    77218  37.290649 -121.670329     3.759       -7.7       35.8      114.5   2805.9   5142.9  11902.7 1986  7 25  9 22 50.290 2.3   1
    77296  37.290800 -121.668457     3.098      157.9       52.4     -546.5   6530.4   4942.2  21034.4 1986  7 25 16  1 52.100 1.1   1
    81017  37.293241 -121.670329     3.482       -7.9      323.5     -162.5   4554.0   6709.6  18805.1 1986  9  2  7 24 15.870 0.8   1
    82606  37.291528 -121.671672     3.607     -126.8      133.3      -37.6    397.5    334.6     98.6 1986  9 15 20 17 49.920 2.7   1
    83805  37.290568 -121.670719     3.662      -42.8       26.8       17.5    398.6    325.6     75.2 1986  9 25 12  1 52.830 1.4   1
    88698  37.291382 -121.671297     4.398      -94.1      117.0      754.1    443.2    443.1    521.7 1986 11 25 13  0 35.660 1.0   1
   101361  37.290340 -121.669759     3.509       42.2        1.2     -134.9    397.7    334.9     99.7 1987  6  3  6 56  7.740 1.9   1
   101362  37.288542 -121.670256     3.684       -1.6     -198.2       39.7    396.4    328.8     62.8 1987  6  3  6 58 51.320 1.7   1
   102776  37.291423 -121.671346     3.740      -97.8      121.4       95.7    398.9    324.8     94.6 1987  7  7  1 44 26.990 1.0   1
   103138  37.288835 -121.669897     3.605       30.4     -165.9      -39.0    397.1    324.5     73.5 1987  7 14 19  2 57.020 1.7   1
   110939  37.290019 -121.671257     3.503      -90.4      -34.3     -141.8    394.1    318.8     86.6 1988  1 15  1 56 42.310 1.4   1
   112868  37.291931 -121.671436     4.448     -106.2      178.0      803.5    400.1    338.5    101.6 1988  2 25 10  0 17.780 0.9   1
   120788  37.293628 -121.671549     4.014     -115.9      366.4      369.2   3755.3   7037.9  14583.2 1988  7 23 10 42 21.740 1.5   1
   126189  37.285775 -121.677100     4.124     -608.6     -505.4      479.3    397.6    330.6     64.6 1988 11  2  3  9 12.610 1.9   1
   126292  37.289176 -121.669222     3.573       90.5     -128.0      -71.8    396.3    326.0     71.3 1988 11  3  1 30  4.280 1.7   1
   126389  37.288802 -121.670369     3.527      -11.4     -169.2     -117.1    396.1    333.0     97.1 1988 11  4 13 34 34.720 1.9   1
   148939  37.288782 -121.669564     3.707       59.6     -171.8       62.4    397.3    330.2     76.8 1989 12 13  5 33 46.080 1.6   1
   158154  37.291252 -121.672030     3.829     -158.9      102.6      184.6    397.5    325.6     84.9 1990  5 23 11 11 37.580 1.0   1
   160503  37.289893 -121.669124     3.680       98.8      -48.2       35.2    399.2    329.5     69.9 1990  7  5 20  4 42.800 1.7   1
   205031  37.289644 -121.667033     2.328      284.3      -76.1    -1316.6   8268.0   5735.1  25015.8 1991  1 20  5  0 30.930 1.2   1
   208364  37.292049 -121.670581     3.757      -30.6      191.2      112.7    403.0    330.5     84.6 1991  3 22 11 23 27.560 1.0   1
   215747  37.288330 -121.669816     3.720       37.3     -221.8       75.5    396.4    330.1     63.0 1991  5 29  9 45 22.620 1.8   1
   227435  37.289217 -121.668978     3.601      111.7     -123.1      -43.6    400.6    325.6     85.7 1991  8 10 17  6  5.760 1.2   1
   238704  37.289494 -121.669808     3.667       38.4      -92.4       22.9    395.7    324.8     72.4 1991 12  3  5 24 24.980 2.0   1
   238790  37.289107 -121.669686     3.718       48.8     -135.6       73.9    397.7    328.8     64.7 1991 12  4  0  8 49.550 1.9   1
   261841  37.291903 -121.669466     2.663       68.2      174.7     -981.7   4088.1   2906.3  12317.2 1992  4  6  9 39 49.410 0.9   1
   312743  37.292086 -121.671167     3.380      -81.9      194.9     -264.6   4164.4   3904.0  10336.5 1992  8 29 17  4 29.020 1.6   1
   314921  37.287789 -121.667383     3.677      253.5     -282.0       32.6    426.6    352.1    204.0 1992  9 11  1 22 13.650 1.1   1
   331552  37.291976 -121.670841     3.187      -53.1      182.8     -457.4   4439.9   3729.4  12821.3 1993  1  9 17 48 38.720 1.0   1
   331635  37.292069 -121.671655     3.212     -125.7      193.2     -432.8   5498.0   3679.5  12602.5 1993  1 10 22 13  9.440 1.2   1
   352620  37.288167 -121.665129     2.174      452.9     -239.7    -1470.4   7079.2   4964.0  24617.9 1993  6  8  9 15  1.380 0.8   1
   389286  37.288888 -121.669287     3.471       84.7     -159.8     -173.2   2717.4   2784.2   8556.3 1993 12 20 22 35  7.800 1.8   1
   399980  37.290926 -121.669995     3.265       21.6       66.5     -379.6   6112.7   4494.5  15692.9 1994  4  6  4 11 34.960 1.4   1
 30062741  37.290426 -121.669694     3.513       48.6       10.7     -131.6   2699.7   3707.4   8705.5 1994 11 16 16 50 58.150 2.0   1
 30062748  37.292562 -121.669979     3.570       23.2      247.9      -73.9   3356.3   4606.6   9927.3 1994 11 16 18  3 42.360 1.3   1
 30069218  37.289730 -121.668880     3.572      120.3      -66.5      -72.2   3314.3   3739.0  10355.0 1995  3  3  9 38 49.200 1.2   1
 30069222  37.287838 -121.669556     3.155       60.8     -276.2     -488.9   3139.7  11345.1  31761.7 1995  3  3 12 30 15.850 1.8   1
 30069457  37.289539 -121.668872     3.537      121.4      -87.7     -107.5   2968.8   3305.7   9337.7 1995  3  7 13 19 41.960 1.3   1
 30073191  37.293473 -121.671436     3.185     -105.9      349.1     -459.5   7730.9   4252.1  14745.8 1995  5 14 11 18 47.000 1.0   1
 30092060  37.288367 -121.669881     3.263       32.0     -217.6     -381.5   2898.9  10241.4  29752.7 1995 12 15 18 53 39.820 1.8   1
   478141  37.305497 -121.668115     7.511      188.0     1683.4     3867.1   6449.6  46071.0 118428.6 1996  9  2 20 36  3.960 1.4   1
   529274  37.278878 -121.671737     0.469     -132.6    -1270.8    -3175.3   5884.6  38485.5 103554.4 1997 10 28 12  1 44.750 1.6   1
