    17842  37.286365 -121.665519     2.923      418.6     -439.8     -720.9    128.2    152.4     97.2 1984  4 25  4 35 19.170 1.9   1
    21644  37.287846 -121.667480     2.979      244.5     -275.4     -665.7    126.5    149.1     89.9 1984  6 27 14 50 38.140 1.6   1
    25096  37.288070 -121.666089     2.549      368.0     -250.6    -1095.5    137.6    157.7    138.6 1984  8  7  9  7  6.330 1.2   1
    28475  37.289010 -121.668132     2.801      187.0     -146.3     -843.1    138.1    157.1    170.7 1984  9 23  8 43 14.720 1.1   1
    32049  37.285266 -121.666626     2.937      320.7     -561.9     -707.7    124.0    148.3     88.4 1984 11 18  0 28 55.240 1.7   1
    35109  37.288066 -121.667301     2.879      260.5     -251.2     -764.9    125.3    148.5     94.7 1984 12 22  4 43 44.710 1.6   1
    42349  37.285034 -121.665804     2.917      393.6     -587.7     -727.2    132.5    150.5     99.1 1985  2 28  1  9 58.300 0.8   1
    42555  37.286112 -121.666187     2.935      359.4     -468.1     -709.3    124.7    148.9     89.5 1985  3  2  6 53 56.010 1.7   1
    42559  37.286759 -121.666536     2.866      328.1     -396.2     -778.4    124.9    148.6     92.6 1985  3  2  8 55  3.470 1.9   1
    42643  37.286239 -121.666097     2.838      367.1     -453.9     -805.9    128.8    149.3    114.9 1985  3  2  8 55 29.590 2.1   1
    42560  37.287105 -121.667367     2.997      255.1     -357.5     -647.5    125.7    149.0     92.9 1985  3  2  8 58  0.480 1.2   1
    49626  37.288822 -121.667212     2.879      268.8     -167.3     -765.6    129.9    152.8    112.6 1985  6 15  1 38 57.380 0.9   1
    54084  37.286820 -121.666585     2.935      324.3     -389.2     -709.3    124.9    148.9     91.8 1985  8 28 20 35 10.100 1.6   1
    57770  37.286068 -121.671224     3.131      -87.4     -472.7     -512.9    128.1    151.2     97.6 1985 10 28  3 55 38.130 1.3   1
    62514  37.285803 -121.665348     2.946      434.0     -502.3     -698.3    126.0    151.4     90.4 1985 12 31 15 50 52.230 1.7   1
    62520  37.286056 -121.666317     2.951      348.0     -474.0     -692.9    127.0    154.7    105.2 1985 12 31 18  3  3.480 1.6   1
    67820  37.287724 -121.669645     2.969       52.6     -289.0     -675.5    131.7    151.8    138.8 1986  3  8 10 32  4.410 1.6   1
    73786  37.287642 -121.664591     2.455      500.7     -297.9    -1188.9    136.5    156.8    146.7 1986  6  1 10 51 31.460 1.2   1
    82606  37.288497 -121.668245     2.948      176.8     -203.1     -696.0    124.2    148.3     91.9 1986  9 15 20 17 49.920 2.7   1
    83805  37.288106 -121.667253     2.902      264.6     -246.4     -742.6    125.5    148.7     93.4 1986  9 25 12  1 52.830 1.4   1
    88698  37.288354 -121.670117     3.714       10.6     -218.8       70.1    259.5    347.8    406.7 1986 11 25 13  0 35.660 1.0   1
   101361  37.287130 -121.666260     2.947      352.7     -354.9     -697.5    125.2    149.0     91.9 1987  6  3  6 56  7.740 1.9   1
   101362  37.286003 -121.667082     2.971      280.1     -480.2     -673.2    127.7    148.9    113.9 1987  6  3  6 58 51.320 1.7   1
   102776  37.288822 -121.667871     2.956      210.3     -167.3     -688.1    126.8    151.6    103.5 1987  7  7  1 44 26.990 1.0   1
   103138  37.286454 -121.666545     2.877      327.9     -429.9     -767.7    128.4    149.2    115.4 1987  7 14 19  2 57.020 1.7   1
   110939  37.287895 -121.667497     2.670      243.1     -270.1     -974.0    129.5    149.3    130.0 1988  1 15  1 56 42.310 1.4   1
   112868  37.289754 -121.668758     3.596      131.2      -63.9      -48.3    125.4    154.2     75.2 1988  2 25 10  0 17.780 0.9   1
   126189  37.282971 -121.674642     3.647     -390.4     -816.3        2.2    118.1    149.5     68.2 1988 11  2  3  9 12.610 1.9   1
   126292  37.286898 -121.665690     2.792      403.4     -380.9     -851.9    132.8    152.7    125.3 1988 11  3  1 30  4.280 1.7   1
   126389  37.285681 -121.666813     2.948      303.5     -515.7     -696.5    125.2    148.7     93.2 1988 11  4 13 34 34.720 1.9   1
   148939  37.286169 -121.666423     2.998      338.7     -461.4     -646.2    129.9    152.1    112.0 1989 12 13  5 33 46.080 1.6   1
   158154  37.288550 -121.668701     3.130      136.6     -197.3     -514.0    124.3    152.4     87.0 1990  5 23 11 11 37.580 1.0   1
   160503  37.287354 -121.665804     2.969      393.5     -330.3     -674.9    126.2    152.1     91.4 1990  7  5 20  4 42.800 1.7   1
   208364  37.289290 -121.667261     2.968      263.9     -115.1     -676.0    132.3    153.1    111.3 1991  3 22 11 23 27.560 1.0   1
   215747  37.285754 -121.666577     2.980      324.4     -507.4     -663.9    126.3    151.2     94.2 1991  5 29  9 45 22.620 1.8   1
   227435  37.286987 -121.665169     2.655      449.9     -370.6     -989.5    137.0    156.7    129.2 1991  8 10 17  6  5.760 1.2   1
   238704  37.287044 -121.666431     2.945      337.7     -364.5     -699.0    126.4    149.3     97.9 1991 12  3  5 24 24.980 2.0   1
   238790  37.286532 -121.666414     2.978      339.1     -421.4     -666.5    126.0    149.3     94.8 1991 12  4  0  8 49.550 1.9   1
   314921  37.285116 -121.664575     2.985      502.3     -578.3     -659.3    245.1    201.6    323.5 1992  9 11  1 22 13.650 1.1   1
 30062748  37.242013 -121.756795     5.947    -7677.6    -5362.3     2303.1   4618.0   5630.3   2670.7 1994 11 16 18  3 42.360 1.3   1
