    17842  37.284880 -121.668180     2.752      182.5     -604.6     -892.6      8.7      8.7     30.3 1984  4 25  4 35 19.170 1.9   1
    21644  37.286491 -121.669434     2.937       71.4     -425.7     -707.1      9.8      9.7     16.6 1984  6 27 14 50 38.140 1.6   1
    28475  37.287004 -121.669621     5.729       55.0     -368.9     2084.3     11.4     10.4   5549.7 1984  9 23  8 43 14.720 1.1   1
    32049  37.284892 -121.668384     2.727      164.4     -603.5     -917.6      7.0      8.5     23.1 1984 11 18  0 28 55.240 1.7   1
    35109  37.286442 -121.669482     2.938       66.9     -431.3     -706.3      9.9      9.4     52.0 1984 12 22  4 43 44.710 1.6   1
    42349  37.284843 -121.668172     2.680      183.6     -608.8     -964.2     10.8      9.0     41.8 1985  2 28  1  9 58.300 0.8   1
    42555  37.284802 -121.668156     2.745      184.9     -613.4     -899.3      8.3      8.6     28.4 1985  3  2  6 53 56.010 1.7   1
    42559  37.285502 -121.668677     2.681      138.4     -535.7     -963.1      7.5      8.7     29.4 1985  3  2  8 55  3.470 1.9   1
    42643  37.285168 -121.668490     2.701      155.5     -572.5     -943.7      7.6      8.6     26.0 1985  3  2  8 55 29.590 2.1   1
    42560  37.285803 -121.669010     2.654      109.0     -502.3     -990.1      9.1      9.2     37.5 1985  3  2  8 58  0.480 1.2   1
    49626  37.286963 -121.670312     2.882       -6.8     -373.3     -762.3     10.6     10.3     21.8 1985  6 15  1 38 57.380 0.9   1
    54084  37.285478 -121.668791     2.758      128.6     -538.5     -886.5      7.3      8.7     28.2 1985  8 28 20 35 10.100 1.6   1
    57770  37.285262 -121.670557     3.018      -28.2     -562.3     -625.9     16.4     23.6     28.7 1985 10 28  3 55 38.130 1.3   1
    62514  37.284892 -121.668449     2.764      159.1     -603.2     -880.8      7.2      8.5     23.4 1985 12 31 15 50 52.230 1.7   1
    62520  37.284814 -121.668229     2.770      178.5     -611.8     -874.5      7.8      8.6     26.5 1985 12 31 18  3  3.480 1.6   1
    67820  37.286495 -121.669564     2.985       59.9     -425.3     -659.5     10.6      9.5     54.6 1986  3  8 10 32  4.410 1.6   1
    73786  37.286715 -121.669141     0.600       97.7     -401.1    -3044.6     47.0    207.2   2858.7 1986  6  1 10 51 31.460 1.2   1
    82606  37.285514 -121.668905     2.723      118.2     -534.1     -921.7     96.8    184.4    609.2 1986  9 15 20 17 49.920 2.7   1
    83805  37.286597 -121.669548     2.959       61.4     -414.1     -685.4     10.4      9.5     53.6 1986  9 25 12  1 52.830 1.4   1
    88698  37.287069 -121.669914     2.744       28.9     -361.5     -900.4     11.9     10.0     37.7 1986 11 25 13  0 35.660 1.0   1
   101361  37.285608 -121.668563     2.679      149.0     -523.9     -965.7      7.1      8.7     24.7 1987  6  3  6 56  7.740 1.9   1
   101362  37.284998 -121.668221     2.721      178.7     -591.6     -923.0      7.1      8.5     23.3 1987  6  3  6 58 51.320 1.7   1
   102776  37.287056 -121.670011     2.773       20.3     -363.1     -871.6     12.2     10.2     38.8 1987  7  7  1 44 26.990 1.0   1
   103138  37.285270 -121.668433     2.696      160.5     -561.3     -948.8      7.1      8.5     23.6 1987  7 14 19  2 57.020 1.7   1
   110939  37.285343 -121.669743     1.324       43.7     -553.4    -2320.0     17.8     23.9   5155.8 1988  1 15  1 56 42.310 1.4   1
   112868  37.287097 -121.669954     2.757       25.1     -358.8     -886.8     11.7     10.0     37.4 1988  2 25 10  0 17.780 0.9   1
   126189  37.285522 -121.668677     2.674      138.9     -533.3     -970.7      8.0      8.8    145.0 1988 11  2  3  9 12.610 1.9   1
   126292  37.284920 -121.668099     2.277      189.8     -600.3    -1367.3      6.4      8.5    147.3 1988 11  3  1 30  4.280 1.7   1
   126389  37.284884 -121.668066     2.674      192.7     -604.0     -970.8      8.0      8.6     27.6 1988 11  4 13 34 34.720 1.9   1
   148939  37.285022 -121.668823     2.975      125.3     -589.0     -669.1      6.1      8.5     11.8 1989 12 13  5 33 46.080 1.6   1
   158154  37.287118 -121.670451     3.005      -18.9     -356.1     -639.6     10.4     10.8     18.9 1990  5 23 11 11 37.580 1.0   1
   160503  37.285502 -121.669198     2.948       92.7     -535.4     -695.9      6.2      9.3     11.3 1990  7  5 20  4 42.800 1.7   1
   208364  37.287085 -121.670353     2.971      -10.3     -359.7     -673.0     10.6     10.1     20.3 1991  3 22 11 23 27.560 1.0   1
   215747  37.285050 -121.668693     2.931      137.0     -585.8     -713.5      6.2      8.5     10.9 1991  5 29  9 45 22.620 1.8   1
   227435  37.285111 -121.670288     3.026       -4.4     -579.1     -617.9     18.9     25.4     37.8 1991  8 10 17  6  5.760 1.2   1
   238704  37.285600 -121.669246     2.940       88.2     -524.7     -704.3      6.4      8.7     12.0 1991 12  3  5 24 24.980 2.0   1
   238790  37.285234 -121.668970     2.947      112.4     -565.4     -697.5      6.1      8.5     11.8 1991 12  4  0  8 49.550 1.9   1
   314921  37.284912 -121.668522     2.957      152.2     -601.1     -687.6      7.2      8.9     14.9 1992  9 11  1 22 13.650 1.1   1
