    17842  37.286751 -121.672762     3.594     -223.7     -397.0      -50.3    324.6    320.0     74.1 1984  4 25  4 35 19.170 1.9   1
    16751  37.300382 -121.649552     2.992     1834.0     1115.8     -652.5   5910.1   6953.3  14068.2 1984  4 27  7 48 23.500 1.0   1
    21644  37.288269 -121.674618     3.609     -388.1     -228.7      -35.1    325.2    318.4     70.6 1984  6 27 14 50 38.140 1.6   1
    22280  37.342106 -121.655322    17.180     1322.2     5746.6    13535.9   4126.5  13501.4  40968.0 1984  7  7  2 35  4.060 1.5   1
    23190  37.308875 -121.666284     6.414      350.6     2058.2     2770.1   2606.8   8347.8  13424.4 1984  7 17 16 24 49.440 1.9   1
    25096  37.287801 -121.674113     3.402     -343.8     -280.4     -241.9    325.6    317.4     82.9 1984  8  7  9  7  6.330 1.2   1
    28475  37.289229 -121.675260     3.441     -445.5     -121.8     -203.4    324.1    317.6     99.2 1984  9 23  8 43 14.720 1.1   1
    32049  37.285669 -121.673592     3.553     -297.1     -517.0      -91.6    321.7    316.6     70.3 1984 11 18  0 28 55.240 1.7   1
    35109  37.288460 -121.674398     3.544     -368.8     -207.4     -100.0    324.1    316.0     74.7 1984 12 22  4 43 44.710 1.6   1
    42349  37.285433 -121.673047     3.647     -249.1     -543.4        2.7    326.4    321.4     70.3 1985  2 28  1  9 58.300 0.8   1
    42555  37.286515 -121.673421     3.621     -282.0     -423.1      -22.9    323.4    319.0     68.6 1985  3  2  6 53 56.010 1.7   1
    42559  37.287154 -121.673633     3.543     -300.9     -352.3     -101.6    323.7    316.8     73.5 1985  3  2  8 55  3.470 1.9   1
    42643  37.286601 -121.673234     3.528     -265.7     -413.9     -116.3    323.8    316.8     73.9 1985  3  2  8 55 29.590 2.1   1
    42560  37.287427 -121.674593     3.594     -386.2     -321.8      -50.5    323.9    319.1     66.1 1985  3  2  8 58  0.480 1.2   1
    49626  37.289103 -121.674707     3.589     -396.4     -136.1      -55.8    326.5    321.4     78.1 1985  6 15  1 38 57.380 0.9   1
    54084  37.287252 -121.673625     3.566     -300.3     -341.5      -78.5    323.9    317.2     74.0 1985  8 28 20 35 10.100 1.6   1
    57770  37.286540 -121.678003     3.590     -688.7     -420.6      -53.9    320.3    317.4     67.1 1985 10 28  3 55 38.130 1.3   1
    62514  37.286385 -121.672461     3.648     -196.9     -437.6        3.6    324.1    320.0     72.4 1985 12 31 15 50 52.230 1.7   1
    62520  37.286475 -121.673576     3.637     -295.8     -427.5       -7.3    323.2    321.3     76.9 1985 12 31 18  3  3.480 1.6   1
    67820  37.288074 -121.676489     3.500     -554.0     -250.3     -144.3    321.7    315.2     83.7 1986  3  8 10 32  4.410 1.6   1
    73786  37.287272 -121.672664     3.336     -214.7     -339.1     -308.0    325.7    316.4     85.2 1986  6  1 10 51 31.460 1.2   1
    77218  37.295768 -121.667611     4.735      233.1      604.0     1090.8   2934.1   5395.7  12607.4 1986  7 25  9 22 50.290 2.3   1
    81017  37.299268 -121.659578     3.666      945.2      992.0       21.2   5107.4   7076.0  20441.3 1986  9  2  7 24 15.870 0.8   1
    82606  37.288879 -121.675391     3.593     -456.9     -160.6      -51.8    323.7    315.5     75.7 1986  9 15 20 17 49.920 2.7   1
    83805  37.288428 -121.674618     3.584     -388.4     -210.8      -60.4    325.0    317.0     71.4 1986  9 25 12  1 52.830 1.4   1
    88698  37.289119 -121.675505     4.287     -467.1     -134.3      642.8    379.9    440.3    516.7 1986 11 25 13  0 35.660 1.0   1
   101361  37.287569 -121.673364     3.597     -277.3     -306.2      -47.3    325.8    315.7     80.9 1987  6  3  6 56  7.740 1.9   1
   101362  37.286422 -121.674154     3.599     -347.0     -433.6      -45.1    322.6    318.0     67.7 1987  6  3  6 58 51.320 1.7   1
   102776  37.289303 -121.675155     3.659     -436.1     -113.6       14.6    325.3    319.4     69.0 1987  7  7  1 44 26.990 1.0   1
   103138  37.286825 -121.673584     3.519     -296.6     -388.9     -125.6    323.4    316.3     73.8 1987  7 14 19  2 57.020 1.7   1
   110939  37.287931 -121.674959     3.389     -418.6     -266.1     -255.6    322.8    314.0     77.0 1988  1 15  1 56 42.310 1.4   1
   112868  37.289982 -121.675309     4.254     -449.4      -38.3      609.8    327.8    332.8    103.1 1988  2 25 10  0 17.780 0.9   1
   126189  37.283569 -121.680827     3.814     -939.0     -750.0      170.0    315.5    316.2    103.3 1988 11  2  3  9 12.610 1.9   1
   126292  37.287146 -121.672941     3.489     -239.6     -353.1     -155.1    325.0    317.6     77.7 1988 11  3  1 30  4.280 1.7   1
   126389  37.286117 -121.673836     3.590     -319.0     -467.2      -54.3    322.8    314.9     77.4 1988 11  4 13 34 34.720 1.9   1
   148939  37.286625 -121.673503     3.621     -289.0     -410.7      -23.8    324.3    320.2     79.4 1989 12 13  5 33 46.080 1.6   1
   158154  37.289115 -121.675700     3.702     -484.1     -134.7       57.9    325.1    320.6     75.5 1990  5 23 11 11 37.580 1.0   1
   160503  37.287760 -121.673047     3.602     -249.3     -285.1      -42.0    324.9    319.9     73.3 1990  7  5 20  4 42.800 1.7   1
   208364  37.289860 -121.674479     3.667     -376.0      -51.8       22.8    328.8    320.9     83.7 1991  3 22 11 23 27.560 1.0   1
   215747  37.286198 -121.673755     3.637     -311.8     -458.4       -7.1    322.8    319.9     67.8 1991  5 29  9 45 22.620 1.8   1
   227435  37.287174 -121.672689     3.509     -217.2     -349.9     -135.1    327.2    319.9     79.9 1991  8 10 17  6  5.760 1.2   1
   238704  37.287390 -121.673714     3.604     -308.4     -326.2      -40.6    324.3    318.0     70.7 1991 12  3  5 24 24.980 2.0   1
   238790  37.286955 -121.673633     3.638     -300.9     -374.3       -6.2    324.0    319.1     68.8 1991 12  4  0  8 49.550 1.9   1
   312743  37.292013 -121.661589     2.247      767.2      186.9    -1397.7   4511.7   4226.1  10577.1 1992  8 29 17  4 29.020 1.6   1
   314921  37.285701 -121.671395     3.631     -102.1     -513.4      -13.5    361.0    344.7    211.3 1992  9 11  1 22 13.650 1.1   1
   331552  37.292318 -121.658122     1.726     1074.1      220.9    -1918.5   4592.6   4063.1  14589.5 1993  1  9 17 48 38.720 1.0   1
   331635  37.291825 -121.649707     1.188     1820.9      166.1    -2456.4   5676.7   3962.4  13441.3 1993  1 10 22 13  9.440 1.2   1
   389286  37.288456 -121.666789     3.035      306.0     -207.6     -609.8   2783.2   2841.7   8735.3 1993 12 20 22 35  7.800 1.8   1
   399980  37.290645 -121.651058     0.624     1701.1       35.2    -3019.9   6527.1   4905.2  16997.2 1994  4  6  4 11 34.960 1.4   1
 30062741  37.291069 -121.666642     3.044      319.1       82.2     -600.8   2792.1   3796.7   9002.2 1994 11 16 16 50 58.150 2.0   1
 30062748  37.295483 -121.664893     3.101      473.9      572.3     -543.7   3506.7   4777.7  10144.8 1994 11 16 18  3 42.360 1.3   1
 30069218  37.290173 -121.664958     3.091      468.0      -17.3     -553.6   3400.7   3867.9  10777.7 1995  3  3  9 38 49.200 1.2   1
 30069222  37.288684 -121.665975     2.901      378.3     -182.5     -743.5   3001.0   3007.2   9771.5 1995  3  3 12 30 15.850 1.8   1
 30069457  37.289966 -121.665299     3.094      437.9      -40.1     -550.8   3070.3   3440.6   9350.7 1995  3  7 13 19 41.960 1.3   1
 30092060  37.288855 -121.666585     2.982      323.7     -163.5     -662.0   2818.5   2936.8   9582.4 1995 12 15 18 53 39.820 1.8   1
   478141  37.296602 -121.668742     3.015      132.5      696.1     -629.1   3481.8   8043.0  37753.0 1996  9  2 20 36  3.960 1.4   1
   529274  37.288505 -121.666121     2.088      365.1     -202.5    -1556.2   2262.8   2402.5   4589.8 1997 10 28 12  1 44.750 1.6   1
