    17842  37.284778 -121.667855     2.748      211.5     -615.9     -896.1     77.4     75.6     68.5 1984  4 25  4 35 19.170 1.9   1
    21644  37.286031 -121.670345     2.820       -9.4     -477.0     -824.5     75.8     74.2     64.9 1984  6 27 14 50 38.140 1.6   1
    25096  37.286267 -121.669181     1.880       93.5     -450.7    -1764.4     69.8     76.2    498.9 1984  8  7  9  7  6.330 1.2   1
    28475  37.287398 -121.670036     2.385       18.2     -325.0    -1259.0     69.6     76.6    148.5 1984  9 23  8 43 14.720 1.1   1
    32049  37.283659 -121.669076     2.809      103.5     -740.3     -835.3     74.0     73.6     60.3 1984 11 18  0 28 55.240 1.7   1
    35109  37.286454 -121.669556     2.666       60.7     -429.8     -978.0     75.2     74.1     68.2 1984 12 22  4 43 44.710 1.6   1
    42349  37.283447 -121.668368     2.805      166.0     -763.6     -839.3     78.8     75.0     72.8 1985  2 28  1  9 58.300 0.8   1
    42555  37.284456 -121.668717     2.832      135.0     -651.6     -812.4     74.8     74.0     63.2 1985  3  2  6 53 56.010 1.7   1
    42559  37.285189 -121.668840     2.703      124.0     -570.5     -941.6     75.8     74.1     70.2 1985  3  2  8 55  3.470 1.9   1
    42643  37.284664 -121.668359     2.664      166.7     -628.6     -980.2     68.4     73.8     97.2 1985  3  2  8 55 29.590 2.1   1
    42560  37.285457 -121.669767     2.775       42.1     -540.4     -869.8     75.1     74.1     62.5 1985  3  2  8 58  0.480 1.2   1
    49626  37.287052 -121.669971     2.717       23.9     -363.6     -927.4     80.0     76.4     87.7 1985  6 15  1 38 57.380 0.9   1
    54084  37.285205 -121.669002     2.785      109.5     -568.7     -859.5     74.7     74.0     63.7 1985  8 28 20 35 10.100 1.6   1
    57770  37.285685 -121.671427     2.651     -105.3     -515.1     -993.1     75.0     75.2     57.2 1985 10 28  3 55 38.130 1.3   1
    62514  37.284399 -121.667830     2.762      213.4     -657.8     -882.1     76.5     75.4     65.3 1985 12 31 15 50 52.230 1.7   1
    62520  37.284436 -121.668791     2.840      128.3     -654.1     -804.6     76.1     76.4     71.2 1985 12 31 18  3  3.480 1.6   1
    67820  37.286056 -121.671403     2.762     -102.9     -474.1     -881.8     76.2     75.0     78.0 1986  3  8 10 32  4.410 1.6   1
    73786  37.285917 -121.667008     1.799      286.5     -489.6    -1845.3     81.0     84.7     43.1 1986  6  1 10 51 31.460 1.2   1
    82606  37.286727 -121.670915     2.913      -59.6     -399.8     -730.9     73.9     73.8     64.6 1986  9 15 20 17 49.920 2.7   1
    83805  37.286475 -121.669653     2.746       51.7     -427.7     -898.4     75.2     74.1     67.4 1986  9 25 12  1 52.830 1.4   1
    88698  37.286328 -121.672738     3.594     -221.8     -444.1      -49.8    125.8    162.3    174.7 1986 11 25 13  0 35.660 1.0   1
   101361  37.285429 -121.668758     2.817      131.3     -543.6     -827.5     75.1     74.2     64.3 1987  6  3  6 56  7.740 1.9   1
   101362  37.284473 -121.669320     2.821       81.6     -649.9     -823.8     75.0     73.9     66.5 1987  6  3  6 58 51.320 1.7   1
   102776  37.287345 -121.670052     2.766       16.8     -331.0     -878.7     75.2     75.3     67.0 1987  7  7  1 44 26.990 1.0   1
   103138  37.284896 -121.668848     2.706      123.5     -602.8     -938.1     75.3     74.0     68.7 1987  7 14 19  2 57.020 1.7   1
   110939  37.286263 -121.670093     2.293       13.3     -451.0    -1351.8     68.8     73.7    143.8 1988  1 15  1 56 42.310 1.4   1
   112868  37.287634 -121.671549     3.499     -116.1     -298.7     -145.8     71.9     77.8     34.3 1988  2 25 10  0 17.780 0.9   1
   126189  37.283057 -121.673022     3.110     -246.5     -806.8     -534.1    136.9    107.2     83.5 1988 11  2  3  9 12.610 1.9   1
   126292  37.285327 -121.668066     2.592      192.9     -555.1    -1052.0     68.8     75.0    112.1 1988 11  3  1 30  4.280 1.7   1
   126389  37.284102 -121.669181     2.810       93.7     -691.0     -833.9     74.4     73.8     61.3 1988 11  4 13 34 34.720 1.9   1
   148939  37.284587 -121.668774     2.845      129.5     -637.2     -799.2     76.9     75.3     70.7 1989 12 13  5 33 46.080 1.6   1
   158154  37.286715 -121.671427     2.987     -105.5     -401.1     -657.4     71.9     75.0     44.2 1990  5 23 11 11 37.580 1.0   1
   160503  37.285685 -121.668286     2.774      172.9     -515.4     -870.6     76.2     75.4     65.9 1990  7  5 20  4 42.800 1.7   1
   208364  37.287651 -121.669784     2.804       40.6     -297.0     -840.5     78.7     76.0     80.3 1991  3 22 11 23 27.560 1.0   1
   215747  37.284167 -121.668994     2.856      110.7     -683.8     -788.5     75.1     74.8     61.5 1991  5 29  9 45 22.620 1.8   1
   227435  37.285958 -121.668188     2.363      182.0     -484.8    -1280.9     71.4     77.6    174.2 1991  8 10 17  6  5.760 1.2   1
   238704  37.285400 -121.668840     2.823      123.9     -547.1     -820.9     75.4     74.2     65.0 1991 12  3  5 24 24.980 2.0   1
   238790  37.284932 -121.668799     2.830      127.9     -598.8     -814.2     75.0     74.1     62.8 1991 12  4  0  8 49.550 1.9   1
   314921  37.283700 -121.666398     2.756      340.4     -735.8     -888.3    146.7    100.1    214.8 1992  9 11  1 22 13.650 1.1   1
 30062748  37.302783 -121.667782    14.305      218.3     1382.3    10660.8   2732.1   2810.8   2225.3 1994 11 16 18  3 42.360 1.3   1
