    17842  37.284855 -121.667896     2.813      208.0     -607.5     -831.7     22.8     20.4     17.3 1984  4 25  4 35 19.170 1.9   1
    21644  37.286125 -121.670573     2.888      -29.6     -466.4     -756.0     21.8     19.9     15.9 1984  6 27 14 50 38.140 1.6   1
    25096  37.293347 -121.679549     9.579     -825.8      335.0     5934.4    717.0    541.5    858.7 1984  8  7  9  7  6.330 1.2   1
    28475  37.287598 -121.669141     2.390       97.6     -303.2    -1253.9     21.3     20.5     49.5 1984  9 23  8 43 14.720 1.1   1
    32049  37.284009 -121.668408     2.805      162.6     -701.2     -839.8     21.9     19.9     15.7 1984 11 18  0 28 55.240 1.7   1
    35109  37.286495 -121.669572     2.735       59.2     -425.6     -909.0     22.2     20.0     18.0 1984 12 22  4 43 44.710 1.6   1
    42349  37.284115 -121.668132     2.775      187.2     -689.6     -869.2     34.2     24.0     85.3 1985  2 28  1  9 58.300 0.8   1
    42555  37.284798 -121.668075     2.828      191.8     -613.8     -816.0     22.0     19.9     15.9 1985  3  2  6 53 56.010 1.7   1
    42559  37.285449 -121.668408     2.719      162.2     -541.3     -925.1     22.2     20.0     17.6 1985  3  2  8 55  3.470 1.9   1
    42643  37.284766 -121.668156     2.708      184.5     -617.2     -936.7     22.4     20.0     17.7 1985  3  2  8 55 29.590 2.1   1
    42560  37.284998 -121.671167     2.949      -82.5     -591.8     -695.3     21.7     20.0     12.0 1985  3  2  8 58  0.480 1.2   1
    49626  37.287203 -121.670646     2.877      -36.1     -347.0     -767.6     24.4     21.4     20.8 1985  6 15  1 38 57.380 0.9   1
    54084  37.285531 -121.668669     2.805      139.6     -532.5     -839.7     22.1     20.0     16.7 1985  8 28 20 35 10.100 1.6   1
    57770  37.286808 -121.669401     2.320       74.7     -390.7    -1323.9     21.9     20.6     45.4 1985 10 28  3 55 38.130 1.3   1
    62514  37.284928 -121.667977     2.817      200.7     -599.4     -827.5     22.4     20.2     16.7 1985 12 31 15 50 52.230 1.7   1
    62520  37.284786 -121.668099     2.829      189.7     -614.9     -815.3     22.3     20.5     17.7 1985 12 31 18  3  3.480 1.6   1
    67820  37.286328 -121.670687     2.767      -39.6     -443.8     -877.8     23.0     20.4     20.2 1986  3  8 10 32  4.410 1.6   1
    73786  37.285624 -121.667424     1.850      249.8     -521.9    -1794.1     20.9     20.6      7.8 1986  6  1 10 51 31.460 1.2   1
    82606  37.286857 -121.670540     2.935      -26.7     -385.2     -709.0     21.8     20.0     15.3 1986  9 15 20 17 49.920 2.7   1
    83805  37.286702 -121.669303     2.774       83.1     -402.2     -870.5     22.2     20.0     17.5 1986  9 25 12  1 52.830 1.4   1
    88698  37.286304 -121.672249     3.603     -178.0     -446.7      -41.2     36.2     40.9     39.1 1986 11 25 13  0 35.660 1.0   1
   101361  37.285567 -121.668376     2.842      165.3     -528.2     -802.5     22.2     20.0     16.5 1987  6  3  6 56  7.740 1.9   1
   101362  37.284871 -121.668368     2.788      165.8     -605.4     -856.2     23.0     20.3     18.0 1987  6  3  6 58 51.320 1.7   1
   102776  37.287809 -121.669832     2.798       35.9     -279.5     -846.2     22.4     20.3     18.1 1987  7  7  1 44 26.990 1.0   1
   103138  37.285286 -121.668156     2.698      184.8     -559.7     -946.1     22.3     20.0     17.8 1987  7 14 19  2 57.020 1.7   1
   110939  37.286568 -121.669417     2.325       72.6     -417.3    -1319.6     20.8     19.8     44.0 1988  1 15  1 56 42.310 1.4   1
   112868  37.287333 -121.672493     3.623     -200.1     -332.4      -21.2     21.9     21.2      9.8 1988  2 25 10  0 17.780 0.9   1
   126189  37.284611 -121.670076     2.930       14.3     -634.4     -714.5     23.4     20.7     17.2 1988 11  2  3  9 12.610 1.9   1
   126292  37.285640 -121.667472     2.606      245.6     -520.2    -1038.5     20.9     20.1     26.2 1988 11  3  1 30  4.280 1.7   1
   126389  37.284444 -121.668538     2.810      150.6     -652.8     -833.9     22.0     19.9     15.9 1988 11  4 13 34 34.720 1.9   1
   148939  37.284916 -121.668018     2.825      197.3     -600.4     -819.0     22.8     20.4     18.5 1989 12 13  5 33 46.080 1.6   1
   158154  37.286955 -121.671354     2.988      -99.0     -374.5     -656.2     21.8     20.3     11.9 1990  5 23 11 11 37.580 1.0   1
   160503  37.285527 -121.668945     2.890      115.0     -533.1     -753.9     22.1     20.2     16.0 1990  7  5 20  4 42.800 1.7   1
   208364  37.287838 -121.670011     2.879       20.1     -276.4     -765.7     22.9     20.4     19.5 1991  3 22 11 23 27.560 1.0   1
   215747  37.284587 -121.668115     2.833      188.2     -637.2     -811.4     22.5     20.2     16.5 1991  5 29  9 45 22.620 1.8   1
   227435  37.286112 -121.668424     2.486      161.3     -467.7    -1158.2     22.0     20.6     31.7 1991  8 10 17  6  5.760 1.2   1
   238704  37.285738 -121.667977     2.804      200.4     -509.5     -840.0     22.4     20.1     16.9 1991 12  3  5 24 24.980 2.0   1
   238790  37.285238 -121.668294     2.841      172.5     -565.1     -802.9     22.2     20.0     16.3 1991 12  4  0  8 49.550 1.9   1
   314921  37.283643 -121.666935     2.866      292.9     -741.9     -778.5     52.0     30.9     61.3 1992  9 11  1 22 13.650 1.1   1
 30062748  37.285881 -121.670117     5.815       10.5     -493.6     2170.5    458.0    552.2    681.3 1994 11 16 18  3 42.360 1.3   1
