    17842  37.278861 -121.670036     2.784       17.9    -1272.5     -860.5      5.1      2.7     19.2 1984  4 25  4 35 19.170 1.9   1
    21644  37.280396 -121.671281     2.973      -92.7    -1102.3     -671.1      5.2      3.5     11.0 1984  6 27 14 50 38.140 1.6   1
    32049  37.278918 -121.670215     2.755        2.4    -1266.2     -889.4      3.9      2.3     14.7 1984 11 18  0 28 55.240 1.7   1
    35109  37.280371 -121.671281     2.962      -92.2    -1104.9     -681.9      5.8      3.3     27.1 1984 12 22  4 43 44.710 1.6   1
    42349  37.278861 -121.670020     2.809       19.5    -1272.7     -835.5      6.4      3.2    116.7 1985  2 28  1  9 58.300 0.8   1
    42555  37.278788 -121.670028     2.783       18.7    -1280.6     -861.7      4.8      2.6     17.9 1985  3  2  6 53 56.010 1.7   1
    42559  37.279496 -121.670508     2.724      -24.0    -1202.1     -919.9      4.3      2.6     19.8 1985  3  2  8 55  3.470 1.9   1
    42643  37.279179 -121.670321     2.730       -7.5    -1237.2     -914.1      4.4      2.5     16.4 1985  3  2  8 55 29.590 2.1   1
    42560  37.279793 -121.670833     2.731      -52.6    -1169.0     -913.2      5.5      3.2     26.2 1985  3  2  8 58  0.480 1.2   1
    49626  37.280941 -121.671525     2.716     -113.7    -1041.7     -928.8      7.9      4.4     32.5 1985  6 15  1 38 57.380 0.9   1
    54084  37.279472 -121.670622     2.796      -34.1    -1205.0     -848.1      4.3      2.6     18.7 1985  8 28 20 35 10.100 1.6   1
    57770  37.279407 -121.672078     2.756     -163.2    -1212.2     -888.6     11.4     13.7     46.5 1985 10 28  3 55 38.130 1.3   1
    62514  37.278927 -121.670288     2.793       -4.0    -1265.4     -851.6      4.0      2.3     14.8 1985 12 31 15 50 52.230 1.7   1
    62520  37.278809 -121.670076     2.800       14.3    -1278.3     -844.3      4.5      2.5     16.7 1985 12 31 18  3  3.480 1.6   1
    67820  37.280408 -121.671444     3.032     -106.5    -1101.2     -612.6      5.6      3.5     22.3 1986  3  8 10 32  4.410 1.6   1
    82606  37.280973 -121.671086     2.994      -74.8    -1038.3     -650.6     22.2     25.7    225.6 1986  9 15 20 17 49.920 2.7   1
    83805  37.280473 -121.671419     2.993     -104.6    -1093.7     -650.9      5.3      3.5     18.7 1986  9 25 12  1 52.830 1.4   1
    88698  37.280986 -121.671688     2.776     -128.2    -1036.8     -868.3      7.4      4.2     31.1 1986 11 25 13  0 35.660 1.0   1
   101361  37.279557 -121.670492     2.735      -22.2    -1195.2     -909.2      4.3      2.6     16.7 1987  6  3  6 56  7.740 1.9   1
   101362  37.278959 -121.670264     2.791       -2.0    -1261.9     -853.7      4.1      2.4     14.9 1987  6  3  6 58 51.320 1.7   1
   102776  37.280981 -121.671712     2.779     -130.8    -1037.4     -865.6      7.7      4.3     32.0 1987  7  7  1 44 26.990 1.0   1
   103138  37.279236 -121.670394     2.749      -13.5    -1231.2     -895.2      4.1      2.4     15.1 1987  7 14 19  2 57.020 1.7   1
   110939  37.279468 -121.671672     2.371     -126.9    -1205.4    -1273.8     10.8     13.6    232.7 1988  1 15  1 56 42.310 1.4   1
   112868  37.281018 -121.671696     2.776     -129.0    -1033.4     -868.2      7.2      4.1     30.9 1988  2 25 10  0 17.780 0.9   1
   126189  37.279508 -121.670516     2.721      -24.6    -1201.0     -923.7      4.7      2.7     24.7 1988 11  2  3  9 12.610 1.9   1
   126292  37.278931 -121.670085     2.515       13.9    -1264.8    -1128.9      3.7      2.4     95.4 1988 11  3  1 30  4.280 1.7   1
   126389  37.278849 -121.670003     2.717       21.1    -1274.0     -927.3      4.7      2.5     17.6 1988 11  4 13 34 34.720 1.9   1
   148939  37.279028 -121.670785     3.039      -48.4    -1253.9     -605.6      3.4      2.4      8.7 1989 12 13  5 33 46.080 1.6   1
   158154  37.281002 -121.672331     3.085     -185.4    -1035.2     -559.7      6.4      4.8     15.2 1990  5 23 11 11 37.580 1.0   1
   160503  37.279480 -121.671094     3.002      -76.1    -1204.1     -642.0      3.3      3.2      7.5 1990  7  5 20  4 42.800 1.7   1
   208364  37.280998 -121.672209     3.044     -174.6    -1035.6     -600.8      6.5      4.2     14.9 1991  3 22 11 23 27.560 1.0   1
   215747  37.279053 -121.670646     2.991      -35.8    -1251.5     -653.7      3.3      2.4      7.5 1991  5 29  9 45 22.620 1.8   1
   227435  37.279439 -121.672461     3.007     -196.9    -1208.6     -637.6      9.9     13.7     17.5 1991  8 10 17  6  5.760 1.2   1
   238704  37.279582 -121.671110     2.988      -77.6    -1192.5     -656.5      3.5      2.6      8.4 1991 12  3  5 24 24.980 2.0   1
   238790  37.279228 -121.670866     3.001      -55.8    -1231.9     -643.0      3.3      2.4      7.9 1991 12  4  0  8 49.550 1.9   1
   314921  37.278894 -121.670426     3.022      -16.6    -1268.9     -622.5      4.2      2.8      9.9 1992  9 11  1 22 13.650 1.1   1
