    17842  37.278861 -121.670011     2.773       19.9    -1272.4     -871.6      5.2      2.6     18.6 1984  4 25  4 35 19.170 1.9   1
    21644  37.280400 -121.671273     2.969      -91.8    -1101.8     -675.4      5.4      3.4     10.6 1984  6 27 14 50 38.140 1.6   1
    32049  37.278927 -121.670182     2.744        4.8    -1265.5     -899.9      4.2      2.3     14.2 1984 11 18  0 28 55.240 1.7   1
    35109  37.280379 -121.671265     2.959      -90.8    -1104.3     -685.0      5.9      3.1     25.6 1984 12 22  4 43 44.710 1.6   1
    42349  37.278870 -121.669914     2.734       28.8    -1271.9     -910.3      7.2      3.1     37.9 1985  2 28  1  9 58.300 0.8   1
    42555  37.278792 -121.670011     2.773       20.4    -1280.3     -871.2      5.0      2.5     17.4 1985  3  2  6 53 56.010 1.7   1
    42559  37.279500 -121.670500     2.716      -23.0    -1201.9     -928.0      4.6      2.5     17.9 1985  3  2  8 55  3.470 1.9   1
    42643  37.279183 -121.670304     2.721       -5.6    -1236.7     -922.9      4.6      2.4     15.8 1985  3  2  8 55 29.590 2.1   1
    42560  37.279793 -121.670801     2.700      -49.9    -1169.0     -944.7      5.6      3.1     23.6 1985  3  2  8 58  0.480 1.2   1
    49626  37.280949 -121.671509     2.715     -112.7    -1041.0     -929.6      7.7      4.2     30.8 1985  6 15  1 38 57.380 0.9   1
    54084  37.279468 -121.670614     2.790      -33.0    -1205.3     -854.3      4.6      2.5     17.3 1985  8 28 20 35 10.100 1.6   1
    57770  37.279419 -121.671997     2.733     -156.1    -1210.5     -911.2     10.9     13.0     44.6 1985 10 28  3 55 38.130 1.3   1
    62514  37.278927 -121.670256     2.782       -1.5    -1265.3     -861.9      4.4      2.3     14.3 1985 12 31 15 50 52.230 1.7   1
    62520  37.278813 -121.670052     2.791       16.2    -1277.9     -853.3      4.7      2.4     16.3 1985 12 31 18  3  3.480 1.6   1
    67820  37.280404 -121.671427     3.030     -105.5    -1101.3     -614.7      5.7      3.3     20.9 1986  3  8 10 32  4.410 1.6   1
    82606  37.280973 -121.671387     2.925     -101.8    -1038.2     -718.9     73.4     26.0    142.4 1986  9 15 20 17 49.920 2.7   1
    83805  37.280477 -121.671411     2.992     -104.0    -1093.4     -652.4      5.5      3.4     17.5 1986  9 25 12  1 52.830 1.4   1
    88698  37.280990 -121.671672     2.772     -126.9    -1036.4     -872.3      7.3      4.0     29.8 1986 11 25 13  0 35.660 1.0   1
   101361  37.279545 -121.670516     2.738      -24.4    -1196.7     -906.5      4.6      2.5     15.7 1987  6  3  6 56  7.740 1.9   1
   101362  37.278959 -121.670256     2.785       -1.4    -1262.0     -859.2      4.4      2.3     14.3 1987  6  3  6 58 51.320 1.7   1
   102776  37.280986 -121.671696     2.775     -129.4    -1036.9     -869.6      7.5      4.1     30.4 1987  7  7  1 44 26.990 1.0   1
   103138  37.279228 -121.670394     2.747      -14.0    -1231.7     -897.2      4.4      2.3     14.5 1987  7 14 19  2 57.020 1.7   1
   110939  37.279439 -121.671818     2.665     -140.2    -1208.3     -978.9      9.7     12.9    187.1 1988  1 15  1 56 42.310 1.4   1
   112868  37.281022 -121.671680     2.773     -127.7    -1033.0     -871.7      7.1      3.9     29.3 1988  2 25 10  0 17.780 0.9   1
   126189  37.279496 -121.670500     2.685      -23.3    -1202.0     -959.1      4.8      2.5     17.0 1988 11  2  3  9 12.610 1.9   1
   126292  37.278927 -121.670109     2.566       11.8    -1265.2    -1078.3      4.2      2.3     80.6 1988 11  3  1 30  4.280 1.7   1
   126389  37.278845 -121.670003     2.712       21.3    -1274.6     -932.3      4.9      2.4     17.2 1988 11  4 13 34 34.720 1.9   1
   148939  37.279032 -121.670793     3.040      -48.8    -1253.7     -604.2      3.9      2.3      8.6 1989 12 13  5 33 46.080 1.6   1
   158154  37.280998 -121.672339     3.091     -186.1    -1035.6     -553.8      6.6      4.6     14.8 1990  5 23 11 11 37.580 1.0   1
   160503  37.279476 -121.671086     2.997      -75.2    -1204.5     -647.8      3.9      3.1      7.3 1990  7  5 20  4 42.800 1.7   1
   208364  37.280998 -121.672209     3.047     -174.5    -1035.3     -597.4      6.6      4.0     14.3 1991  3 22 11 23 27.560 1.0   1
   215747  37.279049 -121.670638     2.988      -35.3    -1251.7     -656.3      3.9      2.3      7.3 1991  5 29  9 45 22.620 1.8   1
   227435  37.279431 -121.672502     3.015     -200.3    -1209.5     -629.7      9.4     13.0     18.5 1991  8 10 17  6  5.760 1.2   1
   238704  37.279582 -121.671102     2.981      -76.6    -1192.5     -662.9      4.0      2.5      8.2 1991 12  3  5 24 24.980 2.0   1
   238790  37.279232 -121.670858     2.996      -54.6    -1231.6     -648.0      3.9      2.3      7.8 1991 12  4  0  8 49.550 1.9   1
   314921  37.278894 -121.670410     3.017      -15.3    -1268.8     -627.7      4.7      2.6      9.9 1992  9 11  1 22 13.650 1.1   1
