    17842  37.278861 -121.670085     2.822       13.9    -1272.4     -821.9    135.5    426.5     53.3 1984  4 25  4 35 19.170 1.9   1
    21644  37.280436 -121.671248     3.015      -89.5    -1097.7     -629.2    134.3    428.9     48.0 1984  6 27 14 50 38.140 1.6   1
    28475  37.489657 -121.597046     2.434     6481.3    22122.2    -1210.3   4825.1  15390.8   1734.3 1984  9 23  8 43 14.720 1.1   1
    32049  37.278874 -121.670280     2.796       -3.6    -1271.0     -847.8    135.0    426.1     49.5 1984 11 18  0 28 55.240 1.7   1
    35109  37.280391 -121.671313     3.021      -95.6    -1102.7     -623.5    133.9    428.9     67.8 1984 12 22  4 43 44.710 1.6   1
    42349  37.278825 -121.670068     2.752       15.3    -1276.6     -892.7    135.5    426.3     60.7 1985  2 28  1  9 58.300 0.8   1
    42555  37.278788 -121.670068     2.816       15.5    -1280.8     -827.9    135.6    426.4     52.8 1985  3  2  6 53 56.010 1.7   1
    42559  37.279480 -121.670540     2.748      -26.5    -1204.1     -896.4    134.1    426.8     50.5 1985  3  2  8 55  3.470 1.9   1
    42643  37.279150 -121.670361     2.768      -10.6    -1240.4     -876.7    134.6    426.4     49.1 1985  3  2  8 55 29.590 2.1   1
    42560  37.279781 -121.670841     2.718      -53.8    -1170.4     -926.6    133.6    426.8     53.6 1985  3  2  8 58  0.480 1.2   1
    49626  37.280904 -121.671712     2.774     -130.5    -1045.7     -870.6    133.1    430.1     66.9 1985  6 15  1 38 57.380 0.9   1
    54084  37.279456 -121.670638     2.823      -35.6    -1206.7     -821.7    134.1    426.7     49.2 1985  8 28 20 35 10.100 1.6   1
    57770  37.279419 -121.672078     2.762     -163.3    -1210.9     -882.5    133.7    428.0     88.7 1985 10 28  3 55 38.130 1.3   1
    62514  37.278882 -121.670337     2.833       -9.0    -1270.2     -811.2    135.1    426.1     49.5 1985 12 31 15 50 52.230 1.7   1
    62520  37.278800 -121.670133     2.841        9.2    -1279.3     -803.4    135.4    426.4     51.7 1985 12 31 18  3  3.480 1.6   1
    67820  37.280452 -121.671387     3.068     -101.8    -1096.1     -576.2    134.0    428.9     69.9 1986  3  8 10 32  4.410 1.6   1
    82606  37.280851 -121.671322     2.847      -95.9    -1051.9     -797.0    137.1    431.1    562.2 1986  9 15 20 17 49.920 2.7   1
    83805  37.280546 -121.671370     3.043     -100.2    -1085.6     -601.7    133.8    429.0     69.0 1986  9 25 12  1 52.830 1.4   1
    88698  37.281002 -121.671712     2.797     -130.5    -1034.9     -847.7    133.0    430.2     64.2 1986 11 25 13  0 35.660 1.0   1
   101361  37.279578 -121.670410     2.742      -15.1    -1193.3     -901.9    134.0    427.2     47.0 1987  6  3  6 56  7.740 1.9   1
   101362  37.278979 -121.670109     2.790       11.4    -1259.4     -854.2    135.0    426.5     49.1 1987  6  3  6 58 51.320 1.7   1
   102776  37.280998 -121.671737     2.799     -132.5    -1035.5     -845.3    133.0    430.2     65.1 1987  7  7  1 44 26.990 1.0   1
   103138  37.279252 -121.670296     2.762       -5.4    -1229.5     -882.2    134.5    426.6     47.5 1987  7 14 19  2 57.020 1.7   1
   110939  37.279492 -121.671623     2.010     -122.5    -1202.4    -1634.3    133.3    428.6     14.6 1988  1 15  1 56 42.310 1.4   1
   112868  37.281042 -121.671696     2.794     -129.5    -1030.4     -849.9    132.9    430.2     63.3 1988  2 25 10  0 17.780 0.9   1
   126189  37.279504 -121.670524     2.764      -25.2    -1201.4     -880.4    131.8    426.6    160.8 1988 11  2  3  9 12.610 1.9   1
   126292  37.278906 -121.669971     2.387       23.8    -1267.5    -1256.9    132.4    426.0    276.3 1988 11  3  1 30  4.280 1.7   1
   126389  37.278870 -121.669963     2.744       24.7    -1271.7     -900.2    135.2    426.5     52.0 1988 11  4 13 34 34.720 1.9   1
   148939  37.279008 -121.670728     3.043      -43.3    -1256.2     -600.9    136.3    426.3     43.7 1989 12 13  5 33 46.080 1.6   1
   158154  37.281055 -121.672266     3.061     -179.8    -1029.2     -583.7    133.3    429.9     47.5 1990  5 23 11 11 37.580 1.0   1
   160503  37.279480 -121.671069     3.017      -73.9    -1204.1     -627.3    136.1    427.0     43.6 1990  7  5 20  4 42.800 1.7   1
   208364  37.281026 -121.672160     3.027     -170.3    -1032.3     -617.2    133.3    429.9     48.5 1991  3 22 11 23 27.560 1.0   1
   215747  37.279032 -121.670597     3.000      -31.7    -1253.4     -644.1    136.5    426.4     44.1 1991  5 29  9 45 22.620 1.8   1
   227435  37.279447 -121.672445     3.002     -195.4    -1207.6     -642.4    133.6    428.2     72.2 1991  8 10 17  6  5.760 1.2   1
   238704  37.279578 -121.671110     3.009      -77.4    -1192.9     -635.1    135.7    426.7     44.1 1991 12  3  5 24 24.980 2.0   1
   238790  37.279220 -121.670858     3.015      -54.9    -1232.9     -628.9    136.1    426.3     43.9 1991 12  4  0  8 49.550 1.9   1
   314921  37.278894 -121.670426     3.026      -16.9    -1269.2     -618.4    136.9    426.5     45.0 1992  9 11  1 22 13.650 1.1   1
