    17842  37.284920 -121.668237     2.755      177.5     -600.0     -888.9      8.7      8.5     30.1 1984  4 25  4 35 19.170 1.9   1
    21644  37.286479 -121.669580     2.911       58.4     -427.2     -733.2      8.5      9.4     16.1 1984  6 27 14 50 38.140 1.6   1
    28475  37.287044 -121.669352     2.013       79.0     -364.4    -1631.3     11.5     11.3     13.1 1984  9 23  8 43 14.720 1.1   1
    32049  37.284928 -121.668441     2.729      159.4     -599.1     -915.1      6.9      8.3     23.1 1984 11 18  0 28 55.240 1.7   1
    35109  37.286438 -121.669539     2.881       62.2     -431.9     -763.5      8.4      9.2     19.5 1984 12 22  4 43 44.710 1.6   1
    42349  37.284880 -121.668229     2.686      178.2     -604.5     -958.5     10.8      8.9     41.2 1985  2 28  1  9 58.300 0.8   1
    42555  37.284847 -121.668213     2.747      180.0     -608.4     -897.2      8.3      8.5     28.2 1985  3  2  6 53 56.010 1.7   1
    42559  37.285547 -121.668734     2.681      133.7     -530.8     -963.6      7.5      8.5     29.8 1985  3  2  8 55  3.470 1.9   1
    42643  37.285209 -121.668530     2.701      151.3     -567.9     -943.7      7.6      8.4     26.0 1985  3  2  8 55 29.590 2.1   1
    42560  37.285844 -121.669059     2.656      104.8     -497.8     -988.8      9.3      8.9     36.7 1985  3  2  8 58  0.480 1.2   1
    49626  37.286991 -121.670166     2.917        6.8     -370.2     -727.1     10.5     10.2     22.5 1985  6 15  1 38 57.380 0.9   1
    54084  37.285518 -121.668848     2.760      123.2     -533.9     -884.6      7.3      8.5     28.6 1985  8 28 20 35 10.100 1.6   1
    57770  37.285128 -121.670304     3.061       -5.8     -577.2     -583.1     22.7     30.5     42.0 1985 10 28  3 55 38.130 1.3   1
    62514  37.284937 -121.668506     2.766      153.8     -598.6     -878.4      7.2      8.3     23.4 1985 12 31 15 50 52.230 1.7   1
    62520  37.284859 -121.668286     2.773      173.3     -607.1     -871.2      7.8      8.4     26.4 1985 12 31 18  3  3.480 1.6   1
    67820  37.286475 -121.669515     2.877       64.1     -427.8     -766.9      8.5      9.4     17.8 1986  3  8 10 32  4.410 1.6   1
    73786  37.284757 -121.667912     2.178      206.5     -618.3    -1466.3     82.5    269.9    123.2 1986  6  1 10 51 31.460 1.2   1
    82606  37.286479 -121.669759     3.515       42.5     -427.4     -129.1     34.1     38.6    343.2 1986  9 15 20 17 49.920 2.7   1
    83805  37.286540 -121.669523     2.847       63.4     -420.2     -797.0      8.5      9.4     16.4 1986  9 25 12  1 52.830 1.4   1
    88698  37.287073 -121.670003     2.863       21.1     -361.4     -781.7     10.2     10.0     19.1 1986 11 25 13  0 35.660 1.0   1
   101361  37.285645 -121.668612     2.677      144.5     -519.6     -967.0      7.1      8.5     25.0 1987  6  3  6 56  7.740 1.9   1
   101362  37.285038 -121.668278     2.722      174.0     -587.2     -922.2      7.1      8.3     23.3 1987  6  3  6 58 51.320 1.7   1
   102776  37.287056 -121.670052     2.878       16.6     -363.2     -766.5     10.3     10.2     20.7 1987  7  7  1 44 26.990 1.0   1
   103138  37.285315 -121.668481     2.695      156.0     -556.4     -948.9      7.1      8.3     23.7 1987  7 14 19  2 57.020 1.7   1
   110939  37.285498 -121.669100     2.032      100.9     -535.9    -1612.5     23.8     32.2     28.3 1988  1 15  1 56 42.310 1.4   1
   112868  37.287093 -121.670028     2.869       18.6     -359.1     -775.5     10.2      9.9     20.3 1988  2 25 10  0 17.780 0.9   1
   126189  37.285559 -121.668685     2.629      137.7     -529.1    -1015.0      7.9      8.6     26.9 1988 11  2  3  9 12.610 1.9   1
   126292  37.284961 -121.668172     2.445      183.6     -595.5    -1199.7      6.4      8.3    294.3 1988 11  3  1 30  4.280 1.7   1
   126389  37.284932 -121.668115     2.674      188.2     -599.0     -970.1      8.0      8.4     27.5 1988 11  4 13 34 34.720 1.9   1
   148939  37.285063 -121.668880     2.976      120.5     -584.5     -668.1      6.1      8.3     11.7 1989 12 13  5 33 46.080 1.6   1
   158154  37.287179 -121.670288     3.041       -4.4     -349.5     -603.6     10.2     10.7     19.7 1990  5 23 11 11 37.580 1.0   1
   160503  37.285547 -121.669238     2.947       88.7     -530.8     -697.3      6.2      9.1     11.3 1990  7  5 20  4 42.800 1.7   1
   208364  37.286963 -121.670076     2.983       14.3     -373.4     -661.5     11.2     10.8     23.6 1991  3 22 11 23 27.560 1.0   1
   215747  37.285095 -121.668750     2.932      132.3     -581.0     -712.5      6.2      8.3     10.8 1991  5 29  9 45 22.620 1.8   1
   227435  37.285258 -121.670955     3.358      -63.3     -562.5     -286.1     18.4     28.5     64.6 1991  8 10 17  6  5.760 1.2   1
   238704  37.285645 -121.669295     2.938       83.8     -519.9     -705.9      6.4      8.5     12.0 1991 12  3  5 24 24.980 2.0   1
   238790  37.285278 -121.669019     2.948      108.1     -560.6     -696.5      6.1      8.3     11.8 1991 12  4  0  8 49.550 1.9   1
   314921  37.284949 -121.668571     2.958      147.9     -596.8     -686.0      7.2      8.7     14.7 1992  9 11  1 22 13.650 1.1   1
