    17842  37.285014 -121.667790     2.803      217.5     -589.7     -841.4     35.2     30.2     25.2 1984  4 25  4 35 19.170 1.9   1
    21644  37.286243 -121.670581     2.889      -30.6     -453.3     -755.4     33.7     29.5     22.7 1984  6 27 14 50 38.140 1.6   1
    25096  37.291207 -121.677498     9.027     -643.4       97.5     5382.4   1143.3    790.1   2083.7 1984  8  7  9  7  6.330 1.2   1
    28475  37.287687 -121.669222     2.411       90.1     -293.2    -1233.4     32.6     30.4     74.6 1984  9 23  8 43 14.720 1.1   1
    32049  37.284123 -121.668473     2.810      156.7     -688.5     -834.8     33.8     29.5     22.1 1984 11 18  0 28 55.240 1.7   1
    35109  37.286646 -121.669556     2.732       61.0     -408.8     -912.2     34.5     29.8     26.3 1984 12 22  4 43 44.710 1.6   1
    42349  37.284086 -121.668237     2.828      177.2     -692.8     -816.0     39.0     31.4     53.4 1985  2 28  1  9 58.300 0.8   1
    42555  37.284896 -121.668156     2.835      185.0     -603.1     -809.7     34.0     29.6     22.6 1985  3  2  6 53 56.010 1.7   1
    42559  37.285571 -121.668408     2.719      162.1     -527.8     -925.7     34.3     29.7     25.1 1985  3  2  8 55  3.470 1.9   1
    42643  37.284916 -121.668156     2.706      184.6     -600.8     -938.3     34.6     29.7     25.6 1985  3  2  8 55 29.590 2.1   1
    42560  37.285152 -121.671061     2.945      -73.0     -574.6     -699.6     33.6     29.6     17.8 1985  3  2  8 58  0.480 1.2   1
    49626  37.287134 -121.670907     2.896      -59.0     -354.7     -748.4     35.9     31.0     28.8 1985  6 15  1 38 57.380 0.9   1
    54084  37.285677 -121.668612     2.800      144.2     -516.1     -844.1     34.2     29.7     23.7 1985  8 28 20 35 10.100 1.6   1
    57770  37.286865 -121.669564     2.368       60.2     -384.5    -1276.0     33.6     30.5     53.0 1985 10 28  3 55 38.130 1.3   1
    62514  37.285055 -121.668026     2.820      196.5     -585.2     -824.4     34.6     30.0     23.9 1985 12 31 15 50 52.230 1.7   1
    62520  37.284875 -121.668188     2.837      181.7     -605.1     -807.5     34.4     30.4     25.1 1985 12 31 18  3  3.480 1.6   1
    67820  37.286471 -121.670638     2.760      -35.1     -428.0     -884.7     34.7     30.1     28.2 1986  3  8 10 32  4.410 1.6   1
    73786  37.285763 -121.667375     1.845      254.0     -506.5    -1798.8     32.3     30.5     11.8 1986  6  1 10 51 31.460 1.2   1
    82606  37.287008 -121.670549     2.926      -27.1     -368.6     -718.7     33.5     29.6     20.2 1986  9 15 20 17 49.920 2.7   1
    83805  37.286845 -121.669271     2.771       85.6     -386.7     -873.8     34.2     29.7     24.9 1986  9 25 12  1 52.830 1.4   1
    88698  37.286401 -121.672217     3.603     -175.6     -435.6      -40.9     54.5     61.5     58.9 1986 11 25 13  0 35.660 1.0   1
   101361  37.285730 -121.668392     2.841      164.0     -510.4     -803.5     34.3     29.7     23.5 1987  6  3  6 56  7.740 1.9   1
   101362  37.284941 -121.668579     2.805      147.3     -598.0     -839.2     34.9     29.9     24.7 1987  6  3  6 58 51.320 1.7   1
   102776  37.287907 -121.669808     2.796       38.5     -268.6     -848.8     34.6     30.2     25.8 1987  7  7  1 44 26.990 1.0   1
   103138  37.285368 -121.668245     2.707      176.6     -550.6     -937.5     34.4     29.7     25.1 1987  7 14 19  2 57.020 1.7   1
   110939  37.286670 -121.669523     2.340       63.1     -406.1    -1304.7     32.2     29.4     67.5 1988  1 15  1 56 42.310 1.4   1
   112868  37.287553 -121.672298     3.617     -182.7     -308.2      -26.9     33.3     31.1     14.0 1988  2 25 10  0 17.780 0.9   1
   126189  37.284660 -121.670272     2.945       -3.1     -628.9     -699.6     35.4     30.5     23.4 1988 11  2  3  9 12.610 1.9   1
   126292  37.285746 -121.667521     2.614      241.2     -508.7    -1030.7     32.2     29.8     38.1 1988 11  3  1 30  4.280 1.7   1
   126389  37.284534 -121.668628     2.818      142.8     -642.9     -826.5     33.9     29.6     22.4 1988 11  4 13 34 34.720 1.9   1
   148939  37.285010 -121.668164     2.840      184.1     -590.4     -804.5     34.8     30.1     25.9 1989 12 13  5 33 46.080 1.6   1
   158154  37.287069 -121.671273     2.989      -91.4     -361.9     -655.3     33.6     30.0     17.0 1990  5 23 11 11 37.580 1.0   1
   160503  37.285661 -121.668913     2.889      117.4     -518.1     -755.7     34.4     30.0     23.5 1990  7  5 20  4 42.800 1.7   1
   208364  37.287980 -121.669930     2.871       27.8     -260.7     -773.7     35.2     30.3     28.2 1991  3 22 11 23 27.560 1.0   1
   215747  37.284692 -121.668237     2.842      177.5     -625.5     -802.0     34.4     30.0     23.0 1991  5 29  9 45 22.620 1.8   1
   227435  37.286251 -121.668400     2.486      163.0     -452.7    -1158.2     33.5     30.4     52.5 1991  8 10 17  6  5.760 1.2   1
   238704  37.285819 -121.668188     2.821      181.9     -500.6     -823.0     34.4     29.8     23.8 1991 12  3  5 24 24.980 2.0   1
   238790  37.285352 -121.668319     2.844      170.1     -552.5     -800.8     34.2     29.7     23.1 1991 12  4  0  8 49.550 1.9   1
   314921  37.283870 -121.666659     2.843      317.8     -716.9     -801.5     76.0     45.3     95.8 1992  9 11  1 22 13.650 1.1   1
 30062748  37.283761 -121.671159     6.179      -81.8     -728.8     2534.3   1072.8    809.8   2063.3 1994 11 16 18  3 42.360 1.3   1
