    17842  37.284778 -121.667586     2.961      235.1     -616.1     -683.3    310.5    300.2    117.1 1984  4 25  4 35 19.170 1.9   1
    16751  37.324516 -121.690088     8.967    -1759.5     3794.3     5322.3   6180.6   7575.1  15953.1 1984  4 27  7 48 23.500 1.0   1
    21644  37.286316 -121.669474     3.009       67.8     -445.2     -635.7    309.8    297.8    115.1 1984  6 27 14 50 38.140 1.6   1
    23190  37.311816 -121.679224     7.443     -796.4     2384.6     3798.4   3552.9   6045.7   5461.0 1984  7 17 16 24 49.440 1.9   1
    25096  37.285799 -121.669059     2.747      104.6     -502.6     -897.0    310.5    298.0    123.9 1984  8  7  9  7  6.330 1.2   1
    28475  37.287215 -121.670207     2.793        3.2     -345.6     -851.4    311.0    298.5    138.1 1984  9 23  8 43 14.720 1.1   1
    32049  37.283622 -121.668652     2.928      141.1     -744.1     -715.9    307.0    297.5    112.3 1984 11 18  0 28 55.240 1.7   1
    35109  37.286430 -121.669320     2.904       81.3     -432.6     -740.3    309.7    296.9    117.6 1984 12 22  4 43 44.710 1.6   1
    42349  37.283447 -121.668001     3.054      198.3     -763.4     -590.8    311.3    300.5    112.8 1985  2 28  1  9 58.300 0.8   1
    42555  37.284485 -121.668254     2.960      175.8     -648.7     -683.8    308.5    298.7    112.7 1985  3  2  6 53 56.010 1.7   1
    42559  37.285107 -121.668612     2.906      144.4     -579.2     -738.2    309.0    297.5    116.0 1985  3  2  8 55  3.470 1.9   1
    42643  37.284558 -121.668229     2.890      178.2     -640.6     -754.2    309.0    297.7    115.9 1985  3  2  8 55 29.590 2.1   1
    42560  37.285616 -121.669401     3.040       74.4     -522.9     -604.3    308.0    297.2    114.3 1985  3  2  8 58  0.480 1.2   1
    49626  37.287329 -121.669621     3.055       54.9     -332.8     -589.6    311.0    299.0    124.9 1985  6 15  1 38 57.380 0.9   1
    54084  37.285193 -121.668604     2.932      145.0     -569.8     -712.8    309.2    297.9    116.1 1985  8 28 20 35 10.100 1.6   1
    57770  37.284692 -121.672827     2.998     -229.2     -625.3     -646.5    302.2    296.0    111.4 1985 10 28  3 55 38.130 1.3   1
    62514  37.284212 -121.667350     2.960      256.3     -678.6     -684.6    310.0    300.8    113.9 1985 12 31 15 50 52.230 1.7   1
    62520  37.284444 -121.668359     2.969      167.0     -653.1     -675.5    308.6    300.8    118.9 1985 12 31 18  3  3.480 1.6   1
    67820  37.286080 -121.671493     2.878     -111.2     -471.5     -766.5    307.3    296.0    123.1 1986  3  8 10 32  4.410 1.6   1
    73786  37.285250 -121.667619     2.664      232.1     -563.8     -980.8    310.7    297.2    126.6 1986  6  1 10 51 31.460 1.2   1
    77218  37.292204 -121.671395     3.444     -102.7      208.3     -200.4   3764.9   3344.4  28582.2 1986  7 25  9 22 50.290 2.3   1
    81017  37.322803 -121.680485    12.103     -908.5     3604.2     8458.5   5148.8   7293.7  19458.5 1986  9  2  7 24 15.870 0.8   1
    82606  37.286853 -121.670329     2.962       -8.0     -385.8     -681.9    308.3    296.6    115.5 1986  9 15 20 17 49.920 2.7   1
    83805  37.286483 -121.669312     2.938       82.0     -426.7     -706.8    309.4    297.2    115.9 1986  9 25 12  1 52.830 1.4   1
    88698  37.288139 -121.671501     3.393     -112.2     -243.0     -251.0    363.5    418.6    504.5 1986 11 25 13  0 35.660 1.0   1
   101361  37.285510 -121.668302     2.952      171.6     -534.9     -692.4    310.1    298.5    115.8 1987  6  3  6 56  7.740 1.9   1
   101362  37.284330 -121.668937     2.881      115.7     -665.5     -763.2    307.1    297.7    112.1 1987  6  3  6 58 51.320 1.7   1
   102776  37.287248 -121.669849     2.974       34.5     -341.8     -670.6    309.4    299.3    116.5 1987  7  7  1 44 26.990 1.0   1
   103138  37.284778 -121.668595     2.882      146.1     -615.8     -761.9    308.7    297.2    116.0 1987  7 14 19  2 57.020 1.7   1
   110939  37.285929 -121.669938     2.740       27.0     -488.0     -903.9    307.9    294.3    121.1 1988  1 15  1 56 42.310 1.4   1
   112868  37.289067 -121.670874     3.330      -56.1     -140.1     -314.8    311.8    310.9    166.5 1988  2 25 10  0 17.780 0.9   1
   126189  37.281148 -121.676790     3.443     -580.7    -1018.8     -201.6    298.8    299.4     96.6 1988 11  2  3  9 12.610 1.9   1
   126292  37.285091 -121.667928     2.841      204.7     -581.2     -803.6    310.1    298.3    119.4 1988 11  3  1 30  4.280 1.7   1
   126389  37.284066 -121.668864     2.962      122.0     -694.8     -682.7    307.5    297.8    112.8 1988 11  4 13 34 34.720 1.9   1
   148939  37.284599 -121.668294     2.962      172.4     -635.9     -682.6    309.6    299.8    120.0 1989 12 13  5 33 46.080 1.6   1
   158154  37.286820 -121.671313     3.133      -95.0     -389.2     -510.9    309.4    300.2    111.5 1990  5 23 11 11 37.580 1.0   1
   160503  37.285844 -121.667830     3.004      213.3     -497.6     -640.6    310.8    300.0    116.8 1990  7  5 20  4 42.800 1.7   1
   208364  37.287789 -121.669303     3.019       82.9     -281.7     -625.0    313.5    300.4    124.0 1991  3 22 11 23 27.560 1.0   1
   215747  37.284135 -121.668547     2.959      150.2     -687.5     -685.5    307.7    299.4    111.9 1991  5 29  9 45 22.620 1.8   1
   227435  37.285124 -121.667603     2.858      234.0     -577.5     -786.7    312.3    300.5    120.8 1991  8 10 17  6  5.760 1.2   1
   238704  37.285417 -121.668465     2.948      157.0     -545.2     -696.1    309.5    298.3    115.6 1991 12  3  5 24 24.980 2.0   1
   238790  37.284949 -121.668449     2.991      158.8     -596.9     -653.1    309.1    298.7    113.8 1991 12  4  0  8 49.550 1.9   1
   314921  37.283675 -121.666357     3.008      344.5     -738.2     -636.4    350.0    324.5    227.2 1992  9 11  1 22 13.650 1.1   1
   331552  37.293522 -121.674373     1.711     -366.6      354.3    -1933.6   4166.4   3446.5   7340.5 1993  1  9 17 48 38.720 1.0   1
   331635  37.293518 -121.683667     0.933    -1190.8      354.2    -2710.9   5783.7   3980.8   9921.5 1993  1 10 22 13  9.440 1.2   1
   389286  37.288216 -121.670573     3.365      -29.8     -234.3     -279.4   2637.4   2196.9   7039.0 1993 12 20 22 35  7.800 1.8   1
   399980  37.294840 -121.671965     1.906     -152.7      501.0    -1738.0   5360.7   4696.6   8540.5 1994  4  6  4 11 34.960 1.4   1
 30062741  37.292232 -121.670695     3.333      -40.7      211.2     -311.0   2663.5   3210.2   7237.3 1994 11 16 16 50 58.150 2.0   1
 30062748  37.304606 -121.674959     5.587     -418.7     1584.7     1942.7   3542.2   4870.0  11164.9 1994 11 16 18  3 42.360 1.3   1
 30069218  37.295557 -121.673462     5.433     -285.5      580.5     1788.8   3365.6   3908.1  11628.1 1995  3  3  9 38 49.200 1.2   1
 30069222  37.289091 -121.670247     3.429       -0.6     -137.2     -214.9   2791.8   2429.1   7964.6 1995  3  3 12 30 15.850 1.8   1
 30069457  37.293644 -121.672437     4.859     -194.6      368.2     1214.2   3134.5   3533.4  10236.4 1995  3  7 13 19 41.960 1.3   1
 30092060  37.288578 -121.670549     3.310      -27.6     -194.2     -334.5   2713.8   2216.5   7336.9 1995 12 15 18 53 39.820 1.8   1
   478141  37.300122 -121.673421     4.885     -282.3     1087.1     1241.0   3216.6   4257.9  11219.3 1996  9  2 20 36  3.960 1.4   1
