    17842  37.278841 -121.670003     2.779       21.3    -1274.8     -864.9      4.1      2.8     15.7 1984  4 25  4 35 19.170 1.9   1
    21644  37.280375 -121.671240     2.957      -88.6    -1104.5     -686.8      5.5      3.6     23.2 1984  6 27 14 50 38.140 1.6   1
    32049  37.278914 -121.670239     2.782       -0.3    -1266.6     -862.7      3.6      2.6     13.6 1984 11 18  0 28 55.240 1.7   1
    35109  37.280359 -121.671248     2.956      -89.5    -1106.2     -688.5      5.2      3.5     22.8 1984 12 22  4 43 44.710 1.6   1
    42349  37.278870 -121.669889     2.678       30.8    -1271.8     -966.2      5.6      3.2     87.0 1985  2 28  1  9 58.300 0.8   1
    42555  37.278780 -121.670020     2.795       19.1    -1281.7     -849.1      4.1      2.7     15.2 1985  3  2  6 53 56.010 1.7   1
    42559  37.279456 -121.670589     2.740      -30.7    -1206.8     -904.5      3.8      2.8     15.1 1985  3  2  8 55  3.470 1.9   1
    42643  37.279171 -121.670345     2.751       -9.1    -1238.1     -893.1      3.9      2.7     14.4 1985  3  2  8 55 29.590 2.1   1
    42560  37.279761 -121.670833     2.705      -53.0    -1172.7     -939.2      5.2      3.2     23.0 1985  3  2  8 58  0.480 1.2   1
    49626  37.280937 -121.671549     2.766     -116.1    -1042.2     -878.2      7.3      4.4     35.5 1985  6 15  1 38 57.380 0.9   1
    54084  37.279435 -121.670687     2.807      -39.6    -1208.8     -837.4      3.6      2.7     14.3 1985  8 28 20 35 10.100 1.6   1
    57770  37.279488 -121.671818     2.599     -140.3    -1203.2    -1045.1     11.4     13.9    136.8 1985 10 28  3 55 38.130 1.3   1
    62514  37.278914 -121.670312     2.817       -6.6    -1266.9     -827.0      3.6      2.6     13.4 1985 12 31 15 50 52.230 1.7   1
    62520  37.278792 -121.670085     2.813       13.5    -1280.1     -831.0      3.8      2.6     14.1 1985 12 31 18  3  3.480 1.6   1
    67820  37.280391 -121.671387     3.018     -101.5    -1102.9     -626.7      5.3      3.7     13.0 1986  3  8 10 32  4.410 1.6   1
    82606  37.280937 -121.671037     2.875      -71.0    -1042.4     -769.2     18.9     16.6    152.3 1986  9 15 20 17 49.920 2.7   1
    83805  37.280461 -121.671436     3.007     -106.3    -1095.0     -637.1      5.7      3.7     24.0 1986  9 25 12  1 52.830 1.4   1
    88698  37.280965 -121.671712     2.819     -130.7    -1038.9     -825.3      6.6      4.2     33.0 1986 11 25 13  0 35.660 1.0   1
   101361  37.279484 -121.670654     2.778      -36.8    -1203.5     -866.0      3.8      2.7     13.6 1987  6  3  6 56  7.740 1.9   1
   101362  37.278939 -121.670337     2.825       -8.9    -1264.0     -819.3      3.6      2.6     13.2 1987  6  3  6 58 51.320 1.7   1
   102776  37.280973 -121.671729     2.821     -131.8    -1038.2     -823.2      6.6      4.2     33.0 1987  7  7  1 44 26.990 1.0   1
   103138  37.279195 -121.670500     2.788      -23.4    -1235.4     -855.9      3.7      2.6     13.3 1987  7 14 19  2 57.020 1.7   1
   110939  37.279488 -121.671818     2.585     -140.1    -1203.0    -1058.8     10.8     13.8    138.9 1988  1 15  1 56 42.310 1.4   1
   112868  37.281006 -121.671704     2.816     -129.9    -1034.7     -828.5      6.5      4.1     32.8 1988  2 25 10  0 17.780 0.9   1
   126189  37.279451 -121.670622     2.728      -33.8    -1207.0     -916.2      4.3      2.8     65.0 1988 11  2  3  9 12.610 1.9   1
   126292  37.278910 -121.670076     2.526       14.4    -1267.1    -1117.9      5.9      3.6    124.9 1988 11  3  1 30  4.280 1.7   1
   126389  37.278817 -121.670060     2.750       16.0    -1277.6     -894.8      3.9      2.7     14.5 1988 11  4 13 34 34.720 1.9   1
   148939  37.279016 -121.670793     3.054      -48.9    -1255.6     -589.9      4.3      3.2     13.6 1989 12 13  5 33 46.080 1.6   1
   158154  37.280969 -121.672339     3.056     -185.9    -1038.8     -588.0      6.1      4.7     15.9 1990  5 23 11 11 37.580 1.0   1
   160503  37.279451 -121.671061     3.003      -72.7    -1207.3     -641.8      3.5      3.4     10.0 1990  7  5 20  4 42.800 1.7   1
   208364  37.280973 -121.672225     3.020     -176.1    -1038.0     -624.3      5.9      4.3     14.5 1991  3 22 11 23 27.560 1.0   1
   215747  37.279041 -121.670638     2.995      -35.4    -1252.6     -649.6      3.5      2.8     10.9 1991  5 29  9 45 22.620 1.8   1
   227435  37.279960 -121.672135     2.822     -168.1    -1150.9     -822.7     32.2     52.9    169.5 1991  8 10 17  6  5.760 1.2   1
   238704  37.279602 -121.671094     2.983      -75.6    -1190.2     -661.3      3.7      3.2     10.4 1991 12  3  5 24 24.980 2.0   1
   238790  37.279232 -121.670874     3.004      -55.9    -1231.3     -640.3      3.6      3.0     11.0 1991 12  4  0  8 49.550 1.9   1
   314921  37.278902 -121.670410     3.017      -14.9    -1268.0     -627.1      5.2      3.5     14.1 1992  9 11  1 22 13.650 1.1   1
