    17842  37.285535 -121.667513     2.781      242.0     -531.9     -863.0     49.6     58.6     38.4 1984  4 25  4 35 19.170 1.9   1
    21644  37.286698 -121.670394     2.879      -13.9     -402.8     -765.3     47.9     57.7     36.0 1984  6 27 14 50 38.140 1.6   1
    25096  37.281897 -121.682454     9.331    -1083.4     -935.9     5686.7   1614.4   1057.9   4772.0 1984  8  7  9  7  6.330 1.2   1
    28475  37.288114 -121.669181     2.400       94.0     -245.8    -1244.8     46.8     58.6    106.1 1984  9 23  8 43 14.720 1.1   1
    32049  37.284530 -121.668449     2.813      158.8     -643.3     -831.5     47.7     57.6     33.8 1984 11 18  0 28 55.240 1.7   1
    35109  37.287174 -121.669263     2.706       86.5     -349.9     -938.7     48.7     58.0     41.1 1984 12 22  4 43 44.710 1.6   1
    42349  37.284281 -121.668343     2.870      168.0     -671.2     -774.1     51.1     59.0     41.8 1985  2 28  1  9 58.300 0.8   1
    42555  37.285307 -121.668148     2.839      185.7     -557.3     -805.2     48.0     57.8     34.5 1985  3  2  6 53 56.010 1.7   1
    42559  37.286011 -121.668335     2.715      169.0     -479.0     -929.5     48.5     57.9     38.6 1985  3  2  8 55  3.470 1.9   1
    42643  37.285409 -121.667977     2.691      200.7     -545.8     -953.4     48.8     58.0     39.2 1985  3  2  8 55 29.590 2.1   1
    42560  37.285722 -121.670638     2.915      -35.6     -511.2     -729.3     48.4     57.8     36.2 1985  3  2  8 58  0.480 1.2   1
    49626  37.287459 -121.670752     2.880      -45.6     -318.3     -764.5     49.5     58.7     43.1 1985  6 15  1 38 57.380 0.9   1
    54084  37.286104 -121.668473     2.794      156.6     -468.7     -850.1     48.2     57.9     36.4 1985  8 28 20 35 10.100 1.6   1
    57770  37.287061 -121.669897     2.474       30.2     -362.8    -1170.1     48.0     58.5     65.1 1985 10 28  3 55 38.130 1.3   1
    62514  37.285510 -121.667896     2.813      207.7     -534.9     -831.2     49.3     58.4     37.3 1985 12 31 15 50 52.230 1.7   1
    62520  37.285286 -121.668188     2.843      181.8     -559.6     -801.2     48.5     58.7     38.1 1985 12 31 18  3  3.480 1.6   1
    67820  37.286898 -121.670581     2.759      -30.4     -380.9     -885.5     48.7     58.1     42.4 1986  3  8 10 32  4.410 1.6   1
    73786  37.286263 -121.667155     1.827      273.5     -451.2    -1817.6     46.3     59.1     20.1 1986  6  1 10 51 31.460 1.2   1
    82606  37.287500 -121.670426     2.924      -16.4     -313.6     -720.5     47.2     57.7     35.5 1986  9 15 20 17 49.920 2.7   1
    83805  37.287297 -121.669165     2.763       95.6     -336.4     -880.9     48.3     57.9     38.6 1986  9 25 12  1 52.830 1.4   1
    88698  37.286930 -121.672119     3.606     -166.8     -377.2      -38.4     78.9    102.7     89.6 1986 11 25 13  0 35.660 1.0   1
   101361  37.286214 -121.668254     2.832      175.7     -456.5     -812.1     48.3     58.0     36.0 1987  6  3  6 56  7.740 1.9   1
   101362  37.285323 -121.668652     2.815      140.9     -555.3     -829.1     48.6     57.9     36.1 1987  6  3  6 58 51.320 1.7   1
   102776  37.288310 -121.669588     2.783       58.1     -224.2     -861.7     48.6     58.6     39.8 1987  7  7  1 44 26.990 1.0   1
   103138  37.285767 -121.668237     2.711      177.8     -506.1     -933.6     48.5     57.9     38.3 1987  7 14 19  2 57.020 1.7   1
   110939  37.287093 -121.669507     2.320       64.8     -359.0    -1324.3     46.0     57.4     98.9 1988  1 15  1 56 42.310 1.4   1
   112868  37.288151 -121.671899     3.597     -147.1     -241.8      -47.8     47.7     60.0     22.3 1988  2 25 10  0 17.780 0.9   1
   126189  37.284908 -121.670597     2.979      -31.9     -601.4     -665.5     49.3     58.4     33.9 1988 11  2  3  9 12.610 1.9   1
   126292  37.286169 -121.667464     2.610      245.7     -461.5    -1034.6     46.2     58.1     57.4 1988 11  3  1 30  4.280 1.7   1
   126389  37.284945 -121.668620     2.822      143.7     -597.4     -822.1     47.9     57.7     34.3 1988 11  4 13 34 34.720 1.9   1
   148939  37.285429 -121.668156     2.845      184.5     -543.7     -798.8     49.1     58.3     39.1 1989 12 13  5 33 46.080 1.6   1
   158154  37.287528 -121.671045     2.988      -71.5     -310.7     -656.3     47.7     58.2     26.4 1990  5 23 11 11 37.580 1.0   1
   160503  37.286210 -121.668555     2.862      149.1     -456.9     -782.8     49.0     58.5     37.4 1990  7  5 20  4 42.800 1.7   1
   208364  37.288452 -121.669670     2.852       50.8     -208.0     -792.2     49.8     58.7     43.8 1991  3 22 11 23 27.560 1.0   1
   215747  37.285079 -121.668270     2.851      174.4     -582.6     -793.6     48.3     58.1     34.5 1991  5 29  9 45 22.620 1.8   1
   227435  37.286751 -121.668123     2.429      187.3     -396.8    -1215.4     47.9     58.7     85.5 1991  8 10 17  6  5.760 1.2   1
   238704  37.286239 -121.668229     2.827      178.5     -453.9     -817.0     48.4     58.0     36.1 1991 12  3  5 24 24.980 2.0   1
   238790  37.285775 -121.668254     2.844      175.8     -505.2     -800.8     48.3     57.9     35.4 1991 12  4  0  8 49.550 1.9   1
   314921  37.284578 -121.665820     2.768      392.0     -638.2     -875.9     99.8     73.2    127.8 1992  9 11  1 22 13.650 1.1   1
 30062748  37.276278 -121.670695     6.057      -40.1    -1559.5     2412.6   1451.8   1905.5   4542.9 1994 11 16 18  3 42.360 1.3   1
