    17842  37.284139 -121.668262     2.755      175.4     -686.9     -889.1     84.0    284.0     39.4 1984  4 25  4 35 19.170 1.9   1
    21644  37.285685 -121.669596     2.919       57.3     -515.3     -725.5     86.9    285.2     27.5 1984  6 27 14 50 38.140 1.6   1
    28475  37.300317 -121.661466     5.211      778.1     1108.6     1566.4   2317.4   4749.3   2361.2 1984  9 23  8 43 14.720 1.1   1
    32049  37.284147 -121.668465     2.730      157.1     -686.2     -913.9     83.8    283.8     34.8 1984 11 18  0 28 55.240 1.7   1
    35109  37.285649 -121.669556     2.891       60.6     -519.3     -752.9     86.9    285.2     29.4 1984 12 22  4 43 44.710 1.6   1
    42349  37.284102 -121.668245     2.684      176.9     -691.1     -960.7     84.1    283.9     48.2 1985  2 28  1  9 58.300 0.8   1
    42555  37.284062 -121.668229     2.748      178.1     -695.4     -896.7     83.8    284.0     38.3 1985  3  2  6 53 56.010 1.7   1
    42559  37.284766 -121.668750     2.681      132.0     -617.5     -963.3     84.8    283.9     37.6 1985  3  2  8 55  3.470 1.9   1
    42643  37.284432 -121.668547     2.702      150.0     -654.4     -942.4     84.3    283.8     35.6 1985  3  2  8 55 29.590 2.1   1
    42560  37.285059 -121.669076     2.652      103.4     -584.6     -991.8     85.4    283.8     42.8 1985  3  2  8 58  0.480 1.2   1
    49626  37.286214 -121.669897     2.698       30.5     -456.6     -946.3     88.2    285.2     53.1 1985  6 15  1 38 57.380 0.9   1
    54084  37.284733 -121.668864     2.759      122.2     -621.0     -885.4     84.8    283.9     36.4 1985  8 28 20 35 10.100 1.6   1
    57770  37.284562 -121.670573     2.827      -29.8     -639.7     -816.9     88.8    284.0    286.5 1985 10 28  3 55 38.130 1.3   1
    62514  37.284155 -121.668522     2.767      152.2     -685.1     -877.2     83.8    283.8     34.9 1985 12 31 15 50 52.230 1.7   1
    62520  37.284078 -121.668302     2.774      171.5     -693.8     -870.7     83.7    283.9     37.2 1985 12 31 18  3  3.480 1.6   1
    67820  37.285689 -121.669515     2.883       64.4     -514.6     -761.0     87.0    285.1     27.8 1986  3  8 10 32  4.410 1.6   1
    73786  37.299036 -121.674674     1.348     -393.0      966.5    -2295.9   2551.1   9500.3   2915.4 1986  6  1 10 51 31.460 1.2   1
    82606  37.285942 -121.669637     2.786       53.6     -486.9     -857.9     91.0    288.2    568.2 1986  9 15 20 17 49.920 2.7   1
    83805  37.285754 -121.669531     2.854       62.9     -507.4     -790.2     87.1    285.2     27.2 1986  9 25 12  1 52.830 1.4   1
    88698  37.286312 -121.669897     2.716       30.5     -445.7     -927.9     88.2    285.5     50.7 1986 11 25 13  0 35.660 1.0   1
   101361  37.284867 -121.668628     2.679      143.2     -606.2     -965.7     84.8    284.2     33.8 1987  6  3  6 56  7.740 1.9   1
   101362  37.284257 -121.668311     2.725      171.3     -673.9     -919.2     83.9    284.0     34.5 1987  6  3  6 58 51.320 1.7   1
   102776  37.286308 -121.669914     2.721       28.7     -446.3     -923.6     88.2    285.4     52.0 1987  7  7  1 44 26.990 1.0   1
   103138  37.284534 -121.668506     2.699      153.9     -643.3     -945.7     84.3    283.9     33.8 1987  7 14 19  2 57.020 1.7   1
   110939  37.284534 -121.670166     1.981        6.8     -643.0    -1663.1    107.3    288.2    104.1 1988  1 15  1 56 42.310 1.4   1
   112868  37.286348 -121.669889     2.717       30.8     -441.8     -927.4     88.3    285.4     50.0 1988  2 25 10  0 17.780 0.9   1
   126189  37.284782 -121.668701     2.631      136.4     -615.5    -1013.6     85.1    283.8     34.7 1988 11  2  3  9 12.610 1.9   1
   126292  37.284176 -121.668197     2.264      181.2     -682.9    -1379.8     80.8    283.6    261.0 1988 11  3  1 30  4.280 1.7   1
   126389  37.284151 -121.668140     2.676      186.3     -685.7     -968.3     83.7    284.0     37.9 1988 11  4 13 34 34.720 1.9   1
   148939  37.284277 -121.668913     2.980      117.4     -671.4     -664.1     85.0    283.7     25.2 1989 12 13  5 33 46.080 1.6   1
   158154  37.286353 -121.670475     2.991      -21.1     -441.2     -653.2     88.5    285.3     29.2 1990  5 23 11 11 37.580 1.0   1
   160503  37.284762 -121.669271     2.951       85.9     -617.7     -692.9     85.7    283.7     24.9 1990  7  5 20  4 42.800 1.7   1
   208364  37.286324 -121.670378     2.958      -12.2     -444.5     -686.7     88.4    285.3     30.3 1991  3 22 11 23 27.560 1.0   1
   215747  37.284310 -121.668783     2.936      129.1     -668.0     -708.0     85.2    283.7     25.0 1991  5 29  9 45 22.620 1.8   1
   227435  37.284631 -121.670467     2.867      -20.1     -632.0     -777.8     88.5    284.3    285.8 1991  8 10 17  6  5.760 1.2   1
   238704  37.284859 -121.669328     2.943       81.2     -606.9     -701.2     85.8    283.6     25.2 1991 12  3  5 24 24.980 2.0   1
   238790  37.284493 -121.669059     2.952      104.8     -647.6     -692.2     85.4    283.6     25.3 1991 12  4  0  8 49.550 1.9   1
   314921  37.284167 -121.668612     2.962      144.3     -683.7     -682.1     85.3    283.8     26.9 1992  9 11  1 22 13.650 1.1   1
