    17842  37.278841 -121.669995     2.772       21.5    -1274.7     -872.8      4.2      2.9     16.5 1984  4 25  4 35 19.170 1.9   1
    21644  37.280375 -121.671240     2.935      -88.5    -1104.7     -709.2      5.5      3.6     22.8 1984  6 27 14 50 38.140 1.6   1
    32049  37.278914 -121.670231     2.769        0.7    -1266.8     -875.1      3.7      2.8     14.5 1984 11 18  0 28 55.240 1.7   1
    35109  37.280359 -121.671240     2.933      -88.9    -1106.5     -711.1      5.1      3.5     22.5 1984 12 22  4 43 44.710 1.6   1
    42349  37.278866 -121.669930     2.697       27.4    -1272.3     -947.4      5.8      3.4     88.7 1985  2 28  1  9 58.300 0.8   1
    42555  37.278780 -121.670020     2.786       19.2    -1281.6     -858.8      4.2      2.8     16.2 1985  3  2  6 53 56.010 1.7   1
    42559  37.279456 -121.670581     2.726      -30.1    -1206.7     -918.0      4.0      2.9     18.5 1985  3  2  8 55  3.470 1.9   1
    42643  37.279175 -121.670337     2.738       -8.7    -1238.0     -905.8      4.0      2.8     15.6 1985  3  2  8 55 29.590 2.1   1
    42560  37.279765 -121.670833     2.709      -53.0    -1172.5     -935.4      5.2      3.2     37.3 1985  3  2  8 58  0.480 1.2   1
    49626  37.280949 -121.671541     2.786     -115.4    -1040.9     -858.4      7.6      4.4     65.8 1985  6 15  1 38 57.380 0.9   1
    54084  37.279439 -121.670671     2.794      -38.5    -1208.6     -850.4      3.8      2.9     17.3 1985  8 28 20 35 10.100 1.6   1
    57770  37.279508 -121.671826     2.662     -140.6    -1201.0     -982.4     15.5     20.7    154.0 1985 10 28  3 55 38.130 1.3   1
    62514  37.278914 -121.670304     2.806       -5.9    -1266.9     -838.5      3.7      2.7     14.5 1985 12 31 15 50 52.230 1.7   1
    62520  37.278792 -121.670076     2.802       14.1    -1280.1     -842.0      3.9      2.8     15.1 1985 12 31 18  3  3.480 1.6   1
    67820  37.280387 -121.671419     3.007     -104.3    -1103.4     -637.2      5.3      3.8     18.0 1986  3  8 10 32  4.410 1.6   1
    82606  37.280924 -121.671012     2.899      -68.6    -1043.7     -745.2     22.0     19.6    159.5 1986  9 15 20 17 49.920 2.7   1
    83805  37.280461 -121.671395     2.971     -102.7    -1095.2     -673.5      5.1      3.8     15.6 1986  9 25 12  1 52.830 1.4   1
    88698  37.280981 -121.671712     2.839     -130.4    -1037.5     -805.0      7.0      4.2     65.1 1986 11 25 13  0 35.660 1.0   1
   101361  37.279480 -121.670646     2.764      -36.0    -1203.8     -880.4      3.9      2.9     16.6 1987  6  3  6 56  7.740 1.9   1
   101362  37.278935 -121.670329     2.813       -8.1    -1264.3     -831.1      3.7      2.7     14.3 1987  6  3  6 58 51.320 1.7   1
   102776  37.280981 -121.671712     2.839     -130.7    -1037.1     -805.0      7.0      4.2     65.1 1987  7  7  1 44 26.990 1.0   1
   103138  37.279199 -121.670483     2.776      -22.0    -1235.1     -868.6      3.8      2.8     14.7 1987  7 14 19  2 57.020 1.7   1
   110939  37.279504 -121.671818     2.647     -140.0    -1201.0     -997.3     15.3     20.7    158.3 1988  1 15  1 56 42.310 1.4   1
   112868  37.281014 -121.671704     2.837     -129.9    -1033.6     -807.8      6.9      4.1     65.0 1988  2 25 10  0 17.780 0.9   1
   126189  37.279451 -121.670589     2.685      -30.9    -1206.9     -959.4      4.1      2.9     18.0 1988 11  2  3  9 12.610 1.9   1
   126292  37.278902 -121.670117     2.558       10.9    -1268.0    -1085.9      4.8      3.2     94.2 1988 11  3  1 30  4.280 1.7   1
   126389  37.278813 -121.670052     2.738       16.6    -1277.9     -905.9      4.0      2.8     15.3 1988 11  4 13 34 34.720 1.9   1
   148939  37.279008 -121.670809     3.048      -50.2    -1256.2     -596.6      4.4      3.4     13.9 1989 12 13  5 33 46.080 1.6   1
   158154  37.280965 -121.672339     3.049     -186.1    -1038.9     -595.5      6.0      4.6     18.0 1990  5 23 11 11 37.580 1.0   1
   160503  37.279447 -121.671086     2.998      -74.7    -1207.7     -645.9      3.7      3.6     10.4 1990  7  5 20  4 42.800 1.7   1
   208364  37.280977 -121.672217     3.010     -175.5    -1037.7     -634.2      5.7      4.1     16.4 1991  3 22 11 23 27.560 1.0   1
   215747  37.279032 -121.670654     2.989      -36.9    -1253.4     -655.1      3.7      3.1     11.3 1991  5 29  9 45 22.620 1.8   1
   227435  37.279956 -121.672135     2.864     -167.8    -1151.3     -780.1     32.4     53.8    178.8 1991  8 10 17  6  5.760 1.2   1
   238704  37.279590 -121.671118     2.979      -77.6    -1191.7     -665.3      3.9      3.5     10.8 1991 12  3  5 24 24.980 2.0   1
   238790  37.279228 -121.670890     2.999      -57.8    -1232.1     -645.7      3.8      3.2     11.5 1991 12  4  0  8 49.550 1.9   1
   314921  37.278898 -121.670435     3.012      -17.1    -1268.6     -632.0      5.4      3.8     14.7 1992  9 11  1 22 13.650 1.1   1
