    17842  37.284631 -121.667936     2.767      204.0     -632.2     -877.0     50.3     61.9     44.0 1984  4 25  4 35 19.170 1.9   1
    21644  37.285811 -121.670687     2.853      -39.6     -501.4     -790.9     48.9     60.8     42.0 1984  6 27 14 50 38.140 1.6   1
    25096  37.286279 -121.668766     2.822      130.4     -449.4     -822.6     48.7     63.7   1756.6 1984  8  7  9  7  6.330 1.2   1
    28475  37.287162 -121.669824     2.423       36.7     -351.4    -1221.0     47.7     62.8    139.9 1984  9 23  8 43 14.720 1.1   1
    32049  37.283557 -121.669027     2.810      107.4     -751.5     -834.3     47.8     60.6     38.2 1984 11 18  0 28 55.240 1.7   1
    35109  37.286296 -121.669637     2.689       53.1     -447.4     -955.8     48.9     60.9     46.5 1984 12 22  4 43 44.710 1.6   1
    42349  37.283211 -121.668831     2.862      125.1     -789.7     -781.9     52.4     61.9     46.1 1985  2 28  1  9 58.300 0.8   1
    42555  37.284342 -121.668709     2.835      135.7     -664.2     -809.7     48.1     60.8     39.0 1985  3  2  6 53 56.010 1.7   1
    42559  37.285063 -121.668872     2.712      121.0     -584.5     -932.2     48.6     60.8     43.4 1985  3  2  8 55  3.470 1.9   1
    42643  37.284501 -121.668457     2.683      157.7     -646.8     -961.2     49.0     60.9     44.4 1985  3  2  8 55 29.590 2.1   1
    42560  37.285075 -121.670435     2.847      -17.5     -582.8     -797.2     49.8     61.0     43.6 1985  3  2  8 58  0.480 1.2   1
    49626  37.286621 -121.670858     2.829      -55.1     -411.6     -815.1     52.0     62.3     56.5 1985  6 15  1 38 57.380 0.9   1
    54084  37.285120 -121.669010     2.791      109.1     -578.2     -853.7     48.3     60.9     40.9 1985  8 28 20 35 10.100 1.6   1
    57770  37.285828 -121.670874     2.594      -56.2     -499.4    -1050.4     52.5     62.4     52.0 1985 10 28  3 55 38.130 1.3   1
    62514  37.284505 -121.668140     2.788      185.9     -646.1     -856.1     50.1     61.9     42.9 1985 12 31 15 50 52.230 1.7   1
    62520  37.284322 -121.668766     2.841      130.8     -666.5     -803.5     49.1     62.3     44.9 1985 12 31 18  3  3.480 1.6   1
    67820  37.285921 -121.671191     2.759      -84.2     -489.0     -885.8     49.8     61.4     50.0 1986  3  8 10 32  4.410 1.6   1
    73786  37.285409 -121.667554     1.843      238.3     -546.1    -1801.7     47.2     63.4     21.4 1986  6  1 10 51 31.460 1.2   1
    82606  37.286584 -121.670858     2.876      -55.2     -415.4     -768.5     47.6     61.1     31.0 1986  9 15 20 17 49.920 2.7   1
    83805  37.286344 -121.669686     2.758       49.0     -441.9     -886.2     48.5     60.8     43.6 1986  9 25 12  1 52.830 1.4   1
    88698  37.286112 -121.672681     3.593     -216.9     -467.8      -51.0     94.6    130.1    124.1 1986 11 25 13  0 35.660 1.0   1
   101361  37.285286 -121.668774     2.824      130.2     -559.4     -820.6     48.4     60.9     40.6 1987  6  3  6 56  7.740 1.9   1
   101362  37.284367 -121.669230     2.811       89.5     -661.5     -833.6     48.6     60.8     40.1 1987  6  3  6 58 51.320 1.7   1
   102776  37.287297 -121.670085     2.778       14.1     -336.6     -866.4     48.9     61.8     44.9 1987  7  7  1 44 26.990 1.0   1
   103138  37.284794 -121.668840     2.713      124.5     -614.4     -931.1     48.5     60.8     42.9 1987  7 14 19  2 57.020 1.7   1
   110939  37.286141 -121.670085     2.336       13.4     -464.5    -1308.1     46.4     60.6    123.8 1988  1 15  1 56 42.310 1.4   1
   112868  37.287374 -121.671859     3.536     -143.9     -328.0     -108.5     48.6     64.5     25.6 1988  2 25 10  0 17.780 0.9   1
   126189  37.283687 -121.671639     3.008     -124.0     -736.9     -636.2     53.5     62.9     39.7 1988 11  2  3  9 12.610 1.9   1
   126292  37.285201 -121.668058     2.610      193.1     -568.8    -1033.9     46.7     61.7     65.8 1988 11  3  1 30  4.280 1.7   1
   126389  37.283988 -121.669181     2.817       93.8     -703.7     -827.3     48.1     60.7     39.1 1988 11  4 13 34 34.720 1.9   1
   148939  37.284473 -121.668726     2.844      134.0     -649.8     -800.6     50.0     61.7     46.1 1989 12 13  5 33 46.080 1.6   1
   158154  37.286589 -121.671493     2.985     -111.1     -415.0     -659.2     48.1     61.9     31.3 1990  5 23 11 11 37.580 1.0   1
   160503  37.285437 -121.668628     2.816      142.7     -542.6     -828.6     49.7     61.8     43.5 1990  7  5 20  4 42.800 1.7   1
   208364  37.287520 -121.669987     2.831       22.1     -311.6     -813.1     51.2     62.1     52.7 1991  3 22 11 23 27.560 1.0   1
   215747  37.284082 -121.668905     2.853      118.2     -693.3     -791.7     48.6     61.4     39.0 1991  5 29  9 45 22.620 1.8   1
   227435  37.285876 -121.668424     2.397      160.7     -493.8    -1247.5     49.1     63.0    104.1 1991  8 10 17  6  5.760 1.2   1
   238704  37.285274 -121.668807     2.825      126.7     -560.8     -818.9     48.6     61.0     40.7 1991 12  3  5 24 24.980 2.0   1
   238790  37.284819 -121.668807     2.838      127.3     -611.5     -806.3     48.5     60.9     40.0 1991 12  4  0  8 49.550 1.9   1
   314921  37.283614 -121.666300     2.762      349.2     -745.2     -882.0    112.6     81.4    158.6 1992  9 11  1 22 13.650 1.1   1
 30062748  37.307666 -121.666325    12.854      347.2     1924.2     9210.2   1772.4   2327.0   2099.1 1994 11 16 18  3 42.360 1.3   1
