    17842  37.278861 -121.670060     2.796       16.1    -1272.5     -848.2      5.4      2.9     20.3 1984  4 25  4 35 19.170 1.9   1
    21644  37.280396 -121.671289     2.975      -93.1    -1102.5     -668.8      5.3      3.8     11.8 1984  6 27 14 50 38.140 1.6   1
    32049  37.278918 -121.670231     2.768        0.6    -1266.5     -876.2      4.2      2.5     15.3 1984 11 18  0 28 55.240 1.7   1
    35109  37.280367 -121.671281     2.963      -92.6    -1105.7     -681.6      5.2      3.7     14.1 1984 12 22  4 43 44.710 1.6   1
    42349  37.278857 -121.669954     2.702       25.3    -1273.0     -941.9      7.3      3.4     28.6 1985  2 28  1  9 58.300 0.8   1
    42555  37.278784 -121.670044     2.792       17.5    -1281.0     -852.4      5.2      2.8     19.0 1985  3  2  6 53 56.010 1.7   1
    42559  37.279500 -121.670524     2.726      -24.9    -1201.9     -917.8      4.6      2.8     19.4 1985  3  2  8 55  3.470 1.9   1
    42643  37.279179 -121.670329     2.744       -8.3    -1237.3     -900.5      4.7      2.7     17.2 1985  3  2  8 55 29.590 2.1   1
    42560  37.279793 -121.670874     2.775      -56.3    -1169.0     -869.1      5.2      3.4    127.8 1985  3  2  8 58  0.480 1.2   1
    49626  37.280941 -121.671525     2.720     -114.0    -1041.9     -924.4      8.6      4.8     34.7 1985  6 15  1 38 57.380 0.9   1
    54084  37.279472 -121.670622     2.799      -34.0    -1204.7     -845.1      4.6      2.8     18.7 1985  8 28 20 35 10.100 1.6   1
    57770  37.279395 -121.672111     2.764     -166.2    -1213.5     -880.5     12.5     15.0     51.1 1985 10 28  3 55 38.130 1.3   1
    62514  37.278918 -121.670304     2.805       -5.8    -1266.1     -839.7      4.3      2.5     15.6 1985 12 31 15 50 52.230 1.7   1
    62520  37.278813 -121.670093     2.812       12.7    -1278.2     -832.6      4.8      2.7     17.7 1985 12 31 18  3  3.480 1.6   1
    67820  37.280400 -121.671444     3.034     -106.7    -1101.7     -610.5      6.1      3.8     22.8 1986  3  8 10 32  4.410 1.6   1
    82606  37.280969 -121.671126     2.964      -78.4    -1038.6     -680.5     23.4     26.6    237.6 1986  9 15 20 17 49.920 2.7   1
    83805  37.280469 -121.671419     2.995     -104.6    -1094.2     -648.9      5.8      3.9     19.4 1986  9 25 12  1 52.830 1.4   1
    88698  37.280986 -121.671688     2.783     -128.6    -1036.9     -861.1      8.0      4.5     32.6 1986 11 25 13  0 35.660 1.0   1
   101361  37.279574 -121.670459     2.732      -19.2    -1193.4     -912.5      4.5      2.8     16.8 1987  6  3  6 56  7.740 1.9   1
   101362  37.278967 -121.670239     2.794       -0.1    -1261.1     -850.8      4.4      2.6     15.8 1987  6  3  6 58 51.320 1.7   1
   102776  37.280973 -121.671720     2.787     -131.4    -1038.2     -857.4      8.3      4.7     33.8 1987  7  7  1 44 26.990 1.0   1
   103138  37.279248 -121.670369     2.753      -11.4    -1229.9     -890.9      4.3      2.5     15.7 1987  7 14 19  2 57.020 1.7   1
   110939  37.279476 -121.671598     2.330     -120.3    -1204.4    -1314.4     12.6     14.8    195.3 1988  1 15  1 56 42.310 1.4   1
   112868  37.281014 -121.671704     2.784     -129.7    -1033.7     -860.4      7.8      4.4     32.5 1988  2 25 10  0 17.780 0.9   1
   126189  37.279504 -121.670581     2.791      -30.6    -1201.2     -853.3      4.8      2.8     85.5 1988 11  2  3  9 12.610 1.9   1
   126292  37.278931 -121.670044     2.447       17.2    -1264.7    -1197.1      3.7      2.5    115.1 1988 11  3  1 30  4.280 1.7   1
   126389  37.278853 -121.669987     2.721       22.3    -1273.3     -922.9      4.9      2.7     18.6 1988 11  4 13 34 34.720 1.9   1
   148939  37.279032 -121.670768     3.037      -47.0    -1253.8     -606.8      3.5      2.5      9.0 1989 12 13  5 33 46.080 1.6   1
   158154  37.281006 -121.672314     3.079     -184.0    -1034.7     -565.1      6.9      5.2     15.8 1990  5 23 11 11 37.580 1.0   1
   160503  37.279480 -121.671094     3.006      -75.8    -1203.7     -638.8      3.4      3.4      7.8 1990  7  5 20  4 42.800 1.7   1
   208364  37.280998 -121.672209     3.041     -174.3    -1035.7     -603.3      7.0      4.6     15.7 1991  3 22 11 23 27.560 1.0   1
   215747  37.279053 -121.670630     2.992      -34.9    -1251.3     -651.9      3.4      2.6      7.7 1991  5 29  9 45 22.620 1.8   1
   227435  37.279431 -121.672437     3.003     -195.2    -1209.3     -640.9     10.7     14.9     19.0 1991  8 10 17  6  5.760 1.2   1
   238704  37.279586 -121.671118     2.994      -78.0    -1192.2     -650.8      3.6      2.8      8.5 1991 12  3  5 24 24.980 2.0   1
   238790  37.279232 -121.670866     3.006      -55.6    -1231.6     -638.2      3.4      2.5      8.2 1991 12  4  0  8 49.550 1.9   1
   314921  37.278894 -121.670435     3.022      -17.1    -1268.9     -622.5      4.3      3.0     10.3 1992  9 11  1 22 13.650 1.1   1
