    17842  37.278874 -121.670003     2.766       21.2    -1271.4     -878.0      4.7      2.5     17.7 1984  4 25  4 35 19.170 1.9   1
    21644  37.280404 -121.671224     2.936      -87.7    -1101.3     -708.4      5.8      3.1     29.5 1984  6 27 14 50 38.140 1.6   1
    32049  37.278935 -121.670174     2.739        5.8    -1264.5     -905.1      3.6      2.2     13.4 1984 11 18  0 28 55.240 1.7   1
    35109  37.280379 -121.671248     2.937      -89.5    -1104.2     -706.9      5.4      3.0     29.0 1984 12 22  4 43 44.710 1.6   1
    42349  37.278886 -121.669849     2.678       34.4    -1269.9     -966.8      6.8      3.0     26.5 1985  2 28  1  9 58.300 0.8   1
    42555  37.278800 -121.669987     2.767       22.1    -1279.2     -877.5      4.5      2.4     16.4 1985  3  2  6 53 56.010 1.7   1
    42559  37.279504 -121.670492     2.713      -22.3    -1201.4     -931.4      4.0      2.4     16.8 1985  3  2  8 55  3.470 1.9   1
    42643  37.279195 -121.670288     2.718       -4.3    -1235.6     -926.0      4.1      2.3     15.1 1985  3  2  8 55 29.590 2.1   1
    42560  37.279797 -121.670801     2.682      -49.5    -1168.6     -962.2      5.1      3.0     22.4 1985  3  2  8 58  0.480 1.2   1
    49626  37.280953 -121.671509     2.713     -112.8    -1040.4     -931.8      7.3      4.1     29.9 1985  6 15  1 38 57.380 0.9   1
    54084  37.279472 -121.670605     2.789      -32.6    -1204.7     -855.1      4.0      2.5     16.2 1985  8 28 20 35 10.100 1.6   1
    57770  37.279431 -121.671956     2.723     -152.4    -1209.6     -921.5     10.3     12.7     43.8 1985 10 28  3 55 38.130 1.3   1
    62514  37.278939 -121.670247     2.778       -0.6    -1264.0     -866.3      3.7      2.2     13.5 1985 12 31 15 50 52.230 1.7   1
    62520  37.278825 -121.670044     2.786       17.3    -1276.8     -858.7      4.2      2.3     15.2 1985 12 31 18  3  3.480 1.6   1
    67820  37.280412 -121.671427     3.012     -105.5    -1100.7     -632.4      5.1      3.2     23.1 1986  3  8 10 32  4.410 1.6   1
    82606  37.280758 -121.671476     2.954     -109.8    -1062.1     -690.6     27.8     26.9    188.1 1986  9 15 20 17 49.920 2.7   1
    83805  37.280477 -121.671419     2.977     -104.3    -1093.3     -667.1      4.9      3.2     19.3 1986  9 25 12  1 52.830 1.4   1
    88698  37.280998 -121.671663     2.769     -126.6    -1035.6     -875.4      6.9      3.9     29.1 1986 11 25 13  0 35.660 1.0   1
   101361  37.279541 -121.670540     2.741      -26.4    -1197.3     -903.0      4.0      2.5     14.6 1987  6  3  6 56  7.740 1.9   1
   101362  37.278963 -121.670256     2.783       -1.1    -1261.2     -861.6      3.8      2.2     13.5 1987  6  3  6 58 51.320 1.7   1
   102776  37.280994 -121.671688     2.771     -128.7    -1035.9     -873.0      7.1      4.0     29.6 1987  7  7  1 44 26.990 1.0   1
   103138  37.279236 -121.670410     2.748      -14.9    -1230.9     -896.5      3.8      2.2     13.7 1987  7 14 19  2 57.020 1.7   1
   110939  37.279431 -121.671891     2.691     -146.4    -1209.5     -952.9      9.9     12.5    140.5 1988  1 15  1 56 42.310 1.4   1
   112868  37.281030 -121.671672     2.769     -127.0    -1032.0     -875.5      6.6      3.8     28.4 1988  2 25 10  0 17.780 0.9   1
   126189  37.279500 -121.670589     2.780      -31.0    -1201.7     -864.3      4.3      2.5     75.0 1988 11  2  3  9 12.610 1.9   1
   126292  37.278935 -121.670125     2.600       10.2    -1264.6    -1044.1      3.5      2.2     71.7 1988 11  3  1 30  4.280 1.7   1
   126389  37.278849 -121.670020     2.745       19.7    -1274.1     -899.3      3.8      2.4     71.7 1988 11  4 13 34 34.720 1.9   1
   148939  37.279041 -121.670793     3.042      -48.7    -1252.8     -602.0      3.2      2.2      8.4 1989 12 13  5 33 46.080 1.6   1
   158154  37.281002 -121.672347     3.094     -187.2    -1035.2     -550.8      6.0      4.5     14.7 1990  5 23 11 11 37.580 1.0   1
   160503  37.279488 -121.671069     2.994      -73.9    -1203.2     -650.6      3.1      3.0      7.2 1990  7  5 20  4 42.800 1.7   1
   208364  37.281006 -121.672217     3.049     -175.0    -1034.4     -595.5      6.0      3.9     14.2 1991  3 22 11 23 27.560 1.0   1
   215747  37.279061 -121.670630     2.987      -34.9    -1250.4     -657.6      3.1      2.2      7.2 1991  5 29  9 45 22.620 1.8   1
   227435  37.279419 -121.672526     3.026     -202.8    -1210.7     -618.7      9.0     12.6     20.5 1991  8 10 17  6  5.760 1.2   1
   238704  37.279590 -121.671094     2.978      -75.6    -1191.8     -666.6      3.3      2.5      8.0 1991 12  3  5 24 24.980 2.0   1
   238790  37.279240 -121.670833     2.994      -52.8    -1230.5     -650.7      3.1      2.2      7.6 1991 12  4  0  8 49.550 1.9   1
   314921  37.278910 -121.670386     3.010      -12.8    -1267.2     -634.0      4.1      2.6      9.9 1992  9 11  1 22 13.650 1.1   1
