    17842  37.278857 -121.670076     2.804       14.4    -1272.9     -840.3      6.0      3.2     22.8 1984  4 25  4 35 19.170 1.9   1
    21644  37.280400 -121.671281     2.983      -92.5    -1101.9     -661.4      6.0      4.3     13.8 1984  6 27 14 50 38.140 1.6   1
    32049  37.278898 -121.670264     2.778       -2.0    -1268.3     -866.8      4.7      2.9     17.5 1984 11 18  0 28 55.240 1.7   1
    35109  37.280371 -121.671281     2.973      -92.7    -1105.1     -671.6      5.9      4.1     17.5 1984 12 22  4 43 44.710 1.6   1
    42349  37.278833 -121.670011     2.722       19.9    -1275.6     -922.3      7.9      3.7     31.3 1985  2 28  1  9 58.300 0.8   1
    42555  37.278780 -121.670060     2.799       16.1    -1281.7     -845.7      5.7      3.1     21.4 1985  3  2  6 53 56.010 1.7   1
    42559  37.279488 -121.670532     2.731      -25.8    -1202.8     -913.2      5.2      3.2     22.6 1985  3  2  8 55  3.470 1.9   1
    42643  37.279167 -121.670353     2.750       -9.8    -1238.5     -894.5      5.2      3.0     19.6 1985  3  2  8 55 29.590 2.1   1
    42560  37.279789 -121.670833     2.690      -52.7    -1169.7     -954.8      6.5      3.8     28.9 1985  3  2  8 58  0.480 1.2   1
    49626  37.280941 -121.671533     2.731     -114.8    -1041.8     -913.5      9.7      5.4     38.9 1985  6 15  1 38 57.380 0.9   1
    54084  37.279468 -121.670630     2.803      -34.9    -1205.4     -840.9      5.0      3.2     21.7 1985  8 28 20 35 10.100 1.6   1
    57770  37.279403 -121.672111     2.754     -165.9    -1212.7     -889.9     13.9     16.9     57.9 1985 10 28  3 55 38.130 1.3   1
    62514  37.278906 -121.670329     2.814       -8.2    -1267.6     -830.3      4.8      2.9     17.7 1985 12 31 15 50 52.230 1.7   1
    62520  37.278800 -121.670117     2.821       10.6    -1279.2     -823.6      5.4      3.0     20.0 1985 12 31 18  3  3.480 1.6   1
    67820  37.280408 -121.671436     3.041     -106.2    -1101.1     -603.0      7.1      4.3     28.1 1986  3  8 10 32  4.410 1.6   1
    82606  37.281030 -121.671126     2.844      -78.9    -1032.0     -800.7     26.2     32.4    345.2 1986  9 15 20 17 49.920 2.7   1
    83805  37.280481 -121.671411     3.003     -103.8    -1093.1     -641.1      6.8      4.4     25.5 1986  9 25 12  1 52.830 1.4   1
    88698  37.280990 -121.671680     2.789     -127.8    -1036.3     -855.4      9.0      5.1     36.5 1986 11 25 13  0 35.660 1.0   1
   101361  37.279578 -121.670426     2.727      -16.5    -1192.9     -917.1      4.9      3.1     19.4 1987  6  3  6 56  7.740 1.9   1
   101362  37.278979 -121.670190     2.785        4.6    -1259.7     -858.9      4.8      2.9     17.8 1987  6  3  6 58 51.320 1.7   1
   102776  37.280981 -121.671720     2.794     -131.0    -1037.4     -850.3      9.3      5.3     38.0 1987  7  7  1 44 26.990 1.0   1
   103138  37.279248 -121.670337     2.749       -8.6    -1229.6     -895.7      4.8      2.9     17.9 1987  7 14 19  2 57.020 1.7   1
   110939  37.279468 -121.671663     2.589     -126.4    -1205.1    -1055.0     12.1     16.9    450.7 1988  1 15  1 56 42.310 1.4   1
   112868  37.281018 -121.671704     2.791     -129.6    -1033.0     -853.5      8.7      5.0     36.4 1988  2 25 10  0 17.780 0.9   1
   126189  37.279504 -121.670492     2.691      -22.5    -1201.2     -953.6      5.5      3.2     21.4 1988 11  2  3  9 12.610 1.9   1
   126292  37.278927 -121.670020     2.385       19.3    -1265.4    -1259.0      4.3      2.9    128.3 1988 11  3  1 30  4.280 1.7   1
   126389  37.278857 -121.669971     2.723       23.8    -1272.9     -920.9      5.5      3.0     20.9 1988 11  4 13 34 34.720 1.9   1
   148939  37.279020 -121.670760     3.037      -46.3    -1254.9     -607.1      4.0      2.9      9.8 1989 12 13  5 33 46.080 1.6   1
   158154  37.281018 -121.672298     3.073     -182.5    -1033.3     -571.4      7.7      5.9     17.5 1990  5 23 11 11 37.580 1.0   1
   160503  37.279476 -121.671102     3.008      -76.7    -1204.5     -636.7      4.0      3.9      8.8 1990  7  5 20  4 42.800 1.7   1
   208364  37.281006 -121.672184     3.038     -172.6    -1034.7     -606.4      7.8      5.1     17.7 1991  3 22 11 23 27.560 1.0   1
   215747  37.279045 -121.670630     2.995      -34.8    -1252.1     -649.7      4.0      2.9      8.4 1991  5 29  9 45 22.620 1.8   1
   227435  37.279435 -121.672453     2.997     -196.6    -1208.8     -646.8     11.9     16.9     21.1 1991  8 10 17  6  5.760 1.2   1
   238704  37.279582 -121.671134     2.998      -79.3    -1192.6     -646.1      4.2      3.2      9.5 1991 12  3  5 24 24.980 2.0   1
   238790  37.279220 -121.670882     3.007      -56.9    -1232.6     -636.9      3.9      2.9      9.0 1991 12  4  0  8 49.550 1.9   1
   314921  37.278886 -121.670451     3.021      -18.9    -1269.9     -623.4      4.9      3.4     11.2 1992  9 11  1 22 13.650 1.1   1
