    17842  37.286466 -121.664827     2.760      479.6     -428.6     -884.6    117.8    131.6    100.3 1984  4 25  4 35 19.170 1.9   1
    21644  37.287944 -121.666838     2.823      301.8     -264.7     -821.0    115.9    127.8     90.5 1984  6 27 14 50 38.140 1.6   1
    25096  37.288013 -121.666048     2.118      371.6     -256.8    -1526.0    111.3    135.0    243.6 1984  8  7  9  7  6.330 1.2   1
    28475  37.289221 -121.667204     2.603      268.8     -122.6    -1041.7    131.0    137.4    180.1 1984  9 23  8 43 14.720 1.1   1
    32049  37.285376 -121.665951     2.785      380.1     -549.7     -859.4    113.1    127.3     88.5 1984 11 18  0 28 55.240 1.7   1
    35109  37.288163 -121.666626     2.718      320.2     -240.2     -925.9    114.6    127.2     95.5 1984 12 22  4 43 44.710 1.6   1
    42349  37.285209 -121.664966     2.723      467.4     -568.3     -921.3    123.0    129.5    108.8 1985  2 28  1  9 58.300 0.8   1
    42555  37.286222 -121.665495     2.776      420.9     -455.6     -868.3    113.8    127.7     90.8 1985  3  2  6 53 56.010 1.7   1
    42559  37.287008 -121.665568     2.672      414.4     -368.4     -972.8    119.3    128.3    121.5 1985  3  2  8 55  3.470 1.9   1
    42643  37.286499 -121.665096     2.629      455.9     -425.1    -1014.8    119.8    128.4    123.0 1985  3  2  8 55 29.590 2.1   1
    42560  37.287219 -121.666675     2.840      316.0     -345.0     -804.0    115.4    127.8     95.2 1985  3  2  8 58  0.480 1.2   1
    49626  37.288985 -121.666382     2.679      342.1     -149.1     -965.5    121.0    132.0    124.6 1985  6 15  1 38 57.380 0.9   1
    54084  37.286922 -121.665902     2.779      384.8     -377.8     -865.5    114.0    127.8     91.7 1985  8 28 20 35 10.100 1.6   1
    57770  37.286178 -121.670630     3.001      -34.4     -460.7     -643.4    118.4    131.1     92.8 1985 10 28  3 55 38.130 1.3   1
    62514  37.285905 -121.664681     2.792      492.5     -490.8     -852.6    115.1    130.7     91.2 1985 12 31 15 50 52.230 1.7   1
    62520  37.286178 -121.665617     2.794      409.6     -460.6     -850.4    116.7    134.7    107.9 1985 12 31 18  3  3.480 1.6   1
    67820  37.287903 -121.668734     2.707      133.7     -269.2     -936.9    118.8    130.6    108.3 1986  3  8 10 32  4.410 1.6   1
    73786  37.287651 -121.664632     1.747      497.4     -297.0    -1896.9    109.4    134.3    285.7 1986  6  1 10 51 31.460 1.2   1
    82606  37.288619 -121.667529     2.785      240.3     -189.8     -858.8    113.7    127.0     92.1 1986  9 15 20 17 49.920 2.7   1
    83805  37.288216 -121.666569     2.738      325.5     -234.2     -906.4    114.8    127.3     94.6 1986  9 25 12  1 52.830 1.4   1
    88698  37.287789 -121.669938     3.579       26.9     -281.6      -65.0    237.9    349.3    356.2 1986 11 25 13  0 35.660 1.0   1
   101361  37.287236 -121.665584     2.790      412.9     -343.2     -854.4    114.3    127.8     92.1 1987  6  3  6 56  7.740 1.9   1
   101362  37.286190 -121.666146     2.704      363.2     -459.2     -940.7    113.3    127.4     88.7 1987  6  3  6 58 51.320 1.7   1
   102776  37.288961 -121.667114     2.787      276.9     -151.9     -857.3    116.6    130.6    105.3 1987  7  7  1 44 26.990 1.0   1
   103138  37.286572 -121.665796     2.674      393.8     -416.9     -970.2    113.9    127.3     93.5 1987  7 14 19  2 57.020 1.7   1
   110939  37.288184 -121.666390     2.426      341.4     -237.9    -1218.0    122.1    128.8    144.7 1988  1 15  1 56 42.310 1.4   1
   112868  37.289685 -121.668156     3.479      184.9      -71.1     -165.4    114.3    134.5     68.2 1988  2 25 10  0 17.780 0.9   1
   126189  37.282992 -121.674219     3.565     -353.0     -814.2      -79.1    109.4    129.3     64.8 1988 11  2  3  9 12.610 1.9   1
   126292  37.287207 -121.664551     2.562      504.4     -346.4    -1081.9    124.8    132.5    135.3 1988 11  3  1 30  4.280 1.7   1
   126389  37.285803 -121.666121     2.790      365.2     -502.2     -854.6    114.7    127.7     95.0 1988 11  4 13 34 34.720 1.9   1
   148939  37.286292 -121.665739     2.848      399.0     -447.9     -795.8    119.6    131.6    112.5 1989 12 13  5 33 46.080 1.6   1
   158154  37.288501 -121.668099     3.004      190.0     -202.7     -640.5    114.1    131.7     87.9 1990  5 23 11 11 37.580 1.0   1
   160503  37.287451 -121.665129     2.812      452.9     -319.4     -831.9    115.3    131.1     92.5 1990  7  5 20  4 42.800 1.7   1
   208364  37.289412 -121.666569     2.804      325.5     -101.4     -840.6    122.4    132.2    114.4 1991  3 22 11 23 27.560 1.0   1
   215747  37.285885 -121.665902     2.828      384.7     -493.3     -816.8    115.8    130.7     94.4 1991  5 29  9 45 22.620 1.8   1
   227435  37.287358 -121.663900     2.357      562.4     -329.8    -1287.5    132.5    138.1    162.1 1991  8 10 17  6  5.760 1.2   1
   238704  37.287162 -121.665723     2.784      400.8     -351.3     -860.5    115.8    128.1     98.8 1991 12  3  5 24 24.980 2.0   1
   238790  37.286650 -121.665715     2.819      401.3     -408.1     -825.1    115.4    128.1     96.2 1991 12  4  0  8 49.550 1.9   1
   314921  37.285213 -121.663940     2.832      558.5     -567.7     -812.1    244.9    187.2    345.5 1992  9 11  1 22 13.650 1.1   1
 30062748  37.237744 -121.784253    13.499   -10113.2    -5835.8     9854.8   4146.1   4768.4   2700.7 1994 11 16 18  3 42.360 1.3   1
