 % This stores fret (the f-value) and iter (number of iterations to converge)
  -2945.79098331157        1200.00000000000     
  -2945.79090732573        1200.00000000000     
  -2945.79097111211        1200.00000000000     
  -2945.79043679790        1200.00000000000     
  -2945.79069613387        1200.00000000000     
  -2945.78857805355        1200.00000000000     
  -2945.79109270750        1200.00000000000     
  -2945.78935421921        1200.00000000000     
  -2945.79067235735        1200.00000000000     
  -2945.79105212231        1200.00000000000     
  -2945.79097931218        1200.00000000000     
  -2945.79083793312        1200.00000000000     
  -2945.79103208185        1200.00000000000     
  -2945.79095967075        1200.00000000000     
  -2945.79025488579        1200.00000000000     
  -2945.79107192302        1200.00000000000     
  -2945.79098583255        1200.00000000000     
  -2945.79024382713        1200.00000000000     
  -2945.78939258026        1200.00000000000     
  -2945.79096153796        1200.00000000000     
  -2945.79080667056        1200.00000000000     
  -2945.79023421409        1200.00000000000     
  -2945.79084269513        1200.00000000000     
  -2945.79009043067        1200.00000000000     
  -2945.73425693333        1200.00000000000     
  -2945.79053993975        1200.00000000000     
  -2945.79093555097        1200.00000000000     
  -2945.79088067459        1200.00000000000     
  -2945.78818373842        1200.00000000000     
  -2945.78873129623        1200.00000000000     
