          30 % nrand - number of ransom starts used
          97 %np number of parameters
 % format is i = 1,j=1:np then i=2,j=1:np and so on until i =nrand and j = np
  -23.6340615373185     
   12.8210268944650     
  -15.8384802225155     
  -1.14425437408060     
   1.07059535065434     
   47.8326486610254     
  -22.3773124579683     
   21.9434688029463     
   25.2132033902608     
  0.333350720466959     
  -10.6590478225979     
  -49.6480005630757     
   21.2027368100312     
   25.5145167334434     
   43.9850325933871     
  -3.19905024657331     
   3.97833298925597     
   9.99541010051589     
 -0.571008793720812     
   25.4849733068752     
   44.0145270432493     
   28.6564534931960     
   44.8221517661413     
   21.2821721909925     
   23.2728124303110     
  -39.3326945724160     
   21.0316056504684     
  -6.85179781969766     
   7.61499388927214     
   44.2063808111353     
  -14.1921118819739     
   44.1501375874542     
  -15.0355017089209     
 -0.991711341364473     
  -14.4598918336862     
   38.7303105481059     
   9.15001938939941     
  -44.4103589264117     
   16.6080589697003     
  -3.22331744459092     
  -18.1447819058361     
   25.5145076875693     
   43.9850566770038     
  -45.6517417381868     
   4.48269412187696     
  -29.3162979875478     
  -14.5937172249806     
  -31.0968599907777     
   11.5124716021979     
  -27.1482604613915     
   3.40743096884695     
   9.30338354474068     
  -3.61555810084438     
  -27.4072450122772     
   10.3029399816455     
  -28.8798737174871     
   7.43365779097491     
  -48.9242176257539     
   20.1847406191154     
   24.7511928016473     
   44.7937344000624     
  -1.76410131518731     
  0.426186554799403     
   29.3407751694371     
   47.9288235684033     
   3.70148151281290     
  -27.0282229106236     
  -17.8625109593413     
   43.5740377799063     
   42.3217196998878     
  -14.9272572264491     
   7.62303024716088     
  -19.8498935713819     
  -39.9494501019770     
   24.6405074646301     
   17.6063969947314     
   26.5774864070658     
   46.3240861246321     
  -21.7362787183305     
  -32.8804073561470     
  -61.5816866267108     
   21.1983246151249     
   42.2784232978185     
  0.694552275741512     
  -26.9083619060977     
   41.9103246312618     
  -14.8070191542815     
  -1.09388548689496     
   9.66872639029115     
   29.8427749455690     
  -14.9912927713038     
  -1.98017980206691     
  -1.79237654355022     
  -6.37754534627191     
  -44.0469544273876     
  -42.6672390806194     
   32.9367418096130     
  -23.6503427953300     
   12.7887909771656     
   15.8927651220785     
  -1.14359235819922     
  -1.05787378446554     
   47.7987779510879     
   22.5048274956480     
   21.9793864060677     
  -25.1576205376870     
  0.308302583178992     
   10.6909191954569     
  -49.6493553792613     
  -21.2407939803285     
   25.5824139356330     
  -43.9314194129356     
  -3.19749391517509     
  -3.96375140649534     
   9.99128404211399     
  0.609144764498727     
   25.5499297153804     
  -43.9633769714946     
   28.7261244841703     
  -44.7561644241867     
   21.3166405341688     
  -23.2182698407648     
  -39.3287652996564     
  -21.0551379260309     
  -6.84936759574008     
  -7.60105185105564     
   44.1870199774448     
   14.3055462835536     
   44.1290438560917     
   15.1513468290778     
  -1.02352179954054     
   14.4929764735418     
   38.7481327252470     
  -9.05931861417097     
  -44.4137733691195     
  -16.6387252540129     
  -3.26227619462566     
   18.1760731279829     
   25.5823851038398     
  -43.9314717545330     
  -45.6734817554059     
  -4.50768691079662     
  -29.3569436820283     
   14.5909448232831     
  -31.1014025309299     
  -11.5254427530577     
  -27.1631270950217     
  -3.40908118425417     
   9.29347977319147     
   3.65546081662796     
  -27.4094095174638     
  -10.3121302375100     
  -28.8878956304835     
  -7.44036077650907     
  -48.9258827616326     
  -20.2205164956780     
   24.8177107941710     
  -44.7438421124582     
  -1.77150412633131     
 -0.419217531692100     
   29.4151177521392     
  -47.8693064811178     
   3.65204540398912     
   27.0722424613407     
  -17.8174380536097     
  -43.5819652444421     
   42.3001355350916     
   15.0378422595684     
   7.58449050010808     
   19.8977312275408     
  -39.9378161135475     
  -24.6677820367729     
   17.6439970979070     
  -26.5300634841700     
   46.2924540859261     
   21.8561911357164     
  -32.9522232166067     
   61.6087360670319     
   21.2612896767027     
  -42.2262642681754     
  0.645548616630319     
   26.9489577071563     
   41.8868941115480     
   14.9173033535550     
  -1.08862582378421     
  -9.64768554120113     
   29.8172091769049     
   15.0747486068930     
  -1.99126164830881     
   1.81287004045633     
  -6.45918503538461     
   44.0825932930792     
  -42.6484708400076     
  -32.9706680976158     
  -23.6187494836045     
   12.8171918638060     
  -15.8266884165010     
  -1.14478882991952     
   1.07894301806229     
   47.8108634675448     
  -22.4068030737173     
   21.9577919684042     
   25.2207921745406     
  0.329374883029667     
  -10.6393382447942     
  -49.6338803234908     
   21.2401892669856     
   25.5379113598765     
   43.9871677324381     
  -3.19853557207359     
   3.98999541280852     
   9.99233069464482     
 -0.561859745582083     
   25.5098069633558     
   44.0176105477150     
   28.6826168329615     
   44.8224519955471     
   21.2954656447303     
   23.2777472298929     
  -39.3226417337097     
   21.0683867138261     
  -6.85351983252762     
   7.63962380551321     
   44.1942376339608     
  -14.2036900438198     
   44.1374004484401     
  -15.0488809531968     
 -0.995957567397395     
  -14.4394807849723     
   38.7335743186825     
   9.15000636167364     
  -44.4006027150829     
   16.6390004980369     
  -3.23108732512645     
  -18.1247207601847     
   25.5379149698377     
   43.9871838787677     
  -45.6466836612700     
   4.53472299688283     
  -29.3171361469398     
  -14.5690695358275     
  -31.0932019320533     
   11.5416617322307     
  -27.1447702008999     
   3.42880906186635     
   9.29831763258173     
  -3.60066313125622     
  -27.4047222830868     
   10.3344652551842     
  -28.8790962702250     
   7.46251599407864     
  -48.9116140182785     
   20.2223510576452     
   24.7738766374298     
   44.7980463405257     
  -1.76515154512520     
  0.435202803246046     
   29.3724449903346     
   47.9297364184190     
   3.68830286704939     
  -27.0111392601275     
  -17.8353899765293     
   43.5973222450102     
   42.3133761591310     
  -14.9381818213314     
   7.61490518466003     
  -19.8352588433969     
  -39.9351161427397     
   24.6783803141616     
   17.6211859563393     
   26.5874240548585     
   46.3070438048328     
  -21.7600698747746     
  -32.8843590374713     
  -61.5676170726968     
   21.2201165941659     
   42.2855465373843     
  0.679300913553854     
  -26.8889154712931     
   41.8965570905059     
  -14.8172239151759     
  -1.08714329411465     
   9.69238478050542     
   29.8359916629883     
  -14.9953852364124     
  -1.97839303958769     
  -1.77170728804086     
  -6.40047674823644     
  -44.0273865624591     
  -42.6466624952214     
   32.9771368378956     
  -23.6984124731993     
   13.2764097426630     
  -15.2084192496169     
  -1.22787606964944     
   1.16548929002692     
   48.4818899975559     
  -20.5671702088536     
   21.0490914894324     
   26.1106065269657     
  0.631081789132531     
  -10.4334404627409     
  -50.3391052735985     
   19.7643403304756     
   23.9893077446356     
   44.9897116068475     
  -3.38900722786610     
   4.05062975966376     
   9.95715191031027     
 -7.374249068799363E-002
   23.9650599224885     
   45.0183931011648     
   27.0985356099854     
   45.9357362794528     
   20.4512465349259     
   24.1482670790312     
  -40.0304774533859     
   19.9488888952887     
  -7.14386314564962     
   7.58696803616094     
   44.5882160006268     
  -12.5119511162169     
   44.5595020853067     
  -13.3533569508655     
 -0.566484308928256     
  -14.2595549180543     
   38.3471268855296     
   10.6214399799161     
  -44.9547411921627     
   15.3674777047842     
  -2.67664431851581     
  -18.0029592154595     
   23.9892348757318     
   44.9898211192667     
  -45.7891451042606     
   3.21583014525401     
  -28.8756374138589     
  -15.2527069892537     
  -31.4735715031004     
   10.7365318038199     
  -27.2444816073681     
   2.91050926515235     
   9.36022606893295     
  -3.13559088794272     
  -27.7537010279236     
   9.64275425431641     
  -29.1127711409233     
   6.77722369533338     
  -49.5864980411402     
   18.7769004397187     
   23.2117410195136     
   45.7738470069530     
  -1.82443528581244     
  0.496069531627466     
   27.6708743616009     
   49.0543632534063     
   4.52828114003623     
  -26.6720673025727     
  -19.3207873952897     
   43.1609562091740     
   42.7416256386491     
  -13.3144641267040     
   8.21362066383247     
  -19.3778357775097     
  -40.7665090211759     
   23.5165822176701     
   16.6758336848835     
   27.3303524570241     
   46.9529723065434     
  -19.9721211756666     
  -30.7829747642314     
  -62.3904132433029     
   19.7440487041607     
   43.1420531328088     
   1.52814419110263     
  -26.6526913425686     
   42.3039631965830     
  -13.2046163950598     
  -1.45173257284913     
   9.81888010668991     
   30.2628801175413     
  -13.7928485183271     
  -1.95051485842241     
  -1.69087687818941     
  -4.98209929160193     
  -43.9879406607388     
  -43.7593430149469     
   31.7032646509255     
   23.6092109912167     
  -12.7721457085061     
   15.9292676146222     
   1.10484801207615     
  -1.07191237835689     
  -47.7619947263686     
   22.6514667750435     
  -22.0853930583560     
  -25.0650239079650     
 -0.305178357851089     
   10.6881804639993     
   49.5353633763963     
  -21.4597702476909     
  -25.7734367866927     
  -43.8255072991902     
   3.15178388814756     
  -3.99165941879350     
  -10.0316910796368     
  0.623596020867045     
  -25.7233803210781     
  -43.8840608079555     
  -28.9178971238800     
  -44.6704750129899     
  -21.4170706043347     
  -23.1354074491224     
   39.2015215843605     
  -21.2069762051908     
   6.78536131091338     
  -7.65512950800001     
  -44.1506485369586     
   14.4288034312513     
  -44.1504862478881     
   15.2945375413089     
   1.04253849453433     
   14.4956610833441     
  -38.7930084388613     
  -8.93972230011236     
   44.3060003875347     
  -16.8137017850745     
   3.29103726312161     
   18.1663471033384     
  -25.7734698689670     
  -43.8255887134308     
   45.6287048473540     
  -4.69824677565198     
   29.3816231287048     
   14.4824198931909     
   31.0174193357517     
  -11.6527850352790     
   27.1115816090389     
  -3.47897660592941     
  -9.32214599293561     
   3.66925518038330     
   27.3205798606476     
  -10.4237148710376     
   28.8203323968948     
  -7.53336293317314     
   48.7997445691711     
  -20.4182504382843     
  -25.0572483749537     
  -44.6631686915302     
   1.74033983593107     
 -0.409646715983339     
  -29.6174258829823     
  -47.8079665649549     
  -3.60515527942455     
   27.0878627505711     
   17.6124594850233     
  -43.6506082954063     
  -42.2719488334793     
   15.1753188114037     
  -7.54075504559052     
   19.9330091887638     
   39.7995227641227     
  -24.8324479711821     
  -17.7706188842791     
  -26.4449089728771     
  -46.2465756099013     
   21.9934218658822     
   33.1768320136928     
   61.4440652872081     
  -21.4421281277885     
  -42.1432421618768     
 -0.579983912523733     
   26.9531147020731     
  -41.8562155120975     
   15.0515222223486     
   1.01543319024820     
  -9.68686974542733     
  -29.7941640217544     
   15.1528269029435     
   1.96935085090868     
   1.78810540364181     
   6.56570125378760     
   44.0110074678484     
   42.4902876532039     
  -33.1571773385325     
   23.7404929330795     
  -13.6213208519782     
   14.6550147759134     
   1.29816304558362     
  -1.28293637328264     
  -48.9816332417816     
   19.1033379655039     
  -20.3908106028841     
  -26.8659103138177     
 -0.867403475404986     
   10.1928849195775     
   50.8500797543357     
  -18.8616471363882     
  -22.8733236057883     
  -45.8330781221696     
   3.52419901044157     
  -4.17252563369504     
  -9.93651738671982     
 -0.374793867415685     
  -22.8438724717314     
  -45.8586864002025     
  -25.9570693272613     
  -46.8445247130403     
  -19.8391919599077     
  -24.8843271355777     
   40.5342724857430     
  -19.2792327549482     
   7.36636046320457     
  -7.64070212471884     
  -44.8846534071634     
   11.1448327931433     
  -44.8753117101332     
   12.0033550480479     
  0.243928294682063     
   14.0361453510774     
  -38.0649833205628     
  -11.8180744303059     
   45.3548183611117     
  -14.5903911231654     
   2.28041312449352     
   17.8082121389530     
  -22.8733022515580     
  -45.8331311746639     
   45.9026475129827     
  -2.41626809421748     
   28.5585550376058     
   15.6474040578662     
   31.7543557474035     
  -10.2664893675690     
   27.3139340797328     
  -2.58397112356377     
  -9.41043780230192     
   2.70658644365845     
   28.0077473342508     
  -9.25290914743867     
   29.2915066796371     
  -6.37404854161304     
   50.0679115585383     
  -17.8908985280944     
  -22.0664720586618     
  -46.5998711477234     
   1.86917540039600     
 -0.598396660868459     
  -26.4478360393385     
  -49.9853557204935     
  -5.14937799185961     
   26.3257700142488     
   20.3761407602254     
  -42.9705535741320     
  -43.0499271084760     
   11.9984618117623     
  -8.65996579945192     
   18.9463154344271     
   41.3613217545705     
  -22.8287824575887     
  -15.9888854931492     
  -27.9782144068403     
  -47.4359620916782     
   18.5460594507388     
   29.3473227889774     
   62.8656635668587     
  -18.6662078797452     
  -43.8882327426032     
  -2.14729448275655     
   26.3810618358759     
  -42.6273015664266     
   11.9051328019931     
   1.71270564624859     
  -10.0188583677318     
  -30.5819527128427     
   12.8035843556807     
   1.92289876264369     
   1.57102188496963     
   3.94803932730073     
   43.8625287318037     
   44.5513435115763     
  -30.9483265888500     
   23.6508139004327     
  -12.9189946246877     
  -15.6879807540387     
   1.16689648919316     
   1.09929228156728     
  -47.9782662239812     
  -21.9766966204074     
  -21.7561555375900     
   25.4280912355522     
 -0.394661590592767     
  -10.5951482595085     
   49.8037952219377     
   20.9319084394435     
  -25.1949189052567     
   44.2275184027758     
   3.24357630394335     
   4.01056602496993     
  -9.98838852839937     
 -0.448428228046258     
  -25.1664307823089     
   44.2559659051827     
  -28.3293527613128     
   45.0870730827038     
  -21.1085599875606     
   23.4825055933957     
   39.4876177812022     
   20.8312542726429     
   6.91633159292859     
   7.62875993971892     
  -44.2959172119359     
  -13.8162335798655     
  -44.2434323073936     
  -14.6608578293610     
  0.902972369407104     
  -14.4016888394108     
  -38.6542419406252     
   9.48601960943192     
   44.5337377565412     
   16.3747692655491     
   3.10947972119824     
  -18.0983871096572     
  -25.1949115332253     
   44.2275478560566     
   45.6917328092970     
   4.24266273739040     
   29.2312343542817     
  -14.7148958595055     
   31.1841688343196     
   11.3708061041360     
   27.1754548177745     
   3.31246989082135     
  -9.31545968966090     
  -3.49713368227516     
   27.4858178405739     
   10.1850757545590     
   28.9370944131852     
   7.31311876070805     
   49.0727871423646     
   19.9191677609928     
  -24.4255597582626     
   45.0311773767137     
   1.78030991066695     
  0.450199499228038     
  -28.9911185467165     
   48.1977365585028     
  -3.87684060078497     
  -26.9376943380597     
   18.1706405168223     
   43.5182078896422     
  -42.4184575316582     
  -14.5647402723869     
  -7.74879882080318     
  -19.7339325006088     
   40.1283046909380     
   24.4343193615687     
  -17.4104304086271     
   26.7621252339729     
  -46.4667520175157     
  -21.3419705759792     
   32.4275236874724     
  -61.7550146649779     
  -20.8917267602722     
   42.4905723276766     
 -0.869750117162729     
  -26.8393493605845     
  -42.0000866883237     
  -14.4479830768959     
   1.17110608432071     
   9.72132728874516     
  -29.9363791236905     
  -14.7189001875047     
   1.97460599902093     
  -1.75643265600990     
   6.08610700856233     
  -44.0224892074114     
   42.9040904910736     
   32.7110332311074     
  -23.7324130563651     
   13.5083493515381     
   14.8322252005084     
  -1.27803101226535     
  -1.24947906251210     
   48.8246820704469     
   19.5801944191413     
   20.6112832712360     
  -26.6308055181596     
  0.779686474274853     
   10.2654299219869     
  -50.6948556356528     
  -19.1831989950748     
   23.2554103237346     
  -45.5688945074853     
  -3.48216359440113     
  -4.14529120526592     
   9.94393534559546     
 -0.231720063167627     
   23.1999564806442     
  -45.6089312755709     
   26.3401004587313     
  -46.5652396826642     
   20.0442580933633     
  -24.6561162630923     
  -40.3794041206767     
  -19.5200977699245     
  -7.29362590655488     
  -7.63282841362323     
   44.8030053008906     
   11.5950492660455     
   44.7728193250063     
   12.4394503125482     
 -0.357328476915380     
   14.1030415048036     
   38.1635542134570     
  -11.4352810175614     
  -45.2329269017870     
  -14.8666095332913     
  -2.40827830298088     
   17.8711457476921     
   23.2554480252910     
  -45.5697423251493     
  -45.8790014768508     
  -2.69626678241737     
  -28.6731022184950     
   15.5097698844752     
  -31.6705705467241     
  -10.4349712570641     
  -27.2976746781832     
  -2.69114142306174     
   9.39519924181323     
   2.84303256906794     
  -27.9301120464664     
  -9.39374532678185     
  -29.2401967380292     
  -6.51474785139948     
  -49.9208652706943     
  -18.2061047984329     
   22.4452375447416     
  -46.3475004947837     
  -1.85748616525305     
 -0.571542383061390     
   26.8585614800612     
  -49.6972489439313     
   4.94346971798445     
   26.4371206694199     
  -20.0299607105815     
  -43.0553281381596     
   42.9512400639675     
   12.4219315354432     
   8.51204472593178     
   19.0836067076856     
  -41.1731767498200     
  -23.0779885526773     
   16.2164776796856     
  -27.7785466436328     
   47.2852690683837     
   19.0113171986766     
  -29.8425951984230     
   62.7108205179074     
   19.0249701350119     
  -43.6560301624241     
   1.94011230912402     
   26.4683771991337     
   42.5285959107597     
   12.3247031068884     
  -1.62999718969995     
  -9.96208062885305     
   30.4805899879886     
   13.1233816290530     
  -1.93313529466531     
   1.59766134938005     
  -4.29485397679953     
   43.9048107128927     
  -44.2989545502013     
  -31.2236366128501     
  -23.6063102346877     
   12.6908743409795     
   15.9885295545350     
  -1.12019126035773     
  -1.05437470663016     
   47.6361983621748     
   22.8618795894248     
   22.1920380650091     
  -24.9749495945937     
  0.249460171631744     
   10.6972659438873     
  -49.4283637093517     
  -21.6316369929075     
   25.9432156444518     
  -43.7090356504786     
  -3.14844391287477     
  -3.97406580377784     
   10.0061298514501     
  0.691619881680777     
   25.9057882536056     
  -43.7403330935769     
   29.0900476770918     
  -44.5184991586344     
   21.5140026057753     
  -23.0412630190220     
  -39.1172842729426     
  -21.3583292033706     
  -6.76423701190084     
  -7.64333576851932     
   44.0880046365474     
   14.6395150646334     
   44.0222982353391     
   15.4836608682884     
  -1.10906546536708     
   14.4888213575142     
   38.8296758828376     
  -8.75421879715201     
  -44.2359243392612     
  -16.9815503142267     
  -3.37411092730521     
   18.1550957276178     
   25.9431766539355     
  -43.7090875203191     
  -45.5936986629960     
  -4.86812496892994     
  -29.4297648685960     
   14.3797151601428     
  -30.9765994807211     
  -11.7545351364504     
  -27.1147041353931     
  -3.57781136239386     
   9.28503836220175     
   3.72946795126668     
  -27.2963227473318     
  -10.5121954531427     
  -28.8027187650768     
  -7.64474227720496     
  -48.7141818563423     
  -20.6047349941220     
   25.1850640673916     
  -44.5264351913013     
  -1.74661039409334     
 -0.415998187629519     
   29.8057312845377     
  -47.6191533342268     
   3.46951092405256     
   27.0954957234326     
  -17.4389527439495     
  -43.7020024239450     
   42.1985173605264     
   15.3588257106160     
   7.45613868585245     
   19.9533676564582     
  -39.6976513380446     
  -24.9786024561830     
   17.8677378589479     
  -26.3797805561788     
   46.1358212726954     
   22.2021920758460     
  -33.4164503572425     
   61.3246599248856     
   21.6076117186249     
  -42.0435750425868     
  0.461407867890257     
   26.9469282782583     
   41.7830054649100     
   15.2310053332615     
 -0.989838276337330     
  -9.64511837236914     
   29.7181427069514     
   15.3023760936892     
  -1.98607291632821     
   1.80137220772814     
  -6.77007657836183     
   44.0235556903597     
  -42.3341634905175     
  -33.3051564376446     
  -23.6612687162114     
   13.0479497701371     
  -15.4971025632756     
  -1.19081487665964     
   1.14008733815983     
   48.1766306984705     
  -21.4549770056585     
   21.5179845268245     
   25.7061952840281     
  0.478153778502904     
  -10.5186792510174     
  -50.0009725253626     
   20.5792740096468     
   24.7886902542229     
   44.5381899387330     
  -3.29530579807093     
   4.04893899683297     
   9.98380069329506     
 -0.299704149118567     
   24.7545447004129     
   44.5664036369977     
   27.9125121245646     
   45.4276072708437     
   20.8870249120160     
   23.7499811989783     
  -39.6803716198320     
   20.5705163071086     
  -6.99226176687359     
   7.63473123966122     
   44.4154886601113     
  -13.3302776728498     
   44.3727943391920     
  -14.1745402871859     
 -0.785120649290141     
  -14.3335319523015     
   38.5610888133825     
   9.91879867427151     
  -44.6830399816313     
   16.0762736849582     
  -2.95637877834106     
  -18.0433338120013     
   24.7887550965183     
   44.5383074698661     
  -45.7374037047667     
   3.92637983740828     
  -29.1194121726418     
  -14.8781437781402     
  -31.2973932419048     
   11.1868718412469     
  -27.2053219091783     
   3.18509538625520     
   9.33910151630591     
  -3.34346052803957     
  -27.5884176403645     
   10.0309233708397     
  -29.0089266671424     
   7.15048027889433     
  -49.2604762113053     
   19.5744017097309     
   24.0123793390353     
   45.3341392820259     
  -1.80009985700726     
  0.484490941816790     
   28.5425399519131     
   48.5400949113227     
   4.11069839281697     
  -26.8250205034556     
  -18.5693695879250     
   43.4430533124838     
   42.5447976683180     
  -14.1056571930029     
   7.91814208097481     
  -19.5894192217327     
  -40.3530626214327     
   24.1650280787556     
   17.1642100771499     
   26.9969461005573     
   46.6511160763597     
  -20.8307680597462     
  -31.8864768314581     
  -61.9521013108188     
   20.5006341263329     
   42.7602903358097     
   1.10149234913606     
  -26.7540004017121     
   42.1288968660905     
  -13.9725181182231     
  -1.26379454348548     
   9.78791755650661     
   30.0628084495714     
  -14.3667989751506     
  -1.96648618693318     
  -1.71450627041117     
  -5.70490402044646     
  -43.9939856036723     
  -43.2065033557824     
   32.4170450750929     
  -23.6416206681962     
   12.9220908924871     
   15.7829429460303     
  -1.14003972041043     
  -1.05066828190246     
   47.9334190872827     
   22.1856517952958     
   21.8213815307005     
  -25.3110073711638     
  0.398382732230564     
   10.6568069385940     
  -49.7209496263037     
  -20.9654781256141     
   25.3145947581645     
  -44.0950192470084     
  -3.21031839518988     
  -3.94653724760792     
   10.0044688108862     
  0.538648313617783     
   25.2848660631865     
  -44.1190069633547     
   28.4233007454848     
  -44.9482170604880     
   21.1736876175797     
  -23.3663052558354     
  -39.4222221601299     
  -20.8273496493605     
  -6.87832159542986     
  -7.56357814496423     
   44.2555838236758     
   14.0236132254281     
   44.2136975212124     
   14.8752255901696     
 -0.898554019616957     
   14.4609106766926     
   38.6814779103961     
  -9.30502920960532     
  -44.4704131338688     
  -16.3903682058939     
  -3.10801672973231     
   18.1540301761125     
   25.3145676962043     
  -44.0950545207912     
  -45.6483405540338     
  -4.25398783110890     
  -29.2440457485691     
   14.7036014799434     
  -31.1418330551519     
  -11.3327926376668     
  -27.1519437838789     
  -3.28920485893331     
   9.32855605219717     
   3.58144555855488     
  -27.4513450703999     
  -10.1419534817599     
  -28.9040332792546     
  -7.27563649758220     
  -48.9952297100599     
  -19.9530808710340     
   24.5553558553414     
  -44.8994286155716     
  -1.75354611135366     
 -0.405322922906550     
   29.1384284325098     
  -48.0546612781989     
   3.86866925048262     
   27.0039217668668     
  -17.9947002664005     
  -43.4960572981201     
   42.4073267314636     
   14.7520732523845     
   7.74545660002778     
   19.8117523456127     
  -40.0510033783650     
  -24.4444448726129     
   17.4872649245439     
  -26.6531415798465     
   46.4293835068059     
   21.5521588362107     
  -32.5009081057913     
   61.7646355686585     
   21.0143725599577     
  -42.3670873387111     
  0.862149091909566     
   26.8995945658841     
   41.9705274095062     
   14.6301783037511     
  -1.13303790436693     
  -9.63983123098047     
   29.9295262585998     
   14.8743647970692     
  -1.96169885933312     
   1.80603577512129     
  -6.21116488800966     
   44.0508095860444     
  -42.7854373214065     
  -32.7382169019362     
   23.6187363273512     
  -12.8076431201643     
   15.8301957551892     
   1.12398307526132     
  -1.07635441373715     
  -47.8116169068820     
   22.4385664701427     
  -22.0040773498627     
  -25.1935018512515     
 -0.325599500183202     
   10.6300862719496     
   49.5919305787853     
  -21.3355252718690     
  -25.6233002413318     
  -43.9568992717140     
   3.18670000262963     
  -4.01361599950715     
  -10.0162322559224     
  0.556526750080401     
  -25.5903203562934     
  -43.9871727432883     
  -28.7681701463784     
  -44.7912147279591     
  -21.3401180030394     
  -23.2565908532397     
   39.2708834754691     
  -21.1371143435162     
   6.82337473070391     
  -7.65840851842652     
  -44.1964299365006     
   14.2391028066917     
  -44.1386778760079     
   15.0864491423727     
   1.00462621509451     
   14.4296189904324     
  -38.7599543303844     
  -9.10903189644429     
   44.3496880680058     
  -16.7246739357908     
   3.23920203601081     
   18.1060404547845     
  -25.6232804711727     
  -43.9569272852206     
   45.6304518874603     
  -4.59011129806504     
   29.3247386972419     
   14.5267553235742     
   31.0573164900889     
  -11.6003499695142     
   27.1311738340602     
  -3.46159964393665     
  -9.31439587387429     
   3.60644046464433     
   27.3678602566223     
  -10.3872192067344     
   28.8523137740545     
  -7.50418048327631     
   48.8665917093218     
  -20.3101553688061     
  -24.8689922532728     
  -44.7680271927795     
   1.76695397736222     
 -0.455290568115053     
  -29.4605646313231     
  -47.9014047167240     
  -3.66933311487061     
   26.9985962194411     
   17.7504347154161     
  -43.6381190008139     
  -42.3084528162647     
   14.9738395469465     
  -7.60260634325168     
   19.8303933108115     
   39.8788543589372     
  -24.7538095964945     
  -17.6652949030344     
  -26.5699350604379     
  -46.3026823261531     
   21.7886550772897     
   32.5469785939311     
   61.7175176663244     
  -21.2988049663091     
  -42.2575952256953     
 -0.665230359301734     
   26.8742693073594     
  -41.8915449593281     
   14.8524269576051     
   1.06419635334936     
  -9.70934132588189     
  -29.8278883671441     
   15.0080565486168     
   1.97199382554961     
   1.76381502416986     
   6.41381926039405     
   44.0055902872632     
   42.5769359069772     
  -33.0636054673148     
   23.6266751951153     
  -13.1153518962714     
  -15.4819377088387     
   1.16004828215155     
   1.12584466249024     
  -48.2520073230616     
  -21.3783329397351     
  -21.5241917170000     
   25.7355646133470     
 -0.534469125157929     
  -10.5207111909311     
   49.9871580394188     
   20.4944835103522     
  -24.7682031406795     
   44.5699640544595     
   3.26418520218755     
   4.03253924189662     
  -10.0218789015870     
 -0.284656854893960     
  -24.7384431870891     
   44.5973387727610     
  -27.8888409933358     
   45.4610046375958     
  -20.8958040839735     
   23.7785998603419     
   39.6722255369802     
   20.5070042047894     
   6.97114291895153     
   7.62061753787270     
  -44.4782683313802     
  -13.2642791320173     
  -44.4370594359584     
  -14.1082122640256     
  0.719613297262361     
  -14.3338175655516     
  -38.5901149663279     
   9.97296020299008     
   44.6714098594404     
   16.0014669207723     
   2.88416667401884     
  -18.0487984460183     
  -24.7682294480226     
   44.5700702509174     
   45.6997409023379     
   3.85085755633186     
   29.0510007308731     
  -14.9261361343338     
   31.2694615511486     
   11.1359926768521     
   27.1660950678205     
   3.15027576136436     
  -9.38032845570576     
  -3.33690508149548     
   27.5598812183095     
   9.98529760272939     
   28.9757192682799     
   7.11094836647566     
   49.2474159742136     
   19.4934290353416     
  -23.9891644415915     
   45.3691018349730     
   1.76218976771254     
  0.472551517223798     
  -28.5136178932572     
   48.5765485030360     
  -4.19595520247962     
  -26.8208209003147     
   18.5904172545268     
   43.4123903469545     
  -42.6120730090087     
  -14.0319840859812     
  -7.98998472893596     
  -19.5789909657499     
   40.3496744329608     
   24.0987623667425     
  -17.1675008855245     
   27.0198404746460     
  -46.7340950021995     
  -20.7607667846142     
   31.7084722417340     
  -62.0147326840665     
  -20.4867081745823     
   42.7891786027051     
  -1.19368381977411     
  -26.7550214704016     
  -42.1923116261808     
  -13.9189210638205     
   1.24268458723524     
   9.77481950372573     
  -30.1302152417141     
  -14.3237717084717     
   1.92791567855261     
  -1.71677396806200     
   5.57888716801569     
  -44.0059941703396     
   43.2088969149955     
   32.3471194912247     
   23.5768088126843     
  -12.8872415851389     
  -15.8243687302978     
   1.10605233659347     
   1.06108988416780     
  -47.9079835976138     
  -22.3413989334301     
  -21.9877092923691     
   25.2328353640597     
 -0.389844874886212     
  -10.6528588851094     
   49.6019065680095     
   21.1875719311616     
  -25.5619949963364     
   44.0148341028724     
   3.15674868118549     
   3.97631578269956     
  -10.0499039271340     
 -0.560862357916803     
  -25.5335584019691     
   44.0398446295954     
  -28.6970436740665     
   44.8404137940512     
  -21.3300282011433     
   23.2908621729733     
   39.2877793299565     
   21.0228033778896     
   6.80445363559085     
   7.61591223251948     
  -44.2776076304278     
  -14.1585593457597     
  -44.2187599363666     
  -15.0015874213558     
  0.928567185500385     
  -14.4535320141071     
  -38.7850432178996     
   9.17917835353786     
   44.3628343565870     
   16.5959410848922     
   3.15437950230183     
  -18.1390051766308     
  -25.5619742595602     
   44.0148572551388     
   45.5988644019232     
   4.46448455313921     
   29.2524319971377     
  -14.6064167371682     
   31.0482329696506     
   11.5053219634177     
   27.0961073706847     
   3.40135084591147     
  -9.35684095653342     
  -3.60558258001561     
   27.3580879506222     
   10.2976499773513     
   28.8298798555958     
   7.42749517436742     
   48.8770235602773     
   20.1714294255442     
  -24.7725134807744     
   44.7950208387047     
   1.71937762877238     
  0.422396863277514     
  -29.3801055665390     
   47.9498431015666     
  -3.77874829489241     
  -27.0188017159678     
   17.8218520613519     
   43.5775689155629     
  -42.3934989306473     
  -14.8929089863145     
  -7.69269190348944     
  -19.8386138258196     
   39.9037239005841     
   24.6327835225598     
  -17.6517234025102     
   26.5943851233178     
  -46.4003697664820     
  -21.6973139846246     
   32.7249899036912     
  -61.6249893456555     
  -21.2400405820860     
   42.2975468986278     
 -0.772548119528626     
  -26.9011608409551     
  -41.9771094368213     
  -14.7728508381362     
   1.04756392160435     
   9.67326604868965     
  -29.9113631934787     
  -14.9657942455610     
   1.93060902314165     
  -1.78226948559256     
   6.28198543107532     
  -44.0469103545100     
   42.6231899554018     
   32.9304384818280     
  -23.5796391786557     
   12.5807656150962     
  -16.1427756564551     
  -1.09428446493255     
   1.02671832377627     
   47.4663425081849     
  -23.3042917421978     
   22.4084747081588     
   24.7420145850827     
  0.181554286915018     
  -10.7537637907054     
  -49.2358358482923     
   21.9622916902235     
   26.3096729453983     
   43.4436426482532     
  -3.09673682927169     
   3.94929336188408     
   10.0177959247599     
 -0.817765288710192     
   26.2800661511085     
   43.4719150371531     
   29.4650713079899     
   44.2264818660872     
   21.7153963847955     
   22.8144713507558     
  -38.9281333902948     
   21.6057303195092     
  -6.68455299482234     
   7.64275595591364     
   43.9846864577268     
  -15.0503532566943     
   43.9135133833449     
  -15.8944816818738     
  -1.20677952870070     
  -14.5380336188263     
   38.9162000115731     
   8.38661353740484     
  -44.0820226702135     
   17.2680261562474     
  -3.50032888762273     
  -18.1893432463771     
   26.3096307383662     
   43.4437549301909     
  -45.5376772872618     
   5.16548767049956     
  -29.5213748121389     
  -14.2206810625769     
  -30.8676716195598     
   11.9338735731013     
  -27.0777147803711     
   3.70298881692661     
   9.27310040724567     
  -3.85011040414632     
  -27.1965324661288     
   10.6642443490516     
  -28.7295861456867     
   7.79992210943720     
  -48.5301947444271     
   20.9289303584880     
   25.5600332318731     
   44.2645597530407     
  -1.72622114298064     
  0.394862595174270     
   30.2078997130016     
   47.3218435361426     
   3.27234157011471     
  -27.1787477199495     
  -17.0715624034242     
   43.7807390668215     
   42.0904221069410     
  -15.7529346978980     
   7.31483577655184     
  -20.0673941532362     
  -39.4788889891883     
   25.2334608322208     
   18.0954546362519     
   26.1814097552252     
   45.9716010618032     
  -22.6324552268935     
  -33.8862544934024     
  -61.1206217261249     
   21.9626530449757     
   41.8117162912544     
  0.264514378896511     
  -27.0055951413140     
   41.6750193150267     
  -15.6249425319439     
 -0.896544703530127     
   9.59948530232431     
   29.6115322005685     
  -15.5954133007905     
  -1.98793675875805     
  -1.82857555208244     
  -7.09965561071045     
  -44.0292308155711     
  -42.0475097819186     
   33.5820336217315     
  -23.6609742937899     
   13.0473620677344     
  -15.5378728135082     
  -1.18031457139202     
   1.11686910277298     
   48.1614632623253     
  -21.5258604355729     
   21.5405125410079     
   25.6523537046014     
  0.480686675035203     
  -10.5479006873800     
  -49.9823265002694     
   20.5570047160144     
   24.8199759473837     
   44.4817320144122     
  -3.28235321978209     
   4.02211420187845     
   9.98993437782822     
 -0.328725197517403     
   24.7918724624144     
   44.5109496828008     
   27.9477947004904     
   45.3680561082390     
   20.9089911394310     
   23.7008081973533     
  -39.6641565758767     
   20.5477332701710     
  -6.98297805270085     
   7.61356292974001     
   44.4093087861146     
  -13.3974259602797     
   44.3658467699032     
  -14.2428628087129     
 -0.784710943594320     
  -14.3618760571774     
   38.5718183568773     
   9.85457361866710     
  -44.6725558725427     
   16.0497927460741     
  -2.95995873653161     
  -18.0740587453924     
   24.8199759891984     
   44.4817472688601     
  -45.7263195325973     
   3.90481667336453     
  -29.1124056301878     
  -14.8974852436623     
  -31.2768307481192     
   11.1638233145199     
  -27.1922665577789     
   3.17055143555792     
   9.34170527032991     
  -3.38310173864566     
  -27.5694776857480     
   10.0077926994197     
  -28.9919274797914     
   7.13426292252542     
  -49.2428077701344     
   19.5519198961744     
   24.0444365812137     
   45.2801221260895     
  -1.78730396810259     
  0.462894089727392     
   28.5802225605984     
   48.4834075942747     
   4.09993405470793     
  -26.8603221968329     
  -18.5390359416818     
   43.4103296478487     
   42.5388507432723     
  -14.1623168732089     
   7.91146856706168     
  -19.6253293464583     
  -40.3359598052648     
   24.1418098166943     
   17.1843957613799     
   26.9497283176265     
   46.6444294079599     
  -20.9039434760765     
  -31.9047749764100     
  -61.9764871175343     
   20.5323804171992     
   42.7091609456033     
   1.09414091838240     
  -26.7880160473660     
   42.1197625245243     
  -14.0482917202828     
  -1.25402914147111     
   9.75285968898773     
   30.0577449259675     
  -14.4230712801537     
  -1.95971923130159     
  -1.73648969339217     
  -5.71738926729307     
  -44.0250161870005     
  -43.1833254026924     
   32.3927048992731     
  -23.6054479411574     
   12.8992460691323     
  -15.7957364960950     
  -1.12571296098466     
   1.06990378308034     
   47.9202980192869     
  -22.2719645329619     
   21.9228157275252     
   25.2921541824833     
  0.395187048603709     
  -10.6443027536309     
  -49.6855747168666     
   21.0296789960085     
   25.4570367452149     
   44.0615770814454     
  -3.19339014578063     
   3.96643844206110     
   10.0293041151313     
 -0.533604376344647     
   25.4246434230859     
   44.0959859791329     
   28.5905700031688     
   44.9107958856242     
   21.2688058338237     
   23.3489222449245     
  -39.3672724505798     
   20.9216243290791     
  -6.83575851388203     
   7.60352616814359     
   44.2805426090544     
  -14.0855154256880     
   44.2185575522935     
  -14.9396775795172     
 -0.912584613779028     
  -14.4470468403315     
   38.7539036637488     
   9.25783099370054     
  -44.4350586941412     
   16.4785265961166     
  -3.12778880576150     
  -18.1358164628471     
   25.4570381561590     
   44.0616088102266     
  -45.6262975149376     
   4.35791437404180     
  -29.2420873591038     
  -14.6579933814526     
  -31.0979321380869     
   11.4358297939302     
  -27.1257532939048     
   3.36225589403950     
   9.34278831360845     
  -3.58334864016201     
  -27.4055288062270     
   10.2404726934010     
  -28.8692283140255     
   7.37540865191271     
  -48.9571675890530     
   20.0301473694536     
   24.6910812091367     
   44.8707668973958     
  -1.72901907030837     
  0.418319112763247     
   29.2685593739841     
   48.0081432542661     
   3.81379056019708     
  -27.0025701638033     
  -17.9494632219707     
   43.5465172567736     
   42.3883083990145     
  -14.8179269348059     
   7.71569403226645     
  -19.8171506949252     
  -39.9938034284670     
   24.5174193441686     
   17.5843366566672     
   26.6441971352792     
   46.4158846375781     
  -21.6329777553524     
  -32.5463822430540     
  -61.7080051465125     
   21.1461152015003     
   42.3463691174343     
  0.818820081347410     
  -26.8907242794935     
   41.9905861185611     
  -14.6894209799267     
  -1.08069331107913     
   9.67026368196741     
   29.9292654389367     
  -14.9087258277531     
  -1.93968496851820     
  -1.78126973829862     
  -6.19943047020613     
  -44.0566947030195     
  -42.7340828838062     
   32.8032168479231     
   23.6190635267687     
  -12.5371520882510     
   16.1515185248813     
   1.12127433423998     
  -1.03112700554608     
  -47.4159483842569     
   23.3301757831275     
  -22.3755113446252     
  -24.7313877742660     
 -0.143266839508959     
   10.7580491647932     
   49.2719318569731     
  -21.9624442698194     
  -26.2784965320019     
  -43.4317361035488     
   3.12785018215964     
  -3.94900818503943     
  -9.98050925792035     
  0.824458551259619     
  -26.2502028635989     
  -43.4606416223161     
  -29.4344547986886     
  -44.2139714044417     
  -21.6822778885004     
  -22.8041465140425     
   38.9639198883016     
  -21.6050564299531     
   6.71773724298086     
  -7.64151070456537     
  -43.9377798860963     
   15.0729833711954     
  -43.8668498121632     
   15.9172293631619     
   1.24822971240902     
   14.5429154099156     
  -38.8791335831476     
  -8.36839696735931     
   44.1182920731152     
  -17.2681747486545     
   3.54494758191172     
   18.1944676925170     
  -26.2784636574126     
  -43.4318763169555     
   45.5751809586176     
  -5.16665325698679     
   29.5638284250634     
   14.2194897183545     
   30.9040482597735     
  -11.9332408223445     
   27.1155868272246     
  -3.70324416784955     
  -9.23548088360795     
   3.85563553572459     
   27.2329112821186     
  -10.6633751197326     
   28.7665317664707     
  -7.79949772609372     
   48.5663817274761     
  -20.9292432704240     
  -25.5296008601609     
  -44.2528516763497     
   1.75740517349897     
 -0.395564142748749     
  -30.1769206090401     
  -47.3093347134345     
  -3.22239001268081     
   27.1850958818428     
   17.1050408688816     
  -43.7769899349825     
  -42.0441558998603     
   15.7748587094959     
  -7.26894573422062     
   20.0748365835159     
   39.5143527712085     
  -25.2324341733014     
  -18.0632483352542     
  -26.1720523560301     
  -45.9222158478183     
   22.6576960655022     
   33.9028651560303     
   61.1377536375540     
  -21.9324570650494     
  -41.8012525008030     
 -0.215561506549284     
   27.0109424886698     
  -41.6289885316748     
   15.6467182229160     
  0.929116953767607     
  -9.59524859121019     
  -29.5670175499370     
   15.6117803976311     
   2.02054297592013     
   1.83534418411479     
   7.15696329033890     
   44.0317424610038     
   42.0825223131037     
  -33.5803062612543     
   23.5513911940818     
  -12.4159953837480     
  -16.3827658018646     
   1.06189220396216     
  0.977338429757618     
  -47.2077602226815     
  -23.9584463453775     
  -22.6999215605889     
   24.3851465163852     
 -7.511169630312259E-002
  -10.8556272161302     
   48.9725477956341     
   22.3800948036591     
  -26.8126249369192     
   43.0358849851001     
   3.05407884784681     
   3.88259719584053     
  -10.0251260710790     
  -1.01777480536463     
  -26.7864764792905     
   43.0608399119145     
  -29.9790294787847     
   43.7861448851233     
  -21.9881994027473     
   22.4658888449403     
   38.6743214781121     
   21.9110560052329     
   6.57664473636917     
   7.61981867015245     
  -43.8243085983037     
  -15.6617254685076     
  -43.7442502046737     
  -16.5024546671886     
   1.34964480777390     
  -14.6306496890737     
  -39.0242611353110     
   7.83660692080864     
   43.8756402179641     
   17.6265865449921     
   3.68553960986406     
  -18.2614484079178     
  -26.8126294566475     
   43.0360422190404     
   45.4641662048826     
   5.53942812268813     
   29.6521786394933     
  -14.0275961525891     
   30.7219075519426     
   12.1505723630181     
   27.0314632232786     
   3.85483838781902     
  -9.24846390554635     
  -4.04180188837628     
   27.0644411123474     
   10.8443352567292     
   28.6340063582426     
   7.98703573178083     
   48.2887568258835     
   21.3340854995216     
  -26.0710360385642     
   43.8642672539873     
   1.69505850760054     
  0.365499100203307     
  -30.7586994903518     
   46.8711783208110     
  -2.98790679163371     
  -27.3190597699385     
   16.5733988156658     
   43.8531807855274     
  -41.8904207323276     
  -16.3299086385350     
  -7.10717567388842     
  -20.2506525181842     
   39.1844944942043     
   25.5471130172454     
  -18.4032736216444     
   25.8731938010921     
  -45.7262034052898     
  -23.2654855518111     
   34.5366670823233     
  -60.8672734763780     
  -22.4460356780383     
   41.4556499953912     
  1.824007945986099E-002
  -27.1107981164054     
  -41.5410209654550     
  -16.2181322577057     
  0.770967406789862     
   9.50812969458175     
  -29.4481429440166     
  -16.0352746173455     
   1.98152040479478     
  -1.89095203925065     
   7.56895003320057     
  -44.0595329412296     
   41.6614349715633     
   33.9235073458613     
  -23.6417040254493     
   13.1182961431159     
   15.4535224103947     
  -1.18141785920953     
  -1.12320118061697     
   48.2628928932523     
   21.2582465592974     
   21.4433499052634     
  -25.7507029545704     
  0.530040886174139     
   10.5213255095621     
  -50.0136315311144     
  -20.4189944458226     
   24.6454866235732     
  -44.5969753648629     
  -3.29093197670325     
  -4.02306710804684     
   9.99581386476359     
  0.271934332333964     
   24.6181461464759     
  -44.6253423794755     
   27.7651708430038     
  -45.5027052912367     
   20.8198711099123     
  -23.7964157861847     
  -39.7061975079663     
  -20.4423094084823     
  -7.00342979662080     
  -7.59855211698577     
   44.4690790338236     
   13.1599871600669     
   44.4360505793235     
   14.0048396175903     
 -0.717232196580773     
   14.3347145852562     
   38.5349429443437     
  -10.0403687055828     
  -44.6944817994659     
  -15.9313082354281     
  -2.87566693941292     
   18.0541787561384     
   24.6454337039195     
  -44.5970383646785     
  -45.6984135329805     
  -3.77408558560127     
  -29.0286384713283     
   14.9717689078918     
  -31.2906080380215     
  -11.0820730275062     
  -27.1779678731823     
  -3.12289243762704     
   9.35978168490490     
   3.32440290622748     
  -27.5850438146312     
  -9.93647263143894     
  -28.9917308852502     
  -7.06730204393270     
  -49.2717491480411     
  -19.4181318615584     
   23.8836315915265     
  -45.3828268200195     
  -1.78401215239279     
 -0.468605971837753     
   28.3825472089716     
  -48.6141729158459     
   4.21971468090020     
   26.8119430906929     
  -18.6762888661732     
  -43.3596957348217     
   42.6062808952066     
   13.9340261101072     
   8.00118377901210     
   19.5601852655602     
  -40.3898123634232     
  -24.0362433665308     
   17.0832612738528     
  -27.0301211180559     
   46.7408506991318     
   20.6428913994555     
  -31.6541275254492     
   62.0095541292033     
   20.3742614807875     
  -42.8008588752324     
   1.21706302467433     
   26.7521083428674     
   42.1865419796016     
   13.8223523697369     
  -1.28441976169194     
  -9.75929842513651     
   30.1225296838811     
   14.2613081532868     
  -1.94548133735133     
   1.72637911445707     
  -5.50797760053618     
   44.0053099130311     
  -43.2552021344704     
  -32.2859866011840     
   23.5118140315979     
  -12.9001009250501     
  -15.8921194053639     
   1.06225092330641     
   1.03321153797626     
  -47.8971791927551     
  -22.5209346533405     
  -22.1333913071682     
   25.1326687170915     
 -0.413642959489681     
  -10.6842465664565     
   49.4674658533702     
   21.3144126026985     
  -25.7657313179387     
   43.8832973023407     
   3.09855895747004     
   3.95015202288179     
  -10.1048565084533     
 -0.617467571695074     
  -25.7328952539468     
   43.9184404432361     
  -28.9089276301517     
   44.7179613897568     
  -21.4641040313318     
   23.1929811088861     
   39.1555820990215     
   21.1193683311733     
   6.72553273801804     
   7.61036818307359     
  -44.2750375329765     
  -14.3221459907554     
  -44.2501822890089     
  -15.1690440122169     
  0.914485594196360     
  -14.4776901377340     
  -38.8750299284269     
   9.02309941594061     
   44.2486704745754     
   16.7029175043463     
   3.14951708996337     
  -18.1592785158557     
  -25.7657142127372     
   43.8843478078765     
   45.5223874509979     
   4.57345469561893     
   29.2319488091242     
  -14.5547176897595     
   30.9467287914442     
   11.5778959888210     
   27.0241010749430     
   3.44760114091918     
  -9.39771301957527     
  -3.66249508805730     
   27.2797691883136     
   10.3519928857685     
   28.7437151088719     
   7.48183378619104     
   48.7497401315958     
   20.2974086271903     
  -24.9942986345749     
   44.6975563442995     
   1.66772798194420     
  0.395406072956949     
  -29.6021549864752     
   47.8221541445307     
  -3.75708921493924     
  -27.0584167851944     
   17.6178197330508     
   43.6041553495546     
  -42.4069106886623     
  -15.0560308417085     
  -7.69141559122966     
  -19.8900938800761     
   39.7668532370116     
   24.7321379441515     
  -17.7932650667999     
   26.5017040536145     
  -46.3934172283840     
  -21.8718431280918     
   32.8262706246729     
  -61.5692256884005     
  -21.4370891674936     
   42.2070587532941     
 -0.749980749709595     
  -26.9309895223135     
  -41.9917612218851     
  -14.9334240009890     
  0.958773524875890     
   9.64728252182040     
  -29.9248830994284     
  -15.0901454972141     
   1.89339081104487     
  -1.78176460453435     
   6.34624937245199     
  -44.0585847820138     
   42.4519158760931     
   33.0395139504848     
   23.7166735521608     
  -13.3335876787799     
  -15.0869395762513     
   1.24922489277862     
   1.20370296702605     
  -48.6047609056029     
  -20.2266448856602     
  -20.9283276781127     
   26.3026607318196     
 -0.668174593456864     
  -10.3732012787421     
   50.4569395594830     
   19.6701031169286     
  -23.7936676940691     
   45.2132062582086     
   3.41535711466781     
   4.09840338871981     
  -9.95279971943085     
  3.822280268425399E-002
  -23.7647063088187     
   45.2422373254102     
  -26.8744250009240     
   46.1686787601593     
  -20.3397305923908     
   24.3356649229456     
   40.1356449844583     
   19.8870984624922     
   7.18826583063454     
   7.62179387940532     
  -44.6684697841229     
  -12.1929731181900     
  -44.6440090117771     
  -13.0396908589143     
  0.513833238083962     
  -14.2055044714162     
  -38.3060873429399     
   10.9075789033223     
   45.0454858866004     
   15.2914089760395     
   2.60826997502646     
  -17.9556493602092     
  -23.7936496618498     
   45.2133096555030     
   45.8374547571991     
   3.11604338113679     
   28.8455072210362     
  -15.3046860172810     
   31.5431916984377     
   10.6970760890499     
   27.2705887675462     
   2.85323746617407     
  -9.36940329779052     
  -3.02809388388538     
   27.8131485823910     
   9.61727086012813     
   29.1644767061456     
   6.73126744988861     
   49.6948712484894     
   18.6832652699215     
  -23.0008324367659     
   45.9977333631676     
   1.83906204845626     
  0.532841458976437     
  -27.4325744061636     
   49.2988431668587     
  -4.64831909601047     
  -26.5956131152777     
   19.4692850876634     
   43.2132484331519     
  -42.8145094185414     
  -12.9983284694836     
  -8.29057199439267     
  -19.2842244488486     
   40.8849741012598     
   23.4592537011092     
  -16.5569036793136     
   27.4959235813998     
  -47.0736133513876     
  -19.6404715979012     
   30.5443888033774     
  -62.4723929201915     
  -19.5572697342523     
   43.3436223724861     
  -1.64909126650766     
  -26.5925178049397     
  -42.3916724795573     
  -12.9020693983936     
   1.50058512155920     
   9.88648904832673     
  -30.3355413839430     
  -13.5562780034894     
   1.94884551070897     
  -1.65008166664369     
   4.76327479620236     
  -43.9621657707364     
   43.9121390191975     
   31.6367527862126     
  -23.6774950533421     
   13.1871523361215     
  -15.3048349616045     
  -1.21036540779763     
   1.17177330337965     
   48.3684042717412     
  -20.9240789691681     
   21.2765076382097     
   25.9700727038361     
  0.570633399945604     
  -10.4402197819190     
  -50.1851195014035     
   20.2070062238575     
   24.3713295037623     
   44.8351289771663     
  -3.33953111821160     
   4.08255028814534     
   9.98062608926323     
 -0.140368520948458     
   24.3419509384086     
   44.8632792435353     
   27.4888629373177     
   45.7521641363180     
   20.6637313243371     
   24.0113013716073     
  -39.8671913990530     
   20.2920120357832     
  -7.07232749159707     
   7.64609454140502     
   44.5339250755969     
  -12.8376514380975     
   44.4989620392317     
  -13.6833320334369     
 -0.657163246658880     
  -14.2602262562939     
   38.4613660170403     
   10.3496365858057     
  -44.8316410589499     
   15.7502620403100     
  -2.79619980937460     
  -17.9877325293356     
   24.3713207799782     
   44.8351505879681     
  -45.7706291938373     
   3.59639802150697     
  -28.9852678626122     
  -15.0464074651412     
  -31.3896446577088     
   10.9874928159163     
  -27.2236998174472     
   3.05488242132051     
   9.36094878280722     
  -3.20122253898722     
  -27.6725225570513     
   9.86324765676016     
  -29.0638911742753     
   6.98524785145586     
  -49.4345933843089     
   19.2090150545645     
   23.5880686223821     
   45.6265532686016     
  -1.80606445489646     
  0.509638404569620     
   28.0888546056202     
   48.8728147373503     
   4.35066794045769     
  -26.7103883168475     
  -18.9632726772308     
   43.3467905627291     
   42.6704141208774     
  -13.6217354658154     
   8.09144070905573     
  -19.4406407076286     
  -40.5734922159878     
   23.8780775697400     
   16.9088410966971     
   27.2233129323503     
   46.8442566564823     
  -20.3177355064516     
  -31.2767477831072     
  -62.1773013835259     
   20.1017867779932     
   43.0196615196518     
   1.34413772403582     
  -26.6681864350023     
   42.2509986249665     
  -13.5121525142125     
  -1.36050772159975     
   9.84273641618578     
   30.1900297504965     
  -14.0135483664438     
  -1.94945634083278     
  -1.67562142201155     
  -5.29855060876127     
  -43.9647860196104     
  -43.4984841631647     
   32.1026826402918     
  -23.5736459944837     
   12.5462469002716     
  -16.2163639229492     
  -1.08394605682642     
   1.00373374015676     
   47.4084294916202     
  -23.4776711737827     
   22.4753078993960     
   24.6413801241369     
  0.159274290809697     
  -10.7951850789362     
  -49.1820275531359     
   22.0243731924207     
   26.4231897054123     
   43.3306441929100     
  -3.07930806279207     
   3.91949126408003     
   10.0211257910492     
 -0.880023328901811     
   26.3946825513034     
   43.3632059303597     
   29.5828831096287     
   44.1068526643942     
   21.7773727091946     
   22.7160701769264     
  -38.8745910172867     
   21.6472334581225     
  -6.65863257612199     
   7.61797663346018     
   43.9476523342814     
  -15.2119250274243     
   43.8737456029817     
  -16.0558760905989     
  -1.23861139426959     
  -14.5780398296412     
   38.9424983029147     
   8.23886349419472     
  -44.0394080459138     
   17.3216454188080     
  -3.54139603737658     
  -18.2260536362983     
   26.4231990171877     
   43.3306342868157     
  -45.5257260135483     
   5.22069113113192     
  -29.5531529444773     
  -14.2008322625423     
  -30.8357291891647     
   11.9600034124969     
  -27.0663743099458     
   3.72240842203658     
   9.26934096922416     
  -3.91030146021512     
  -27.1674251022981     
   10.6832026160626     
  -28.7075657406906     
   7.82182167272648     
  -48.4792781471616     
   20.9903786770316     
   25.6756838541283     
   44.1551726161731     
  -1.71889424627601     
  0.374391573147802     
   30.3343997042134     
   47.2016986376048     
   3.20957354014149     
  -27.2312206056661     
  -16.9641531127078     
   43.7758701300338     
   42.0513753693848     
  -15.9092367929990     
   7.26921211115466     
  -20.1289837276469     
  -39.4169773337494     
   25.2766087840473     
   18.1659252772454     
   26.0920340423292     
   45.9150753646492     
  -22.8013328850753     
  -34.0389320750079     
  -61.0807376987730     
   22.0713214291722     
   41.7114560614243     
  0.202172744464473     
  -27.0505208416198     
   41.6363215224777     
  -15.7800819180079     
 -0.867791747064406     
   9.55894038028014     
   29.5733824377733     
  -15.7168534842759     
  -1.99054326713755     
  -1.85523295367406     
  -7.20430833728725     
  -44.0556070941650     
  -41.9678671696302     
   33.6297244099017     
  -22.1353746307047     
   16.5529828097240     
  -11.7606682504909     
 -0.477703899909258     
   1.78108437090428     
   52.5504486459130     
  -11.3171003369985     
   18.8193751348701     
   30.3410979716823     
   3.21581999365469     
  -8.84949231399374     
  -51.1142520513570     
   14.8346829085634     
   19.5494416877799     
   49.4591538827949     
  -2.95005206876890     
   4.71542021882161     
   11.1861754425479     
   2.62117574835229     
   19.2923755855929     
   49.4890148097915     
   22.4434814780656     
   50.8735745799308     
   18.4837100155538     
   28.3117086125856     
  -40.8439764518227     
   16.4355239927003     
  -6.75900168811120     
   7.93532975971520     
   47.5412709648881     
  -4.16749134828266     
   47.5687021454945     
  -5.00983546973386     
   2.67224980634813     
  -12.6974115669586     
   38.0568232628617     
   17.3818734416759     
  -45.1927783946447     
   11.2414293757117     
   1.14517366011385     
  -16.5461118059097     
   19.4996237216419     
   49.4572538796534     
  -44.4703064040015     
 -0.959280208825949     
  -25.5137938654789     
  -17.0737375320740     
  -31.1901806966498     
   8.36648678837923     
  -25.9738143618321     
   1.47602986459112     
   10.9818999943316     
 -0.557213636428257     
  -27.3665671268133     
   7.71627212116940     
  -28.3279749635772     
   4.79275305634602     
  -50.2474050263513     
   14.0332489783979     
   18.5622543419492     
   50.1656648843213     
 -0.863785087009383     
   1.08203670970614     
   22.5678948091445     
   53.9671971811890     
   9.63312124303075     
  -24.1621406022723     
  -23.3640204947907     
   42.0857324181312     
   45.8794735374008     
  -5.19813028871836     
   12.1500133688949     
  -16.5440713965358     
  -42.0153323486027     
   19.8752311888981     
   14.3797136138960     
   30.8971866421157     
   50.8590009675273     
  -10.9485708946969     
  -19.2972610604293     
  -64.6746926540780     
   15.4105222189298     
   46.9794943396452     
   6.74206868409797     
  -24.6071285143458     
   45.2730210281031     
  -5.17303047570849     
  -1.48031185972073     
   10.9279777048684     
   33.3230176776649     
  -7.65150392263301     
 -0.522675306438168     
 -0.681387532292304     
   3.64068053529012     
  -42.6290564663534     
  -45.9747740967466     
   27.7141520892424     
   23.6136950185794     
  -12.6517284109145     
  -16.0305344658105     
   1.12296796003090     
   1.04600747839689     
  -47.5815774222570     
  -22.9833640817511     
  -22.2321945176022     
   24.9075368232371     
 -0.221978528273872     
  -10.7168101763439     
   49.3957824709167     
   21.6886924589792     
  -26.0274263907001     
   43.6250355033937     
   3.14788314049424     
   3.96258629607647     
  -9.99582846143272     
 -0.727936564929961     
  -25.9814395490012     
   43.6681948825103     
  -29.1754039078552     
   44.4347711256622     
  -21.5498066242260     
   22.9759491416985     
   39.0859213504664     
   21.3980446505926     
   6.75843531971654     
   7.63589870499836     
  -44.0494701787796     
  -14.7501910881416     
  -43.9832645406516     
  -15.5941505685935     
   1.14342980370457     
  -14.5072294757836     
  -38.8380320469064     
   8.65312403235432     
   44.2122488448502     
   17.0280518710289     
   3.41480714692700     
  -18.1708418335944     
  -26.0273527244081     
   43.6248470041958     
   45.5911334822186     
   4.90227950965738     
   29.4576829829786     
  -14.3659553998907     
   30.9641484243843     
   11.7806073818612     
   27.1182374421630     
   3.59737569647293     
  -9.26941671614152     
  -3.76366482101264     
   27.2858858295522     
   10.5334035905749     
   28.7979103154311     
   7.66563510573496     
   48.6836078533897     
   20.6595855508401     
  -25.2683493564064     
   44.4470374903860     
   1.75312812329454     
  0.408490503967665     
  -29.8981179334522     
   47.5316079320650     
  -3.41260096716055     
  -27.1206772266634     
   17.3638434484081     
   43.7066014717836     
  -42.1598688399286     
  -15.4639859852004     
  -7.41083320936768     
  -19.9857418448173     
   39.6594445343825     
   25.0210170386995     
  -17.9100442803948     
   26.3210230014379     
  -46.0829147811587     
  -22.3199523138394     
   33.2094877769473     
  -61.4534241129962     
  -21.6837113093085     
   41.9712647300070     
 -0.407605168615019     
  -26.9672773688281     
  -41.7435604220393     
  -15.3382243537722     
  0.980932037991674     
   9.62647088998551     
  -29.6804288952971     
  -15.3810877775736     
   1.99771476280727     
  -1.81487979238546     
   6.83727513210997     
  -44.0372530631183     
   42.2808804023134     
   33.3524748938276     
   23.6187967638346     
  -12.8016517547010     
  -15.8703987528460     
   1.13300313906658     
   1.06389924729919     
  -47.7978001792444     
  -22.4872418559959     
  -22.0070898881658     
   25.1617379492625     
 -0.322746333670625     
  -10.6666794892495     
   49.5918099912774     
   21.2946456496438     
  -25.6182348945113     
   43.9253317558668     
   3.18247056824817     
   3.97679303216790     
  -10.0070360660753     
 -0.596620729375550     
  -25.5890426760637     
   43.9538209377616     
  -28.7616779691338     
   44.7564992870873     
  -21.3426146041823     
   23.2227814162268     
   39.2775368721107     
   21.1021796099052     
   6.82358858791690     
   7.62237596953839     
  -44.1894746363740     
  -14.2904280216339     
  -44.1312382069640     
  -15.1352376720431     
   1.00821770184682     
  -14.4656518406558     
  -38.7617084375213     
   9.06357234032508     
   44.3639893674423     
   16.6882255786827     
   3.24667541418813     
  -18.1462850210078     
  -25.6182305319194     
   43.9253545932193     
   45.6306693172276     
   4.56317306102479     
   29.3316651723940     
  -14.5487536394141     
   31.0623263245836     
   11.5648107620085     
   27.1327458396414     
   3.44472073915161     
  -9.30746935238911     
  -3.63951585398786     
   27.3737675865473     
   10.3486478868948     
   28.8548581607993     
   7.47955929062473     
   48.8702568368817     
   20.2746901196199     
  -24.8559797615532     
   44.7357647180261     
   1.75362957588424     
  0.421743026033258     
  -29.4528599559536     
   47.8615778989253     
  -3.66084334867304     
  -27.0419202432981     
   17.7602000218930     
   43.6032568624810     
  -42.3061900954500     
  -15.0220850088620     
  -7.59587360499133     
  -19.8716456348675     
   39.8852601279215     
   24.7144148194025     
  -17.6730355973484     
   26.5352483559541     
  -46.2926022462860     
  -21.8385093771906     
   32.9512460924756     
  -61.5452667591150     
  -21.2979593844283     
   42.2275208388426     
 -0.654002297695277     
  -26.9160287802416     
  -41.8889504041636     
  -14.9005670620233     
   1.06275113674367     
   9.66418700996900     
  -29.8247533137144     
  -15.0591118923447     
   1.97448971169896     
  -1.79144207654905     
   6.45178082103155     
  -44.0421702903606     
   42.5853998513785     
   33.0178649501046     
  -23.6861037539616     
   13.1605015743254     
  -15.3372742349646     
  -1.20990801406304     
   1.16886526052557     
   48.3366634593109     
  -21.0014379390855     
   21.2954325942011     
   25.9292579193589     
  0.550547412601987     
  -10.4595535329342     
  -50.1756343013922     
   20.2338767309373     
   24.4098534582176     
   44.7874509837098     
  -3.34391409627599     
   4.07097937972809     
   9.97148981706482     
 -0.164378526907577     
   24.3754001597310     
   44.8204236139364     
   27.5262842989001     
   45.7021208556261     
   20.6808978054505     
   23.9715245315639     
  -39.8563247100973     
   20.3067566359654     
  -7.07103642468495     
   7.63728119480190     
   44.5092242954999     
  -12.9097574838058     
   44.4734757259001     
  -13.7552934416383     
 -0.681971977879962     
  -14.2799304484995     
   38.4638507750226     
   10.2877443300278     
  -44.8254012079088     
   15.7719939002682     
  -2.82512571147742     
  -18.0050370726128     
   24.4098144169605     
   44.7877563639228     
  -45.7766362574594     
   3.61982784358912     
  -29.0094518038345     
  -15.0362459623628     
  -31.3874253772419     
   10.9984981437853     
  -27.2289864517450     
   3.06017361433757     
   9.34825189968981     
  -3.22509626290224     
  -27.6708629600283     
   9.87131161347314     
  -29.0654078778370     
   6.99359912177774     
  -49.4263061154093     
   19.2335227102524     
   23.6252890343518     
   45.5853875183816     
  -1.81526630420321     
  0.498671794512599     
   28.1297555590599     
   48.8238672454526     
   4.31295034095046     
  -26.7355966245227     
  -18.9300081924507     
   43.3438180490596     
   42.6470127871893     
  -13.6906875619990     
   8.06067742274599     
  -19.4686615941915     
  -40.5589015196370     
   23.8956047044057     
   16.9299270072067     
   27.1871389688282     
   46.8144913154294     
  -20.3939888315572     
  -31.3872529768845     
  -62.1495341644313     
   20.1371388542232     
   42.9802364360685     
   1.30706171645616     
  -26.6902532662300     
   42.2265358891850     
  -13.5803943866731     
  -1.35897167628864     
   9.82625897092858     
   30.1641363357198     
  -14.0660999811020     
  -1.95687645609227     
  -1.68828184961264     
  -5.35894691641824     
  -43.9787737876836     
  -43.4769143534732     
   32.1211568479209     
  -23.6426084507180     
   12.1555176567371     
   16.5771693819493     
  -1.07210051700600     
 -0.943380261078080     
   46.8466701847731     
   24.5352560185849     
   22.8526060028712     
  -24.0738242372161     
 -0.134430178005938     
   10.9200931780250     
  -48.8331372539599     
  -22.8085184539105     
   27.1515324797294     
  -42.6851520672957     
  -3.08794221117081     
  -3.91570307032560     
   9.92659347520691     
   1.18041716595999     
   27.1297167717019     
  -42.7281896639368     
   30.3265913091226     
  -43.4171531207044     
   22.1239626852695     
  -22.1735773398113     
  -38.5369792289610     
  -22.2306696260709     
  -6.59969659124467     
  -7.61763114003279     
   43.5477941337968     
   16.2005933155445     
   43.4601188763056     
   17.0321135895786     
  -1.60766142260493     
   14.6838289080884     
   39.0016812328957     
  -7.35872067760629     
  -43.7804594879962     
  -18.0019526308660     
  -3.96266219730083     
   18.3021104344163     
   27.1496753274389     
  -42.6883418034029     
  -45.4969569824332     
  -5.94699613581340     
  -29.8861272709595     
   13.7945638164084     
  -30.6807234376393     
  -12.3894720798654     
  -27.0625458637132     
  -4.03451209282059     
   9.12046851257544     
   4.18683981745209     
  -27.0711009323898     
  -11.0552814685874     
  -28.6343698435931     
  -8.18401160697661     
  -48.1498197821969     
  -21.7604039073682     
   26.4161780701053     
  -43.5384985558461     
  -1.73336829796318     
 -0.325668509338392     
   31.1377288473663     
  -46.4926888913059     
   2.59713298769174     
   27.4156059244368     
  -16.2225179376873     
  -43.9431800450300     
   41.6453754420453     
   16.8618328577374     
   6.80191087848367     
   20.3900032697963     
  -39.0088707771823     
  -25.8768186825844     
   18.5771936547530     
  -25.6259517539769     
   45.3665191883379     
   23.8346731416429     
  -35.5538425096178     
   60.3891474416919     
   22.7768960861003     
  -41.1245670418769     
 -0.411224183032310     
   27.1746380514747     
   41.2227569566995     
   16.7130304905203     
 -0.732965946370083     
  -9.44507881457430     
   29.1751403769782     
   16.4148153885584     
  -2.08815682130403     
   1.91022801895397     
  -8.16721212187472     
   44.0371147843145     
  -41.4092697200476     
  -34.2772369679754     
   23.5310301464408     
  -12.3105026726512     
   16.5273350985645     
   1.04330400685791     
 -0.952950480097136     
  -47.0425840175925     
   24.3646240358544     
  -22.8900386902781     
  -24.1619913707169     
 -1.284998534622883E-002
   10.9111913769296     
   48.8030583445165     
  -22.6646946249775     
  -27.1360098433743     
  -42.7810528830058     
   2.98738158821124     
  -3.86432077785679     
  -10.0302131275563     
   1.13813938813080     
  -27.1166428493720     
  -42.8068746431818     
  -30.3114926143197     
  -43.5038269786680     
  -22.1621936741212     
  -22.2492915012477     
   38.5043747236822     
  -22.1237317761533     
   6.51041105225215     
  -7.61024422059090     
  -43.7176750883063     
   16.0414332700461     
  -43.6306878829570     
   16.8842992174517     
   1.44436742778568     
   14.6788046905968     
  -39.0925317497490     
  -7.49162613095394     
   43.7375278506945     
  -17.8748860072870     
   3.80374762394228     
   18.2962014038848     
  -27.1359949537766     
  -42.7812742220944     
   45.4128829311418     
  -5.79957025482628     
   29.7360632045731     
   13.8886111873683     
   30.6255756538586     
  -12.3044187487089     
   26.9989348614661     
  -3.96438750191536     
  -9.23177745387603     
   4.15635000493845     
   26.9762288257054     
  -10.9736948425121     
   28.5684779229195     
  -8.12072046331165     
   48.1172896318782     
  -21.6181888784993     
  -26.4041923012121     
  -43.6144944494851     
   1.68260799110699     
 -0.324725570467977     
  -31.1156855607277     
  -46.5858016851254     
  -2.80226930177622     
   27.3968440485294     
   16.2452557786885     
  -43.9103981018533     
  -41.8113438228770     
   16.7075114024536     
  -6.97355195821942     
   20.3577111370238     
   38.9880076772832     
  -25.7658357340314     
  -18.6025379988626     
  -25.6828035543991     
  -45.5620740309281     
   23.6643640169313     
   34.9640915113930     
   60.6815260582402     
  -22.7603134901524     
  -41.2303129850543     
  0.202845199525369     
   27.1670010391990     
  -41.3980230781140     
   16.5715659638630     
  0.693922399384800     
  -9.45977791718599     
  -29.3416834436643     
   16.3080458197575     
   2.00443995383867     
   1.91529941718755     
   7.87413243990969     
   44.0645825905973     
   41.4037007307123     
  -34.1608111961646     
