    17842  37.289543 -121.668506     3.567      154.1      -87.3      -77.1     20.0     16.5     21.3 1984  4 25  4 35 19.170 1.9   1
    16751  37.289884 -121.674137     3.468     -346.0      -49.3     -176.0     20.9     15.9     19.3 1984  4 27  7 48 23.500 1.0   1
    21644  37.291187 -121.670321     3.599       -7.0       95.3      -45.6     21.2     13.9     19.8 1984  6 27 14 50 38.140 1.6   1
    25096  37.290519 -121.670085     3.363       13.5       21.3     -281.1     20.7     18.7     20.9 1984  8  7  9  7  6.330 1.2   1
    28475  37.291760 -121.670671     3.409      -38.0      159.1     -234.8     20.9     19.9     32.7 1984  9 23  8 43 14.720 1.1   1
    32049  37.288306 -121.669906     3.553       29.4     -224.2      -91.1     16.1     12.2     18.7 1984 11 18  0 28 55.240 1.7   1
    35109  37.291260 -121.669914     3.499       29.0      103.2     -145.4     16.5     12.3     20.0 1984 12 22  4 43 44.710 1.6   1
    42349  37.287659 -121.670386     3.681      -12.8     -296.2       36.3     26.3     15.1     17.4 1985  2 28  1  9 58.300 0.8   1
    42555  37.289107 -121.669645     3.606       52.3     -135.3      -38.0     16.2     12.2     18.8 1985  3  2  6 53 56.010 1.7   1
    42559  37.289783 -121.669824     3.541       37.1      -60.7     -102.9     16.3     12.2     19.3 1985  3  2  8 55  3.470 1.9   1
    42643  37.289233 -121.669076     3.515      103.3     -121.3     -129.4     16.3     12.2     19.3 1985  3  2  8 55 29.590 2.1   1
    42560  37.290483 -121.669808     3.611       38.4       17.4      -33.0     16.4     12.3     19.2 1985  3  2  8 58  0.480 1.2   1
    49626  37.291785 -121.670581     3.603      -30.7      161.8      -41.4     18.0     16.5     21.8 1985  6 15  1 38 57.380 0.9   1
    54084  37.289921 -121.670101     3.560       12.4      -45.1      -84.6     16.8     12.7     20.6 1985  8 28 20 35 10.100 1.6   1
    57770  37.290336 -121.672412     3.431     -193.0        1.0     -212.9     24.6     17.5     22.1 1985 10 28  3 55 38.130 1.3   1
    62514  37.289319 -121.669434     3.571       71.5     -112.0      -73.7     18.7     15.6     19.3 1985 12 31 15 50 52.230 1.7   1
    62520  37.289124 -121.669678     3.611       50.1     -133.7      -33.5     17.2     19.3     24.9 1985 12 31 18  3  3.480 1.6   1
    67820  37.290499 -121.672550     3.573     -204.8       18.8      -70.9     22.1     16.9     25.5 1986  3  8 10 32  4.410 1.6   1
    73786  37.289608 -121.668188     3.288      181.5      -80.0     -356.8     19.0     18.5     21.3 1986  6  1 10 51 31.460 1.2   1
    77218  37.290092 -121.669010     3.520      109.3      -26.0     -124.2     16.4     12.3     19.6 1986  7 25  9 22 50.290 2.3   1
    77296  37.290865 -121.669165     3.531       95.0       59.7     -113.6     21.2     13.9     20.3 1986  7 25 16  1 52.100 1.1   1
    82606  37.291394 -121.671867     3.688     -144.6      118.2       43.9     15.5     12.7     16.7 1986  9 15 20 17 49.920 2.7   1
    83805  37.291174 -121.670516     3.571      -24.7       94.1      -73.2     16.4     12.3     19.5 1986  9 25 12  1 52.830 1.4   1
    88698  37.291248 -121.670980     4.302      -65.4      101.9      657.7     20.4     21.2     43.7 1986 11 25 13  0 35.660 1.0   1
   101361  37.290279 -121.668945     3.564      114.6       -5.3      -80.2     16.4     12.3     19.5 1987  6  3  6 56  7.740 1.9   1
   101362  37.288688 -121.671077     3.589      -74.2     -181.9      -55.6     16.0     12.2     18.5 1987  6  3  6 58 51.320 1.7   1
   102776  37.292151 -121.671647     3.607     -124.8      202.3      -37.4     16.3     15.2     19.5 1987  7  7  1 44 26.990 1.0   1
   103138  37.289339 -121.670247     3.550       -0.9     -109.7      -94.4     16.2     12.2     19.0 1987  7 14 19  2 57.020 1.7   1
   110939  37.290519 -121.671183     3.394      -83.6       21.2     -250.2     18.8     13.0     20.3 1988  1 15  1 56 42.310 1.4   1
   112868  37.292285 -121.671297     4.340      -94.1      217.3      695.3     18.1     16.5     26.4 1988  2 25 10  0 17.780 0.9   1
   120788  37.290324 -121.671997     3.602     -155.8       -0.6      -42.5     22.1     14.9     21.0 1988  7 23 10 42 21.740 1.5   1
   126189  37.289290 -121.670719     3.624      -42.9     -115.3      -20.0     19.7     13.9     20.4 1988 11  2  3  9 12.610 1.9   1
   126292  37.289701 -121.669523     3.500       63.5      -69.3     -144.8     18.8     15.6     19.7 1988 11  3  1 30  4.280 1.7   1
   126389  37.288721 -121.670085     3.593       13.4     -178.5      -51.1     16.1     12.2     18.6 1988 11  4 13 34 34.720 1.9   1
   148939  37.289400 -121.669116     3.555       99.3     -102.8      -89.4     19.0     15.9     24.0 1989 12 13  5 33 46.080 1.6   1
   158154  37.291947 -121.671558     3.687     -117.0      179.9       42.8     17.9     16.5     21.9 1990  5 23 11 11 37.580 1.0   1
   160503  37.290653 -121.668343     3.582      168.0       36.2      -62.6     16.6     15.3     19.7 1990  7  5 20  4 42.800 1.7   1
   205031  37.290767 -121.669531     3.394       63.0       48.7     -249.8     21.6     13.5     20.8 1991  1 20  5  0 30.930 1.2   1
   208364  37.292525 -121.671012     3.650      -68.6      243.7        5.8     24.0     17.1     24.4 1991  3 22 11 23 27.560 1.0   1
   215747  37.288908 -121.669840     3.579       35.4     -157.5      -65.5     16.2     15.1     18.8 1991  5 29  9 45 22.620 1.8   1
   227435  37.290535 -121.668758     3.415      131.2       22.8     -229.8     21.7     19.2     20.7 1991  8 10 17  6  5.760 1.2   1
   238704  37.290125 -121.669352     3.575       78.7      -22.7      -69.3     16.4     12.3     19.3 1991 12  3  5 24 24.980 2.0   1
   238790  37.289681 -121.669604     3.610       56.2      -72.0      -33.9     16.3     12.3     19.0 1991 12  4  0  8 49.550 1.9   1
   261841  37.292053 -121.671362     3.667      -99.3      191.7       22.9     18.0     17.4     28.9 1992  4  6  9 39 49.410 0.9   1
   312743  37.290731 -121.671566     3.674     -117.8       44.8       29.4     15.4     15.5     16.6 1992  8 29 17  4 29.020 1.6   1
   314921  37.288440 -121.667293     3.610      261.0     -209.8      -34.3     20.6     13.8     23.8 1992  9 11  1 22 13.650 1.1   1
   331552  37.292306 -121.672192     3.717     -173.0      219.3       72.3     21.1     17.8     26.8 1993  1  9 17 48 38.720 1.0   1
   331635  37.291463 -121.670833     3.512      -52.8      126.2     -132.5     26.8     17.4     20.3 1993  1 10 22 13  9.440 1.2   1
   352620  37.288810 -121.668075     3.578      192.3     -168.6      -66.4     18.8     15.7     19.3 1993  6  8  9 15  1.380 0.8   1
 30036393  37.292468 -121.670329     3.716       -7.8      237.5       72.0     19.9     17.8     29.4 1993 12  1  0 25 49.530 1.0   1
   389286  37.288371 -121.670703     3.576      -41.2     -217.1      -68.5     16.0     15.1     18.5 1993 12 20 22 35  7.800 1.8   1
   399980  37.290279 -121.670671     3.458      -38.2       -5.6     -186.1     20.5     16.0     20.1 1994  4  6  4 11 34.960 1.4   1
 30062741  37.289612 -121.671663     3.599     -126.3      -79.5      -45.2     18.6     13.0     18.8 1994 11 16 16 50 58.150 2.0   1
 30062748  37.290592 -121.668905     3.564      118.1       29.2      -80.8     24.1     19.8     20.0 1994 11 16 18  3 42.360 1.3   1
 30069218  37.289181 -121.668913     3.729      117.9     -127.1       84.4     19.6     19.5     21.7 1995  3  3  9 38 49.200 1.2   1
 30069222  37.289510 -121.669287     3.622       84.7      -90.6      -22.7     18.8     15.7     19.1 1995  3  3 12 30 15.850 1.8   1
 30069457  37.290401 -121.668538     3.442      150.7        8.2     -202.2     21.7     16.1     20.6 1995  3  7 13 19 41.960 1.3   1
 30092060  37.289433 -121.669963     3.565       24.8      -99.4      -79.6     18.7     15.6     19.2 1995 12 15 18 53 39.820 1.8   1
