    17842  37.289457 -121.668612     3.573      144.3      -96.7      -71.6     18.7     17.0     17.8 1984  4 25  4 35 19.170 1.9   1
    16751  37.289880 -121.674219     3.528     -352.6      -49.6     -116.2     22.4     16.6     24.0 1984  4 27  7 48 23.500 1.0   1
    21644  37.291191 -121.670199     3.596        3.6       95.8      -47.8     21.7     14.3     20.2 1984  6 27 14 50 38.140 1.6   1
    25096  37.290531 -121.669963     3.362       24.3       22.5     -282.6     21.1     19.2     21.4 1984  8  7  9  7  6.330 1.2   1
    28475  37.291207 -121.670964     3.422      -64.1       97.7     -222.7     27.6     21.4     50.7 1984  9 23  8 43 14.720 1.1   1
    32049  37.288310 -121.669808     3.555       38.3     -223.9      -89.2     16.6     12.4     20.0 1984 11 18  0 28 55.240 1.7   1
    35109  37.291052 -121.670321     3.512       -7.5       80.5     -132.3     15.8     13.0     16.9 1984 12 22  4 43 44.710 1.6   1
    42349  37.287683 -121.670378     3.735      -12.6     -293.4       91.1     27.1     15.1     19.9 1985  2 28  1  9 58.300 0.8   1
    42555  37.289067 -121.669718     3.626       46.1     -140.0      -18.3     15.7     12.9     16.7 1985  3  2  6 53 56.010 1.7   1
    42559  37.289783 -121.669710     3.539       46.6      -60.5     -104.9     16.6     12.5     19.5 1985  3  2  8 55  3.470 1.9   1
    42643  37.289237 -121.668962     3.512      113.0     -121.2     -132.0     16.7     12.5     19.9 1985  3  2  8 55 29.590 2.1   1
    42560  37.290479 -121.669702     3.613       47.7       16.8      -31.3     16.8     12.5     20.5 1985  3  2  8 58  0.480 1.2   1
    49626  37.291927 -121.670752     3.730      -45.1      177.6       85.4     19.9     16.4     26.9 1985  6 15  1 38 57.380 0.9   1
    54084  37.289921 -121.669995     3.558       21.8      -45.2      -86.8     17.1     13.0     21.0 1985  8 28 20 35 10.100 1.6   1
    57770  37.290348 -121.672298     3.433     -182.6        2.3     -211.7     25.5     17.9     24.1 1985 10 28  3 55 38.130 1.3   1
    62514  37.289315 -121.669320     3.570       81.6     -112.2      -74.3     19.2     15.9     20.4 1985 12 31 15 50 52.230 1.7   1
    62520  37.289132 -121.669588     3.622       58.0     -133.0      -22.2     17.8     19.5     27.4 1985 12 31 18  3  3.480 1.6   1
    67820  37.290495 -121.672445     3.573     -195.7       18.5      -71.0     23.0     17.5     27.0 1986  3  8 10 32  4.410 1.6   1
    73786  37.289616 -121.668066     3.287      192.4      -79.2     -357.8     19.3     18.9     21.6 1986  6  1 10 51 31.460 1.2   1
    77218  37.289905 -121.669352     3.531       78.5      -46.9     -113.2     15.7     13.1     16.2 1986  7 25  9 22 50.290 2.3   1
    77296  37.290922 -121.669043     3.549      106.1       66.0      -95.2     21.8     14.2     22.0 1986  7 25 16  1 52.100 1.1   1
    82606  37.291956 -121.671590     3.522     -120.0      180.5     -122.2     15.8     13.0     25.5 1986  9 15 20 17 49.920 2.7   1
    83805  37.291178 -121.670402     3.569      -14.7       94.3      -74.9     16.8     12.6     19.8 1986  9 25 12  1 52.830 1.4   1
    88698  37.291243 -121.670866     4.293      -55.2      101.7      648.3     21.0     21.9     45.8 1986 11 25 13  0 35.660 1.0   1
   101361  37.291121 -121.668986     3.361      111.3       88.2     -283.3     15.8     13.1     25.4 1987  6  3  6 56  7.740 1.9   1
   101362  37.288668 -121.671232     3.646      -87.8     -184.3        1.5     15.7     13.0     16.2 1987  6  3  6 58 51.320 1.7   1
   102776  37.292171 -121.671574     3.632     -118.5      204.8      -12.8     17.0     15.5     22.5 1987  7  7  1 44 26.990 1.0   1
   103138  37.289343 -121.670142     3.549        8.5     -109.4      -95.6     16.6     12.5     19.3 1987  7 14 19  2 57.020 1.7   1
   110939  37.290540 -121.671086     3.404      -75.0       23.3     -240.3     19.3     13.2     22.1 1988  1 15  1 56 42.310 1.4   1
   112868  37.292285 -121.671191     4.337      -84.2      217.2      692.5     18.4     16.8     27.1 1988  2 25 10  0 17.780 0.9   1
   120788  37.290259 -121.672168     3.653     -171.1       -7.7        8.3     21.3     15.1     19.3 1988  7 23 10 42 21.740 1.5   1
   126189  37.289246 -121.670752     3.645      -45.7     -120.3        0.9     18.8     14.3     17.4 1988 11  2  3  9 12.610 1.9   1
   126292  37.289709 -121.669417     3.502       73.0      -68.8     -142.1     19.1     16.0     19.2 1988 11  3  1 30  4.280 1.7   1
   126389  37.289510 -121.670101     3.397       12.1      -90.7     -247.5     15.7     13.1     24.7 1988 11  4 13 34 34.720 1.9   1
   148939  37.289417 -121.669279     3.608       85.2     -101.4      -36.1     18.1     16.8     20.9 1989 12 13  5 33 46.080 1.6   1
   158154  37.291923 -121.671566     3.699     -117.5      177.2       55.1     19.6     16.3     25.7 1990  5 23 11 11 37.580 1.0   1
   160503  37.290552 -121.668441     3.566      159.2       24.8      -78.5     15.8     16.0     16.8 1990  7  5 20  4 42.800 1.7   1
   205031  37.290767 -121.669417     3.393       72.7       48.9     -251.4     22.0     13.8     21.4 1991  1 20  5  0 30.930 1.2   1
   208364  37.292529 -121.670890     3.646      -57.8      244.1        2.1     23.9     17.9     23.4 1991  3 22 11 23 27.560 1.0   1
   215747  37.288896 -121.670011     3.630       20.1     -159.1      -14.3     15.7     16.0     16.1 1991  5 29  9 45 22.620 1.8   1
   227435  37.290540 -121.668636     3.412      141.8       23.4     -231.9     22.1     19.6     21.0 1991  8 10 17  6  5.760 1.2   1
   238704  37.290120 -121.669255     3.575       87.2      -22.9      -69.0     16.6     12.5     19.2 1991 12  3  5 24 24.980 2.0   1
   238790  37.289636 -121.669653     3.626       51.9      -76.6      -18.2     15.7     13.0     16.4 1991 12  4  0  8 49.550 1.9   1
   261841  37.290662 -121.672811     3.822     -227.8       36.9      177.5     27.8     17.4     53.5 1992  4  6  9 39 49.410 0.9   1
   312743  37.290759 -121.671427     3.674     -105.4       47.7       29.8     17.1     15.5     21.1 1992  8 29 17  4 29.020 1.6   1
   314921  37.288375 -121.667204     3.585      269.3     -216.9      -59.4     20.0     14.6     22.0 1992  9 11  1 22 13.650 1.1   1
   331552  37.292212 -121.672241     3.703     -177.9      209.0       58.7     22.9     17.2     30.8 1993  1  9 17 48 38.720 1.0   1
   331635  37.291463 -121.670736     3.511      -44.0      126.1     -133.0     27.6     17.7     21.6 1993  1 10 22 13  9.440 1.2   1
   352620  37.288810 -121.667961     3.578      202.2     -168.4      -66.0     19.5     16.0     20.7 1993  6  8  9 15  1.380 0.8   1
 30036393  37.292961 -121.670223     3.551        1.3      292.1      -92.9     20.4     17.6     47.6 1993 12  1  0 25 49.530 1.0   1
   389286  37.288383 -121.670589     3.578      -31.0     -215.8      -66.3     16.8     15.5     20.0 1993 12 20 22 35  7.800 1.8   1
   399980  37.290283 -121.670557     3.456      -28.1       -5.1     -188.5     21.0     16.3     20.5 1994  4  6  4 11 34.960 1.4   1
 30062741  37.289612 -121.671558     3.599     -116.8      -79.3      -45.3     19.2     13.4     19.7 1994 11 16 16 50 58.150 2.0   1
 30062748  37.290588 -121.668799     3.562      127.6       28.8      -82.8     24.7     20.2     20.9 1994 11 16 18  3 42.360 1.3   1
 30069218  37.289115 -121.668856     3.705      122.9     -134.4       60.6     21.1     19.6     24.2 1995  3  3  9 38 49.200 1.2   1
 30069222  37.289522 -121.669287     3.651       84.2      -89.6        6.2     18.2     16.3     16.8 1995  3  3 12 30 15.850 1.8   1
 30069457  37.290397 -121.668424     3.440      160.9        7.5     -204.7     22.1     16.3     21.6 1995  3  7 13 19 41.960 1.3   1
 30092060  37.289388 -121.670117     3.595       10.5     -104.3      -49.5     18.2     16.3     17.3 1995 12 15 18 53 39.820 1.8   1
