    17842  37.287366 -121.670402     3.604      -14.5     -328.9      -40.6      5.6      7.0     17.5 1984  4 25  4 35 19.170 1.9   1
    16751  37.289054 -121.672673     3.668     -215.8     -141.3       23.9     12.0     14.0     29.1 1984  4 27  7 48 23.500 1.0   1
    21644  37.288383 -121.672233     3.518     -177.0     -215.9     -126.7      6.1     20.1     53.7 1984  6 27 14 50 38.140 1.6   1
    25096  37.287699 -121.672062     3.533     -161.8     -291.5     -111.2     11.8     14.6     36.5 1984  8  7  9  7  6.330 1.2   1
    28475  37.289181 -121.672819     3.691     -228.4     -127.3       46.3      7.7     12.7     20.0 1984  9 23  8 43 14.720 1.1   1
    32049  37.287463 -121.670833     3.656      -52.9     -317.8       11.8      5.0      6.9     14.8 1984 11 18  0 28 55.240 1.7   1
    35109  37.288375 -121.672274     3.525     -180.0     -216.8     -119.6      6.2     19.4     51.6 1984 12 22  4 43 44.710 1.6   1
    42349  37.287415 -121.670915     3.668      -60.0     -323.4       23.9      7.3     13.1     43.6 1985  2 28  1  9 58.300 0.8   1
    42555  37.287329 -121.670475     3.628      -20.9     -333.0      -16.7      5.5      7.0     17.0 1985  3  2  6 53 56.010 1.7   1
    42559  37.288139 -121.671427     3.670     -105.5     -243.0       25.2      6.5      7.9     21.4 1985  3  2  8 55  3.470 1.9   1
    42643  37.287748 -121.671069     3.654      -73.4     -286.2       10.0      5.4      7.7     20.4 1985  3  2  8 55 29.590 2.1   1
    42560  37.288489 -121.671989     3.700     -155.4     -204.1       55.9      6.4     13.8     44.6 1985  3  2  8 58  0.480 1.2   1
    49626  37.288822 -121.672754     3.576     -222.9     -167.3      -68.7      6.5     20.6     52.8 1985  6 15  1 38 57.380 0.9   1
    54084  37.288151 -121.671159     3.649      -81.5     -241.6        4.7      5.9      7.1     16.0 1985  8 28 20 35 10.100 1.6   1
    57770  37.287769 -121.671932     3.541     -150.4     -284.2     -103.6     13.1     14.0     33.8 1985 10 28  3 55 38.130 1.3   1
    62514  37.287427 -121.670654     3.622      -37.0     -322.2      -22.7      5.0      6.9     14.9 1985 12 31 15 50 52.230 1.7   1
    62520  37.287337 -121.670410     3.617      -15.5     -332.0      -27.6      5.4      6.9     16.6 1985 12 31 18  3  3.480 1.6   1
    67820  37.288875 -121.672119     3.672     -166.7     -161.3       27.9     10.8     13.3     27.1 1986  3  8 10 32  4.410 1.6   1
    77218  37.288167 -121.671322     3.656      -96.0     -239.6       11.2      5.5      7.2     16.9 1986  7 25  9 22 50.290 2.3   1
    77296  37.288460 -121.671810     3.662     -139.3     -207.5       17.5      6.4      8.3     22.7 1986  7 25 16  1 52.100 1.1   1
    83805  37.288932 -121.672209     3.666     -174.4     -154.9       21.8      9.3     13.3     24.5 1986  9 25 12  1 52.830 1.4   1
    88698  37.290100 -121.672721     4.577     -220.2      -25.3      932.7      7.2     12.9     74.4 1986 11 25 13  0 35.660 1.0   1
   101361  37.288212 -121.671313     3.669      -95.6     -234.8       24.3      5.3      7.1     15.9 1987  6  3  6 56  7.740 1.9   1
   101362  37.287455 -121.670654     3.620      -37.0     -318.9      -24.2      5.0      6.8     14.8 1987  6  3  6 58 51.320 1.7   1
   102776  37.289176 -121.672681     3.675     -216.2     -127.7       31.0      8.5     12.7     22.2 1987  7  7  1 44 26.990 1.0   1
   103138  37.287817 -121.671037     3.655      -70.9     -278.7       10.3      4.9      6.8     14.8 1987  7 14 19  2 57.020 1.7   1
   110939  37.287756 -121.671981     3.543     -154.6     -285.6     -101.7     12.5     14.0     33.1 1988  1 15  1 56 42.310 1.4   1
   112868  37.290141 -121.672624     4.523     -211.5      -20.7      878.7      6.8     13.0     73.9 1988  2 25 10  0 17.780 0.9   1
   120788  37.288570 -121.672135     3.561     -168.5     -195.2      -83.1      6.3     19.1     51.8 1988  7 23 10 42 21.740 1.5   1
   126189  37.287455 -121.671509     3.412     -112.9     -318.8     -231.9      5.9     18.3     66.0 1988 11  2  3  9 12.610 1.9   1
   126292  37.287447 -121.670972     3.665      -64.7     -319.7       20.5      5.0      6.9     15.3 1988 11  3  1 30  4.280 1.7   1
   126389  37.287390 -121.670768     3.660      -47.2     -325.9       15.7      5.5      7.0     16.9 1988 11  4 13 34 34.720 1.9   1
   148939  37.287358 -121.669661     3.430       51.6     -329.7     -214.1      5.1      6.8     15.4 1989 12 13  5 33 46.080 1.6   1
   158154  37.290129 -121.672062     3.914     -161.6      -22.1      269.8      5.7     12.6     20.8 1990  5 23 11 11 37.580 1.0   1
   160503  37.287842 -121.670264     3.480       -2.0     -275.8     -164.6      5.4      8.3     18.1 1990  7  5 20  4 42.800 1.7   1
   205031  37.287598 -121.671012     3.360      -68.8     -303.0     -284.0     11.9     13.9     33.5 1991  1 20  5  0 30.930 1.2   1
   208364  37.290243 -121.672135     4.510     -168.1       -9.7      866.0      6.9     12.8     79.1 1991  3 22 11 23 27.560 1.0   1
   215747  37.287443 -121.669857     3.480       33.9     -320.4     -164.1      4.9      6.8     15.0 1991  5 29  9 45 22.620 1.8   1
   227435  37.287651 -121.671069     3.377      -73.5     -297.1     -267.3     12.0     13.9     33.2 1991  8 10 17  6  5.760 1.2   1
   238704  37.288163 -121.670630     3.545      -34.6     -240.1      -99.2      5.9      7.3     18.4 1991 12  3  5 24 24.980 2.0   1
   238790  37.287691 -121.670158     3.509        6.9     -292.6     -134.9      4.8      6.9     15.9 1991 12  4  0  8 49.550 1.9   1
   261841  37.289124 -121.671663     3.520     -126.1     -133.8     -124.5      7.9     12.6     20.2 1992  4  6  9 39 49.410 0.9   1
   312743  37.288839 -121.671338     3.553      -97.3     -165.5      -91.2     10.3     13.5     25.6 1992  8 29 17  4 29.020 1.6   1
   314921  37.287309 -121.669629     3.491       54.4     -335.2     -153.5      5.6      8.7     26.0 1992  9 11  1 22 13.650 1.1   1
   331552  37.290230 -121.672323     4.583     -184.7      -10.8      938.4      6.8     12.8     69.8 1993  1  9 17 48 38.720 1.0   1
   331635  37.288924 -121.671932     3.525     -150.0     -155.8     -119.6      9.2     13.0     24.2 1993  1 10 22 13  9.440 1.2   1
   352620  37.287667 -121.670117     3.498       11.0     -295.4     -146.0      6.4      7.8     22.4 1993  6  8  9 15  1.380 0.8   1
 30036393  37.290145 -121.672070     3.914     -162.6      -20.2      269.6      5.6     12.7     22.2 1993 12  1  0 25 49.530 1.0   1
   389286  37.287292 -121.669775     3.456       40.9     -336.9     -188.0      5.0      6.8     15.2 1993 12 20 22 35  7.800 1.8   1
   399980  37.287882 -121.671159     3.476      -81.2     -271.4     -168.7     12.2     13.9     32.5 1994  4  6  4 11 34.960 1.4   1
 30062741  37.288127 -121.670654     3.635      -37.0     -244.3       -9.1      5.5      8.0     18.2 1994 11 16 16 50 58.150 2.0   1
 30062748  37.288802 -121.671159     3.726      -81.7     -169.1       81.4      3.8     14.0     39.4 1994 11 16 18  3 42.360 1.3   1
 30069222  37.288277 -121.669865     3.881       33.4     -227.5      236.3      3.6     12.3     33.1 1995  3  3 12 30 15.850 1.8   1
 30069457  37.288086 -121.670003     3.857       20.8     -248.8      212.3      3.5     13.2     36.1 1995  3  7 13 19 41.960 1.3   1
 30092060  37.287618 -121.670028     3.534       19.0     -300.8     -110.3      5.0      6.8     15.2 1995 12 15 18 53 39.820 1.8   1
