    17842  37.287362 -121.670443     3.603      -18.1     -329.3      -40.9      6.0      7.0     17.9 1984  4 25  4 35 19.170 1.9   1
    16751  37.289014 -121.672591     3.660     -208.8     -146.0       15.5     12.6     13.9     30.0 1984  4 27  7 48 23.500 1.0   1
    21644  37.288302 -121.672201     3.482     -173.6     -224.9     -162.2     14.6     21.3     63.8 1984  6 27 14 50 38.140 1.6   1
    25096  37.287732 -121.672095     3.538     -164.2     -288.3     -106.8     12.3     15.0     37.7 1984  8  7  9  7  6.330 1.2   1
    28475  37.289067 -121.672713     3.652     -219.4     -139.8        7.6      6.3     18.0     42.5 1984  9 23  8 43 14.720 1.1   1
    32049  37.287467 -121.670882     3.658      -56.7     -317.3       13.6      5.4      6.8     15.5 1984 11 18  0 28 55.240 1.7   1
    35109  37.288257 -121.672192     3.470     -173.0     -230.0     -174.0     14.8     21.6     65.4 1984 12 22  4 43 44.710 1.6   1
    42349  37.287419 -121.670955     3.670      -63.7     -323.0       25.4      7.6     13.0     43.0 1985  2 28  1  9 58.300 0.8   1
    42555  37.287329 -121.670508     3.629      -24.0     -332.7      -15.6      5.9      7.0     17.4 1985  3  2  6 53 56.010 1.7   1
    42559  37.288151 -121.671476     3.675     -109.6     -241.4       30.4      6.8      7.8     21.1 1985  3  2  8 55  3.470 1.9   1
    42643  37.287764 -121.671110     3.659      -76.9     -284.7       14.5      5.8      7.7     20.6 1985  3  2  8 55 29.590 2.1   1
    42560  37.288163 -121.671940     3.569     -150.5     -240.3      -75.8      5.2     18.1     58.2 1985  3  2  8 58  0.480 1.2   1
    49626  37.289030 -121.672713     3.664     -219.0     -144.1       19.4      9.7     20.3     63.3 1985  6 15  1 38 57.380 0.9   1
    54084  37.288163 -121.671200     3.653      -85.3     -240.2        8.2      6.3      7.0     16.4 1985  8 28 20 35 10.100 1.6   1
    57770  37.287764 -121.671981     3.536     -154.3     -284.4     -108.8     13.5     14.5     35.8 1985 10 28  3 55 38.130 1.3   1
    62514  37.287427 -121.670695     3.623      -40.7     -321.9      -21.2      5.4      6.8     15.6 1985 12 31 15 50 52.230 1.7   1
    62520  37.287337 -121.670459     3.618      -19.3     -331.7      -26.5      5.8      6.9     17.0 1985 12 31 18  3  3.480 1.6   1
    67820  37.288863 -121.672095     3.669     -164.4     -162.6       24.9     15.5     16.0     37.4 1986  3  8 10 32  4.410 1.6   1
    77218  37.288175 -121.671362     3.658      -99.6     -238.8       13.3      5.9      7.2     17.4 1986  7 25  9 22 50.290 2.3   1
    77296  37.288460 -121.671851     3.664     -143.1     -207.1       19.2      6.7      8.3     23.3 1986  7 25 16  1 52.100 1.1   1
    83805  37.288912 -121.672160     3.658     -170.5     -157.3       13.9     13.7     15.7     33.0 1986  9 25 12  1 52.830 1.4   1
    88698  37.290080 -121.672664     4.585     -214.8      -27.3      940.9      7.4     12.7     70.0 1986 11 25 13  0 35.660 1.0   1
   101361  37.288216 -121.671354     3.670      -98.9     -234.3       25.3      5.7      7.0     16.3 1987  6  3  6 56  7.740 1.9   1
   101362  37.287459 -121.670695     3.622      -40.5     -318.5      -22.1      5.4      6.8     15.5 1987  6  3  6 58 51.320 1.7   1
   102776  37.289132 -121.672559     3.659     -206.0     -132.6       15.1      8.8     12.5     22.5 1987  7  7  1 44 26.990 1.0   1
   103138  37.287826 -121.671077     3.658      -74.5     -277.8       13.3      5.4      6.8     15.4 1987  7 14 19  2 57.020 1.7   1
   110939  37.287777 -121.672005     3.545     -156.5     -283.0      -99.1     13.0     14.5     34.9 1988  1 15  1 56 42.310 1.4   1
   112868  37.290104 -121.672575     4.518     -207.5      -25.0      873.8      7.0     12.7     71.3 1988  2 25 10  0 17.780 0.9   1
   120788  37.288375 -121.672070     3.480     -162.6     -216.7     -163.9     14.8     21.6     64.5 1988  7 23 10 42 21.740 1.5   1
   126189  37.287467 -121.671558     3.417     -116.6     -317.3     -227.4      6.3     18.2     65.5 1988 11  2  3  9 12.610 1.9   1
   126292  37.287455 -121.671004     3.668      -68.1     -318.9       23.5      5.5      6.9     15.8 1988 11  3  1 30  4.280 1.7   1
   126389  37.287398 -121.670817     3.662      -51.0     -325.3       17.5      5.9      7.0     17.3 1988 11  4 13 34 34.720 1.9   1
   148939  37.287366 -121.669686     3.433       48.8     -328.9     -211.5      5.5      6.8     16.0 1989 12 13  5 33 46.080 1.6   1
   158154  37.290564 -121.671965     4.074     -152.8       26.1      430.1      6.1     17.1     36.6 1990  5 23 11 11 37.580 1.0   1
   160503  37.287838 -121.670288     3.479       -4.5     -276.5     -164.9      5.8      8.3     18.7 1990  7  5 20  4 42.800 1.7   1
   205031  37.287618 -121.671037     3.363      -70.9     -300.6     -281.6     12.4     14.4     35.3 1991  1 20  5  0 30.930 1.2   1
   208364  37.290206 -121.672095     4.508     -164.2      -13.4      863.7      7.0     12.6     69.1 1991  3 22 11 23 27.560 1.0   1
   215747  37.287443 -121.669889     3.481       31.1     -320.2     -162.9      5.3      6.7     15.7 1991  5 29  9 45 22.620 1.8   1
   227435  37.287671 -121.671094     3.379      -75.6     -294.9     -265.8     12.5     14.3     35.1 1991  8 10 17  6  5.760 1.2   1
   238704  37.288175 -121.670662     3.548      -37.6     -239.0      -96.5      6.2      7.3     18.7 1991 12  3  5 24 24.980 2.0   1
   238790  37.287695 -121.670199     3.511        3.7     -292.3     -133.7      5.3      6.9     16.5 1991 12  4  0  8 49.550 1.9   1
   261841  37.289050 -121.671533     3.492     -114.8     -141.7     -152.5      8.3     12.4     20.7 1992  4  6  9 39 49.410 0.9   1
   312743  37.288822 -121.671322     3.549      -95.6     -167.2      -95.6     15.1     16.1     35.9 1992  8 29 17  4 29.020 1.6   1
   314921  37.287321 -121.669661     3.497       51.2     -333.8     -147.5      6.0      8.7     26.3 1992  9 11  1 22 13.650 1.1   1
   331552  37.290198 -121.672282     4.580     -180.8      -14.2      936.1      6.9     12.6     62.3 1993  1  9 17 48 38.720 1.0   1
   331635  37.288875 -121.671851     3.511     -143.0     -161.3     -133.1      9.7     12.8     24.7 1993  1 10 22 13  9.440 1.2   1
   352620  37.287671 -121.670150     3.501        8.0     -294.9     -143.6      6.7      7.7     22.7 1993  6  8  9 15  1.380 0.8   1
 30036393  37.290556 -121.671973     4.065     -153.9       25.5      420.8      6.0     17.8     38.6 1993 12  1  0 25 49.530 1.0   1
   389286  37.287297 -121.669816     3.458       37.6     -336.7     -186.7      5.4      6.8     15.8 1993 12 20 22 35  7.800 1.8   1
   399980  37.287907 -121.671175     3.478      -82.9     -268.9     -166.7     12.7     14.4     34.4 1994  4  6  4 11 34.960 1.4   1
 30062741  37.288110 -121.670679     3.633      -39.3     -246.0      -11.1      5.9      8.1     18.7 1994 11 16 16 50 58.150 2.0   1
 30062748  37.288749 -121.671183     3.701      -83.8     -175.2       56.6      4.0     14.2     40.9 1994 11 16 18  3 42.360 1.3   1
 30069222  37.288265 -121.669889     3.875       30.7     -228.9      230.6      3.8     12.3     33.6 1995  3  3 12 30 15.850 1.8   1
 30069457  37.288062 -121.670036     3.848       17.8     -251.4      203.4      3.7     13.3     37.1 1995  3  7 13 19 41.960 1.3   1
 30092060  37.287622 -121.670052     3.536       16.2     -300.2     -108.6      5.5      6.8     15.8 1995 12 15 18 53 39.820 1.8   1
