    17842  37.287317 -121.670264     3.614       -1.8     -334.2      -30.7     11.3      8.9     17.1 1984  4 25  4 35 19.170 1.9   1
    16751  37.288969 -121.673250     3.641     -267.1     -151.0       -3.1     24.6     38.6    103.7 1984  4 27  7 48 23.500 1.0   1
    21644  37.288391 -121.672648     3.565     -213.3     -215.0      -79.5     18.7     20.5     60.6 1984  6 27 14 50 38.140 1.6   1
    25096  37.287870 -121.671940     3.573     -150.6     -273.0      -71.4     16.5     16.8     39.2 1984  8  7  9  7  6.330 1.2   1
    28475  37.288660 -121.673104     3.546     -254.0     -185.3      -98.7     20.3     28.5     81.4 1984  9 23  8 43 14.720 1.1   1
    32049  37.287423 -121.670679     3.665      -39.0     -322.6       20.9     11.2      8.8     15.6 1984 11 18  0 28 55.240 1.7   1
    35109  37.288354 -121.672607     3.552     -210.2     -219.1      -92.7     18.9     20.5     61.0 1984 12 22  4 43 44.710 1.6   1
    42349  37.287386 -121.670785     3.689      -48.3     -326.7       44.2     11.9     11.8     33.0 1985  2 28  1  9 58.300 0.8   1
    42555  37.287280 -121.670312     3.633       -6.1     -338.3      -11.0     11.2      8.9     16.5 1985  3  2  6 53 56.010 1.7   1
    42559  37.288094 -121.671338     3.688      -97.3     -248.0       43.8     11.7      9.2     19.0 1985  3  2  8 55  3.470 1.9   1
    42643  37.287712 -121.670923     3.667      -60.6     -290.6       22.3     11.3      9.2     18.6 1985  3  2  8 55 29.590 2.1   1
    42560  37.288489 -121.671899     3.740     -147.2     -204.0       95.2     11.6     11.7     31.2 1985  3  2  8 58  0.480 1.2   1
    49626  37.288733 -121.672990     3.573     -243.6     -177.0      -71.2     20.6     29.0     82.1 1985  6 15  1 38 57.380 0.9   1
    54084  37.288078 -121.671053     3.658      -72.1     -249.6       13.3     11.5      9.0     16.3 1985  8 28 20 35 10.100 1.6   1
    57770  37.287878 -121.671851     3.563     -142.7     -271.9      -81.1     17.3     16.7     39.2 1985 10 28  3 55 38.130 1.3   1
    62514  37.287386 -121.670516     3.633      -24.8     -326.4      -11.0     11.1      8.8     15.5 1985 12 31 15 50 52.230 1.7   1
    62520  37.287288 -121.670256     3.623       -1.5     -337.3      -21.5     11.2      8.8     16.3 1985 12 31 18  3  3.480 1.6   1
    67820  37.288599 -121.672445     3.611     -195.5     -192.0      -33.8     17.0     25.1     72.6 1986  3  8 10 32  4.410 1.6   1
    77218  37.288106 -121.671183     3.662      -83.9     -246.8       17.2     11.3      9.0     16.8 1986  7 25  9 22 50.290 2.3   1
    77296  37.288420 -121.671729     3.688     -132.4     -211.9       44.1     11.8      9.7     21.9 1986  7 25 16  1 52.100 1.1   1
    83805  37.288688 -121.672542     3.617     -204.4     -181.9      -26.9     16.7     22.4     64.9 1986  9 25 12  1 52.830 1.4   1
    88698  37.290544 -121.672616     4.412     -210.4       23.8      768.1     99.7     74.3    137.9 1986 11 25 13  0 35.660 1.0   1
   101361  37.288139 -121.671183     3.675      -83.8     -242.9       31.1     11.3      8.9     16.3 1987  6  3  6 56  7.740 1.9   1
   101362  37.287415 -121.670508     3.631      -23.8     -323.3      -13.2     11.1      8.8     15.5 1987  6  3  6 58 51.320 1.7   1
   102776  37.289001 -121.672949     3.648     -240.3     -147.3        3.5     20.1     26.7     74.8 1987  7  7  1 44 26.990 1.0   1
   103138  37.287760 -121.670898     3.664      -58.7     -284.7       19.5     11.1      8.8     15.5 1987  7 14 19  2 57.020 1.7   1
   110939  37.287891 -121.671842     3.568     -142.2     -270.7      -75.9     17.0     16.5     38.2 1988  1 15  1 56 42.310 1.4   1
   112868  37.290552 -121.672591     4.359     -208.4       24.7      714.4     99.6     74.2    135.2 1988  2 25 10  0 17.780 0.9   1
   120788  37.288428 -121.672485     3.546     -199.3     -211.1      -97.9     18.8     20.5     60.5 1988  7 23 10 42 21.740 1.5   1
   126189  37.287362 -121.671395     3.406     -102.2     -329.1     -238.3     14.6     28.5    103.6 1988 11  2  3  9 12.610 1.9   1
   126292  37.287406 -121.670809     3.674      -50.4     -324.2       29.9     11.2      8.8     15.9 1988 11  3  1 30  4.280 1.7   1
   126389  37.287345 -121.670614     3.668      -33.4     -331.2       24.2     11.3      8.9     16.6 1988 11  4 13 34 34.720 1.9   1
   148939  37.287333 -121.669531     3.453       63.0     -332.1     -191.2     11.6      9.1     19.3 1989 12 13  5 33 46.080 1.6   1
   158154  37.290198 -121.672485     3.831     -199.4      -14.2      186.6    133.8    100.5    163.4 1990  5 23 11 11 37.580 1.0   1
   160503  37.287821 -121.670142     3.503        8.3     -278.2     -141.6     11.4      9.6     18.6 1990  7  5 20  4 42.800 1.7   1
   205031  37.287777 -121.670866     3.400      -55.4     -283.4     -244.8     17.1     16.7     40.5 1991  1 20  5  0 30.930 1.2   1
   208364  37.290678 -121.672176     4.500     -171.7       38.7      855.4     99.9     74.4    140.4 1991  3 22 11 23 27.560 1.0   1
   215747  37.287415 -121.669702     3.497       47.5     -323.4     -147.6     11.3      8.9     17.3 1991  5 29  9 45 22.620 1.8   1
   227435  37.287830 -121.670915     3.418      -60.2     -277.3     -226.7     17.0     16.6     39.9 1991  8 10 17  6  5.760 1.2   1
   238704  37.288123 -121.670508     3.563      -23.8     -244.7      -81.7     11.4      9.0     17.6 1991 12  3  5 24 24.980 2.0   1
   238790  37.287659 -121.670011     3.525       19.9     -296.3     -119.6     11.1      8.9     16.8 1991 12  4  0  8 49.550 1.9   1
   261841  37.289258 -121.672103     3.639     -165.4     -118.6       -5.2     25.7     21.5     61.1 1992  4  6  9 39 49.410 0.9   1
   312743  37.289034 -121.671777     3.679     -136.7     -143.4       35.1     19.1     17.5     41.9 1992  8 29 17  4 29.020 1.6   1
   314921  37.287301 -121.669458     3.512       69.1     -335.8     -132.2     11.5     11.8     33.6 1992  9 11  1 22 13.650 1.1   1
   331552  37.290670 -121.672306     4.529     -183.5       38.2      885.2     99.9     74.4    132.0 1993  1  9 17 48 38.720 1.0   1
   331635  37.289103 -121.672371     3.661     -188.9     -135.7       17.0     20.0     20.1     47.1 1993  1 10 22 13  9.440 1.2   1
   352620  37.287651 -121.669946     3.515       25.9     -297.3     -129.0     11.7      9.3     21.2 1993  6  8  9 15  1.380 0.8   1
 30036393  37.290194 -121.672493     3.822     -199.9      -15.0      177.6    133.8    100.8    166.2 1993 12  1  0 25 49.530 1.0   1
   389286  37.287268 -121.669629     3.473       54.1     -339.7     -171.6     11.4      8.9     18.1 1993 12 20 22 35  7.800 1.8   1
   399980  37.288062 -121.671012     3.516      -68.4     -251.8     -128.1     16.8     16.5     38.0 1994  4  6  4 11 34.960 1.4   1
 30062741  37.288078 -121.670508     3.647      -23.9     -249.9        2.2     11.3      9.5     17.9 1994 11 16 16 50 58.150 2.0   1
 30062748  37.288578 -121.670972     3.664      -64.7     -194.4       20.1     10.7     15.3     40.1 1994 11 16 18  3 42.360 1.3   1
 30069222  37.288143 -121.669686     3.854       49.1     -242.5      209.2     10.8     14.8     38.2 1995  3  3 12 30 15.850 1.8   1
 30069457  37.287834 -121.669849     3.792       34.4     -276.9      147.5     10.9     17.0     46.4 1995  3  7 13 19 41.960 1.3   1
 30092060  37.287581 -121.669857     3.543       33.8     -305.0     -100.9     11.2      8.8     16.5 1995 12 15 18 53 39.820 1.8   1
