    17842  37.287325 -121.670256     3.619       -1.2     -333.4      -25.3     10.9      8.7     15.7 1984  4 25  4 35 19.170 1.9   1
    16751  37.289124 -121.673250     3.646     -267.1     -133.7        2.0     20.5     26.3     59.7 1984  4 27  7 48 23.500 1.0   1
    21644  37.288363 -121.672461     3.562     -196.8     -218.3      -81.8     15.8     18.7     51.0 1984  6 27 14 50 38.140 1.6   1
    25096  37.288005 -121.672013     3.599     -157.2     -257.9      -45.0     17.1     16.6     39.4 1984  8  7  9  7  6.330 1.2   1
    28475  37.288713 -121.673169     3.556     -260.1     -179.2      -88.3     24.4     21.5     60.8 1984  9 23  8 43 14.720 1.1   1
    32049  37.287431 -121.670679     3.671      -39.2     -321.6       26.5     10.8      8.6     14.0 1984 11 18  0 28 55.240 1.7   1
    35109  37.288330 -121.672453     3.554     -196.1     -221.6      -90.4     15.8     18.7     51.4 1984 12 22  4 43 44.710 1.6   1
    42349  37.287354 -121.670760     3.678      -46.5     -329.9       33.7     11.1     18.8     57.6 1985  2 28  1  9 58.300 0.8   1
    42555  37.287288 -121.670296     3.638       -5.1     -337.3       -6.2     10.8      8.6     15.2 1985  3  2  6 53 56.010 1.7   1
    42559  37.287862 -121.671313     3.602      -95.0     -273.6      -41.8     10.6     13.7     36.3 1985  3  2  8 55  3.470 1.9   1
    42643  37.287724 -121.670931     3.674      -61.1     -289.2       30.1     10.8      8.9     16.8 1985  3  2  8 55 29.590 2.1   1
    42560  37.288013 -121.671777     3.556     -136.5     -256.8      -88.6     11.1     18.6     58.1 1985  3  2  8 58  0.480 1.2   1
    49626  37.288757 -121.673128     3.587     -256.0     -174.4      -57.6     24.3     21.1     58.9 1985  6 15  1 38 57.380 0.9   1
    54084  37.288098 -121.671061     3.667      -73.2     -247.4       22.6     11.1      8.7     14.5 1985  8 28 20 35 10.100 1.6   1
    57770  37.288017 -121.671916     3.589     -148.8     -256.5      -55.2     17.7     16.4     39.1 1985 10 28  3 55 38.130 1.3   1
    62514  37.287398 -121.670516     3.640      -24.8     -325.1       -4.8     10.7      8.6     14.0 1985 12 31 15 50 52.230 1.7   1
    62520  37.287297 -121.670247     3.627       -0.9     -336.3      -17.0     10.8      8.6     15.0 1985 12 31 18  3  3.480 1.6   1
    67820  37.288448 -121.672233     3.552     -176.8     -208.8      -92.0     16.2     18.0     48.6 1986  3  8 10 32  4.410 1.6   1
    77218  37.288110 -121.671191     3.669      -84.8     -245.9       24.5     10.9      8.6     14.5 1986  7 25  9 22 50.290 2.3   1
    77296  37.288322 -121.671704     3.653     -129.9     -222.6        8.9     10.5     14.5     38.9 1986  7 25 16  1 52.100 1.1   1
    83805  37.288509 -121.672347     3.554     -186.8     -202.0      -89.9     15.8     18.1     47.6 1986  9 25 12  1 52.830 1.4   1
    88698  37.290556 -121.672697     4.432     -217.9       25.3      787.7     95.2     71.3    132.7 1986 11 25 13  0 35.660 1.0   1
   101361  37.288070 -121.671183     3.651      -83.5     -250.6        6.9     10.4     12.0     29.3 1987  6  3  6 56  7.740 1.9   1
   101362  37.287423 -121.670508     3.637      -23.9     -322.2       -7.4     10.7      8.6     14.1 1987  6  3  6 58 51.320 1.7   1
   102776  37.288871 -121.673022     3.595     -247.0     -161.9      -49.1     24.4     19.5     51.2 1987  7  7  1 44 26.990 1.0   1
   103138  37.287777 -121.670915     3.671      -59.5     -283.3       26.2     10.7      8.5     13.6 1987  7 14 19  2 57.020 1.7   1
   110939  37.288029 -121.671916     3.595     -149.0     -255.3      -49.4     17.5     16.3     38.3 1988  1 15  1 56 42.310 1.4   1
   112868  37.290568 -121.672673     4.381     -215.8       26.4      736.9     95.2     71.2    128.6 1988  2 25 10  0 17.780 0.9   1
   120788  37.288407 -121.672331     3.549     -185.3     -213.3      -95.6     15.8     18.7     51.2 1988  7 23 10 42 21.740 1.5   1
   126189  37.287362 -121.671403     3.410     -103.1     -329.2     -233.9     13.7     26.2     95.1 1988 11  2  3  9 12.610 1.9   1
   126292  37.287423 -121.670809     3.681      -50.3     -322.6       36.2     10.8      8.6     14.4 1988 11  3  1 30  4.280 1.7   1
   126389  37.287354 -121.670614     3.674      -33.0     -330.2       29.7     10.9      8.7     15.4 1988 11  4 13 34 34.720 1.9   1
   148939  37.287345 -121.669523     3.459       63.3     -330.9     -185.6     11.1      8.8     17.6 1989 12 13  5 33 46.080 1.6   1
   158154  37.290202 -121.672526     3.844     -203.0      -14.2      199.4    126.4     95.6    152.7 1990  5 23 11 11 37.580 1.0   1
   160503  37.287830 -121.670150     3.509        7.7     -277.1     -135.6     11.0      9.3     16.9 1990  7  5 20  4 42.800 1.7   1
   205031  37.287911 -121.670931     3.425      -61.1     -268.4     -219.8     17.5     16.4     40.3 1991  1 20  5  0 30.930 1.2   1
   208364  37.290686 -121.672282     4.546     -181.0       39.9      901.2     95.5     71.5    124.9 1991  3 22 11 23 27.560 1.0   1
   215747  37.287423 -121.669702     3.502       47.4     -322.4     -142.0     10.9      8.6     15.7 1991  5 29  9 45 22.620 1.8   1
   227435  37.287964 -121.670988     3.443      -66.2     -262.3     -201.7     17.3     16.4     39.7 1991  8 10 17  6  5.760 1.2   1
   238704  37.288135 -121.670516     3.569      -24.5     -243.5      -75.6     11.0      8.7     15.7 1991 12  3  5 24 24.980 2.0   1
   238790  37.287667 -121.670020     3.531       19.6     -295.3     -113.5     10.7      8.6     15.1 1991 12  4  0  8 49.550 1.9   1
   261841  37.289339 -121.672119     3.653     -166.8     -109.8        8.2     26.2     22.2     62.3 1992  4  6  9 39 49.410 0.9   1
   312743  37.289152 -121.671631     3.733     -123.3     -130.5       88.6     12.7     23.4     66.0 1992  8 29 17  4 29.020 1.6   1
   314921  37.287301 -121.669450     3.514       69.7     -335.8     -130.4     11.1     11.4     31.9 1992  9 11  1 22 13.650 1.1   1
   331552  37.290686 -121.672420     4.574     -193.1       39.7      930.1     95.5     71.5    122.9 1993  1  9 17 48 38.720 1.0   1
   331635  37.289168 -121.672323     3.666     -184.5     -128.6       21.3     19.9     20.5     48.0 1993  1 10 22 13  9.440 1.2   1
   352620  37.287655 -121.669954     3.521       25.6     -296.7     -123.8     11.2      9.1     19.5 1993  6  8  9 15  1.380 0.8   1
 30036393  37.290186 -121.672534     3.834     -203.5      -15.7      189.4    126.4     95.9    154.8 1993 12  1  0 25 49.530 1.0   1
   389286  37.287272 -121.669629     3.478       54.1     -339.2     -166.7     11.0      8.7     16.6 1993 12 20 22 35  7.800 1.8   1
   399980  37.288200 -121.671077     3.542      -74.4     -236.2     -102.0     17.2     16.3     38.0 1994  4  6  4 11 34.960 1.4   1
 30062741  37.288086 -121.670516     3.653      -24.3     -248.6        9.2     10.9      9.3     16.3 1994 11 16 16 50 58.150 2.0   1
 30062748  37.288660 -121.671045     3.703      -71.5     -185.2       58.6     11.3      9.5     18.1 1994 11 16 18  3 42.360 1.3   1
 30069222  37.287968 -121.669710     3.794       46.7     -262.1      149.4     12.5     23.8     65.5 1995  3  3 12 30 15.850 1.8   1
 30069457  37.287789 -121.669840     3.778       35.2     -281.9      133.5     10.7     16.6     46.3 1995  3  7 13 19 41.960 1.3   1
 30092060  37.287590 -121.669857     3.549       33.9     -304.0      -95.0     10.8      8.6     14.9 1995 12 15 18 53 39.820 1.8   1
