    17842  37.289303 -121.669124     3.593       98.6     -113.9      -50.9      1.2      0.8      1.0 1984  4 25  4 35 19.170 1.9   1
    16751  37.289547 -121.675130     3.479     -433.5      -86.9     -165.1      1.1      0.7      0.7 1984  4 27  7 48 23.500 1.0   1
    21644  37.290792 -121.671313     3.622      -95.1       51.6      -22.0      0.9      0.6      0.7 1984  6 27 14 50 38.140 1.6   1
    25096  37.290263 -121.671134     3.392      -79.3       -7.4     -252.5      0.9      0.7      0.8 1984  8  7  9  7  6.330 1.2   1
    28475  37.291715 -121.670768     3.411      -46.9      154.1     -233.4      1.1      0.8      1.2 1984  9 23  8 43 14.720 1.1   1
    32049  37.288660 -121.668962     3.530      113.3     -185.2     -114.0      1.1      0.7      0.9 1984 11 18  0 28 55.240 1.7   1
    35109  37.291012 -121.670540     3.515      -27.0       75.9     -129.0      1.1      0.7      0.9 1984 12 22  4 43 44.710 1.6   1
    42349  37.286690 -121.673258     3.746     -267.7     -403.9      101.2      1.3      0.7      0.7 1985  2 28  1  9 58.300 0.8   1
    42555  37.289294 -121.669141     3.594       97.6     -114.5      -50.5      0.9      0.5      0.7 1985  3  2  6 53 56.010 1.7   1
    42559  37.289689 -121.670060     3.547       15.8      -70.9      -97.1      1.0      0.6      0.8 1985  3  2  8 55  3.470 1.9   1
    42643  37.288949 -121.669824     3.534       36.5     -153.1     -109.9      1.1      0.7      0.9 1985  3  2  8 55 29.590 2.1   1
    42560  37.289734 -121.671729     3.654     -132.3      -65.9        9.4      1.8      1.1      1.3 1985  3  2  8 58  0.480 1.2   1
    49626  37.291056 -121.673104     3.731     -254.1       80.9       86.5      0.9      0.6      0.8 1985  6 15  1 38 57.380 0.9   1
    54084  37.290267 -121.669181     3.538       94.1       -6.8     -105.9      1.9      1.1      1.6 1985  8 28 20 35 10.100 1.6   1
    57770  37.290747 -121.671297     3.399      -94.0       46.4     -245.7      1.2      0.8      0.9 1985 10 28  3 55 38.130 1.3   1
    62514  37.289648 -121.668400     3.543      163.1      -75.2     -101.7      0.9      0.6      0.8 1985 12 31 15 50 52.230 1.7   1
    62520  37.289282 -121.669165     3.595       94.9     -115.8      -48.9      1.0      0.8      1.0 1985 12 31 18  3  3.480 1.6   1
    67820  37.290658 -121.672119     3.565     -166.8       36.7      -79.6      1.1      0.7      1.0 1986  3  8 10 32  4.410 1.6   1
    73786  37.289384 -121.669157     3.318       96.2     -104.7     -326.2      0.9      0.7      0.8 1986  6  1 10 51 31.460 1.2   1
    77218  37.289681 -121.670085     3.548       13.7      -72.0      -96.0      1.1      0.7      0.9 1986  7 25  9 22 50.290 2.3   1
    77296  37.290413 -121.670337     3.561       -9.0        9.3      -83.2      0.9      0.6      0.7 1986  7 25 16  1 52.100 1.1   1
    82606  37.291683 -121.670980     3.651      -65.7      150.2        6.3      1.3      0.8      1.0 1986  9 15 20 17 49.920 2.7   1
    83805  37.291142 -121.670589     3.573      -31.2       90.4      -71.2      0.9      0.6      0.8 1986  9 25 12  1 52.830 1.4   1
    88698  37.291121 -121.671452     4.327     -107.5       87.9      682.9      0.9      0.8      1.6 1986 11 25 13  0 35.660 1.0   1
   101361  37.290393 -121.668636     3.556      142.0        7.3      -88.2      0.8      0.5      0.7 1987  6  3  6 56  7.740 1.9   1
   101362  37.289197 -121.669629     3.573       54.2     -125.5      -71.1      2.2      1.3      1.7 1987  6  3  6 58 51.320 1.7   1
   102776  37.292358 -121.671012     3.593      -68.9      225.5      -51.8      0.9      0.6      0.8 1987  7  7  1 44 26.990 1.0   1
   103138  37.289437 -121.669995     3.544       21.9      -98.8     -100.6      0.8      0.5      0.7 1987  7 14 19  2 57.020 1.7   1
   110939  37.290499 -121.671224     3.395      -87.3       19.1     -248.9      0.9      0.5      0.8 1988  1 15  1 56 42.310 1.4   1
   112868  37.292094 -121.671777     4.366     -136.7      195.8      722.0      0.9      0.7      1.1 1988  2 25 10  0 17.780 0.9   1
   120788  37.291252 -121.669775     3.518       40.8      102.3     -126.5      1.1      0.7      0.9 1988  7 23 10 42 21.740 1.5   1
   126189  37.289571 -121.670036     3.600       17.7      -84.1      -44.5      1.1      0.7      0.9 1988 11  2  3  9 12.610 1.9   1
   126292  37.289775 -121.669287     3.493       84.8      -61.3     -151.0      0.9      0.6      0.8 1988 11  3  1 30  4.280 1.7   1
   126389  37.288826 -121.669800     3.586       38.9     -166.5      -58.0      0.8      0.5      0.7 1988 11  4 13 34 34.720 1.9   1
   148939  37.289644 -121.668408     3.543      162.4      -75.8     -101.3      0.9      0.6      0.9 1989 12 13  5 33 46.080 1.6   1
   158154  37.291911 -121.671680     3.694     -127.6      175.8       49.9      0.9      0.6      0.9 1990  5 23 11 11 37.580 1.0   1
   160503  37.290295 -121.669442     3.611       70.5       -3.6      -33.0      1.1      0.7      0.9 1990  7  5 20  4 42.800 1.7   1
   205031  37.290731 -121.669604     3.396       56.0       44.8     -248.0      1.0      0.6      0.8 1991  1 20  5  0 30.930 1.2   1
   208364  37.292505 -121.671053     3.650      -72.0      241.4        5.8      1.1      0.7      0.9 1991  3 22 11 23 27.560 1.0   1
   215747  37.289294 -121.668547     3.554      149.8     -114.7      -90.3      1.9      1.2      1.6 1991  5 29  9 45 22.620 1.8   1
   227435  37.290141 -121.670264     3.446       -2.0      -20.7     -198.2      1.1      0.7      0.8 1991  8 10 17  6  5.760 1.2   1
   238704  37.290385 -121.668660     3.557      139.9        6.3      -87.2      0.9      0.6      0.8 1991 12  3  5 24 24.980 2.0   1
   238790  37.289795 -121.669287     3.603       84.5      -59.0      -41.6      0.8      0.5      0.7 1991 12  4  0  8 49.550 1.9   1
   261841  37.292367 -121.670150     3.592        7.7      226.4      -52.5      1.0      0.7      1.2 1992  4  6  9 39 49.410 0.9   1
   312743  37.290983 -121.670662     3.634      -37.6       72.7      -10.7      1.3      0.9      1.1 1992  8 29 17  4 29.020 1.6   1
   314921  37.288171 -121.667928     3.620      205.1     -239.2      -24.5      0.9      0.6      0.9 1992  9 11  1 22 13.650 1.1   1
   331552  37.292395 -121.671859     3.703     -143.8      229.3       58.4      1.0      0.7      1.0 1993  1  9 17 48 38.720 1.0   1
   331635  37.291256 -121.671476     3.519     -109.4      103.0     -125.3      1.3      0.7      0.8 1993  1 10 22 13  9.440 1.2   1
   352620  37.288786 -121.668132     3.580      186.7     -171.1      -64.3      0.9      0.6      0.7 1993  6  8  9 15  1.380 0.8   1
 30036393  37.292293 -121.670972     3.756      -65.2      218.0      111.8      0.9      0.7      1.1 1993 12  1  0 25 49.530 1.0   1
   389286  37.288782 -121.669312     3.553       82.6     -171.7      -91.0      1.9      1.2      1.5 1993 12 20 22 35  7.800 1.8   1
   399980  37.290393 -121.670321     3.449       -7.5        7.1     -195.1      0.9      0.6      0.8 1994  4  6  4 11 34.960 1.4   1
 30062741  37.289575 -121.671745     3.601     -133.6      -83.5      -43.1      0.9      0.6      0.7 1994 11 16 16 50 58.150 2.0   1
 30062748  37.290641 -121.668709     3.560      136.0       34.8      -84.1      1.2      0.8      0.8 1994 11 16 18  3 42.360 1.3   1
 30069218  37.289299 -121.668286     3.696      173.0     -114.1       51.8      0.9      0.7      0.9 1995  3  3  9 38 49.200 1.2   1
 30069222  37.289779 -121.668449     3.600      159.0      -60.9      -44.7      0.9      0.6      0.8 1995  3  3 12 30 15.850 1.8   1
 30069457  37.290365 -121.668644     3.444      141.4        4.2     -199.9      1.0      0.6      0.8 1995  3  7 13 19 41.960 1.3   1
 30092060  37.289665 -121.669255     3.546       87.4      -73.8      -97.8      0.9      0.6      0.8 1995 12 15 18 53 39.820 1.8   1
