    17842  37.289396 -121.668905     3.582      118.3     -103.5      -62.1      7.1      5.1      6.5 1984  4 25  4 35 19.170 1.9   1
    16751  37.289587 -121.675008     3.477     -423.0      -82.1     -167.5      7.9      5.0      5.5 1984  4 27  7 48 23.500 1.0   1
    21644  37.290788 -121.671322     3.622      -95.8       51.1      -22.1      6.8      4.2      5.4 1984  6 27 14 50 38.140 1.6   1
    25096  37.290259 -121.671134     3.391      -79.4       -7.6     -252.9      6.9      5.3      5.8 1984  8  7  9  7  6.330 1.2   1
    28475  37.291772 -121.670614     3.406      -32.9      160.5     -238.4      6.5      5.6      9.0 1984  9 23  8 43 14.720 1.1   1
    32049  37.288550 -121.669238     3.540       88.9     -197.3     -104.6      5.3      3.6      5.3 1984 11 18  0 28 55.240 1.7   1
    35109  37.291134 -121.670223     3.504        1.2       89.6     -140.1      5.7      3.8      5.8 1984 12 22  4 43 44.710 1.6   1
    42349  37.286698 -121.673250     3.745     -266.9     -403.0      100.6      9.5      5.0      4.9 1985  2 28  1  9 58.300 0.8   1
    42555  37.289262 -121.669222     3.597       90.2     -118.5      -47.3      5.1      3.6      5.2 1985  3  2  6 53 56.010 1.7   1
    42559  37.289771 -121.669849     3.541       34.3      -62.0     -103.6      5.3      3.6      5.4 1985  3  2  8 55  3.470 1.9   1
    42643  37.289071 -121.669515     3.523       63.9     -139.6     -120.9      5.9      3.9      5.7 1985  3  2  8 55 29.590 2.1   1
    42560  37.289889 -121.671395     3.639     -102.2      -48.6       -5.8      9.1      5.6      7.4 1985  3  2  8 58  0.480 1.2   1
    49626  37.291064 -121.673096     3.730     -253.3       81.7       85.5      6.9      4.9      6.4 1985  6 15  1 38 57.380 0.9   1
    54084  37.290161 -121.669450     3.548       70.0      -18.6      -96.3      6.0      4.2      6.6 1985  8 28 20 35 10.100 1.6   1
    57770  37.290686 -121.671427     3.405     -105.4       39.9     -239.3      8.8      5.5      6.7 1985 10 28  3 55 38.130 1.3   1
    62514  37.289596 -121.668530     3.549      151.5      -81.2      -95.6      6.5      4.6      5.6 1985 12 31 15 50 52.230 1.7   1
    62520  37.289250 -121.669271     3.599       86.2     -119.7      -45.2      5.5      5.4      6.9 1985 12 31 18  3  3.480 1.6   1
    67820  37.290633 -121.672168     3.566     -171.1       34.0      -77.8      6.8      4.9      7.1 1986  3  8 10 32  4.410 1.6   1
    73786  37.289396 -121.669124     3.316       98.9     -103.2     -328.1      6.9      5.4      6.2 1986  6  1 10 51 31.460 1.2   1
    77218  37.289807 -121.669775     3.536       41.4      -57.6     -108.4      6.5      4.1      6.0 1986  7 25  9 22 50.290 2.3   1
    77296  37.290405 -121.670345     3.561       -9.5        8.8      -83.3      6.8      4.2      5.5 1986  7 25 16  1 52.100 1.1   1
    82606  37.291593 -121.671248     3.662      -89.3      140.3       18.1      5.1      3.8      4.9 1986  9 15 20 17 49.920 2.7   1
    83805  37.291215 -121.670402     3.568      -14.7       98.3      -76.5      5.2      3.6      5.4 1986  9 25 12  1 52.830 1.4   1
    88698  37.291125 -121.671444     4.326     -107.0       88.3      681.5      6.8      6.1     12.3 1986 11 25 13  0 35.660 1.0   1
   101361  37.290393 -121.668636     3.556      142.5        7.4      -88.0      5.1      3.6      5.4 1987  6  3  6 56  7.740 1.9   1
   101362  37.289099 -121.669889     3.579       31.2     -136.3      -65.2      7.2      4.7      6.4 1987  6  3  6 58 51.320 1.7   1
   102776  37.292306 -121.671159     3.597      -81.8      219.4      -46.9      5.2      4.3      5.5 1987  7  7  1 44 26.990 1.0   1
   103138  37.289441 -121.669971     3.543       24.0      -98.3     -101.0      5.1      3.5      5.3 1987  7 14 19  2 57.020 1.7   1
   110939  37.290535 -121.671126     3.392      -78.5       23.2     -252.0      5.8      3.8      5.6 1988  1 15  1 56 42.310 1.4   1
   112868  37.292155 -121.671647     4.358     -124.6      202.7      713.3      6.2      5.1      7.8 1988  2 25 10  0 17.780 0.9   1
   120788  37.291231 -121.669808     3.520       38.0      100.4     -124.1      8.1      5.0      6.7 1988  7 23 10 42 21.740 1.5   1
   126189  37.289486 -121.670215     3.608        2.0      -93.3      -36.3      6.3      4.2      5.9 1988 11  2  3  9 12.610 1.9   1
   126292  37.289779 -121.669271     3.493       85.9      -61.2     -151.0      5.7      4.4      5.5 1988 11  3  1 30  4.280 1.7   1
   126389  37.288826 -121.669784     3.586       40.2     -166.5      -57.9      5.1      3.5      5.2 1988 11  4 13 34 34.720 1.9   1
   148939  37.289600 -121.668530     3.547      151.8      -80.9      -97.3      6.0      4.6      6.7 1989 12 13  5 33 46.080 1.6   1
   158154  37.291947 -121.671558     3.687     -116.6      179.8       43.0      5.6      4.6      6.2 1990  5 23 11 11 37.580 1.0   1
   160503  37.290409 -121.669132     3.599       98.1        9.2      -45.3      6.5      4.8      6.0 1990  7  5 20  4 42.800 1.7   1
   205031  37.290784 -121.669474     3.393       68.0       50.5     -251.3      6.7      4.0      5.8 1991  1 20  5  0 30.930 1.2   1
   208364  37.292529 -121.670964     3.646      -64.3      244.2        2.0      7.0      4.9      6.4 1991  3 22 11 23 27.560 1.0   1
   215747  37.289189 -121.668864     3.563      122.1     -126.3      -81.5      6.1      4.7      5.8 1991  5 29  9 45 22.620 1.8   1
   227435  37.290169 -121.670190     3.444        4.4      -17.6     -200.6      8.6      5.8      6.0 1991  8 10 17  6  5.760 1.2   1
   238704  37.290312 -121.668831     3.563      124.8       -1.7      -80.9      5.2      3.6      5.4 1991 12  3  5 24 24.980 2.0   1
   238790  37.289799 -121.669287     3.603       84.5      -58.8      -41.3      5.1      3.6      5.3 1991 12  4  0  8 49.550 1.9   1
   261841  37.292289 -121.670312     3.598       -6.7      217.8      -46.7      6.9      5.1      8.8 1992  4  6  9 39 49.410 0.9   1
   312743  37.290881 -121.670972     3.649      -65.3       61.5        4.4      5.0      4.4      4.8 1992  8 29 17  4 29.020 1.6   1
   314921  37.288167 -121.667928     3.619      204.9     -239.6      -25.0      6.7      4.2      6.6 1992  9 11  1 22 13.650 1.1   1
   331552  37.292387 -121.671883     3.703     -145.5      228.5       58.8      6.4      5.0      7.4 1993  1  9 17 48 38.720 1.0   1
   331635  37.291272 -121.671411     3.518     -103.9      105.0     -126.5      9.2      5.3      5.7 1993  1 10 22 13  9.440 1.2   1
   352620  37.288818 -121.668026     3.577      196.0     -167.5      -67.6      5.8      4.4      5.4 1993  6  8  9 15  1.380 0.8   1
 30036393  37.292301 -121.670955     3.755      -63.8      218.9      110.6      6.8      5.1      8.4 1993 12  1  0 25 49.530 1.0   1
   389286  37.288672 -121.669629     3.562       54.1     -183.7      -82.4      6.5      4.9      5.9 1993 12 20 22 35  7.800 1.8   1
   399980  37.290373 -121.670361     3.451      -11.1        5.0     -193.2      6.1      4.5      5.6 1994  4  6  4 11 34.960 1.4   1
 30062741  37.289616 -121.671639     3.598     -124.2      -79.0      -45.9      5.7      3.8      5.2 1994 11 16 16 50 58.150 2.0   1
 30062748  37.290658 -121.668652     3.560      140.7       36.4      -84.7      7.4      5.5      5.6 1994 11 16 18  3 42.360 1.3   1
 30069218  37.289274 -121.668376     3.701      165.3     -117.0       56.5      6.3      5.4      6.2 1995  3  3  9 38 49.200 1.2   1
 30069222  37.289734 -121.668579     3.605      147.4      -66.1      -39.3      6.2      4.5      5.5 1995  3  3 12 30 15.850 1.8   1
 30069457  37.290413 -121.668506     3.441      153.5        9.3     -203.4      6.7      4.6      5.8 1995  3  7 13 19 41.960 1.3   1
 30092060  37.289616 -121.669368     3.551       77.1      -78.8      -93.2      6.0      4.5      5.4 1995 12 15 18 53 39.820 1.8   1
