    17842  37.287305 -121.670239     3.623        0.1     -335.5      -21.5     11.2      8.9     15.4 1984  4 25  4 35 19.170 1.9   1
    16751  37.289205 -121.673413     3.654     -281.1     -124.7        9.8     22.5     28.3     62.7 1984  4 27  7 48 23.500 1.0   1
    21644  37.288444 -121.672616     3.578     -210.7     -209.2      -66.8     17.8     20.5     53.9 1984  6 27 14 50 38.140 1.6   1
    25096  37.287915 -121.671940     3.591     -150.6     -267.7      -53.5     16.3     16.5     38.1 1984  8  7  9  7  6.330 1.2   1
    28475  37.288863 -121.673267     3.600     -268.3     -162.5      -44.0     25.5     20.9     52.9 1984  9 23  8 43 14.720 1.1   1
    32049  37.287410 -121.670671     3.675      -38.4     -323.8       30.5     11.0      8.9     13.7 1984 11 18  0 28 55.240 1.7   1
    35109  37.288416 -121.672607     3.570     -210.0     -212.2      -74.2     17.8     20.6     54.2 1984 12 22  4 43 44.710 1.6   1
    42349  37.287329 -121.670744     3.677      -45.0     -332.9       32.3     11.3     18.9     57.6 1985  2 28  1  9 58.300 0.8   1
    42555  37.287268 -121.670288     3.642       -4.2     -339.4       -2.3     11.1      8.9     14.8 1985  3  2  6 53 56.010 1.7   1
    42559  37.288049 -121.671297     3.681      -94.1     -252.9       36.3     11.5     10.5     25.3 1985  3  2  8 55  3.470 1.9   1
    42643  37.287708 -121.670915     3.679      -59.7     -290.8       34.7     11.2      9.2     17.2 1985  3  2  8 55 29.590 2.1   1
    42560  37.288147 -121.671826     3.617     -140.7     -242.2      -27.7     11.9     21.9     74.0 1985  3  2  8 58  0.480 1.2   1
    49626  37.288896 -121.673218     3.628     -264.4     -159.1      -16.1     25.5     20.9     52.7 1985  6 15  1 38 57.380 0.9   1
    54084  37.288082 -121.671037     3.670      -70.5     -249.4       25.4     11.4      9.0     14.9 1985  8 28 20 35 10.100 1.6   1
    57770  37.287931 -121.671851     3.583     -142.7     -266.1      -61.3     17.0     16.4     38.2 1985 10 28  3 55 38.130 1.3   1
    62514  37.287378 -121.670508     3.644      -23.7     -327.3       -0.6     11.0      8.8     13.6 1985 12 31 15 50 52.230 1.7   1
    62520  37.287280 -121.670239     3.631        0.0     -338.4      -12.9     11.1      8.8     14.6 1985 12 31 18  3  3.480 1.6   1
    67820  37.288513 -121.672380     3.559     -189.9     -201.5      -85.3     18.2     19.6     51.0 1986  3  8 10 32  4.410 1.6   1
    77218  37.288098 -121.671175     3.671      -82.9     -247.4       26.9     11.2      9.0     15.4 1986  7 25  9 22 50.290 2.3   1
    77296  37.288399 -121.671712     3.692     -131.0     -213.9       48.0     11.6      9.7     20.8 1986  7 25 16  1 52.100 1.1   1
    83805  37.288574 -121.672502     3.564     -200.6     -194.5      -80.1     17.8     19.6     49.9 1986  9 25 12  1 52.830 1.4   1
    88698  37.290556 -121.672640     4.355     -212.6       25.4      711.1     97.1     72.7    138.2 1986 11 25 13  0 35.660 1.0   1
   101361  37.288135 -121.671175     3.685      -82.7     -243.4       40.6     11.2      9.0     14.7 1987  6  3  6 56  7.740 1.9   1
   101362  37.287406 -121.670500     3.642      -22.9     -324.0       -2.3     11.0      8.8     13.6 1987  6  3  6 58 51.320 1.7   1
   102776  37.288896 -121.673088     3.591     -252.7     -158.9      -53.7     25.4     20.5     50.9 1987  7  7  1 44 26.990 1.0   1
   103138  37.287756 -121.670890     3.676      -57.7     -285.2       31.4     11.0      8.8     13.8 1987  7 14 19  2 57.020 1.7   1
   110939  37.287939 -121.671851     3.588     -142.8     -265.0      -56.4     16.8     16.2     37.2 1988  1 15  1 56 42.310 1.4   1
   112868  37.290572 -121.672624     4.318     -211.1       27.2      673.6     97.1     72.5    133.0 1988  2 25 10  0 17.780 0.9   1
   120788  37.288489 -121.672485     3.565     -199.3     -204.1      -79.2     17.8     20.6     54.0 1988  7 23 10 42 21.740 1.5   1
   126189  37.287337 -121.671387     3.415     -102.1     -331.8     -229.5     14.3     26.8     97.4 1988 11  2  3  9 12.610 1.9   1
   126292  37.287305 -121.670776     3.648      -48.0     -335.6        3.3     10.6     12.2     29.2 1988 11  3  1 30  4.280 1.7   1
   126389  37.287329 -121.670597     3.677      -31.5     -332.6       32.9     11.2      8.9     15.0 1988 11  4 13 34 34.720 1.9   1
   148939  37.287325 -121.669515     3.463       64.3     -333.3     -181.6     11.4      9.1     17.7 1989 12 13  5 33 46.080 1.6   1
   158154  37.290133 -121.672412     3.803     -192.9      -21.8      158.6    128.3     97.1    155.8 1990  5 23 11 11 37.580 1.0   1
   160503  37.287809 -121.670125     3.511       10.1     -279.5     -133.5     11.2      9.6     16.9 1990  7  5 20  4 42.800 1.7   1
   205031  37.287817 -121.670858     3.415      -54.6     -278.7     -229.1     16.9     16.4     39.5 1991  1 20  5  0 30.930 1.2   1
   208364  37.290682 -121.672225     4.484     -176.3       39.4      839.3     97.4     72.9    129.4 1991  3 22 11 23 27.560 1.0   1
   215747  37.287402 -121.669686     3.506       48.7     -324.5     -138.1     11.2      8.9     15.6 1991  5 29  9 45 22.620 1.8   1
   227435  37.287874 -121.670915     3.434      -59.6     -272.5     -210.3     16.7     16.3     38.9 1991  8 10 17  6  5.760 1.2   1
   238704  37.288114 -121.670492     3.572      -22.5     -245.5      -72.1     11.2      9.1     16.1 1991 12  3  5 24 24.980 2.0   1
   238790  37.287646 -121.669995     3.535       21.6     -297.5     -109.8     11.0      8.9     14.9 1991 12  4  0  8 49.550 1.9   1
   261841  37.289412 -121.672160     3.660     -170.4     -101.8       15.7     27.4     23.6     65.4 1992  4  6  9 39 49.410 0.9   1
   312743  37.289050 -121.671712     3.673     -131.0     -141.8       28.2     14.0     27.8     77.3 1992  8 29 17  4 29.020 1.6   1
   314921  37.287280 -121.669442     3.517       71.0     -338.3     -127.5     11.4     11.7     32.3 1992  9 11  1 22 13.650 1.1   1
   331552  37.290678 -121.672355     4.518     -187.7       39.0      874.2     97.4     72.9    129.3 1993  1  9 17 48 38.720 1.0   1
   331635  37.289250 -121.672437     3.686     -194.9     -119.5       41.4     21.4     22.0     52.0 1993  1 10 22 13  9.440 1.2   1
   352620  37.287634 -121.669930     3.525       27.1     -298.8     -119.4     11.5      9.3     19.6 1993  6  8  9 15  1.380 0.8   1
 30036393  37.290120 -121.672420     3.792     -193.4      -22.9      147.7    128.3     97.4    157.8 1993 12  1  0 25 49.530 1.0   1
   389286  37.287252 -121.669613     3.482       55.5     -341.4     -162.5     11.3      9.0     16.5 1993 12 20 22 35  7.800 1.8   1
   399980  37.288106 -121.671012     3.533      -68.5     -246.8     -111.4     16.6     16.3     37.1 1994  4  6  4 11 34.960 1.4   1
 30062741  37.288070 -121.670492     3.658      -22.1     -250.6       13.2     11.2      9.6     16.6 1994 11 16 16 50 58.150 2.0   1
 30062748  37.288534 -121.670964     3.663      -64.2     -199.4       18.6     10.7     15.0     39.1 1994 11 16 18  3 42.360 1.3   1
 30069222  37.288062 -121.669645     3.835       52.6     -251.5      190.3     11.0     15.0     38.5 1995  3  3 12 30 15.850 1.8   1
 30069457  37.287773 -121.669816     3.784       37.6     -283.5      140.1     10.9     16.2     43.4 1995  3  7 13 19 41.960 1.3   1
 30092060  37.287569 -121.669840     3.553       35.4     -306.2      -91.5     11.1      8.8     14.7 1995 12 15 18 53 39.820 1.8   1
