    17842  37.289539 -121.668490     3.566      155.1      -87.5      -78.8     20.0     16.5     21.3 1984  4 25  4 35 19.170 1.9   1
    16751  37.289880 -121.674129     3.467     -345.2      -49.5     -177.5     20.9     15.9     19.3 1984  4 27  7 48 23.500 1.0   1
    21644  37.291182 -121.670312     3.597       -6.3       95.0      -47.0     21.2     13.9     19.8 1984  6 27 14 50 38.140 1.6   1
    25096  37.290519 -121.670085     3.362       14.0       21.2     -282.8     20.6     18.7     20.8 1984  8  7  9  7  6.330 1.2   1
    28475  37.291756 -121.670662     3.406      -37.2      158.5     -238.8     20.9     19.9     32.6 1984  9 23  8 43 14.720 1.1   1
    32049  37.288302 -121.669914     3.552       29.2     -224.7      -92.5     16.1     12.2     18.7 1984 11 18  0 28 55.240 1.7   1
    35109  37.291252 -121.669914     3.497       29.0      102.7     -146.9     16.5     12.3     20.0 1984 12 22  4 43 44.710 1.6   1
    42349  37.287659 -121.670378     3.679      -12.4     -296.3       35.1     26.3     15.1     17.4 1985  2 28  1  9 58.300 0.8   1
    42555  37.289107 -121.669637     3.605       53.0     -135.4      -39.4     16.2     12.2     18.8 1985  3  2  6 53 56.010 1.7   1
    42559  37.289783 -121.669824     3.540       37.0      -60.6     -104.3     16.3     12.2     19.3 1985  3  2  8 55  3.470 1.9   1
    42643  37.289237 -121.669076     3.514      103.3     -121.2     -130.8     16.3     12.2     19.3 1985  3  2  8 55 29.590 2.1   1
    42560  37.290479 -121.669808     3.610       38.5       16.9      -34.4     16.3     12.3     19.2 1985  3  2  8 58  0.480 1.2   1
    49626  37.291915 -121.670809     3.708      -50.5      175.9       64.2     19.2     16.0     24.4 1985  6 15  1 38 57.380 0.9   1
    54084  37.289921 -121.670101     3.558       12.4      -45.2      -86.2     16.8     12.7     20.6 1985  8 28 20 35 10.100 1.6   1
    57770  37.290336 -121.672412     3.430     -192.5        0.9     -214.7     24.6     17.5     22.1 1985 10 28  3 55 38.130 1.3   1
    62514  37.289315 -121.669434     3.569       71.7     -112.2      -75.1     18.7     15.6     19.2 1985 12 31 15 50 52.230 1.7   1
    62520  37.289115 -121.669678     3.608       50.1     -134.4      -35.9     17.2     19.3     24.9 1985 12 31 18  3  3.480 1.6   1
    67820  37.290499 -121.672534     3.571     -203.7       18.8      -73.3     22.0     16.9     25.5 1986  3  8 10 32  4.410 1.6   1
    73786  37.289608 -121.668180     3.286      182.4      -80.1     -358.5     19.0     18.5     21.2 1986  6  1 10 51 31.460 1.2   1
    77218  37.290092 -121.669010     3.519      109.3      -26.1     -125.7     16.4     12.3     19.6 1986  7 25  9 22 50.290 2.3   1
    77296  37.290861 -121.669173     3.529       94.9       59.4     -115.1     21.2     13.9     20.2 1986  7 25 16  1 52.100 1.1   1
    82606  37.291386 -121.671875     3.687     -145.0      117.5       42.8     15.4     12.7     16.7 1986  9 15 20 17 49.920 2.7   1
    83805  37.291174 -121.670508     3.570      -24.1       93.9      -74.7     16.4     12.3     19.5 1986  9 25 12  1 52.830 1.4   1
    88698  37.291248 -121.670964     4.295      -64.5      101.9      650.5     20.4     21.2     43.6 1986 11 25 13  0 35.660 1.0   1
   101361  37.290279 -121.668937     3.563      115.2       -5.5      -81.7     16.4     12.3     19.4 1987  6  3  6 56  7.740 1.9   1
   101362  37.288684 -121.671069     3.587      -73.7     -182.3      -56.9     16.0     12.2     18.5 1987  6  3  6 58 51.320 1.7   1
   102776  37.292147 -121.671639     3.605     -124.2      202.1      -38.9     16.3     15.2     19.5 1987  7  7  1 44 26.990 1.0   1
   103138  37.289339 -121.670247     3.549       -0.5     -109.9      -95.8     16.2     12.2     19.0 1987  7 14 19  2 57.020 1.7   1
   110939  37.290515 -121.671183     3.393      -83.5       20.9     -251.8     18.8     13.0     20.2 1988  1 15  1 56 42.310 1.4   1
   112868  37.292285 -121.671297     4.337      -93.7      217.3      692.7     18.1     16.5     26.4 1988  2 25 10  0 17.780 0.9   1
   120788  37.290324 -121.671997     3.600     -155.6       -0.5      -44.1     22.1     14.8     21.0 1988  7 23 10 42 21.740 1.5   1
   126189  37.289286 -121.670711     3.623      -42.0     -115.4      -21.5     19.7     13.8     20.4 1988 11  2  3  9 12.610 1.9   1
   126292  37.289705 -121.669507     3.498       64.6      -69.2     -146.2     18.8     15.6     19.7 1988 11  3  1 30  4.280 1.7   1
   126389  37.288717 -121.670093     3.592       13.2     -178.7      -52.4     16.1     12.2     18.6 1988 11  4 13 34 34.720 1.9   1
   148939  37.289400 -121.669108     3.553      100.0     -103.0      -91.6     19.0     15.8     24.0 1989 12 13  5 33 46.080 1.6   1
   158154  37.291943 -121.671558     3.685     -116.8      179.4       40.9     17.9     16.5     21.9 1990  5 23 11 11 37.580 1.0   1
   160503  37.290653 -121.668343     3.580      168.1       36.0      -64.0     16.5     15.3     19.7 1990  7  5 20  4 42.800 1.7   1
   205031  37.290763 -121.669523     3.393       63.5       48.5     -251.5     21.6     13.5     20.8 1991  1 20  5  0 30.930 1.2   1
   208364  37.292517 -121.671004     3.645      -67.8      243.1        1.0     23.3     17.5     23.0 1991  3 22 11 23 27.560 1.0   1
   215747  37.288912 -121.669840     3.577       35.6     -157.3      -66.8     16.2     15.1     18.8 1991  5 29  9 45 22.620 1.8   1
   227435  37.290527 -121.668758     3.413      131.5       22.3     -231.4     21.7     19.2     20.7 1991  8 10 17  6  5.760 1.2   1
   238704  37.290125 -121.669352     3.574       78.8      -22.6      -70.7     16.4     12.3     19.3 1991 12  3  5 24 24.980 2.0   1
   238790  37.289677 -121.669596     3.609       56.8      -72.3      -35.2     16.3     12.3     19.0 1991 12  4  0  8 49.550 1.9   1
   261841  37.292049 -121.671354     3.664      -99.1      191.0       19.6     17.9     17.4     28.8 1992  4  6  9 39 49.410 0.9   1
   312743  37.290731 -121.671574     3.673     -118.1       44.6       28.3     15.4     15.5     16.6 1992  8 29 17  4 29.020 1.6   1
   314921  37.288432 -121.667285     3.608      261.7     -210.3      -36.5     20.6     13.8     23.8 1992  9 11  1 22 13.650 1.1   1
   331552  37.292297 -121.672201     3.714     -173.6      218.6       69.5     21.1     17.8     26.8 1993  1  9 17 48 38.720 1.0   1
   331635  37.291463 -121.670833     3.510      -52.4      125.9     -134.1     26.8     17.4     20.3 1993  1 10 22 13  9.440 1.2   1
   352620  37.288810 -121.668058     3.577      193.1     -168.5      -67.8     18.8     15.7     19.3 1993  6  8  9 15  1.380 0.8   1
 30036393  37.292456 -121.670329     3.713       -7.9      236.4       68.9     19.9     17.8     29.1 1993 12  1  0 25 49.530 1.0   1
   389286  37.288375 -121.670695     3.574      -40.8     -217.0      -69.8     16.0     15.1     18.5 1993 12 20 22 35  7.800 1.8   1
   399980  37.290279 -121.670671     3.457      -38.1       -5.6     -187.6     20.5     15.9     20.0 1994  4  6  4 11 34.960 1.4   1
 30062741  37.289608 -121.671655     3.598     -125.7      -79.9      -46.5     18.6     13.0     18.8 1994 11 16 16 50 58.150 2.0   1
 30062748  37.290588 -121.668905     3.562      118.3       29.0      -82.4     24.1     19.8     20.0 1994 11 16 18  3 42.360 1.3   1
 30069218  37.289181 -121.668905     3.727      118.3     -127.5       82.5     19.6     19.5     21.6 1995  3  3  9 38 49.200 1.2   1
 30069222  37.289510 -121.669279     3.620       85.1      -90.7      -24.1     18.8     15.7     19.1 1995  3  3 12 30 15.850 1.8   1
 30069457  37.290401 -121.668538     3.440      150.8        8.1     -203.8     21.7     16.1     20.5 1995  3  7 13 19 41.960 1.3   1
 30092060  37.289433 -121.669954     3.563       25.4      -99.4      -81.1     18.7     15.6     19.2 1995 12 15 18 53 39.820 1.8   1
