    17842  37.289994 -121.669653     3.683       52.3      -37.1       38.5      7.7     14.3     22.9 1984  4 25  4 35 19.170 1.9   1
    16751  37.291597 -121.671566     3.680     -117.7      140.9       35.6     15.2     20.2     36.7 1984  4 27  7 48 23.500 1.0   1
    21644  37.291309 -121.671077     3.729      -74.1      108.8       84.3     13.9     20.7     36.4 1984  6 27 14 50 38.140 1.6   1
    25096  37.290194 -121.671077     3.586      -74.6      -14.9      -58.3     16.6     23.9     44.8 1984  8  7  9  7  6.330 1.2   1
    28475  37.291724 -121.671704     3.700     -130.0      154.9       55.5      9.9     19.1     25.8 1984  9 23  8 43 14.720 1.1   1
    32049  37.289294 -121.669914     3.433       28.6     -114.6     -211.7      4.7     17.3     39.8 1984 11 18  0 28 55.240 1.7   1
    35109  37.291272 -121.671061     3.719      -73.1      104.6       74.3     14.0     20.6     35.1 1984 12 22  4 43 44.710 1.6   1
    42349  37.289050 -121.669987     3.369       22.6     -141.8     -275.0      6.9     25.4     68.0 1985  2 28  1  9 58.300 0.8   1
    42555  37.289966 -121.669767     3.718       41.7      -40.4       73.9      7.6     14.3     22.2 1985  3  2  6 53 56.010 1.7   1
    42559  37.289840 -121.670459     3.401      -19.8      -54.3     -243.7      6.1     20.2     50.2 1985  3  2  8 55  3.470 1.9   1
    42643  37.289506 -121.670142     3.410        8.9      -91.0     -234.0      5.0     18.9     45.4 1985  3  2  8 55 29.590 2.1   1
    42560  37.291113 -121.671191     3.795      -84.1       87.3      151.1      8.3     14.7     25.0 1985  3  2  8 58  0.480 1.2   1
    49626  37.291142 -121.671574     3.492     -118.6       90.3     -152.4      7.8     27.1     55.7 1985  6 15  1 38 57.380 0.9   1
    54084  37.290658 -121.670304     3.691       -5.5       36.6       46.2      8.2     14.4     21.4 1985  8 28 20 35 10.100 1.6   1
    57770  37.290108 -121.670898     3.528      -58.7      -24.6     -116.0     18.3     24.1     47.1 1985 10 28  3 55 38.130 1.3   1
    62514  37.290019 -121.669873     3.694       32.3      -34.2       50.1      7.0     14.2     19.8 1985 12 31 15 50 52.230 1.7   1
    62520  37.289966 -121.669678     3.700       50.1      -40.1       55.3      7.5     14.3     21.8 1985 12 31 18  3  3.480 1.6   1
    67820  37.291134 -121.670898     3.622      -58.3       89.6      -21.9      9.2     29.2     70.0 1986  3  8 10 32  4.410 1.6   1
    73786  37.267208 -121.662980     2.349      643.7    -2565.9    -1295.1    155.5    611.1    301.0 1986  6  1 10 51 31.460 1.2   1
    77218  37.290706 -121.670492     3.710      -22.5       41.8       65.9      7.7     14.4     21.8 1986  7 25  9 22 50.290 2.3   1
    77296  37.290369 -121.670858     3.473      -55.1        4.5     -171.4      5.5     21.8     55.3 1986  7 25 16  1 52.100 1.1   1
    83805  37.291191 -121.670988     3.618      -66.4       95.9      -26.1      8.2     25.9     58.6 1986  9 25 12  1 52.830 1.4   1
    88698  37.292708 -121.671387     4.487     -101.8      264.0      842.6      9.0     20.2     95.3 1986 11 25 13  0 35.660 1.0   1
   101361  37.290735 -121.670492     3.719      -22.5       45.2       74.9      7.5     14.3     21.0 1987  6  3  6 56  7.740 1.9   1
   101362  37.290027 -121.669865     3.685       33.1      -33.4       40.6      6.9     14.2     19.6 1987  6  3  6 58 51.320 1.7   1
   102776  37.291703 -121.671517     3.666     -113.6      152.5       21.7     10.8     19.1     28.0 1987  7  7  1 44 26.990 1.0   1
   103138  37.290352 -121.670223     3.707        1.3        2.5       62.4      6.9     14.2     19.7 1987  7 14 19  2 57.020 1.7   1
   110939  37.290129 -121.670947     3.545      -62.4      -22.1      -99.4     17.7     24.0     45.5 1988  1 15  1 56 42.310 1.4   1
   112868  37.292733 -121.671330     4.452      -96.5      266.7      807.3      8.5     20.1     92.5 1988  2 25 10  0 17.780 0.9   1
   120788  37.291337 -121.670955     3.709      -63.7      112.1       64.9     14.2     20.8     35.6 1988  7 23 10 42 21.740 1.5   1
   126189  37.290747 -121.670817     3.782      -51.4       46.7      137.4      7.5     14.3     22.1 1988 11  2  3  9 12.610 1.9   1
   126292  37.289168 -121.670020     3.400       19.4     -128.7     -244.1      4.7     17.5     40.5 1988 11  3  1 30  4.280 1.7   1
   126389  37.289205 -121.669865     3.426       33.4     -124.5     -218.8      5.0     19.6     47.6 1988 11  4 13 34 34.720 1.9   1
   148939  37.289872 -121.668970     3.484      112.2      -50.5     -160.0      7.0     14.2     20.3 1989 12 13  5 33 46.080 1.6   1
   158154  37.292651 -121.671004     3.959      -68.0      257.8      315.0      8.4     20.3    221.9 1990  5 23 11 11 37.580 1.0   1
   160503  37.290271 -121.669507     3.495       65.0       -6.4     -148.9      7.5     15.2     23.3 1990  7  5 20  4 42.800 1.7   1
   205031  37.289880 -121.670011     3.328       20.2      -49.8     -316.5     16.5     24.0     46.7 1991  1 20  5  0 30.930 1.2   1
   208364  37.292635 -121.670996     4.050      -67.3      256.1      405.3      8.5     20.3    191.6 1991  3 22 11 23 27.560 1.0   1
   215747  37.289954 -121.669141     3.532       97.7      -41.3     -112.5      6.8     14.2     19.8 1991  5 29  9 45 22.620 1.8   1
   227435  37.289925 -121.670093     3.343       13.3      -44.8     -301.0     16.9     24.0     46.5 1991  8 10 17  6  5.760 1.2   1
   238704  37.290601 -121.669849     3.567       34.9       30.4      -76.9      8.2     14.4     23.0 1991 12  3  5 24 24.980 2.0   1
   238790  37.290190 -121.669409     3.549       73.4      -15.3      -95.5      6.6     14.2     20.4 1991 12  4  0  8 49.550 1.9   1
   261841  37.291496 -121.670646     3.477      -36.4      129.5     -167.0      9.9     19.0     25.3 1992  4  6  9 39 49.410 0.9   1
   312743  37.291056 -121.670207     3.502        3.1       80.9     -142.4     14.1     20.9     33.6 1992  8 29 17  4 29.020 1.6   1
   314921  37.289819 -121.668921     3.531      116.9      -56.3     -113.7      7.6     15.1     29.2 1992  9 11  1 22 13.650 1.1   1
   331552  37.292668 -121.671191     4.322      -84.3      259.5      677.9      8.4     20.1    107.5 1993  1  9 17 48 38.720 1.0   1
   331635  37.291321 -121.670931     3.493      -61.1      110.1     -151.8     11.8     19.3     29.8 1993  1 10 22 13  9.440 1.2   1
   352620  37.290161 -121.669377     3.537       76.3      -18.6     -107.1      8.9     14.9     29.8 1993  6  8  9 15  1.380 0.8   1
 30036393  37.292684 -121.671045     3.989      -71.6      261.5      345.1      7.2     19.5     27.9 1993 12  1  0 25 49.530 1.0   1
   389286  37.289811 -121.669067     3.509      103.6      -57.1     -135.4      6.9     14.2     20.0 1993 12 20 22 35  7.800 1.8   1
   399980  37.290145 -121.670158     3.438        7.5      -20.4     -206.7     17.3     24.1     45.9 1994  4  6  4 11 34.960 1.4   1
 30062741  37.290568 -121.669914     3.650       28.5       26.6        5.9      7.5     14.8     22.6 1994 11 16 16 50 58.150 2.0   1
 30062748  37.291044 -121.670402     3.685      -14.2       79.4       40.6      8.9     15.5     25.8 1994 11 16 18  3 42.360 1.3   1
 30069222  37.290043 -121.668978     3.625      111.7      -31.7      -19.6      7.3     14.3     21.2 1995  3  3 12 30 15.850 1.8   1
 30069457  37.289905 -121.669092     3.629      101.5      -47.1      -15.1      7.4     14.5     21.7 1995  3  7 13 19 41.960 1.3   1
 30092060  37.290137 -121.669328     3.587       81.0      -21.4      -56.9      6.8     14.2     19.6 1995 12 15 18 53 39.820 1.8   1
