    17842  37.289543 -121.668498     3.566      154.8      -87.3      -78.3     19.9     16.5     21.2 1984  4 25  4 35 19.170 1.9   1
    16751  37.289884 -121.674129     3.468     -344.6      -49.1     -176.7     20.8     15.9     19.0 1984  4 27  7 48 23.500 1.0   1
    21644  37.291187 -121.670321     3.598       -6.9       95.2      -46.5     21.2     13.9     19.8 1984  6 27 14 50 38.140 1.6   1
    25096  37.290519 -121.670093     3.362       13.3       21.2     -282.1     20.6     18.7     20.8 1984  8  7  9  7  6.330 1.2   1
    28475  37.291764 -121.670662     3.409      -37.6      159.3     -235.5     20.7     19.8     32.1 1984  9 23  8 43 14.720 1.1   1
    32049  37.288310 -121.669897     3.552       30.0     -224.1      -92.2     16.1     12.1     18.7 1984 11 18  0 28 55.240 1.7   1
    35109  37.291260 -121.669906     3.498       29.4      103.3     -146.4     16.4     12.2     19.7 1984 12 22  4 43 44.710 1.6   1
    42349  37.287659 -121.670386     3.680      -12.7     -296.1       35.5     26.3     15.1     17.2 1985  2 28  1  9 58.300 0.8   1
    42555  37.289107 -121.669637     3.605       53.4     -135.3      -39.0     16.2     12.2     18.6 1985  3  2  6 53 56.010 1.7   1
    42559  37.289783 -121.669816     3.540       37.3      -60.4     -104.0     16.3     12.2     19.3 1985  3  2  8 55  3.470 1.9   1
    42643  37.289237 -121.669067     3.514      103.6     -121.0     -130.5     16.3     12.2     19.3 1985  3  2  8 55 29.590 2.1   1
    42560  37.290487 -121.669800     3.610       38.9       17.5      -34.0     16.3     12.3     19.2 1985  3  2  8 58  0.480 1.2   1
    49626  37.291789 -121.670581     3.602      -30.1      162.1      -42.1     17.9     16.5     21.7 1985  6 15  1 38 57.380 0.9   1
    54084  37.289925 -121.670085     3.558       13.4      -44.8      -85.9     16.7     12.7     20.6 1985  8 28 20 35 10.100 1.6   1
    57770  37.290340 -121.672412     3.430     -192.6        1.2     -214.0     24.6     17.5     22.1 1985 10 28  3 55 38.130 1.3   1
    62514  37.289319 -121.669425     3.570       72.1     -111.9      -74.7     18.7     15.6     19.2 1985 12 31 15 50 52.230 1.7   1
    62520  37.289124 -121.669661     3.610       50.9     -133.9      -34.6     17.2     19.2     24.8 1985 12 31 18  3  3.480 1.6   1
    67820  37.290499 -121.672542     3.572     -204.0       19.1      -71.9     22.0     16.9     25.5 1986  3  8 10 32  4.410 1.6   1
    73786  37.289608 -121.668188     3.287      181.9      -80.0     -357.8     19.0     18.5     21.2 1986  6  1 10 51 31.460 1.2   1
    77218  37.290096 -121.669002     3.519      109.7      -25.7     -125.4     16.3     12.2     19.4 1986  7 25  9 22 50.290 2.3   1
    77296  37.290865 -121.669165     3.530       94.9       59.6     -114.5     21.2     13.9     20.2 1986  7 25 16  1 52.100 1.1   1
    82606  37.291345 -121.671891     3.666     -146.8      112.8       21.5     16.3     12.3     19.8 1986  9 15 20 17 49.920 2.7   1
    83805  37.291178 -121.670508     3.570      -23.9       94.3      -74.3     16.4     12.3     19.5 1986  9 25 12  1 52.830 1.4   1
    88698  37.291248 -121.670972     4.301      -64.6      102.2      656.9     20.4     21.2     43.6 1986 11 25 13  0 35.660 1.0   1
   101361  37.290291 -121.668945     3.573      114.6       -4.2      -71.7     16.6     12.2     20.9 1987  6  3  6 56  7.740 1.9   1
   101362  37.288688 -121.671069     3.588      -73.5     -182.1      -56.1     16.0     12.2     18.2 1987  6  3  6 58 51.320 1.7   1
   102776  37.292151 -121.671639     3.606     -124.0      202.5      -38.5     16.3     15.2     19.4 1987  7  7  1 44 26.990 1.0   1
   103138  37.289343 -121.670247     3.549       -0.5     -109.4      -95.5     16.2     12.2     19.0 1987  7 14 19  2 57.020 1.7   1
   110939  37.290519 -121.671175     3.393      -83.2       21.0     -251.3     18.8     13.0     20.2 1988  1 15  1 56 42.310 1.4   1
   112868  37.292285 -121.671297     4.338      -93.5      217.4      693.9     18.0     16.5     26.3 1988  2 25 10  0 17.780 0.9   1
   120788  37.290320 -121.671997     3.601     -156.1       -0.8      -42.9     22.0     14.8     20.6 1988  7 23 10 42 21.740 1.5   1
   126189  37.289286 -121.670719     3.623      -42.4     -115.5      -21.0     19.6     13.8     20.2 1988 11  2  3  9 12.610 1.9   1
   126292  37.289701 -121.669515     3.499       64.6      -69.4     -145.8     18.8     15.6     19.7 1988 11  3  1 30  4.280 1.7   1
   126389  37.288725 -121.670093     3.601       12.6     -177.8      -43.6     16.3     12.1     19.8 1988 11  4 13 34 34.720 1.9   1
   148939  37.289400 -121.669108     3.554      100.1     -103.0      -89.9     19.0     15.9     23.7 1989 12 13  5 33 46.080 1.6   1
   158154  37.291947 -121.671558     3.686     -116.6      179.9       41.8     17.9     16.5     21.8 1990  5 23 11 11 37.580 1.0   1
   160503  37.290658 -121.668335     3.581      168.6       36.5      -63.7     16.5     15.2     19.6 1990  7  5 20  4 42.800 1.7   1
   205031  37.290767 -121.669523     3.393       63.5       48.8     -250.9     21.6     13.5     20.8 1991  1 20  5  0 30.930 1.2   1
   208364  37.292517 -121.670996     3.646      -67.3      243.2        2.1     23.3     17.5     23.0 1991  3 22 11 23 27.560 1.0   1
   215747  37.288908 -121.669840     3.578       35.6     -157.5      -66.1     16.1     15.1     18.5 1991  5 29  9 45 22.620 1.8   1
   227435  37.290531 -121.668758     3.414      131.3       22.5     -230.8     21.7     19.1     20.7 1991  8 10 17  6  5.760 1.2   1
   238704  37.290125 -121.669344     3.574       79.2      -22.4      -70.4     16.4     12.3     19.3 1991 12  3  5 24 24.980 2.0   1
   238790  37.289685 -121.669596     3.609       57.1      -71.6      -34.9     16.2     12.2     18.8 1991 12  4  0  8 49.550 1.9   1
   261841  37.292061 -121.671354     3.674      -99.1      192.5       30.1     17.8     17.4     27.5 1992  4  6  9 39 49.410 0.9   1
   312743  37.290731 -121.671566     3.673     -117.6       44.8       28.3     15.4     15.5     16.6 1992  8 29 17  4 29.020 1.6   1
   314921  37.288436 -121.667285     3.609      261.7     -210.1      -35.1     20.6     13.8     23.9 1992  9 11  1 22 13.650 1.1   1
   331552  37.292301 -121.672192     3.716     -173.2      219.2       71.4     21.0     17.7     26.8 1993  1  9 17 48 38.720 1.0   1
   331635  37.291467 -121.670833     3.511      -52.4      126.4     -133.5     26.8     17.4     20.3 1993  1 10 22 13  9.440 1.2   1
   352620  37.288810 -121.668058     3.577      193.3     -168.3      -67.4     18.8     15.6     19.3 1993  6  8  9 15  1.380 0.8   1
 30036393  37.292468 -121.670605     3.771      -32.8      237.6      126.2     21.3     17.0     32.4 1993 12  1  0 25 49.530 1.0   1
   389286  37.288375 -121.670687     3.575      -39.9     -216.7      -69.6     16.0     15.1     18.5 1993 12 20 22 35  7.800 1.8   1
   399980  37.290279 -121.670662     3.457      -37.8       -5.6     -187.1     20.5     15.9     20.1 1994  4  6  4 11 34.960 1.4   1
 30062741  37.289616 -121.671655     3.598     -125.5      -79.2      -46.2     18.5     13.0     18.8 1994 11 16 16 50 58.150 2.0   1
 30062748  37.290588 -121.668896     3.562      118.9       29.1      -81.8     24.1     19.7     20.0 1994 11 16 18  3 42.360 1.3   1
 30069218  37.289185 -121.668905     3.728      118.4     -126.9       83.4     19.6     19.4     21.7 1995  3  3  9 38 49.200 1.2   1
 30069222  37.289510 -121.669279     3.621       85.1      -90.8      -23.6     18.7     15.7     19.0 1995  3  3 12 30 15.850 1.8   1
 30069457  37.290401 -121.668530     3.441      151.3        8.1     -203.3     21.6     16.1     20.6 1995  3  7 13 19 41.960 1.3   1
 30092060  37.289433 -121.669963     3.564       24.8      -99.3      -80.5     18.6     15.6     19.0 1995 12 15 18 53 39.820 1.8   1
