    17842  37.289290 -121.669149     3.595       96.8     -115.0      -49.6      0.9      0.5      0.7 1984  4 25  4 35 19.170 1.9   1
    16751  37.289535 -121.675146     3.480     -435.3      -88.1     -164.0      0.9      0.5      0.6 1984  4 27  7 48 23.500 1.0   1
    21644  37.290784 -121.671330     3.623      -96.8       50.4      -20.8      0.8      0.5      0.6 1984  6 27 14 50 38.140 1.6   1
    25096  37.290255 -121.671151     3.393      -80.8       -8.2     -251.2      0.8      0.5      0.7 1984  8  7  9  7  6.330 1.2   1
    28475  37.291703 -121.670793     3.412      -49.1      152.6     -231.8      0.9      0.6      0.8 1984  9 23  8 43 14.720 1.1   1
    32049  37.288672 -121.668945     3.529      114.8     -184.0     -115.2      0.8      0.5      0.7 1984 11 18  0 28 55.240 1.7   1
    35109  37.290999 -121.670565     3.517      -28.6       74.6     -127.8      0.8      0.5      0.6 1984 12 22  4 43 44.710 1.6   1
    42349  37.286682 -121.673275     3.747     -269.2     -404.7      102.2      0.9      0.5      0.5 1985  2 28  1  9 58.300 0.8   1
    42555  37.289294 -121.669149     3.595       96.6     -114.7      -49.6      0.8      0.5      0.6 1985  3  2  6 53 56.010 1.7   1
    42559  37.289665 -121.670109     3.550       11.5      -73.5      -94.6      0.8      0.5      0.6 1985  3  2  8 55  3.470 1.9   1
    42643  37.288928 -121.669865     3.537       33.2     -155.1     -107.8      0.8      0.5      0.6 1985  3  2  8 55 29.590 2.1   1
    42560  37.290096 -121.670988     3.605      -66.4      -25.6      -39.7     16.5     10.0     12.3 1985  3  2  8 58  0.480 1.2   1
    49626  37.291048 -121.673128     3.732     -255.9       80.1       87.6      0.8      0.5      0.6 1985  6 15  1 38 57.380 0.9   1
    54084  37.290153 -121.669425     3.555       72.5      -19.4      -88.9     10.7      6.4      8.5 1985  8 28 20 35 10.100 1.6   1
    57770  37.290739 -121.671313     3.400      -95.5       45.4     -244.6      0.9      0.6      0.7 1985 10 28  3 55 38.130 1.3   1
    62514  37.289640 -121.668424     3.544      161.0      -76.4     -100.3      0.8      0.5      0.7 1985 12 31 15 50 52.230 1.7   1
    62520  37.289294 -121.669149     3.595       96.7     -114.8      -49.6      1.0      0.6      0.8 1985 12 31 18  3  3.480 1.6   1
    67820  37.290649 -121.672135     3.566     -167.8       35.7      -78.6      0.9      0.6      0.7 1986  3  8 10 32  4.410 1.6   1
    73786  37.289376 -121.669173     3.320       94.7     -105.7     -324.8      0.8      0.5      0.7 1986  6  1 10 51 31.460 1.2   1
    77218  37.289669 -121.670109     3.550       11.5      -73.3      -94.6      0.8      0.5      0.6 1986  7 25  9 22 50.290 2.3   1
    77296  37.290401 -121.670353     3.562      -10.3        8.1      -82.0      0.8      0.5      0.6 1986  7 25 16  1 52.100 1.1   1
    82606  37.291687 -121.670972     3.650      -64.6      150.7        5.8      1.7      1.1      1.4 1986  9 15 20 17 49.920 2.7   1
    83805  37.291138 -121.670605     3.574      -32.2       89.6      -70.0      0.8      0.5      0.6 1986  9 25 12  1 52.830 1.4   1
    88698  37.291113 -121.671460     4.328     -108.3       86.9      684.1      0.8      0.7      1.1 1986 11 25 13  0 35.660 1.0   1
   101361  37.290381 -121.668669     3.558      139.5        6.1      -86.7      0.8      0.5      0.7 1987  6  3  6 56  7.740 1.9   1
   101362  37.289498 -121.668994     3.530      110.3      -92.1     -114.8     14.5      8.7     11.6 1987  6  3  6 58 51.320 1.7   1
   102776  37.292358 -121.671021     3.593      -69.1      225.4      -51.3      0.8      0.5      0.6 1987  7  7  1 44 26.990 1.0   1
   103138  37.289421 -121.670036     3.545       18.4     -100.9      -98.9      0.8      0.5      0.6 1987  7 14 19  2 57.020 1.7   1
   110939  37.290495 -121.671232     3.396      -88.1       18.7     -247.9      0.8      0.5      0.7 1988  1 15  1 56 42.310 1.4   1
   112868  37.292086 -121.671794     4.368     -137.7      195.1      723.2      0.8      0.6      0.8 1988  2 25 10  0 17.780 0.9   1
   120788  37.291239 -121.669792     3.519       39.3      101.3     -125.3      0.9      0.5      0.7 1988  7 23 10 42 21.740 1.5   1
   126189  37.289555 -121.670068     3.602       15.1      -85.9      -42.7      0.9      0.5      0.7 1988 11  2  3  9 12.610 1.9   1
   126292  37.289766 -121.669312     3.495       82.5      -62.1     -149.6      0.8      0.5      0.7 1988 11  3  1 30  4.280 1.7   1
   126389  37.288814 -121.669824     3.588       36.9     -168.0      -56.6      0.8      0.5      0.6 1988 11  4 13 34 34.720 1.9   1
   148939  37.289640 -121.668424     3.544      161.1      -76.5     -100.3      0.8      0.5      0.7 1989 12 13  5 33 46.080 1.6   1
   158154  37.291899 -121.671712     3.696     -130.8      174.4       51.6      0.8      0.5      0.7 1990  5 23 11 11 37.580 1.0   1
   160503  37.290279 -121.669474     3.613       67.8       -5.4      -31.2      0.8      0.5      0.6 1990  7  5 20  4 42.800 1.7   1
   205031  37.290727 -121.669629     3.397       54.4       44.4     -246.8      0.9      0.5      0.7 1991  1 20  5  0 30.930 1.2   1
   208364  37.292501 -121.671069     3.651      -73.2      241.0        6.7      0.9      0.6      0.7 1991  3 22 11 23 27.560 1.0   1
   215747  37.289274 -121.668587     3.557      146.5     -116.9      -87.8     15.3      9.2     12.2 1991  5 29  9 45 22.620 1.8   1
   227435  37.290137 -121.670272     3.447       -2.7      -21.2     -197.2      0.9      0.5      0.7 1991  8 10 17  6  5.760 1.2   1
   238704  37.290381 -121.668660     3.558      139.6        6.0      -86.7      0.8      0.5      0.7 1991 12  3  5 24 24.980 2.0   1
   238790  37.289787 -121.669312     3.604       82.6      -59.8      -40.3      0.8      0.5      0.6 1991 12  4  0  8 49.550 1.9   1
   261841  37.292358 -121.670158     3.593        7.0      225.5      -51.7      0.8      0.5      0.8 1992  4  6  9 39 49.410 0.9   1
   312743  37.290881 -121.670874     3.648      -56.0       61.3        3.2     10.6      6.4      8.0 1992  8 29 17  4 29.020 1.6   1
   314921  37.288163 -121.667944     3.621      203.4     -240.3      -23.3      0.8      0.5      0.7 1992  9 11  1 22 13.650 1.1   1
   331552  37.292391 -121.671883     3.704     -145.4      228.7       59.3      0.9      0.5      0.7 1993  1  9 17 48 38.720 1.0   1
   331635  37.291248 -121.671493     3.520     -110.8      101.9     -124.1      0.9      0.5      0.6 1993  1 10 22 13  9.440 1.2   1
   352620  37.288778 -121.668140     3.581      186.1     -171.9      -63.2      0.8      0.5      0.6 1993  6  8  9 15  1.380 0.8   1
 30036393  37.292285 -121.670988     3.757      -66.6      217.2      112.9      0.8      0.5      0.8 1993 12  1  0 25 49.530 1.0   1
   389286  37.288786 -121.669295     3.553       83.9     -171.1      -91.6      3.2      1.9      2.5 1993 12 20 22 35  7.800 1.8   1
   399980  37.290377 -121.670345     3.451       -9.6        5.6     -193.4      0.8      0.5      0.7 1994  4  6  4 11 34.960 1.4   1
 30062741  37.289567 -121.671761     3.602     -134.9      -84.3      -42.0      0.8      0.5      0.6 1994 11 16 16 50 58.150 2.0   1
 30062748  37.290629 -121.668750     3.562      132.0       33.2      -82.3      0.9      0.6      0.7 1994 11 16 18  3 42.360 1.3   1
 30069218  37.289290 -121.668311     3.698      170.9     -115.1       53.2      0.8      0.5      0.7 1995  3  3  9 38 49.200 1.2   1
 30069222  37.289771 -121.668465     3.601      157.2      -61.9      -43.5      0.8      0.5      0.6 1995  3  3 12 30 15.850 1.8   1
 30069457  37.290361 -121.668660     3.446      140.2        3.5     -198.6      0.9      0.5      0.7 1995  3  7 13 19 41.960 1.3   1
 30092060  37.289657 -121.669271     3.547       86.2      -74.6      -96.8      0.8      0.5      0.6 1995 12 15 18 53 39.820 1.8   1
