    17842  37.289461 -121.669393     3.590       75.2      -96.1      -54.8      8.4     10.2     24.3 1984  4 25  4 35 19.170 1.9   1
    16751  37.291284 -121.671704     3.667     -129.9      106.3       22.4     16.8     19.1     38.7 1984  4 27  7 48 23.500 1.0   1
    21644  37.290869 -121.671053     3.675      -72.5       59.8       30.5     17.4     20.3     42.5 1984  6 27 14 50 38.140 1.6   1
    25096  37.289632 -121.670776     3.482      -47.8      -77.4     -162.4     16.6     19.9     47.4 1984  8  7  9  7  6.330 1.2   1
    28475  37.291423 -121.671956     3.704     -152.1      121.7       59.7     11.4     17.7     26.7 1984  9 23  8 43 14.720 1.1   1
    32049  37.289535 -121.669751     3.635       43.1      -88.1       -9.6      7.8     10.1     21.4 1984 11 18  0 28 55.240 1.7   1
    35109  37.290828 -121.671037     3.665      -70.9       55.4       21.1     17.6     20.2     41.7 1984 12 22  4 43 44.710 1.6   1
    42349  37.289266 -121.669881     3.568       31.7     -117.9      -76.8      7.7     23.9     66.3 1985  2 28  1  9 58.300 0.8   1
    42555  37.289429 -121.669499     3.623       65.9     -100.0      -20.9      8.3     10.3     23.8 1985  3  2  6 53 56.010 1.7   1
    42559  37.290194 -121.670296     3.646       -5.2      -14.9        2.1      9.7     10.5     25.8 1985  3  2  8 55  3.470 1.9   1
    42643  37.289811 -121.669987     3.638       22.1      -57.2       -6.6      8.2     10.3     24.3 1985  3  2  8 55 29.590 2.1   1
    42560  37.290580 -121.670923     3.695      -60.3       28.1       50.8      9.2     10.8     26.3 1985  3  2  8 58  0.480 1.2   1
    49626  37.290828 -121.671810     3.490     -139.4       55.7     -154.8      9.4     26.2     58.0 1985  6 15  1 38 57.380 0.9   1
    54084  37.290108 -121.670020     3.592       19.8      -24.4      -51.9      8.9     10.3     23.3 1985  8 28 20 35 10.100 1.6   1
    57770  37.289543 -121.670589     3.422      -30.9      -87.2     -222.2     18.1     20.0     49.6 1985 10 28  3 55 38.130 1.3   1
    62514  37.289482 -121.669596     3.597       57.3      -94.0      -47.0      7.8     10.1     21.8 1985 12 31 15 50 52.230 1.7   1
    62520  37.289429 -121.669401     3.603       74.5      -99.7      -40.9      8.2     10.2     23.3 1985 12 31 18  3  3.480 1.6   1
    67820  37.290776 -121.670801     3.598      -49.9       49.8      -46.7     18.3     20.3     45.0 1986  3  8 10 32  4.410 1.6   1
    73786  37.287345 -121.669417     3.379       72.6     -331.1     -265.6     68.4    243.3    127.4 1986  6  1 10 51 31.460 1.2   1
    77218  37.290161 -121.670199     3.611        3.5      -18.5      -33.2      8.5     10.4     24.1 1986  7 25  9 22 50.290 2.3   1
    77296  37.290507 -121.670744     3.643      -44.9       20.0       -1.4      9.6     11.3     29.5 1986  7 25 16  1 52.100 1.1   1
    82606  37.290361 -121.670695     3.182      -40.5        3.8     -462.4    222.8    128.5    255.2 1986  9 15 20 17 49.920 2.7   1
    83805  37.290861 -121.670955     3.614      -63.6       59.3      -30.8     15.8     19.8     38.2 1986  9 25 12  1 52.830 1.4   1
    88698  37.292387 -121.671631     4.494     -123.1      228.4      849.5     10.6     18.4     92.7 1986 11 25 13  0 35.660 1.0   1
   101361  37.290190 -121.670199     3.621        3.3      -15.2      -23.8      8.3     10.4     23.3 1987  6  3  6 56  7.740 1.9   1
   101362  37.289490 -121.669588     3.588       58.0      -93.2      -56.2      7.7     10.1     21.7 1987  6  3  6 58 51.320 1.7   1
   102776  37.291406 -121.671777     3.675     -136.2      119.7       30.7     12.3     17.8     29.9 1987  7  7  1 44 26.990 1.0   1
   103138  37.289815 -121.669938     3.610       27.0      -57.0      -34.7      7.8     10.1     22.1 1987  7 14 19  2 57.020 1.7   1
   110939  37.289567 -121.670646     3.439      -35.9      -84.5     -205.0     17.5     19.8     48.0 1988  1 15  1 56 42.310 1.4   1
   112868  37.292407 -121.671566     4.450     -117.9      230.9      805.2     10.1     18.2     91.7 1988  2 25 10  0 17.780 0.9   1
   120788  37.290894 -121.670931     3.657      -61.2       62.6       12.9     17.7     20.4     42.2 1988  7 23 10 42 21.740 1.5   1
   126189  37.290218 -121.670549     3.681      -27.2      -12.3       36.8      8.5     10.3     23.7 1988 11  2  3  9 12.610 1.9   1
   126292  37.289522 -121.669873     3.645       32.1      -89.6        0.4      7.8     10.1     21.8 1988 11  3  1 30  4.280 1.7   1
   126389  37.289486 -121.669743     3.646       44.1      -93.5        1.4      8.3     10.2     23.7 1988 11  4 13 34 34.720 1.9   1
   148939  37.289339 -121.668717     3.389      134.7     -109.6     -255.4      7.8     10.1     22.4 1989 12 13  5 33 46.080 1.6   1
   158154  37.292362 -121.671265     4.166      -91.1      225.6      521.5     10.0     18.2    138.2 1990  5 23 11 11 37.580 1.0   1
   160503  37.289709 -121.669214     3.394       90.6      -68.4     -250.6      8.3     11.5     25.2 1990  7  5 20  4 42.800 1.7   1
   205031  37.289323 -121.669735     3.223       45.0     -111.5     -421.2     16.4     19.9     49.5 1991  1 20  5  0 30.930 1.2   1
   208364  37.292338 -121.671248     4.176      -89.8      223.2      531.2     10.1     18.2    138.0 1991  3 22 11 23 27.560 1.0   1
   215747  37.289425 -121.668872     3.436      121.5     -100.2     -208.0      7.6     10.1     21.9 1991  5 29  9 45 22.620 1.8   1
   227435  37.289368 -121.669808     3.239       38.1     -106.4     -405.5     16.8     19.9     49.3 1991  8 10 17  6  5.760 1.2   1
   238704  37.290063 -121.669572     3.470       58.9      -29.5     -174.2      8.9     10.5     25.3 1991 12  3  5 24 24.980 2.0   1
   238790  37.289653 -121.669141     3.453       97.2      -74.8     -191.8      7.5     10.2     22.7 1991 12  4  0  8 49.550 1.9   1
   261841  37.291199 -121.670907     3.486      -58.9       96.5     -158.0     11.8     17.7     28.6 1992  4  6  9 39 49.410 0.9   1
   312743  37.290613 -121.670174     3.455        6.0       31.4     -189.6     17.3     20.5     42.3 1992  8 29 17  4 29.020 1.6   1
   314921  37.289299 -121.668660     3.439      140.0     -114.5     -204.9      8.2     11.1     29.7 1992  9 11  1 22 13.650 1.1   1
   331552  37.292334 -121.671403     4.264     -102.9      222.8      619.3      9.6     18.2    201.1 1993  1  9 17 48 38.720 1.0   1
   331635  37.291007 -121.671077     3.484      -74.3       75.4     -160.6     13.6     17.9     33.5 1993  1 10 22 13  9.440 1.2   1
   352620  37.289636 -121.669100     3.442      100.8      -76.8     -202.6      9.5     10.9     30.2 1993  6  8  9 15  1.380 0.8   1
 30036393  37.292371 -121.671248     4.121      -89.5      226.5      476.6     10.0     18.3    145.3 1993 12  1  0 25 49.530 1.0   1
   389286  37.289286 -121.668807     3.414      127.3     -115.7     -230.4      7.7     10.1     22.1 1993 12 20 22 35  7.800 1.8   1
   399980  37.289587 -121.669873     3.334       32.4      -82.2     -310.6     17.2     20.0     48.5 1994  4  6  4 11 34.960 1.4   1
 30062741  37.290027 -121.669629     3.555       54.0      -33.5      -89.4      8.2     10.9     24.3 1994 11 16 16 50 58.150 2.0   1
 30062748  37.290483 -121.670093     3.581       13.3       17.3      -62.9      9.5     11.7     27.4 1994 11 16 18  3 42.360 1.3   1
 30069218  37.290584 -121.668823     2.199      125.6       28.4    -1445.1      6.5     10.2    604.9 1995  3  3  9 38 49.200 1.2   1
 30069222  37.289510 -121.668717     3.532      135.2      -90.9     -112.7      8.0     10.2     22.7 1995  3  3 12 30 15.850 1.8   1
 30069457  37.289372 -121.668831     3.534      125.1     -106.2     -110.6      8.1     10.4     23.3 1995  3  7 13 19 41.960 1.3   1
 30092060  37.289604 -121.669059     3.494      104.7      -80.3     -150.6      7.7     10.1     21.8 1995 12 15 18 53 39.820 1.8   1
