    17842  37.287362 -121.670231     3.634        0.6     -329.2       -9.9      9.6     11.3     12.6 1984  4 25  4 35 19.170 1.9   1
    16751  37.289209 -121.673356     3.648     -276.2     -124.3        3.2     22.4     28.7     64.5 1984  4 27  7 48 23.500 1.0   1
    21644  37.288326 -121.672477     3.549     -198.4     -222.1      -94.9     16.6     19.9     52.6 1984  6 27 14 50 38.140 1.6   1
    25096  37.287939 -121.671899     3.593     -147.2     -265.0      -50.9     15.6     15.9     39.3 1984  8  7  9  7  6.330 1.2   1
    28475  37.288806 -121.673161     3.586     -258.8     -169.0      -58.6     19.3     21.0     53.9 1984  9 23  8 43 14.720 1.1   1
    32049  37.287480 -121.670671     3.691      -38.4     -316.3       46.7      9.9     11.2     12.2 1984 11 18  0 28 55.240 1.7   1
    35109  37.288298 -121.672461     3.540     -197.1     -225.2     -104.1     16.5     19.9     52.9 1984 12 22  4 43 44.710 1.6   1
    42349  37.287423 -121.670760     3.705      -46.2     -322.5       60.8     10.6     13.3     30.8 1985  2 28  1  9 58.300 0.8   1
    42555  37.287333 -121.670288     3.656       -4.2     -332.5       11.8      9.9     11.2     13.3 1985  3  2  6 53 56.010 1.7   1
    42559  37.287748 -121.671257     3.556      -90.5     -286.4      -88.8     10.1     15.0     35.1 1985  3  2  8 55  3.470 1.9   1
    42643  37.287537 -121.670866     3.603      -55.8     -309.8      -41.6      9.8     14.4     32.8 1985  3  2  8 55 29.590 2.1   1
    42560  37.288346 -121.671859     3.688     -143.8     -219.8       43.8     10.5     18.3     55.7 1985  3  2  8 58  0.480 1.2   1
    49626  37.288835 -121.673120     3.613     -255.8     -165.7      -30.9     19.3     21.0     54.0 1985  6 15  1 38 57.380 0.9   1
    54084  37.288139 -121.671045     3.685      -71.5     -242.8       40.3     10.3     11.2     13.2 1985  8 28 20 35 10.100 1.6   1
    57770  37.287952 -121.671810     3.585     -139.3     -263.8      -59.1     16.4     15.8     39.5 1985 10 28  3 55 38.130 1.3   1
    62514  37.287439 -121.670508     3.658      -23.7     -320.4       14.2      9.8     11.1     12.1 1985 12 31 15 50 52.230 1.7   1
    62520  37.287337 -121.670239     3.645        0.3     -331.8        0.6      9.9     11.1     13.0 1985 12 31 18  3  3.480 1.6   1
    67820  37.288403 -121.672241     3.534     -177.4     -213.4     -110.5     17.0     18.9     49.8 1986  3  8 10 32  4.410 1.6   1
    77218  37.288155 -121.671183     3.687      -83.5     -240.9       42.6     10.1     11.1     13.1 1986  7 25  9 22 50.290 2.3   1
    77296  37.288265 -121.671655     3.626     -125.8     -229.2      -18.2     10.0     15.8     38.5 1986  7 25 16  1 52.100 1.1   1
    83805  37.288468 -121.672355     3.538     -187.6     -206.2     -106.4     16.7     18.9     48.9 1986  9 25 12  1 52.830 1.4   1
    88698  37.290527 -121.672949     4.318     -240.1       21.9      673.5     94.1     78.5    159.5 1986 11 25 13  0 35.660 1.0   1
   101361  37.287976 -121.671126     3.614      -78.6     -260.9      -30.3      9.8     13.6     27.4 1987  6  3  6 56  7.740 1.9   1
   101362  37.287472 -121.670500     3.656      -23.0     -317.2       12.1      9.8     11.1     12.1 1987  6  3  6 58 51.320 1.7   1
   102776  37.288835 -121.672982     3.574     -243.4     -165.7      -70.3     19.3     20.7     52.9 1987  7  7  1 44 26.990 1.0   1
   103138  37.287687 -121.670866     3.637      -55.6     -293.1       -7.1      9.7     13.2     25.3 1987  7 14 19  2 57.020 1.7   1
   110939  37.287964 -121.671810     3.590     -139.0     -262.2      -54.0     16.1     15.6     38.5 1988  1 15  1 56 42.310 1.4   1
   112868  37.290548 -121.672933     4.293     -238.8       24.5      648.8     94.0     78.4    146.8 1988  2 25 10  0 17.780 0.9   1
   120788  37.288375 -121.672339     3.534     -186.2     -216.9     -110.2     16.5     19.9     52.7 1988  7 23 10 42 21.740 1.5   1
   126189  37.287374 -121.671395     3.419     -102.1     -327.6     -224.9     13.1     26.6     96.5 1988 11  2  3  9 12.610 1.9   1
   126292  37.287455 -121.670801     3.698      -50.1     -318.9       53.2      9.9     11.2     12.6 1988 11  3  1 30  4.280 1.7   1
   126389  37.287203 -121.670557     3.617      -28.3     -346.8      -27.6      9.8     13.9     30.2 1988 11  4 13 34 34.720 1.9   1
   148939  37.287386 -121.669507     3.476       64.7     -326.7     -168.0     10.2     11.2     16.1 1989 12 13  5 33 46.080 1.6   1
   158154  37.290076 -121.672656     3.792     -214.5      -27.9      147.8    126.9     99.7    164.0 1990  5 23 11 11 37.580 1.0   1
   160503  37.287874 -121.670133     3.526        9.5     -272.4     -118.4     10.1     11.6     15.4 1990  7  5 20  4 42.800 1.7   1
   205031  37.287842 -121.670817     3.419      -51.4     -275.8     -225.5     16.2     15.8     40.9 1991  1 20  5  0 30.930 1.2   1
   208364  37.290649 -121.672550     4.457     -204.7       35.6      813.1     94.6     78.6    144.8 1991  3 22 11 23 27.560 1.0   1
   215747  37.287467 -121.669694     3.520       48.6     -317.7     -124.4      9.9     11.1     13.9 1991  5 29  9 45 22.620 1.8   1
   227435  37.287895 -121.670874     3.437      -56.2     -270.0     -206.9     16.1     15.7     40.3 1991  8 10 17  6  5.760 1.2   1
   238704  37.288171 -121.670508     3.586      -23.5     -239.4      -58.6     10.1     11.2     14.2 1991 12  3  5 24 24.980 2.0   1
   238790  37.287708 -121.670003     3.549       21.1     -290.7      -95.3      9.8     11.1     13.2 1991 12  4  0  8 49.550 1.9   1
   261841  37.289364 -121.672054     3.651     -161.1     -106.9        6.4     20.4     18.9     44.2 1992  4  6  9 39 49.410 0.9   1
   312743  37.289083 -121.671615     3.702     -121.9     -138.1       57.8     13.6     24.7     62.5 1992  8 29 17  4 29.020 1.6   1
   314921  37.287337 -121.669434     3.530       71.7     -332.0     -114.7     10.2     13.3     31.3 1992  9 11  1 22 13.650 1.1   1
   331552  37.290645 -121.672673     4.498     -216.1       35.3      853.8     94.6     78.7    146.1 1993  1  9 17 48 38.720 1.0   1
   331635  37.289189 -121.672331     3.668     -185.2     -126.5       23.9     14.2     28.4     69.9 1993  1 10 22 13  9.440 1.2   1
   352620  37.287695 -121.669938     3.538       26.5     -292.1     -106.4     10.3     11.4     18.1 1993  6  8  9 15  1.380 0.8   1
 30036393  37.290068 -121.672664     3.782     -215.0      -28.9      137.4    126.8    100.0    166.3 1993 12  1  0 25 49.530 1.0   1
   389286  37.287313 -121.669613     3.495       55.6     -334.7     -149.3     10.1     11.2     14.8 1993 12 20 22 35  7.800 1.8   1
   399980  37.288131 -121.670972     3.537      -65.3     -243.9     -107.1     15.9     15.6     38.5 1994  4  6  4 11 34.960 1.4   1
 30062741  37.288131 -121.670500     3.671      -22.9     -243.9       27.0     10.0     11.7     15.0 1994 11 16 16 50 58.150 2.0   1
 30062748  37.288676 -121.671029     3.715      -70.3     -183.1       70.3     10.4     11.9     17.2 1994 11 16 18  3 42.360 1.3   1
 30069222  37.287968 -121.669637     3.790       53.7     -261.9      145.8     10.9     19.6     50.2 1995  3  3 12 30 15.850 1.8   1
 30069457  37.287699 -121.669784     3.747       40.6     -291.6      102.7     10.0     16.8     42.0 1995  3  7 13 19 41.960 1.3   1
 30092060  37.287630 -121.669840     3.567       35.4     -299.3      -77.5      9.9     11.1     13.0 1995 12 15 18 53 39.820 1.8   1
