    17842  37.289539 -121.668506     3.565      153.4      -87.5      -79.1     12.4      9.8     12.6 1984  4 25  4 35 19.170 1.9   1
    16751  37.289823 -121.674325     3.468     -362.5      -56.2     -176.5     13.5      9.6     11.4 1984  4 27  7 48 23.500 1.0   1
    21644  37.290824 -121.671240     3.619      -88.9       54.9      -25.5     14.6      9.0     11.9 1984  6 27 14 50 38.140 1.6   1
    25096  37.290312 -121.670980     3.386      -65.8       -1.9     -258.8     14.5     11.4     12.6 1984  8  7  9  7  6.330 1.2   1
    28475  37.291789 -121.670565     3.404      -28.6      162.1     -240.2     12.5     11.6     18.9 1984  9 23  8 43 14.720 1.1   1
    32049  37.288407 -121.669613     3.549       55.6     -213.2      -95.4     10.0      7.3     11.0 1984 11 18  0 28 55.240 1.7   1
    35109  37.291268 -121.669889     3.495       31.1      104.2     -149.0     10.1      7.3     11.7 1984 12 22  4 43 44.710 1.6   1
    42349  37.286825 -121.672941     3.745     -239.8     -388.7      100.3     31.6     14.3     12.0 1985  2 28  1  9 58.300 0.8   1
    42555  37.289189 -121.669417     3.602       73.1     -126.6      -42.6      9.8      7.2     10.9 1985  3  2  6 53 56.010 1.7   1
    42559  37.289819 -121.669718     3.538       46.0      -56.6     -106.7      9.9      7.2     11.2 1985  3  2  8 55  3.470 1.9   1
    42643  37.289237 -121.669084     3.511      102.5     -121.2     -132.8     10.2      7.3     11.4 1985  3  2  8 55 29.590 2.1   1
    42560  37.290332 -121.670272     3.605       -3.0        0.6      -38.9     12.0      8.1     12.1 1985  3  2  8 58  0.480 1.2   1
    49626  37.291178 -121.672819     3.719     -229.0       94.5       75.1     17.2     11.8     15.7 1985  6 15  1 38 57.380 0.9   1
    54084  37.290019 -121.669808     3.557       38.0      -34.2      -87.5     10.6      7.7     12.4 1985  8 28 20 35 10.100 1.6   1
    57770  37.290487 -121.671973     3.421     -153.4       17.5     -222.9     16.2     10.8     13.3 1985 10 28  3 55 38.130 1.3   1
    62514  37.289437 -121.669019     3.563      108.4      -99.0      -81.6     12.1      9.4     11.4 1985 12 31 15 50 52.230 1.7   1
    62520  37.289181 -121.669450     3.604       70.0     -127.2      -39.9     10.4     11.2     14.5 1985 12 31 18  3  3.480 1.6   1
    67820  37.290568 -121.672347     3.569     -186.5       26.6      -75.0     13.3      9.9     14.8 1986  3  8 10 32  4.410 1.6   1
    73786  37.289530 -121.668571     3.296      148.0      -88.4     -348.4     12.6     11.1     12.8 1986  6  1 10 51 31.460 1.2   1
    77218  37.290063 -121.669108     3.517      100.4      -29.3     -127.6     10.5      7.4     11.6 1986  7 25  9 22 50.290 2.3   1
    77296  37.290442 -121.670272     3.558       -3.1       12.6      -86.8     14.9      9.1     12.4 1986  7 25 16  1 52.100 1.1   1
    82606  37.291467 -121.671590     3.677     -119.9      126.6       32.9      9.5      7.5      9.8 1986  9 15 20 17 49.920 2.7   1
    83805  37.291227 -121.670378     3.567      -12.0       99.6      -77.2      9.9      7.2     11.3 1986  9 25 12  1 52.830 1.4   1
    88698  37.291203 -121.671167     4.307      -82.3       96.9      662.4     13.1     12.7     25.9 1986 11 25 13  0 35.660 1.0   1
   101361  37.290348 -121.668750     3.559      132.3        2.5      -85.2      9.9      7.2     11.3 1987  6  3  6 56  7.740 1.9   1
   101362  37.288822 -121.670630     3.592      -34.4     -166.9      -52.6     10.9      7.7     11.4 1987  6  3  6 58 51.320 1.7   1
   102776  37.292224 -121.671395     3.603     -102.7      210.3      -41.6     10.0      8.9     11.4 1987  7  7  1 44 26.990 1.0   1
   103138  37.289408 -121.670068     3.546       15.3     -102.2      -98.8      9.8      7.2     11.0 1987  7 14 19  2 57.020 1.7   1
   110939  37.290552 -121.671086     3.391      -75.3       24.6     -253.3     11.2      7.6     11.8 1988  1 15  1 56 42.310 1.4   1
   112868  37.292281 -121.671322     4.339      -95.9      216.8      694.2     11.4     10.0     15.8 1988  2 25 10  0 17.780 0.9   1
   120788  37.291117 -121.670076     3.540       14.6       87.8     -104.2     22.3     13.6     16.8 1988  7 23 10 42 21.740 1.5   1
   126189  37.289376 -121.670492     3.617      -22.1     -105.8      -26.8     12.0      8.3     12.0 1988 11  2  3  9 12.610 1.9   1
   126292  37.289746 -121.669368     3.496       77.4      -64.8     -148.6     11.2      9.1     11.5 1988 11  3  1 30  4.280 1.7   1
   126389  37.288786 -121.669897     3.589       30.4     -171.4      -55.4      9.7      7.2     10.8 1988 11  4 13 34 34.720 1.9   1
   148939  37.289482 -121.668848     3.552      123.4      -93.9      -91.9     11.7      9.4     14.0 1989 12 13  5 33 46.080 1.6   1
   158154  37.291968 -121.671484     3.682     -110.2      182.0       38.0     10.8      9.6     12.7 1990  5 23 11 11 37.580 1.0   1
   160503  37.290637 -121.668449     3.579      158.8       34.1      -65.6     10.6      9.1     11.7 1990  7  5 20  4 42.800 1.7   1
   205031  37.290800 -121.669417     3.392       73.1       52.5     -252.8     12.9      7.9     12.1 1991  1 20  5  0 30.930 1.2   1
   208364  37.292542 -121.670931     3.648      -61.0      245.7        3.8     14.2     10.0     14.2 1991  3 22 11 23 27.560 1.0   1
   215747  37.288997 -121.669466     3.577       68.9     -147.7      -67.7     10.5      9.1     11.3 1991  5 29  9 45 22.620 1.8   1
   227435  37.290385 -121.669393     3.425       74.9        6.4     -219.4     15.5     11.8     12.5 1991  8 10 17  6  5.760 1.2   1
   238704  37.290214 -121.669100     3.570      101.4      -12.7      -74.3     10.0      7.3     11.3 1991 12  3  5 24 24.980 2.0   1
   238790  37.289746 -121.669401     3.606       74.2      -64.4      -38.4      9.8      7.2     11.0 1991 12  4  0  8 49.550 1.9   1
   261841  37.292118 -121.670939     3.640      -61.8      198.8       -4.7     11.7     10.4     17.1 1992  4  6  9 39 49.410 0.9   1
   312743  37.290784 -121.671297     3.663      -94.2       50.5       18.5      9.5      9.1      9.7 1992  8 29 17  4 29.020 1.6   1
   314921  37.288277 -121.667676     3.613      227.5     -227.7      -31.2     13.4      8.6     13.9 1992  9 11  1 22 13.650 1.1   1
   331552  37.292342 -121.672013     3.708     -157.6      223.6       63.3     12.6     10.4     15.5 1993  1  9 17 48 38.720 1.0   1
   331635  37.291431 -121.670947     3.512      -62.6      122.2     -132.7     16.7     10.4     11.9 1993  1 10 22 13  9.440 1.2   1
   352620  37.288835 -121.667977     3.575      200.7     -165.8      -69.4     11.2      9.1     11.2 1993  6  8  9 15  1.380 0.8   1
 30036393  37.292403 -121.670581     3.730      -30.5      230.4       86.0     12.8     10.5     17.4 1993 12  1  0 25 49.530 1.0   1
   389286  37.288464 -121.670296     3.576       -5.3     -207.0      -68.5     10.6      9.2     11.2 1993 12 20 22 35  7.800 1.8   1
   399980  37.290324 -121.670516     3.455      -24.8       -0.7     -189.5     12.3      9.3     11.7 1994  4  6  4 11 34.960 1.4   1
 30062741  37.289640 -121.671582     3.597     -118.8      -76.2      -47.6     11.1      7.6     10.9 1994 11 16 16 50 58.150 2.0   1
 30062748  37.290633 -121.668726     3.561      134.0       33.8      -83.7     14.4     11.5     11.6 1994 11 16 18  3 42.360 1.3   1
 30069218  37.289209 -121.668652     3.715      140.5     -124.1       70.7     12.2     11.4     12.8 1995  3  3  9 38 49.200 1.2   1
 30069222  37.289600 -121.668962     3.616      113.3      -80.6      -28.8     11.8      9.3     11.3 1995  3  3 12 30 15.850 1.8   1
 30069457  37.290430 -121.668433     3.439      160.1       11.5     -205.3     13.0      9.4     12.0 1995  3  7 13 19 41.960 1.3   1
 30092060  37.289506 -121.669686     3.559       48.9      -91.1      -84.8     11.6      9.2     11.3 1995 12 15 18 53 39.820 1.8   1
