    17842  37.289563 -121.669385     3.615       75.9      -85.0      -29.1      8.8     12.3     26.6 1984  4 25  4 35 19.170 1.9   1
    16751  37.290837 -121.671777     3.492     -136.7       56.5     -152.0     11.4     29.4     70.6 1984  4 27  7 48 23.500 1.0   1
    21644  37.290238 -121.671200     3.406      -85.2      -10.0     -238.7      9.9     26.8     65.2 1984  6 27 14 50 38.140 1.6   1
    25096  37.289868 -121.670915     3.542      -60.1      -50.9     -102.2     16.3     21.0     46.0 1984  8  7  9  7  6.330 1.2   1
    28475  37.291060 -121.671737     3.534     -132.5       81.5     -110.4      9.3     24.4     51.7 1984  9 23  8 43 14.720 1.1   1
    32049  37.289632 -121.669767     3.662       42.1      -77.1       18.0      8.2     12.1     23.5 1984 11 18  0 28 55.240 1.7   1
    35109  37.290251 -121.671224     3.417      -87.4       -8.8     -227.3     10.1     26.1     63.2 1984 12 22  4 43 44.710 1.6   1
    42349  37.289685 -121.669922     3.718       27.9      -71.5       73.3     10.7     13.3     34.2 1985  2 28  1  9 58.300 0.8   1
    42555  37.289526 -121.669499     3.651       65.7      -88.8        6.2      8.7     12.3     26.0 1985  3  2  6 53 56.010 1.7   1
    42559  37.290304 -121.670329     3.678       -8.0       -2.8       33.9      9.7     12.3     26.2 1985  3  2  8 55  3.470 1.9   1
    42643  37.289917 -121.669995     3.666       21.4      -45.4       21.7      8.5     12.3     25.4 1985  3  2  8 55 29.590 2.1   1
    42560  37.290076 -121.670817     3.490      -51.0      -28.1     -154.8      6.4     20.2     53.4 1985  3  2  8 58  0.480 1.2   1
    49626  37.291504 -121.671810     3.734     -139.6      130.7       89.7     12.3     17.7     29.7 1985  6 15  1 38 57.380 0.9   1
    54084  37.290218 -121.670036     3.623       18.0      -12.0      -21.6      9.1     12.3     24.5 1985  8 28 20 35 10.100 1.6   1
    57770  37.289783 -121.670728     3.484      -43.6      -60.4     -160.8     17.8     21.1     48.1 1985 10 28  3 55 38.130 1.3   1
    62514  37.289583 -121.669596     3.625       57.0      -82.6      -19.7      8.2     12.2     23.8 1985 12 31 15 50 52.230 1.7   1
    62520  37.289535 -121.669401     3.631       74.3      -88.2      -13.2      8.6     12.2     25.6 1985 12 31 18  3  3.480 1.6   1
    67820  37.291056 -121.671118     3.683      -78.2       80.7       38.6     15.0     18.7     35.2 1986  3  8 10 32  4.410 1.6   1
    73786  37.284363 -121.668530     3.293      151.5     -662.0     -351.6    110.3    417.4    192.9 1986  6  1 10 51 31.460 1.2   1
    77218  37.290271 -121.670231     3.642        0.9       -6.4       -2.2      8.6     12.3     24.7 1986  7 25  9 22 50.290 2.3   1
    77296  37.290617 -121.670768     3.673      -47.2       31.8       28.5      9.6     13.0     29.5 1986  7 25 16  1 52.100 1.1   1
    82606  37.289966 -121.670264     2.942       -2.4      -40.0     -702.2    223.4    147.1    372.7 1986  9 15 20 17 49.920 2.7   1
    83805  37.291125 -121.671208     3.685      -86.2       88.6       40.7     13.1     18.5     29.8 1986  9 25 12  1 52.830 1.4   1
    88698  37.292476 -121.671509     4.526     -112.6      238.4      881.7     10.5     18.5     99.9 1986 11 25 13  0 35.660 1.0   1
   101361  37.290299 -121.670231     3.651        0.8       -3.0        6.7      8.5     12.2     24.1 1987  6  3  6 56  7.740 1.9   1
   101362  37.289587 -121.669588     3.616       57.6      -82.0      -28.5      8.1     12.2     23.7 1987  6  3  6 58 51.320 1.7   1
   102776  37.291366 -121.671606     3.627     -120.9      115.3      -17.2      9.4     25.3     53.9 1987  7  7  1 44 26.990 1.0   1
   103138  37.289917 -121.669946     3.639       25.7      -45.7       -5.7      8.0     12.1     23.5 1987  7 14 19  2 57.020 1.7   1
   110939  37.289807 -121.670785     3.500      -48.1      -57.9     -144.1     17.3     20.9     46.5 1988  1 15  1 56 42.310 1.4   1
   112868  37.292505 -121.671452     4.489     -107.4      241.6      845.0     10.1     18.4     99.1 1988  2 25 10  0 17.780 0.9   1
   120788  37.290442 -121.671102     3.454      -76.4       12.6     -190.0     10.1     25.9     63.9 1988  7 23 10 42 21.740 1.5   1
   126189  37.289685 -121.670500     3.470      -23.3      -71.4     -174.0      6.4     18.7     49.2 1988 11  2  3  9 12.610 1.9   1
   126292  37.289624 -121.669889     3.674       30.9      -78.3       29.4      8.2     12.2     23.9 1988 11  3  1 30  4.280 1.7   1
   126389  37.289587 -121.669751     3.674       43.2      -82.3       29.5      8.8     12.3     26.0 1988 11  4 13 34 34.720 1.9   1
   148939  37.289441 -121.668726     3.415      134.5      -98.3     -229.0      8.2     12.1     24.4 1989 12 13  5 33 46.080 1.6   1
   158154  37.292440 -121.671151     4.157      -80.5      234.3      512.2     10.1     18.5    221.6 1990  5 23 11 11 37.580 1.0   1
   160503  37.289823 -121.669238     3.423       88.6      -55.9     -221.3      8.5     13.2     26.5 1990  7  5 20  4 42.800 1.7   1
   205031  37.289563 -121.669857     3.284       33.9      -85.0     -360.1     16.2     21.0     48.0 1991  1 20  5  0 30.930 1.2   1
   208364  37.292424 -121.671143     4.186      -79.8      232.5      541.2     10.2     18.5    209.1 1991  3 22 11 23 27.560 1.0   1
   215747  37.289526 -121.668872     3.463      121.3      -89.1     -181.8      8.0     12.1     23.9 1991  5 29  9 45 22.620 1.8   1
   227435  37.289604 -121.669938     3.299       26.6      -80.3     -345.0     16.6     20.9     47.7 1991  8 10 17  6  5.760 1.2   1
   238704  37.290169 -121.669596     3.500       57.0      -17.7     -144.1      9.0     12.3     25.8 1991 12  3  5 24 24.980 2.0   1
   238790  37.289754 -121.669157     3.480       96.2      -63.5     -164.3      7.8     12.1     24.1 1991 12  4  0  8 49.550 1.9   1
   261841  37.291268 -121.670752     3.481      -45.5      104.2     -163.4     11.1     17.5     24.8 1992  4  6  9 39 49.410 0.9   1
   312743  37.290877 -121.670459     3.534      -19.8       61.0     -110.4     14.0     18.9     31.7 1992  8 29 17  4 29.020 1.6   1
   314921  37.289388 -121.668652     3.463      140.4     -104.2     -181.0      8.7     13.2     32.1 1992  9 11  1 22 13.650 1.1   1
   331552  37.292440 -121.671313     4.386      -95.4      234.4      741.8     10.0     18.4    146.3 1993  1  9 17 48 38.720 1.0   1
   331635  37.291109 -121.671126     3.513      -78.4       86.7     -131.3     12.6     17.8     29.4 1993  1 10 22 13  9.440 1.2   1
   352620  37.289738 -121.669124     3.473       98.8      -65.6     -171.6      9.8     13.0     32.4 1993  6  8  9 15  1.380 0.8   1
 30036393  37.292436 -121.671134     3.965      -79.4      234.1      320.3     10.1     18.7    300.5 1993 12  1  0 25 49.530 1.0   1
   389286  37.289384 -121.668799     3.440      127.4     -104.9     -204.1      8.1     12.1     24.3 1993 12 20 22 35  7.800 1.8   1
   399980  37.289823 -121.670011     3.394       20.5      -56.0     -250.0     16.9     21.0     47.0 1994  4  6  4 11 34.960 1.4   1
 30062741  37.290133 -121.669645     3.582       52.3      -21.9      -62.5      8.5     12.7     25.6 1994 11 16 16 50 58.150 2.0   1
 30062748  37.290609 -121.670125     3.619        9.7       31.1      -25.1      9.6     13.4     28.0 1994 11 16 18  3 42.360 1.3   1
 30069222  37.289604 -121.668709     3.556      135.7      -80.2      -87.9      8.5     12.3     25.2 1995  3  3 12 30 15.850 1.8   1
 30069457  37.289469 -121.668840     3.564      124.4      -95.1      -80.7      8.5     12.4     25.5 1995  3  7 13 19 41.960 1.3   1
 30092060  37.289701 -121.669067     3.520      104.0      -69.4     -124.3      8.0     12.1     23.8 1995 12 15 18 53 39.820 1.8   1
