    17842  37.287264 -121.670280     3.597       -3.7     -339.8      -47.5     11.3      9.3     20.8 1984  4 25  4 35 19.170 1.9   1
    16751  37.289498 -121.673242     3.826     -266.5      -92.1      182.0     22.1     25.8     55.5 1984  4 27  7 48 23.500 1.0   1
    21644  37.288354 -121.672502     3.545     -200.6     -218.8      -99.0     19.0     20.0     59.6 1984  6 27 14 50 38.140 1.6   1
    25096  37.287801 -121.671973     3.559     -153.8     -280.3      -84.9     16.6     17.0     40.0 1984  8  7  9  7  6.330 1.2   1
    28475  37.289278 -121.673039     3.771     -248.3     -116.6      126.8     23.4     19.8     52.0 1984  9 23  8 43 14.720 1.1   1
    32049  37.287378 -121.670703     3.649      -40.8     -327.4        4.8     11.2      9.2     19.6 1984 11 18  0 28 55.240 1.7   1
    35109  37.288322 -121.672485     3.535     -199.0     -222.7     -109.1     19.2     20.1     60.4 1984 12 22  4 43 44.710 1.6   1
    42349  37.287337 -121.670809     3.671      -50.2     -331.9       26.9     12.1     12.1     35.0 1985  2 28  1  9 58.300 0.8   1
    42555  37.287236 -121.670329     3.618       -8.1     -343.1      -26.6     11.3      9.3     20.6 1985  3  2  6 53 56.010 1.7   1
    42559  37.288057 -121.671370     3.675     -100.2     -252.1       31.0     11.7      9.5     21.9 1985  3  2  8 55  3.470 1.9   1
    42643  37.287667 -121.670947     3.652      -62.9     -295.4        8.1     11.3      9.5     21.8 1985  3  2  8 55 29.590 2.1   1
    42560  37.288224 -121.671859     3.634     -143.8     -233.7      -10.8     11.9     21.2     71.3 1985  3  2  8 58  0.480 1.2   1
    49626  37.289282 -121.672974     3.785     -242.6     -116.0      140.5     23.6     20.0     53.8 1985  6 15  1 38 57.380 0.9   1
    54084  37.288041 -121.671077     3.644      -74.5     -253.6       -0.4     11.5      9.3     19.6 1985  8 28 20 35 10.100 1.6   1
    57770  37.287813 -121.671883     3.549     -145.8     -278.9      -94.9     17.3     16.9     40.0 1985 10 28  3 55 38.130 1.3   1
    62514  37.287341 -121.670540     3.618      -27.0     -331.3      -26.5     11.2      9.2     19.5 1985 12 31 15 50 52.230 1.7   1
    62520  37.287244 -121.670280     3.607       -3.5     -342.2      -36.9     11.3      9.2     20.4 1985 12 31 18  3  3.480 1.6   1
    67820  37.289001 -121.672412     3.763     -192.4     -147.2      118.9     20.5     17.7     47.1 1986  3  8 10 32  4.410 1.6   1
    77218  37.288062 -121.671216     3.648      -86.6     -251.4        3.4     11.4      9.3     20.0 1986  7 25  9 22 50.290 2.3   1
    77296  37.288387 -121.671753     3.675     -134.3     -215.6       31.0     11.7      9.8     23.3 1986  7 25 16  1 52.100 1.1   1
    83805  37.289046 -121.672510     3.756     -201.1     -142.0      112.0     19.6     17.5     44.5 1986  9 25 12  1 52.830 1.4   1
    88698  37.290417 -121.672599     4.449     -209.4        9.9      804.6    100.6     75.4    148.1 1986 11 25 13  0 35.660 1.0   1
   101361  37.288102 -121.671224     3.662      -87.0     -247.0       17.9     11.3      9.3     19.5 1987  6  3  6 56  7.740 1.9   1
   101362  37.287366 -121.670532     3.615      -25.9     -328.6      -29.6     11.2      9.2     19.5 1987  6  3  6 58 51.320 1.7   1
   102776  37.289262 -121.672827     3.736     -229.4     -118.4       92.1     23.4     19.6     52.0 1987  7  7  1 44 26.990 1.0   1
   103138  37.287716 -121.670931     3.648      -61.3     -289.8        3.5     11.2      9.2     19.3 1987  7 14 19  2 57.020 1.7   1
   110939  37.287830 -121.671883     3.555     -145.6     -277.2      -88.9     17.1     16.8     39.2 1988  1 15  1 56 42.310 1.4   1
   112868  37.290426 -121.672567     4.386     -206.7       10.6      741.9    100.6     75.3    148.4 1988  2 25 10  0 17.780 0.9   1
   120788  37.288403 -121.672363     3.530     -188.1     -213.8     -114.7     19.0     20.0     59.5 1988  7 23 10 42 21.740 1.5   1
   126189  37.287297 -121.671411     3.379     -103.7     -336.5     -265.3     13.0     23.6     84.5 1988 11  2  3  9 12.610 1.9   1
   126292  37.287366 -121.670833     3.658      -52.5     -328.9       13.7     11.3      9.3     19.9 1988 11  3  1 30  4.280 1.7   1
   126389  37.287297 -121.670630     3.652      -34.9     -336.4        8.1     11.4      9.3     20.8 1988 11  4 13 34 34.720 1.9   1
   148939  37.287292 -121.669556     3.436       60.6     -337.1     -208.3     11.6      9.4     22.7 1989 12 13  5 33 46.080 1.6   1
   158154  37.290377 -121.672534     3.797     -203.2        5.6      152.3    129.8     99.6    358.3 1990  5 23 11 11 37.580 1.0   1
   160503  37.287781 -121.670182     3.488        5.3     -282.7     -155.9     11.5      9.9     22.0 1990  7  5 20  4 42.800 1.7   1
   205031  37.287708 -121.670915     3.384      -59.6     -290.9     -260.5     17.1     16.9     41.7 1991  1 20  5  0 30.930 1.2   1
   208364  37.290552 -121.672119     4.470     -166.9       24.7      825.5    100.8     75.4    170.4 1991  3 22 11 23 27.560 1.0   1
   215747  37.287374 -121.669735     3.482       44.8     -328.0     -161.9     11.3      9.2     20.9 1991  5 29  9 45 22.620 1.8   1
   227435  37.287756 -121.670964     3.401      -63.9     -285.2     -243.0     17.0     16.8     41.1 1991  8 10 17  6  5.760 1.2   1
   238704  37.288082 -121.670540     3.548      -26.4     -249.1      -95.9     11.4      9.3     20.6 1991 12  3  5 24 24.980 2.0   1
   238790  37.287614 -121.670036     3.509       17.9     -301.1     -134.9     11.1      9.2     20.3 1991 12  4  0  8 49.550 1.9   1
   261841  37.289156 -121.671875     3.579     -145.2     -129.8      -65.0     23.9     20.6     57.1 1992  4  6  9 39 49.410 0.9   1
   312743  37.288944 -121.671623     3.637     -122.8     -153.4       -7.2     19.6     17.6     44.5 1992  8 29 17  4 29.020 1.6   1
   314921  37.287264 -121.669491     3.501       66.2     -339.9     -143.3     11.6     12.0     35.5 1992  9 11  1 22 13.650 1.1   1
   331552  37.290544 -121.672266     4.517     -179.8       24.1      872.2    100.8     75.5    153.9 1993  1  9 17 48 38.720 1.0   1
   331635  37.289010 -121.672217     3.610     -175.4     -146.5      -34.2     19.2     19.6     46.3 1993  1 10 22 13  9.440 1.2   1
   352620  37.287606 -121.669979     3.501       23.4     -302.0     -143.6     11.7      9.7     24.0 1993  6  8  9 15  1.380 0.8   1
 30036393  37.290401 -121.672542     3.764     -203.9        8.3      120.1    129.8     99.7    385.9 1993 12  1  0 25 49.530 1.0   1
   389286  37.287219 -121.669661     3.457       51.5     -344.9     -187.1     11.4      9.3     21.6 1993 12 20 22 35  7.800 1.8   1
   399980  37.287992 -121.671053     3.500      -71.9     -259.4     -144.7     16.8     16.7     39.0 1994  4  6  4 11 34.960 1.4   1
 30062741  37.288033 -121.670532     3.630      -26.3     -254.8      -13.9     11.3      9.9     21.2 1994 11 16 16 50 58.150 2.0   1
 30062748  37.288615 -121.671037     3.682      -71.0     -190.1       38.0     10.7     17.6     46.7 1994 11 16 18  3 42.360 1.3   1
 30069222  37.287830 -121.669865     3.754       33.5     -277.2      109.5     15.9     32.8     89.1 1995  3  3 12 30 15.850 1.8   1
 30069457  37.287716 -121.669946     3.759       26.3     -289.8      115.0     13.4     27.5     77.4 1995  3  7 13 19 41.960 1.3   1
 30092060  37.287541 -121.669889     3.529       30.8     -309.6     -115.2     11.2      9.2     19.9 1995 12 15 18 53 39.820 1.8   1
