    17842  37.289327 -121.669417     3.530       72.5     -111.1     -114.5      8.2      9.9     21.9 1984  4 25  4 35 19.170 1.9   1
    16751  37.290975 -121.671419     3.537     -104.6       71.8     -107.7     15.9     17.5     36.8 1984  4 27  7 48 23.500 1.0   1
    21644  37.290629 -121.670866     3.571      -55.3       33.4      -72.8     17.0     19.3     40.1 1984  6 27 14 50 38.140 1.6   1
    25096  37.289612 -121.670931     3.451      -61.2      -79.5     -193.3     15.1     18.1     40.1 1984  8  7  9  7  6.330 1.2   1
    28475  37.291187 -121.671647     3.596     -124.9       95.1      -48.1     10.4     16.6     26.3 1984  9 23  8 43 14.720 1.1   1
    32049  37.289400 -121.669784     3.575       40.5     -103.0      -69.0      7.6      9.8     19.1 1984 11 18  0 28 55.240 1.7   1
    35109  37.290597 -121.670850     3.563      -53.8       29.6      -81.1     16.9     19.2     39.6 1984 12 22  4 43 44.710 1.6   1
    42349  37.289567 -121.670020     3.694       19.2      -84.3       50.1      7.4     21.7     63.8 1985  2 28  1  9 58.300 0.8   1
    42555  37.289294 -121.669531     3.564       62.6     -114.7      -80.0      8.1     10.0     21.5 1985  3  2  6 53 56.010 1.7   1
    42559  37.290063 -121.670337     3.588       -8.7      -29.4      -55.8      9.3     10.1     23.0 1985  3  2  8 55  3.470 1.9   1
    42643  37.289681 -121.670020     3.578       19.3      -71.8      -65.8      8.0      9.9     21.7 1985  3  2  8 55 29.590 2.1   1
    42560  37.290462 -121.670972     3.643      -64.8       14.8       -1.3      8.8     10.4     23.5 1985  3  2  8 58  0.480 1.2   1
    49626  37.291361 -121.671761     3.699     -134.7      114.8       54.7      8.1     25.0     56.8 1985  6 15  1 38 57.380 0.9   1
    54084  37.289982 -121.670052     3.534       16.5      -38.6     -110.0      8.6     10.0     20.6 1985  8 28 20 35 10.100 1.6   1
    57770  37.289530 -121.670760     3.394      -45.9      -88.7     -250.7     16.6     18.1     41.4 1985 10 28  3 55 38.130 1.3   1
    62514  37.289347 -121.669629     3.537       54.3     -109.0     -107.8      7.6      9.8     19.3 1985 12 31 15 50 52.230 1.7   1
    62520  37.289299 -121.669434     3.545       71.3     -114.4      -99.7      8.0      9.8     21.0 1985 12 31 18  3  3.480 1.6   1
    67820  37.290544 -121.670597     3.493      -31.9       23.7     -151.8     17.9     19.1     42.3 1986  3  8 10 32  4.410 1.6   1
    73786  37.288550 -121.670020     3.414       19.7     -197.6     -230.1     59.9    214.6    112.6 1986  6  1 10 51 31.460 1.2   1
    77218  37.290031 -121.670247     3.553       -0.5      -33.0      -91.3      8.2     10.0     21.3 1986  7 25  9 22 50.290 2.3   1
    77296  37.290389 -121.670793     3.589      -49.1        6.6      -55.2      9.2     10.9     26.6 1986  7 25 16  1 52.100 1.1   1
    82606  37.291280 -121.670565     3.411      -28.7      105.5     -233.0    211.7    119.8    220.0 1986  9 15 20 17 49.920 2.7   1
    83805  37.290621 -121.670744     3.508      -44.8       32.7     -136.0     15.3     18.8     35.6 1986  9 25 12  1 52.830 1.4   1
    88698  37.292322 -121.671737     4.655     -132.6      221.2     1010.9      8.7     17.0    130.7 1986 11 25 13  0 35.660 1.0   1
   101361  37.290059 -121.670239     3.561        0.2      -29.9      -83.6      8.0     10.0     20.4 1987  6  3  6 56  7.740 1.9   1
   101362  37.289355 -121.669629     3.528       54.4     -108.0     -116.2      7.6      9.8     19.2 1987  6  3  6 58 51.320 1.7   1
   102776  37.291170 -121.671501     3.571     -111.6       93.6      -73.7     11.3     16.6     28.2 1987  7  7  1 44 26.990 1.0   1
   103138  37.289677 -121.669979     3.551       23.4      -72.1      -93.5      7.6      9.8     19.4 1987  7 14 19  2 57.020 1.7   1
   110939  37.289555 -121.670801     3.410      -50.0      -85.9     -234.8     16.0     18.0     40.0 1988  1 15  1 56 42.310 1.4   1
   112868  37.292338 -121.671704     4.583     -129.8      223.1      938.2      8.3     16.9    107.7 1988  2 25 10  0 17.780 0.9   1
   120788  37.290653 -121.670744     3.553      -44.6       36.1      -91.0     16.9     19.4     39.9 1988  7 23 10 42 21.740 1.5   1
   126189  37.290084 -121.670589     3.623      -30.7      -27.0      -21.1      8.2     10.0     21.0 1988 11  2  3  9 12.610 1.9   1
   126292  37.289384 -121.669897     3.584       30.2     -104.8      -60.5      7.6      9.7     19.5 1988 11  3  1 30  4.280 1.7   1
   126389  37.289347 -121.669775     3.586       41.1     -108.8      -58.5      8.1      9.9     21.4 1988 11  4 13 34 34.720 1.9   1
   148939  37.289201 -121.668734     3.327      133.2     -125.2     -317.7      7.8      9.8     19.5 1989 12 13  5 33 46.080 1.6   1
   158154  37.293416 -121.671175     4.329      -83.3      342.7      685.1      7.7     22.8     49.0 1990  5 23 11 11 37.580 1.0   1
   160503  37.289575 -121.669246     3.337       88.1      -83.4     -307.5      8.2     11.0     21.5 1990  7  5 20  4 42.800 1.7   1
   205031  37.289299 -121.669873     3.190       32.6     -114.5     -453.9     15.3     18.2     40.5 1991  1 20  5  0 30.930 1.2   1
   208364  37.293363 -121.671159     4.321      -81.4      337.1      676.8      7.8     23.4     51.0 1991  3 22 11 23 27.560 1.0   1
   215747  37.289290 -121.668896     3.375      119.0     -115.3     -269.4      7.5      9.8     19.1 1991  5 29  9 45 22.620 1.8   1
   227435  37.289335 -121.669946     3.206       25.9     -110.1     -438.7     15.7     18.1     40.0 1991  8 10 17  6  5.760 1.2   1
   238704  37.289929 -121.669613     3.410       55.4      -44.3     -234.4      8.7     10.1     22.0 1991 12  3  5 24 24.980 2.0   1
   238790  37.289518 -121.669173     3.393       94.7      -89.8     -251.3      7.5      9.8     19.6 1991 12  4  0  8 49.550 1.9   1
   261841  37.290926 -121.670549     3.353      -27.3       66.2     -290.8     10.6     16.5     25.4 1992  4  6  9 39 49.410 0.9   1
   312743  37.290361 -121.669954     3.349       25.2        3.7     -294.9     17.1     19.4     38.2 1992  8 29 17  4 29.020 1.6   1
   314921  37.289176 -121.668693     3.386      137.2     -128.0     -258.4      8.2     10.8     26.9 1992  9 11  1 22 13.650 1.1   1
   331552  37.292957 -121.671362     4.191      -99.4      291.6      546.9      7.6     23.0     49.7 1993  1  9 17 48 38.720 1.0   1
   331635  37.290747 -121.670825     3.368      -51.8       46.7     -276.1     12.7     16.7     30.3 1993  1 10 22 13  9.440 1.2   1
   352620  37.289518 -121.669149     3.388       96.9      -90.1     -256.4      9.3     10.7     27.5 1993  6  8  9 15  1.380 0.8   1
 30036393  37.293473 -121.671183     4.332      -83.4      348.9      687.3      7.6     23.5     50.2 1993 12  1  0 25 49.530 1.0   1
   389286  37.289148 -121.668831     3.353      125.0     -131.0     -291.5      7.6      9.7     19.3 1993 12 20 22 35  7.800 1.8   1
   399980  37.289563 -121.670028     3.302       18.6      -84.8     -342.3     16.0     18.2     39.8 1994  4  6  4 11 34.960 1.4   1
 30062741  37.289889 -121.669661     3.493       51.4      -48.7     -151.3      8.1     10.4     21.4 1994 11 16 16 50 58.150 2.0   1
 30062748  37.290356 -121.670133     3.526        9.1        3.3     -118.0      9.1     11.3     24.4 1994 11 16 18  3 42.360 1.3   1
 30069218  37.290812 -121.669059     4.020      104.6       53.5      375.7      5.9     17.1     48.0 1995  3  3  9 38 49.200 1.2   1
 30069222  37.289372 -121.668734     3.470      133.2     -106.3     -174.8      7.9      9.9     20.3 1995  3  3 12 30 15.850 1.8   1
 30069457  37.289237 -121.668864     3.476      121.8     -121.0     -168.4      7.9     10.0     21.0 1995  3  7 13 19 41.960 1.3   1
 30092060  37.289465 -121.669092     3.432      102.0      -95.6     -212.0      7.6      9.7     19.1 1995 12 15 18 53 39.820 1.8   1
