    17842  37.287341 -121.670475     3.609      -20.8     -331.3      -34.9      6.7      7.9     19.9 1984  4 25  4 35 19.170 1.9   1
    16751  37.289018 -121.672445     3.627     -195.2     -145.6      -17.1     13.7     15.9     33.5 1984  4 27  7 48 23.500 1.0   1
    21644  37.288765 -121.672005     3.666     -156.4     -173.6       21.9     15.7     17.6     38.3 1984  6 27 14 50 38.140 1.6   1
    25096  37.287789 -121.672380     3.535     -189.7     -281.9     -109.3     11.6     16.9     48.6 1984  8  7  9  7  6.330 1.2   1
    28475  37.288969 -121.672648     3.591     -213.6     -150.8      -53.6      7.1     20.7     48.3 1984  9 23  8 43 14.720 1.1   1
    32049  37.287272 -121.670850     3.598      -54.0     -339.1      -46.6      6.0      8.4     21.5 1984 11 18  0 28 55.240 1.7   1
    35109  37.288729 -121.671997     3.657     -156.0     -177.6       12.7     15.9     17.6     38.0 1984 12 22  4 43 44.710 1.6   1
    42349  37.287215 -121.670947     3.606      -62.8     -345.6      -38.4      8.3     15.3     52.0 1985  2 28  1  9 58.300 0.8   1
    42555  37.287301 -121.670557     3.635      -28.3     -335.9       -9.6      6.6      8.0     19.7 1985  3  2  6 53 56.010 1.7   1
    42559  37.287809 -121.671370     3.554     -100.4     -279.4      -89.9      7.7     11.1     35.9 1985  3  2  8 55  3.470 1.9   1
    42643  37.287480 -121.671029     3.564      -70.3     -316.3      -80.7      6.4     10.2     31.5 1985  3  2  8 55 29.590 2.1   1
    42560  37.288407 -121.672021     3.691     -158.2     -213.2       46.4      7.3     11.7     34.9 1985  3  2  8 58  0.480 1.2   1
    49626  37.289091 -121.672648     3.662     -213.7     -137.2       17.4     10.6     18.7     51.9 1985  6 15  1 38 57.380 0.9   1
    54084  37.288066 -121.671167     3.634      -82.1     -251.3      -10.6      7.0      7.9     18.4 1985  8 28 20 35 10.100 1.6   1
    57770  37.288135 -121.672314     3.654     -183.8     -243.4        9.2     13.0     13.7     33.2 1985 10 28  3 55 38.130 1.3   1
    62514  37.287382 -121.670711     3.620      -41.8     -326.9      -23.9      6.1      7.8     17.5 1985 12 31 15 50 52.230 1.7   1
    62520  37.287305 -121.670483     3.620      -21.4     -335.4      -24.5      6.5      7.8     19.1 1985 12 31 18  3  3.480 1.6   1
    67820  37.288704 -121.671745     3.598     -133.7     -180.4      -46.3     16.3     17.7     39.9 1986  3  8 10 32  4.410 1.6   1
    77218  37.288078 -121.671322     3.639      -96.2     -249.7       -5.6      6.6      8.1     19.7 1986  7 25  9 22 50.290 2.3   1
    77296  37.288241 -121.671802     3.598     -138.6     -231.7      -46.3      7.5     11.0     33.5 1986  7 25 16  1 52.100 1.1   1
    83805  37.288753 -121.671875     3.597     -145.1     -174.6      -47.1     14.4     17.7     37.4 1986  9 25 12  1 52.830 1.4   1
    88698  37.290190 -121.672493     4.573     -200.2      -15.5      928.4      8.4     14.7     82.1 1986 11 25 13  0 35.660 1.0   1
   101361  37.288123 -121.671330     3.653      -96.5     -244.9        8.5      6.4      8.0     18.5 1987  6  3  6 56  7.740 1.9   1
   101362  37.287406 -121.670703     3.618      -41.3     -324.2      -26.0      6.0      7.7     17.3 1987  6  3  6 58 51.320 1.7   1
   102776  37.289160 -121.672502     3.642     -200.5     -129.8       -2.6      7.4     21.4     49.5 1987  7  7  1 44 26.990 1.0   1
   103138  37.287744 -121.671061     3.644      -73.0     -287.0       -0.5      6.0      7.8     17.5 1987  7 14 19  2 57.020 1.7   1
   110939  37.288005 -121.672428     3.622     -194.4     -257.9      -22.3      7.9     20.2     67.0 1988  1 15  1 56 42.310 1.4   1
   112868  37.290243 -121.672404     4.550     -191.7       -9.4      906.1      7.9     14.7     80.6 1988  2 25 10  0 17.780 0.9   1
   120788  37.288810 -121.671883     3.655     -145.9     -168.7       10.4     15.9     17.7     37.9 1988  7 23 10 42 21.740 1.5   1
   126189  37.287602 -121.671574     3.494     -118.1     -302.4     -150.3      6.9     16.7     57.7 1988 11  2  3  9 12.610 1.9   1
   126292  37.287252 -121.670980     3.605      -65.4     -341.5      -39.1      6.1      8.8     23.9 1988 11  3  1 30  4.280 1.7   1
   126389  37.287227 -121.670817     3.611      -51.0     -343.9      -33.2      6.5      8.9     24.9 1988 11  4 13 34 34.720 1.9   1
   148939  37.287337 -121.669735     3.438       44.4     -331.9     -206.8      6.1      7.7     17.9 1989 12 13  5 33 46.080 1.6   1
   158154  37.290173 -121.671956     3.932     -152.0      -17.3      287.5      6.9     14.4     23.3 1990  5 23 11 11 37.580 1.0   1
   160503  37.287842 -121.670329     3.487       -8.1     -275.9     -157.3      6.5      9.2     20.8 1990  7  5 20  4 42.800 1.7   1
   205031  37.287915 -121.671387     3.458     -101.5     -267.7     -186.0     11.7     13.6     33.0 1991  1 20  5  0 30.930 1.2   1
   208364  37.290255 -121.671989     4.435     -155.0       -7.9      791.1      8.0     14.5    103.5 1991  3 22 11 23 27.560 1.0   1
   215747  37.287415 -121.669922     3.486       27.9     -323.3     -158.4      5.9      7.7     17.6 1991  5 29  9 45 22.620 1.8   1
   227435  37.287976 -121.671460     3.477     -108.4     -261.2     -167.2     11.9     13.6     32.7 1991  8 10 17  6  5.760 1.2   1
   238704  37.288110 -121.670654     3.541      -37.1     -246.1     -103.3      7.0      8.3     21.3 1991 12  3  5 24 24.980 2.0   1
   238790  37.287667 -121.670231     3.515        1.1     -295.2     -129.0      5.8      7.9     18.7 1991 12  4  0  8 49.550 1.9   1
   261841  37.289152 -121.671566     3.515     -117.6     -130.7     -129.1      9.1     14.2     22.1 1992  4  6  9 39 49.410 0.9   1
   312743  37.288684 -121.671021     3.493      -69.6     -182.6     -151.0     15.8     17.6     36.9 1992  8 29 17  4 29.020 1.6   1
   314921  37.287313 -121.669718     3.507       46.3     -334.6     -137.6      6.7      9.9     29.9 1992  9 11  1 22 13.650 1.1   1
   331552  37.290234 -121.672176     4.500     -171.9      -10.5      856.0      7.7     14.5     87.9 1993  1  9 17 48 38.720 1.0   1
   331635  37.288900 -121.671761     3.495     -134.8     -158.4     -149.6     10.8     14.7     27.1 1993  1 10 22 13  9.440 1.2   1
   352620  37.287646 -121.670190     3.505        4.3     -297.8     -139.4      7.6      8.8     25.7 1993  6  8  9 15  1.380 0.8   1
 30036393  37.290190 -121.671973     3.938     -153.6      -15.4      294.1      6.8     14.4     24.8 1993 12  1  0 25 49.530 1.0   1
   389286  37.287272 -121.669857     3.463       34.1     -339.1     -181.1      6.0      7.7     17.7 1993 12 20 22 35  7.800 1.8   1
   399980  37.288196 -121.671549     3.572     -116.4     -236.7      -72.3     12.0     13.7     31.9 1994  4  6  4 11 34.960 1.4   1
 30062741  37.288127 -121.670728     3.638      -42.9     -244.5       -6.6      6.5      8.8     20.8 1994 11 16 16 50 58.150 2.0   1
 30062748  37.288778 -121.671257     3.736      -90.1     -171.9       91.6      4.4     16.0     46.3 1994 11 16 18  3 42.360 1.3   1
 30069222  37.288216 -121.669922     3.871       27.8     -234.3      227.1      4.1     13.9     38.3 1995  3  3 12 30 15.850 1.8   1
 30069457  37.287948 -121.670068     3.821       15.1     -264.2      177.1      4.0     14.9     42.2 1995  3  7 13 19 41.960 1.3   1
 30092060  37.287594 -121.670101     3.541       12.2     -303.6     -102.8      6.0      7.7     17.6 1995 12 15 18 53 39.820 1.8   1
