    17842  37.287044 -121.670532     3.487      -25.7     -364.3     -156.9     30.2     84.3     48.5 1984  4 25  4 35 19.170 1.9   1
    16751  37.288761 -121.672453     3.516     -196.1     -174.0     -128.0     31.3     88.6     70.0 1984  4 27  7 48 23.500 1.0   1
    21644  37.288167 -121.671867     3.430     -144.1     -240.0     -214.3     30.8     87.4     65.6 1984  6 27 14 50 38.140 1.6   1
    25096  37.288196 -121.672331     3.703     -185.2     -236.8       58.9     34.6     85.2     47.8 1984  8  7  9  7  6.330 1.2   1
    28475  37.288916 -121.672445     3.535     -195.5     -156.6     -109.7     30.8     87.4     51.1 1984  9 23  8 43 14.720 1.1   1
    32049  37.287773 -121.670972     3.784      -64.9     -283.7      139.2     30.4     82.5     19.9 1984 11 18  0 28 55.240 1.7   1
    35109  37.288188 -121.671891     3.445     -146.5     -237.5     -199.0     30.8     87.1     63.6 1984 12 22  4 43 44.710 1.6   1
    42349  37.287826 -121.671118     3.845      -77.8     -277.5      200.7     31.2     82.6     32.2 1985  2 28  1  9 58.300 0.8   1
    42555  37.286829 -121.670557     3.443      -27.9     -388.4     -201.4     30.2     84.0     45.4 1985  3  2  6 53 56.010 1.7   1
    42559  37.288432 -121.671509     3.798     -112.3     -210.4      154.1     30.9     82.3     24.0 1985  3  2  8 55  3.470 1.9   1
    42643  37.288053 -121.671191     3.787      -84.4     -252.3      143.1     30.5     82.4     22.7 1985  3  2  8 55 29.590 2.1   1
    42560  37.287484 -121.671810     3.324     -139.4     -315.7     -320.1     30.1     85.3     47.4 1985  3  2  8 58  0.480 1.2   1
    49626  37.289433 -121.672550     3.764     -204.8      -99.2      119.5     32.2     82.7     30.8 1985  6 15  1 38 57.380 0.9   1
    54084  37.287716 -121.671159     3.496      -81.5     -289.7     -148.5     30.2     84.5     43.5 1985  8 28 20 35 10.100 1.6   1
    57770  37.288106 -121.672160     3.649     -170.5     -246.4        5.0     35.6     85.3     50.4 1985 10 28  3 55 38.130 1.3   1
    62514  37.287065 -121.670719     3.487      -42.7     -362.3     -157.3     30.1     83.6     38.9 1985 12 31 15 50 52.230 1.7   1
    62520  37.286975 -121.670500     3.480      -23.1     -371.9     -164.0     30.2     83.8     43.1 1985 12 31 18  3  3.480 1.6   1
    67820  37.288977 -121.671810     3.703     -139.2     -150.2       59.1     32.9     83.7     35.8 1986  3  8 10 32  4.410 1.6   1
    73786  37.398499 -121.611247     0.972     5227.2    12005.3    -2672.4   1646.0   4557.9    771.9 1986  6  1 10 51 31.460 1.2   1
    77218  37.287614 -121.671297     3.454      -93.9     -301.3     -190.8     30.1     84.5     41.9 1986  7 25  9 22 50.290 2.3   1
    77296  37.288749 -121.671981     3.794     -154.3     -175.1      149.3     31.0     82.4     28.2 1986  7 25 16  1 52.100 1.1   1
    83805  37.289046 -121.671899     3.705     -147.3     -142.5       60.6     32.2     83.6     30.8 1986  9 25 12  1 52.830 1.4   1
    88698  37.290328 -121.672266     4.626     -179.8        0.1      981.4     31.5     86.6    101.5 1986 11 25 13  0 35.660 1.0   1
   101361  37.287614 -121.671265     3.449      -91.2     -301.1     -195.8     30.1     84.4     41.0 1987  6  3  6 56  7.740 1.9   1
   101362  37.287154 -121.670728     3.511      -43.4     -352.3     -133.8     30.1     83.6     39.0 1987  6  3  6 58 51.320 1.7   1
   102776  37.289229 -121.672314     3.630     -184.3     -122.1      -13.9     30.8     87.3     53.3 1987  7  7  1 44 26.990 1.0   1
   103138  37.287305 -121.671029     3.466      -70.1     -335.3     -178.7     30.1     83.9     39.5 1987  7 14 19  2 57.020 1.7   1
   110939  37.288135 -121.672209     3.666     -174.5     -243.6       21.8     35.2     85.2     48.8 1988  1 15  1 56 42.310 1.4   1
   112868  37.290356 -121.672192     4.592     -173.4        3.2      948.0     31.3     86.6     99.8 1988  2 25 10  0 17.780 0.9   1
   120788  37.288383 -121.671769     3.482     -136.0     -216.0     -162.5     30.8     87.1     64.2 1988  7 23 10 42 21.740 1.5   1
   126189  37.287093 -121.671509     3.301     -112.4     -358.9     -343.0     30.1     84.6     41.9 1988 11  2  3  9 12.610 1.9   1
   126292  37.287760 -121.671086     3.795      -75.1     -285.1      151.0     30.4     82.4     20.3 1988 11  3  1 30  4.280 1.7   1
   126389  37.287724 -121.670964     3.797      -63.9     -288.8      152.6     30.6     82.5     22.5 1988 11  4 13 34 34.720 1.9   1
   148939  37.287569 -121.669946     3.532       26.3     -306.1     -112.8     30.4     83.0     19.9 1989 12 13  5 33 46.080 1.6   1
   158154  37.290230 -121.671875     3.959     -144.8      -10.7      315.1     30.9     86.7     26.1 1990  5 23 11 11 37.580 1.0   1
   160503  37.287980 -121.670475     3.547      -20.6     -260.7      -97.3     30.6     82.9     23.0 1990  7  5 20  4 42.800 1.7   1
   205031  37.287874 -121.671257     3.449      -89.9     -272.3     -195.0     34.4     85.4     49.9 1991  1 20  5  0 30.930 1.2   1
   208364  37.290259 -121.671859     4.649     -143.7       -7.5     1004.8     31.2     86.7    549.1 1991  3 22 11 23 27.560 1.0   1
   215747  37.287655 -121.670093     3.578       13.1     -296.6      -66.4     30.4     83.0     19.4 1991  5 29  9 45 22.620 1.8   1
   227435  37.287919 -121.671330     3.465      -96.8     -267.3     -178.9     34.7     85.4     49.6 1991  8 10 17  6  5.760 1.2   1
   238704  37.288293 -121.670793     3.614      -48.9     -225.6      -30.2     30.7     82.8     22.5 1991 12  3  5 24 24.980 2.0   1
   238790  37.287887 -121.670378     3.597      -12.2     -271.1      -47.7     30.4     83.0     20.0 1991 12  4  0  8 49.550 1.9   1
   261841  37.289181 -121.671484     3.507     -110.6     -127.3     -137.4     31.8     83.1     26.1 1992  4  6  9 39 49.410 0.9   1
   312743  37.288790 -121.671151     3.551      -80.5     -170.6      -93.0     32.4     83.9     32.3 1992  8 29 17  4 29.020 1.6   1
   314921  37.287528 -121.669881     3.583       31.4     -310.8      -61.5     30.6     83.3     28.7 1992  9 11  1 22 13.650 1.1   1
   331552  37.290299 -121.672070     4.525     -162.5       -3.0      881.1     31.3     86.5    126.6 1993  1  9 17 48 38.720 1.0   1
   331635  37.289022 -121.671826     3.536     -140.6     -144.8     -108.6     32.2     83.1     30.3 1993  1 10 22 13  9.440 1.2   1
   352620  37.287858 -121.670345     3.586       -9.3     -274.0      -58.2     30.9     83.1     29.3 1993  6  8  9 15  1.380 0.8   1
 30036393  37.290255 -121.671883     3.966     -145.5       -8.0      321.9     30.8     86.7     27.7 1993 12  1  0 25 49.530 1.0   1
   389286  37.287516 -121.670028     3.557       18.6     -312.1      -87.8     30.4     83.0     19.7 1993 12 20 22 35  7.800 1.8   1
   399980  37.288139 -121.671403     3.558     -103.6     -243.0      -86.8     34.9     85.5     49.1 1994  4  6  4 11 34.960 1.4   1
 30062741  37.288277 -121.670890     3.701      -57.6     -227.8       57.2     30.6     82.9     22.2 1994 11 16 16 50 58.150 2.0   1
 30062748  37.288399 -121.671183     3.597      -83.8     -214.0      -47.0     30.2     85.1     48.8 1994 11 16 18  3 42.360 1.3   1
 30069222  37.287736 -121.669946     3.673       26.2     -287.9       28.3     30.5     83.2     20.7 1995  3  3 12 30 15.850 1.8   1
 30069457  37.287598 -121.670068     3.676       15.4     -303.0       31.7     30.5     83.2     21.2 1995  3  7 13 19 41.960 1.3   1
 30092060  37.287830 -121.670296     3.636       -4.7     -277.3       -8.3     30.4     83.0     19.4 1995 12 15 18 53 39.820 1.8   1
