    17842  37.289539 -121.668490     3.566      155.1      -87.5      -78.8     20.0     16.5     21.3 1984  4 25  4 35 19.170 1.9   1
    16751  37.289880 -121.674137     3.467     -345.8      -49.7     -177.5     20.9     15.9     19.3 1984  4 27  7 48 23.500 1.0   1
    21644  37.291187 -121.670312     3.597       -6.4       95.1      -47.0     21.2     13.9     19.8 1984  6 27 14 50 38.140 1.6   1
    25096  37.290519 -121.670085     3.362       13.6       21.3     -282.8     20.6     18.7     20.8 1984  8  7  9  7  6.330 1.2   1
    28475  37.291760 -121.670654     3.406      -36.9      158.8     -238.8     20.9     19.9     32.6 1984  9 23  8 43 14.720 1.1   1
    32049  37.288306 -121.669906     3.552       29.3     -224.4      -92.5     16.1     12.2     18.7 1984 11 18  0 28 55.240 1.7   1
    35109  37.291252 -121.669906     3.497       29.3      102.6     -146.9     16.5     12.3     20.0 1984 12 22  4 43 44.710 1.6   1
    42349  37.287659 -121.670378     3.679      -12.6     -296.4       35.1     26.3     15.1     17.4 1985  2 28  1  9 58.300 0.8   1
    42555  37.289107 -121.669645     3.605       52.7     -135.4      -39.4     16.2     12.2     18.8 1985  3  2  6 53 56.010 1.7   1
    42559  37.289779 -121.669816     3.540       37.5      -60.9     -104.3     16.3     12.2     19.3 1985  3  2  8 55  3.470 1.9   1
    42643  37.289237 -121.669067     3.514      103.7     -121.0     -130.8     16.3     12.2     19.3 1985  3  2  8 55 29.590 2.1   1
    42560  37.290483 -121.669800     3.610       38.7       17.2      -34.4     16.3     12.3     19.2 1985  3  2  8 58  0.480 1.2   1
    49626  37.291915 -121.670817     3.708      -51.1      176.1       64.1     19.2     16.0     24.4 1985  6 15  1 38 57.380 0.9   1
    54084  37.289921 -121.670093     3.558       12.8      -45.0      -86.2     16.8     12.7     20.6 1985  8 28 20 35 10.100 1.6   1
    57770  37.290340 -121.672412     3.430     -193.0        1.2     -214.7     24.6     17.5     22.1 1985 10 28  3 55 38.130 1.3   1
    62514  37.289315 -121.669425     3.569       71.8     -112.3      -75.1     18.7     15.6     19.2 1985 12 31 15 50 52.230 1.7   1
    62520  37.289119 -121.669670     3.608       50.8     -134.1      -35.9     17.2     19.3     24.9 1985 12 31 18  3  3.480 1.6   1
    67820  37.290495 -121.672534     3.571     -203.8       18.5      -73.3     22.0     16.9     25.5 1986  3  8 10 32  4.410 1.6   1
    73786  37.289608 -121.668188     3.286      181.9      -80.1     -358.5     19.0     18.5     21.2 1986  6  1 10 51 31.460 1.2   1
    77218  37.290092 -121.669002     3.519      109.6      -26.0     -125.7     16.4     12.3     19.6 1986  7 25  9 22 50.290 2.3   1
    77296  37.290865 -121.669165     3.529       95.0       59.6     -115.1     21.2     13.9     20.2 1986  7 25 16  1 52.100 1.1   1
    82606  37.291386 -121.671875     3.687     -145.0      117.5       42.8     15.4     12.7     16.7 1986  9 15 20 17 49.920 2.7   1
    83805  37.291174 -121.670516     3.570      -24.3       94.1      -74.7     16.4     12.3     19.5 1986  9 25 12  1 52.830 1.4   1
    88698  37.291243 -121.670964     4.295      -64.6      101.6      650.5     20.4     21.2     43.6 1986 11 25 13  0 35.660 1.0   1
   101361  37.290279 -121.668937     3.563      115.2       -5.3      -81.7     16.4     12.3     19.5 1987  6  3  6 56  7.740 1.9   1
   101362  37.288688 -121.671069     3.587      -73.7     -182.1      -56.9     16.0     12.2     18.5 1987  6  3  6 58 51.320 1.7   1
   102776  37.292147 -121.671639     3.605     -124.3      201.9      -38.9     16.3     15.2     19.5 1987  7  7  1 44 26.990 1.0   1
   103138  37.289339 -121.670247     3.549       -1.0     -109.7      -95.8     16.2     12.2     19.0 1987  7 14 19  2 57.020 1.7   1
   110939  37.290519 -121.671175     3.393      -83.3       21.1     -251.8     18.8     13.0     20.2 1988  1 15  1 56 42.310 1.4   1
   112868  37.292285 -121.671305     4.337      -94.3      217.3      692.7     18.1     16.5     26.4 1988  2 25 10  0 17.780 0.9   1
   120788  37.290320 -121.671989     3.600     -155.3       -0.8      -44.1     22.1     14.8     21.0 1988  7 23 10 42 21.740 1.5   1
   126189  37.289286 -121.670719     3.623      -42.6     -115.6      -21.5     19.7     13.8     20.4 1988 11  2  3  9 12.610 1.9   1
   126292  37.289705 -121.669515     3.498       64.3      -69.2     -146.2     18.8     15.6     19.7 1988 11  3  1 30  4.280 1.7   1
   126389  37.288717 -121.670093     3.592       13.1     -178.9      -52.4     16.1     12.2     18.6 1988 11  4 13 34 34.720 1.9   1
   148939  37.289400 -121.669116     3.553       99.9     -102.9      -91.6     19.0     15.8     24.0 1989 12 13  5 33 46.080 1.6   1
   158154  37.291943 -121.671558     3.685     -117.1      179.4       41.0     17.9     16.5     21.9 1990  5 23 11 11 37.580 1.0   1
   160503  37.290653 -121.668343     3.580      168.3       36.2      -64.1     16.5     15.3     19.6 1990  7  5 20  4 42.800 1.7   1
   205031  37.290763 -121.669523     3.393       63.7       48.4     -251.5     21.6     13.5     20.8 1991  1 20  5  0 30.930 1.2   1
   208364  37.292517 -121.671004     3.645      -67.6      242.7        1.0     23.3     17.5     23.0 1991  3 22 11 23 27.560 1.0   1
   215747  37.288912 -121.669840     3.578       35.4     -157.3      -66.8     16.2     15.1     18.8 1991  5 29  9 45 22.620 1.8   1
   227435  37.290527 -121.668758     3.413      131.3       22.2     -231.4     21.7     19.2     20.7 1991  8 10 17  6  5.760 1.2   1
   238704  37.290120 -121.669344     3.574       79.0      -23.0      -70.7     16.4     12.3     19.3 1991 12  3  5 24 24.980 2.0   1
   238790  37.289677 -121.669604     3.609       56.6      -72.3      -35.2     16.3     12.3     18.9 1991 12  4  0  8 49.550 1.9   1
   261841  37.292049 -121.671354     3.664      -98.6      191.0       19.6     17.9     17.4     28.9 1992  4  6  9 39 49.410 0.9   1
   312743  37.290731 -121.671574     3.673     -118.3       44.6       28.3     15.4     15.5     16.6 1992  8 29 17  4 29.020 1.6   1
   314921  37.288432 -121.667285     3.608      261.6     -210.4      -36.5     20.6     13.8     23.8 1992  9 11  1 22 13.650 1.1   1
   331552  37.292293 -121.672192     3.714     -173.3      218.3       69.5     21.1     17.8     26.8 1993  1  9 17 48 38.720 1.0   1
   331635  37.291463 -121.670833     3.510      -52.8      126.1     -134.1     26.8     17.4     20.3 1993  1 10 22 13  9.440 1.2   1
   352620  37.288806 -121.668058     3.577      193.4     -168.8      -67.8     18.8     15.7     19.3 1993  6  8  9 15  1.380 0.8   1
 30036393  37.292456 -121.670321     3.713       -7.5      236.3       68.6     19.9     17.8     29.4 1993 12  1  0 25 49.530 1.0   1
   389286  37.288371 -121.670695     3.575      -40.7     -217.0      -69.8     16.0     15.1     18.5 1993 12 20 22 35  7.800 1.8   1
   399980  37.290275 -121.670662     3.457      -37.7       -5.7     -187.6     20.5     16.0     20.0 1994  4  6  4 11 34.960 1.4   1
 30062741  37.289608 -121.671655     3.598     -125.9      -79.7      -46.5     18.6     13.0     18.8 1994 11 16 16 50 58.150 2.0   1
 30062748  37.290584 -121.668905     3.562      118.1       28.6      -82.4     24.1     19.8     20.0 1994 11 16 18  3 42.360 1.3   1
 30069218  37.289181 -121.668905     3.727      118.5     -127.3       82.5     19.6     19.5     21.6 1995  3  3  9 38 49.200 1.2   1
 30069222  37.289510 -121.669279     3.620       85.4      -90.6      -24.1     18.8     15.7     19.1 1995  3  3 12 30 15.850 1.8   1
 30069457  37.290401 -121.668538     3.440      150.9        8.2     -203.8     21.7     16.1     20.5 1995  3  7 13 19 41.960 1.3   1
 30092060  37.289433 -121.669954     3.563       25.4      -99.5      -81.1     18.7     15.6     19.2 1995 12 15 18 53 39.820 1.8   1
