    17842  37.287447 -121.670605     3.651      -32.2     -319.8        7.0      6.3      8.4     21.3 1984  4 25  4 35 19.170 1.9   1
    16751  37.288916 -121.672314     3.591     -183.7     -156.6      -53.0     13.9     17.7     39.8 1984  4 27  7 48 23.500 1.0   1
    21644  37.288761 -121.671965     3.657     -152.9     -174.1       12.3     12.8     16.8     37.4 1984  6 27 14 50 38.140 1.6   1
    25096  37.287651 -121.672355     3.510     -187.6     -297.2     -134.6      7.4     19.3     63.4 1984  8  7  9  7  6.330 1.2   1
    28475  37.289221 -121.672461     3.684     -196.9     -122.8       39.6      9.4     15.8     30.1 1984  9 23  8 43 14.720 1.1   1
    32049  37.287134 -121.670947     3.547      -62.5     -354.6      -97.1      4.0     13.2     37.1 1984 11 18  0 28 55.240 1.7   1
    35109  37.288733 -121.671973     3.653     -153.7     -176.8        8.2     13.0     16.8     37.6 1984 12 22  4 43 44.710 1.6   1
    42349  37.286991 -121.671012     3.523      -68.8     -370.4     -121.3      6.4     23.1     71.0 1985  2 28  1  9 58.300 0.8   1
    42555  37.287386 -121.670679     3.673      -39.1     -326.5       28.6      6.2      8.6     22.1 1985  3  2  6 53 56.010 1.7   1
    42559  37.287659 -121.671493     3.511     -111.2     -296.0     -133.4      5.4     16.8     49.3 1985  3  2  8 55  3.470 1.9   1
    42643  37.287284 -121.671143     3.500      -79.8     -337.7     -143.9      4.4     15.4     45.0 1985  3  2  8 55 29.590 2.1   1
    42560  37.288208 -121.672046     3.619     -160.5     -235.1      -25.0      7.1     17.7     61.6 1985  3  2  8 58  0.480 1.2   1
    49626  37.288765 -121.672363     3.527     -188.1     -173.6     -117.7      7.5     22.9     54.6 1985  6 15  1 38 57.380 0.9   1
    54084  37.288123 -121.671257     3.658      -90.0     -245.0       13.9      6.7      8.4     19.9 1985  8 28 20 35 10.100 1.6   1
    57770  37.288123 -121.672217     3.662     -175.2     -244.6       17.6     13.1     13.8     34.3 1985 10 28  3 55 38.130 1.3   1
    62514  37.287467 -121.670825     3.658      -52.1     -317.3       13.8      5.6      8.1     18.5 1985 12 31 15 50 52.230 1.7   1
    62520  37.287410 -121.670614     3.661      -32.9     -324.0       16.8      6.1      8.3     20.5 1985 12 31 18  3  3.480 1.6   1
    67820  37.288615 -121.671761     3.560     -134.8     -190.2      -83.9      8.4     23.5     63.4 1986  3  8 10 32  4.410 1.6   1
    77218  37.288110 -121.671411     3.654     -103.7     -246.3        9.6      6.2      8.6     21.7 1986  7 25  9 22 50.290 2.3   1
    77296  37.288110 -121.671867     3.550     -144.0     -246.2      -94.6      5.0     18.5     55.1 1986  7 25 16  1 52.100 1.1   1
    83805  37.288704 -121.671842     3.566     -142.2     -180.4      -78.7      7.5     20.8     53.9 1986  9 25 12  1 52.830 1.4   1
    88698  37.290230 -121.672217     4.580     -175.5      -10.9      935.8      8.0     15.2     78.5 1986 11 25 13  0 35.660 1.0   1
   101361  37.288159 -121.671411     3.672     -104.2     -240.8       27.5      6.1      8.6     21.0 1987  6  3  6 56  7.740 1.9   1
   101362  37.287504 -121.670825     3.658      -51.8     -313.5       14.0      5.6      8.1     17.9 1987  6  3  6 58 51.320 1.7   1
   102776  37.289282 -121.672290     3.683     -181.6     -115.8       38.4      9.9     14.9     25.8 1987  7  7  1 44 26.990 1.0   1
   103138  37.287797 -121.671159     3.667      -81.4     -281.0       22.6      5.6      8.3     19.5 1987  7 14 19  2 57.020 1.7   1
   110939  37.288155 -121.672274     3.683     -180.1     -241.2       38.4     12.5     13.6     32.4 1988  1 15  1 56 42.310 1.4   1
   112868  37.290259 -121.672152     4.545     -169.5       -7.5      900.4      7.6     15.1     75.6 1988  2 25 10  0 17.780 0.9   1
   120788  37.288814 -121.671867     3.649     -144.2     -167.8        5.0     13.0     16.7     35.9 1988  7 23 10 42 21.740 1.5   1
   126189  37.287667 -121.671655     3.526     -125.7     -295.3     -118.4      6.3     14.2     49.2 1988 11  2  3  9 12.610 1.9   1
   126292  37.287040 -121.671053     3.527      -72.2     -365.0     -117.2      3.9     13.3     37.2 1988 11  3  1 30  4.280 1.7   1
   126389  37.287073 -121.670882     3.552      -57.3     -361.2      -92.6      4.2     15.3     43.0 1988 11  4 13 34 34.720 1.9   1
   148939  37.287496 -121.669881     3.502       31.6     -314.1     -142.2      5.8      8.1     18.3 1989 12 13  5 33 46.080 1.6   1
   158154  37.290177 -121.671769     3.949     -135.9      -16.8      304.2      6.7     14.9     24.6 1990  5 23 11 11 37.580 1.0   1
   160503  37.287988 -121.670467     3.545      -20.1     -259.5      -99.3      6.2      9.5     21.1 1990  7  5 20  4 42.800 1.7   1
   205031  37.287895 -121.671297     3.463      -93.6     -270.2     -181.0     11.7     13.8     34.1 1991  1 20  5  0 30.930 1.2   1
   208364  37.290251 -121.671737     4.371     -132.4       -8.7      726.9      8.4     15.3     90.4 1991  3 22 11 23 27.560 1.0   1
   215747  37.287577 -121.670068     3.550       15.1     -305.4      -94.2      5.6      8.1     18.0 1991  5 29  9 45 22.620 1.8   1
   227435  37.287948 -121.671370     3.482     -100.4     -264.1     -162.5     12.0     13.7     33.9 1991  8 10 17  6  5.760 1.2   1
   238704  37.288261 -121.670776     3.601      -47.9     -229.5      -43.7      6.9      9.0     23.3 1991 12  3  5 24 24.980 2.0   1
   238790  37.287821 -121.670361     3.577      -11.0     -278.2      -67.7      5.4      8.3     19.0 1991 12  4  0  8 49.550 1.9   1
   261841  37.289115 -121.671362     3.500      -99.8     -134.4     -144.2      9.4     14.8     23.8 1992  4  6  9 39 49.410 0.9   1
   312743  37.288826 -121.671077     3.547      -74.2     -166.7      -97.6     12.9     16.6     31.6 1992  8 29 17  4 29.020 1.6   1
   314921  37.287472 -121.669873     3.569       32.7     -316.9      -75.5      6.4     10.5     31.3 1992  9 11  1 22 13.650 1.1   1
   331552  37.290214 -121.671973     4.442     -153.6      -12.7      797.4      7.5     15.0     79.3 1993  1  9 17 48 38.720 1.0   1
   331635  37.288908 -121.671631     3.500     -123.3     -157.8     -143.9     10.8     15.2     28.1 1993  1 10 22 13  9.440 1.2   1
   352620  37.287793 -121.670312     3.561       -6.9     -281.5      -83.4      7.5      9.3     27.2 1993  6  8  9 15  1.380 0.8   1
 30036393  37.290194 -121.671785     3.956     -137.4      -14.9      312.1      6.6     15.0     26.1 1993 12  1  0 25 49.530 1.0   1
   389286  37.287427 -121.669995     3.525       21.5     -321.9     -119.1      5.7      8.1     18.0 1993 12 20 22 35  7.800 1.8   1
   399980  37.288171 -121.671460     3.576     -108.2     -239.4      -68.2     12.1     13.8     33.0 1994  4  6  4 11 34.960 1.4   1
 30062741  37.288143 -121.670817     3.641      -51.1     -242.4       -3.3      4.1     13.9     40.1 1994 11 16 16 50 58.150 2.0   1
 30062748  37.288700 -121.671330     3.710      -96.8     -180.5       65.4      7.4     10.2     24.7 1994 11 16 18  3 42.360 1.3   1
 30069222  37.287960 -121.669930     3.760       27.3     -263.0      116.1      4.1     13.7     38.4 1995  3  3 12 30 15.850 1.8   1
 30069457  37.287655 -121.670076     3.700       14.6     -296.7       56.1      3.9     14.8     41.8 1995  3  7 13 19 41.960 1.3   1
 30092060  37.287748 -121.670256     3.603       -1.1     -286.4      -40.9      5.6      8.1     17.7 1995 12 15 18 53 39.820 1.8   1
