    17842  37.289294 -121.669149     3.595       96.7     -114.9      -49.8      0.9      0.5      0.7 1984  4 25  4 35 19.170 1.9   1
    16751  37.289535 -121.675138     3.480     -434.7      -88.1     -164.1      0.9      0.5      0.6 1984  4 27  7 48 23.500 1.0   1
    21644  37.290788 -121.671330     3.623      -96.6       50.9      -21.0      0.8      0.5      0.6 1984  6 27 14 50 38.140 1.6   1
    25096  37.290251 -121.671151     3.393      -80.7       -8.4     -251.4      0.8      0.5      0.7 1984  8  7  9  7  6.330 1.2   1
    28475  37.291707 -121.670793     3.412      -49.0      152.9     -232.0      0.9      0.6      0.8 1984  9 23  8 43 14.720 1.1   1
    32049  37.288668 -121.668937     3.529      115.2     -184.1     -115.4      2.2      1.3      1.7 1984 11 18  0 28 55.240 1.7   1
    35109  37.291003 -121.670557     3.516      -28.4       74.8     -127.9      0.8      0.5      0.7 1984 12 22  4 43 44.710 1.6   1
    42349  37.286682 -121.673275     3.746     -269.0     -404.7      102.1      0.9      0.5      0.5 1985  2 28  1  9 58.300 0.8   1
    42555  37.289294 -121.669141     3.595       97.2     -114.6      -49.8      0.8      0.5      0.7 1985  3  2  6 53 56.010 1.7   1
    42559  37.289669 -121.670109     3.550       11.7      -73.3      -94.8      1.0      0.6      0.8 1985  3  2  8 55  3.470 1.9   1
    42643  37.288932 -121.669865     3.536       33.2     -155.0     -108.0      0.9      0.5      0.7 1985  3  2  8 55 29.590 2.1   1
    42560  37.290059 -121.671069     3.611      -73.9      -29.9      -33.2     15.6      9.5     11.1 1985  3  2  8 58  0.480 1.2   1
    49626  37.291048 -121.673120     3.732     -255.6       80.1       87.5      0.8      0.5      0.6 1985  6 15  1 38 57.380 0.9   1
    54084  37.290153 -121.669409     3.555       73.2      -19.4      -88.8     14.1      8.4     11.3 1985  8 28 20 35 10.100 1.6   1
    57770  37.290735 -121.671313     3.400      -95.4       45.3     -244.8      0.9      0.6      0.7 1985 10 28  3 55 38.130 1.3   1
    62514  37.289640 -121.668424     3.544      161.1      -76.2     -100.4      0.8      0.5      0.7 1985 12 31 15 50 52.230 1.7   1
    62520  37.289294 -121.669149     3.595       96.6     -114.6      -49.8      3.0      1.8      2.3 1985 12 31 18  3  3.480 1.6   1
    67820  37.290653 -121.672135     3.566     -167.9       36.0      -78.7      0.9      0.6      0.7 1986  3  8 10 32  4.410 1.6   1
    73786  37.289376 -121.669173     3.319       94.8     -105.6     -324.9      0.8      0.5      0.7 1986  6  1 10 51 31.460 1.2   1
    77218  37.289665 -121.670109     3.550       11.6      -73.5      -94.8      0.8      0.5      0.6 1986  7 25  9 22 50.290 2.3   1
    77296  37.290401 -121.670361     3.562      -10.6        8.0      -82.2      0.8      0.5      0.6 1986  7 25 16  1 52.100 1.1   1
    82606  37.291687 -121.670972     3.650      -64.6      150.8        5.6      2.7      1.6      2.1 1986  9 15 20 17 49.920 2.7   1
    83805  37.291138 -121.670605     3.574      -32.3       89.8      -70.2      0.8      0.5      0.6 1986  9 25 12  1 52.830 1.4   1
    88698  37.291113 -121.671460     4.328     -108.2       87.0      683.9      0.8      0.7      1.1 1986 11 25 13  0 35.660 1.0   1
   101361  37.290381 -121.668669     3.557      139.4        6.1      -86.8      0.8      0.5      0.7 1987  6  3  6 56  7.740 1.9   1
   101362  37.289502 -121.668994     3.530      110.3      -91.8     -113.9     14.5      8.7     11.2 1987  6  3  6 58 51.320 1.7   1
   102776  37.292362 -121.671012     3.593      -68.9      225.7      -51.5      0.9      0.6      0.7 1987  7  7  1 44 26.990 1.0   1
   103138  37.289425 -121.670020     3.545       19.2     -100.5      -99.1      0.8      0.5      0.6 1987  7 14 19  2 57.020 1.7   1
   110939  37.290495 -121.671232     3.396      -88.0       18.7     -248.1      0.8      0.5      0.7 1988  1 15  1 56 42.310 1.4   1
   112868  37.292082 -121.671802     4.367     -138.2      194.8      723.0      0.8      0.6      0.8 1988  2 25 10  0 17.780 0.9   1
   120788  37.291239 -121.669792     3.519       39.5      101.2     -125.4      0.9      0.5      0.7 1988  7 23 10 42 21.740 1.5   1
   126189  37.289551 -121.670076     3.601       14.8      -86.1      -42.9      1.0      0.6      0.7 1988 11  2  3  9 12.610 1.9   1
   126292  37.289771 -121.669295     3.495       83.4      -61.9     -149.8      0.8      0.5      0.7 1988 11  3  1 30  4.280 1.7   1
   126389  37.288818 -121.669824     3.588       36.9     -167.7      -56.7      0.8      0.5      0.6 1988 11  4 13 34 34.720 1.9   1
   148939  37.289640 -121.668424     3.544      161.1      -76.4     -100.4      0.8      0.5      0.7 1989 12 13  5 33 46.080 1.6   1
   158154  37.291899 -121.671704     3.696     -130.1      174.5       51.5      0.8      0.5      0.7 1990  5 23 11 11 37.580 1.0   1
   160503  37.290283 -121.669474     3.613       67.9       -5.1      -31.4      0.8      0.5      0.7 1990  7  5 20  4 42.800 1.7   1
   205031  37.290727 -121.669621     3.397       54.6       44.4     -247.0      0.9      0.5      0.7 1991  1 20  5  0 30.930 1.2   1
   208364  37.292497 -121.671053     3.651      -72.5      240.8        6.5      0.9      0.5      0.7 1991  3 22 11 23 27.560 1.0   1
   215747  37.289278 -121.668587     3.556      146.4     -116.7      -87.9     15.4      9.2     12.3 1991  5 29  9 45 22.620 1.8   1
   227435  37.290137 -121.670264     3.447       -2.2      -21.2     -197.3      0.9      0.6      0.7 1991  8 10 17  6  5.760 1.2   1
   238704  37.290381 -121.668669     3.557      139.5        6.0      -86.8      0.8      0.5      0.7 1991 12  3  5 24 24.980 2.0   1
   238790  37.289787 -121.669312     3.604       82.5      -59.9      -40.4      0.8      0.5      0.6 1991 12  4  0  8 49.550 1.9   1
   261841  37.292362 -121.670166     3.592        6.8      225.8      -51.9      0.8      0.5      0.8 1992  4  6  9 39 49.410 0.9   1
   312743  37.290881 -121.670866     3.648      -55.9       61.3        3.5     16.4      9.9     12.4 1992  8 29 17  4 29.020 1.6   1
   314921  37.288167 -121.667936     3.621      204.0     -239.9      -23.5      0.8      0.5      0.7 1992  9 11  1 22 13.650 1.1   1
   331552  37.292387 -121.671875     3.703     -145.2      228.6       59.1      0.9      0.6      0.7 1993  1  9 17 48 38.720 1.0   1
   331635  37.291248 -121.671484     3.520     -110.4      102.0     -124.2      0.9      0.6      0.6 1993  1 10 22 13  9.440 1.2   1
   352620  37.288782 -121.668148     3.581      185.8     -171.7      -63.3      0.8      0.5      0.6 1993  6  8  9 15  1.380 0.8   1
 30036393  37.292285 -121.670988     3.757      -66.5      217.2      112.8      0.8      0.5      0.8 1993 12  1  0 25 49.530 1.0   1
   389286  37.288774 -121.669312     3.554       82.5     -172.3      -90.5      2.2      1.4      1.8 1993 12 20 22 35  7.800 1.8   1
   399980  37.290381 -121.670353     3.451       -9.9        5.7     -193.6      0.8      0.5      0.7 1994  4  6  4 11 34.960 1.4   1
 30062741  37.289567 -121.671761     3.602     -134.9      -84.3      -42.2      0.8      0.5      0.6 1994 11 16 16 50 58.150 2.0   1
 30062748  37.290629 -121.668742     3.562      132.7       33.4      -82.4      1.0      0.6      0.7 1994 11 16 18  3 42.360 1.3   1
 30069218  37.289294 -121.668311     3.697      171.0     -114.8       53.1      0.8      0.6      0.7 1995  3  3  9 38 49.200 1.2   1
 30069222  37.289775 -121.668465     3.601      157.5      -61.6      -43.7      0.8      0.5      0.6 1995  3  3 12 30 15.850 1.8   1
 30069457  37.290361 -121.668660     3.446      140.2        3.7     -198.7      0.9      0.5      0.7 1995  3  7 13 19 41.960 1.3   1
 30092060  37.289653 -121.669263     3.547       86.6      -74.8      -97.0      0.8      0.5      0.6 1995 12 15 18 53 39.820 1.8   1
