    17842  37.287321 -121.670435     3.596      -17.1     -333.5      -48.6      6.2      7.3     18.6 1984  4 25  4 35 19.170 1.9   1
    16751  37.289050 -121.672591     3.651     -208.8     -141.6        7.1     12.9     14.5     30.4 1984  4 27  7 48 23.500 1.0   1
    21644  37.288871 -121.672209     3.705     -174.5     -161.6       60.7     15.1     16.5     36.3 1984  6 27 14 50 38.140 1.6   1
    25096  37.287671 -121.672103     3.522     -165.5     -295.0     -122.2     12.5     15.9     41.3 1984  8  7  9  7  6.330 1.2   1
    28475  37.289164 -121.672795     3.673     -226.4     -129.1       28.5      8.5     14.3     28.8 1984  9 23  8 43 14.720 1.1   1
    32049  37.287398 -121.670850     3.641      -54.2     -325.0       -3.4      5.6      7.2     16.3 1984 11 18  0 28 55.240 1.7   1
    35109  37.288826 -121.672209     3.694     -174.6     -166.6       49.6     15.3     16.5     36.1 1984 12 22  4 43 44.710 1.6   1
    42349  37.287345 -121.670939     3.650      -61.8     -331.1        5.8      7.9     13.7     45.9 1985  2 28  1  9 58.300 0.8   1
    42555  37.287288 -121.670508     3.621      -24.0     -337.5      -23.4      6.1      7.4     18.2 1985  3  2  6 53 56.010 1.7   1
    42559  37.288005 -121.671411     3.624     -103.6     -258.0      -20.0      7.1      9.3     28.0 1985  3  2  8 55  3.470 1.9   1
    42643  37.287659 -121.671061     3.629      -73.2     -296.2      -15.2      6.0      8.4     23.5 1985  3  2  8 55 29.590 2.1   1
    42560  37.288192 -121.671932     3.593     -150.5     -236.9      -51.2      4.7     16.7     50.9 1985  3  2  8 58  0.480 1.2   1
    49626  37.289201 -121.672819     3.713     -228.7     -125.3       68.5      9.4     13.7     26.9 1985  6 15  1 38 57.380 0.9   1
    54084  37.288086 -121.671167     3.634      -81.9     -248.9      -10.5      6.5      7.4     17.0 1985  8 28 20 35 10.100 1.6   1
    57770  37.287801 -121.671981     3.553     -154.1     -280.6      -91.1     14.1     14.9     36.1 1985 10 28  3 55 38.130 1.3   1
    62514  37.287378 -121.670679     3.611      -38.9     -327.5      -33.1      5.6      7.2     16.1 1985 12 31 15 50 52.230 1.7   1
    62520  37.287292 -121.670443     3.608      -17.8     -336.9      -36.3      6.0      7.2     17.7 1985 12 31 18  3  3.480 1.6   1
    67820  37.288814 -121.671956     3.639     -152.3     -168.0       -5.3     15.6     16.4     36.9 1986  3  8 10 32  4.410 1.6   1
    77218  37.288106 -121.671322     3.639      -96.1     -246.7       -4.8      6.1      7.5     18.1 1986  7 25  9 22 50.290 2.3   1
    77296  37.288375 -121.671818     3.640     -139.7     -216.8       -4.1      7.0      9.1     25.9 1986  7 25 16  1 52.100 1.1   1
    83805  37.288871 -121.672062     3.636     -161.8     -161.6       -8.1     13.9     16.3     33.7 1986  9 25 12  1 52.830 1.4   1
    88698  37.290129 -121.672681     4.550     -216.6      -22.3      905.5      7.8     13.6     78.7 1986 11 25 13  0 35.660 1.0   1
   101361  37.288147 -121.671313     3.654      -95.5     -242.1        9.3      5.9      7.4     16.9 1987  6  3  6 56  7.740 1.9   1
   101362  37.287402 -121.670679     3.610      -38.9     -324.5      -34.7      5.6      7.1     16.0 1987  6  3  6 58 51.320 1.7   1
   102776  37.289201 -121.672648     3.670     -213.4     -125.0       25.6      9.1     13.4     24.1 1987  7  7  1 44 26.990 1.0   1
   103138  37.287756 -121.671045     3.641      -71.7     -285.4       -3.1      5.6      7.2     16.1 1987  7 14 19  2 57.020 1.7   1
   110939  37.287752 -121.672046     3.545     -160.3     -285.9      -99.1     13.4     14.9     35.9 1988  1 15  1 56 42.310 1.4   1
   112868  37.290194 -121.672567     4.523     -206.4      -15.0      878.6      7.3     13.6     76.4 1988  2 25 10  0 17.780 0.9   1
   120788  37.288912 -121.672087     3.692     -164.1     -157.3       47.6     15.3     16.6     35.9 1988  7 23 10 42 21.740 1.5   1
   126189  37.287402 -121.671509     3.400     -112.9     -324.9     -244.8      6.7     19.9     71.2 1988 11  2  3  9 12.610 1.9   1
   126292  37.287382 -121.670980     3.650      -65.7     -326.8        6.1      5.6      7.3     16.7 1988 11  3  1 30  4.280 1.7   1
   126389  37.287341 -121.670801     3.649      -49.6     -331.5        4.6      6.1      7.4     18.4 1988 11  4 13 34 34.720 1.9   1
   148939  37.287317 -121.669686     3.422       48.8     -334.3     -222.5      5.7      7.1     16.6 1989 12 13  5 33 46.080 1.6   1
   158154  37.290161 -121.672046     3.924     -159.9      -18.4      279.8      6.3     13.2     21.9 1990  5 23 11 11 37.580 1.0   1
   160503  37.287813 -121.670296     3.473       -4.9     -278.9     -171.2      6.0      8.6     19.3 1990  7  5 20  4 42.800 1.7   1
   205031  37.287602 -121.671069     3.365      -73.6     -302.4     -279.4     12.8     14.7     35.8 1991  1 20  5  0 30.930 1.2   1
   208364  37.290263 -121.672103     4.466     -165.0       -7.4      821.3      7.5     13.4     87.8 1991  3 22 11 23 27.560 1.0   1
   215747  37.287394 -121.669881     3.471       31.5     -325.4     -173.1      5.5      7.1     16.3 1991  5 29  9 45 22.620 1.8   1
   227435  37.287659 -121.671126     3.382      -78.6     -296.3     -262.4     12.9     14.7     35.5 1991  8 10 17  6  5.760 1.2   1
   238704  37.288110 -121.670638     3.533      -35.5     -246.1     -111.2      6.5      7.7     19.6 1991 12  3  5 24 24.980 2.0   1
   238790  37.287651 -121.670182     3.501        5.0     -297.2     -143.1      5.4      7.3     17.2 1991 12  4  0  8 49.550 1.9   1
   261841  37.289160 -121.671663     3.523     -126.1     -129.8     -121.5      8.5     13.2     21.3 1992  4  6  9 39 49.410 0.9   1
   312743  37.288765 -121.671208     3.521      -85.6     -173.2     -123.5     15.2     16.5     35.5 1992  8 29 17  4 29.020 1.6   1
   314921  37.287272 -121.669661     3.486       51.3     -339.0     -158.4      6.2      9.1     27.6 1992  9 11  1 22 13.650 1.1   1
   331552  37.290247 -121.672282     4.536     -181.3       -9.2      892.0      7.3     13.4     77.3 1993  1  9 17 48 38.720 1.0   1
   331635  37.288928 -121.671883     3.511     -146.0     -155.3     -132.9     10.2     13.6     25.5 1993  1 10 22 13  9.440 1.2   1
   352620  37.287622 -121.670150     3.490        8.2     -300.3     -154.3      7.1      8.1     23.8 1993  6  8  9 15  1.380 0.8   1
 30036393  37.290181 -121.672054     3.925     -160.9      -16.3      280.7      6.2     13.3     23.3 1993 12  1  0 25 49.530 1.0   1
   389286  37.287248 -121.669808     3.448       38.4     -341.7     -196.4      5.6      7.1     16.4 1993 12 20 22 35  7.800 1.8   1
   399980  37.287891 -121.671208     3.480      -86.0     -270.6     -164.2     13.1     14.7     34.8 1994  4  6  4 11 34.960 1.4   1
 30062741  37.288110 -121.670687     3.630      -39.7     -246.3      -14.7      6.1      8.3     19.3 1994 11 16 16 50 58.150 2.0   1
 30062748  37.288839 -121.671224     3.750      -87.0     -165.5      105.9      4.0     15.0     42.5 1994 11 16 18  3 42.360 1.3   1
 30069222  37.288302 -121.669914     3.898       28.8     -225.1      253.3      3.7     13.0     35.2 1995  3  3 12 30 15.850 1.8   1
 30069457  37.288094 -121.670060     3.870       16.1     -247.9      225.6      3.7     14.0     38.8 1995  3  7 13 19 41.960 1.3   1
 30092060  37.287573 -121.670052     3.526       16.4     -305.8     -118.3      5.6      7.1     16.4 1995 12 15 18 53 39.820 1.8   1
