 % This stores fret (the f-value) and iter (number of iterations to converge)
  -1636.32368476597        1200.00000000000     
  -1641.45919818837        1200.00000000000     
  -1641.45157448813        1200.00000000000     
  -1641.45959784044        1200.00000000000     
  -1641.46595517992        1200.00000000000     
  -1641.46180891096        1200.00000000000     
  -1641.46353143119        1200.00000000000     
  -1641.45925703914        1200.00000000000     
  -1641.45968877921        1200.00000000000     
  -1641.46193938382        1200.00000000000     
  -1641.46489416319        1200.00000000000     
  -1641.46626417256        1200.00000000000     
  -1636.32528738358        1200.00000000000     
  -1641.46247679792        1200.00000000000     
  -1641.45344251799        1200.00000000000     
  -1641.46560215605        1200.00000000000     
  -1641.46340508425        1200.00000000000     
  -1641.45377893776        1200.00000000000     
  -1641.44930790330        1200.00000000000     
  -1641.46442999546        1200.00000000000     
  -1641.46626662782        1200.00000000000     
  -1641.46462763647        1200.00000000000     
  -1641.45852147943        1200.00000000000     
  -1641.45260253273        1200.00000000000     
  -1641.46428730648        1200.00000000000     
  -1641.45840627504        1200.00000000000     
  -1641.46337733292        1200.00000000000     
  -1641.46352660844        1200.00000000000     
  -1641.45039162438        1200.00000000000     
  -1641.46332221104        1200.00000000000     
