          30 % nrand - number of ransom starts used
          97 %np number of parameters
 % format is i = 1,j=1:np then i=2,j=1:np and so on until i =nrand and j = np
   27.1666664211355     
  -6.78018881928946     
  -7.65483463403855     
  0.515655812016318     
   2.86088230468377     
  -20.0933255330939     
   46.0695010336406     
  -37.1459463078205     
   11.9408827426195     
  0.629039337662169     
  -5.41239283818889     
   50.2894983072797     
   26.4678237642518     
  -44.6161748559435     
   13.5006573052675     
   4.13314975872148     
   2.25390415096413     
  -7.94532920267890     
   1.27861292689900     
  -39.9628355909252     
   28.9162830204052     
  -47.6222923605581     
   12.9046987004729     
  -26.5645026095945     
   12.8195651704480     
   33.8817871200957     
   16.9747162936442     
   6.18222194720479     
   9.38558368107819     
  -20.2930639175731     
   45.8131891539065     
  -20.0641334612263     
   45.4107536310246     
   3.20212209097175     
  -9.80586764050483     
  -42.0267358494603     
   1.08509196858642     
   48.2542627708648     
   10.3542672432185     
   3.20227636480510     
  -9.80719628779256     
  -43.9479012220734     
   14.6316866161993     
   46.9180501755825     
   3.13576085614946     
   28.5106372862422     
  -10.9962900389980     
   32.4944009706439     
   10.6607210438669     
   27.5907808226452     
  0.336894250431980     
  -6.56032916385744     
  -1.87480449485040     
   30.4492633199920     
   8.98968878160801     
   30.2469555597021     
   3.94114577629565     
   48.6150559122014     
   10.7143489811018     
  -39.9623301847130     
   28.9163918949721     
   4.15048397766348     
   2.22490768075500     
  -51.5757178489431     
   21.9745223151074     
  -1.39665679364462     
  -21.0768303954158     
   8.36258300636353     
   43.2992193591501     
  -20.0387814411520     
   45.4637683661752     
  -5.88443815585262     
  -7.41072609871261     
   38.7889994867246     
   20.0062014837951     
  -22.5189024565077     
   19.1527353391615     
  -20.0761304957412     
   46.0649243493450     
   27.0644606605710     
  -61.7930049249251     
  -38.4158690145676     
   9.57306115872274     
  8.723921595548419E-002
  -23.3936613646476     
  -20.0109101423798     
   45.3696448739501     
  -2.46907563875617     
   10.3746105255860     
  -15.9822713947986     
   36.3263577000255     
  0.872098602136742     
  -3.35510528678191     
   5.95200606001816     
  -34.9006101600203     
   38.2094630877559     
   29.3116296446135     
  -26.6253435851360     
   9.25442314078671     
   14.3215137084547     
  -1.96838177491076     
  -4.28866760297309     
   43.7509786260641     
   19.5693787059032     
   24.5758937403335     
  -30.9207634206974     
 -0.745464617936243     
   7.36482461958712     
  -52.6485878089212     
  -27.3060845399273     
   27.5204003615357     
  -41.7444241601720     
  -4.64242952765378     
  -3.89868718568317     
   7.06240273671561     
  -2.55419255727924     
   25.9431624863589     
  -45.0221621165600     
   28.8931189640128     
  -42.4546655738085     
   22.2198769649235     
  -19.3226047606228     
  -35.8500311587871     
  -20.8405123300152     
  -8.08115991191484     
  -11.6130006008804     
   42.3972196822363     
   16.9991219856521     
   42.1022598199548     
   17.2778633317812     
  -3.64624415733686     
   13.7190819708117     
   38.4034812795218     
  -13.0316130307921     
  -46.9760698268198     
  -18.1030931141631     
  -3.78104928209703     
   13.8442364324985     
   27.5191176226739     
  -41.7426112812795     
  -48.0896890003666     
  -3.48307759238170     
  -29.9384440199392     
   9.48930267623717     
  -32.0615315564056     
  -16.0907246803534     
  -27.9661267153443     
  -2.00924373140341     
   6.24378694666122     
   1.64109162291050     
  -29.4285051446000     
  -15.0437698850455     
  -30.4414851339418     
  -7.24545674978381     
  -48.2717834734940     
  -18.6017515286630     
   25.9431771321909     
  -45.0227532760910     
  -4.69399044380234     
  -3.36758350721822     
   30.2008018147402     
  -47.2218650770087     
   1.85261900909468     
   25.6457818400492     
  -16.6409608375865     
  -45.7605487762094     
   42.0923853695791     
   17.2726500899245     
   7.71459345888281     
   17.4923511188044     
  -38.9953729229132     
  -26.4093547903891     
   15.2329855717011     
  -27.6326973292878     
   43.7454951950959     
   19.5676862964122     
  -33.4316837034412     
   61.5091344412232     
   20.2242553299726     
  -40.9101826663703     
   1.82501776354176     
   25.6474624873546     
   42.0642164015296     
   17.2513506508983     
 -0.581017217338848     
  -13.4522341964899     
   33.6115232380687     
   15.5955106892099     
  -1.13384849838228     
   4.39413830945919     
  -14.2059295328708     
   43.6043780362191     
  -41.2265713747846     
  -33.2095554541761     
   26.4495755776943     
  -8.69296908952378     
   15.2358174141982     
   1.67356657403469     
  -3.86740263621053     
  -42.9124660556068     
   22.0840055929711     
  -26.0572948120980     
  -29.2442240803407     
  0.995884483846071     
   7.83754881079302     
   51.2450401957802     
  -29.1463312634725     
  -29.4976631481473     
  -39.9155317974929     
   4.33548633785951     
  -3.59028674416660     
  -7.24581578551648     
  -1.81078984723338     
  -28.0851861072972     
  -43.2421226714857     
  -30.8898082110882     
  -40.5602951230133     
  -23.1770903444428     
  -17.7699539058426     
   34.7848098887717     
  -21.8575810531775     
   7.44869719639044     
  -11.4281923134853     
  -41.6756070207778     
   19.4577646028464     
  -41.3623078833120     
   19.7182912134701     
   4.16649649943357     
   14.0814364042389     
  -39.0638431510429     
  -10.7178558633165     
   46.0112586999785     
  -19.5658382275126     
   4.30083087063269     
   14.1987902806497     
  -29.4954451917941     
  -39.9100661853158     
   47.7907663722355     
  -5.11108314649176     
   30.2064997411180     
   8.85421585952925     
   31.2195941058627     
  -16.9378111315164     
   27.7975865930031     
  -2.50124658889945     
  -6.23920835404121     
   2.43635665670635     
   28.6353317633264     
  -15.7706578339166     
   30.0283710482637     
  -8.00252687418237     
   47.2878611586568     
  -20.1339623449094     
  -28.0814929347619     
  -43.2451238914227     
   4.39924984491369     
  -3.15962559631544     
  -32.4261053400983     
  -45.2460105882355     
 -0.807102917555728     
   26.2402930624547     
   14.4467483284618     
  -45.9271925438483     
  -41.3584996523252     
   19.7158098110155     
  -7.02232851364811     
   18.3616173656128     
   37.6712037639364     
  -27.5639929621980     
  -16.5781051821365     
  -26.3793962380721     
  -42.8976644238273     
   22.0823760079727     
   36.1053650610807     
   60.4698133254026     
  -22.1619424961644     
  -39.4231673655462     
 -0.780669755613053     
   26.2362252456399     
  -41.3309986688403     
   19.6977230146768     
 -0.126819338366259     
  -12.9281822900356     
  -32.9664717801735     
   17.6434973547984     
   1.24146291738350     
   4.87577406139197     
   16.0152116925100     
   43.5039272121630     
   39.5833307325532     
  -34.4840175695015     
  -26.6360874146925     
   9.29225161135737     
   14.2689961870028     
  -1.98550880884085     
  -4.31552470421157     
   43.8075518481933     
   19.4036153017867     
   24.4811203205201     
  -31.0339515111032     
 -0.728044070999032     
   7.33994511766030     
  -52.7224945474994     
  -27.2247692720777     
   27.3912695645213     
  -41.8674852559642     
  -4.65819950137737     
  -3.91470539220453     
   7.04999079070961     
  -2.59641267342693     
   25.8049185339961     
  -45.1418596949159     
   28.7613152270883     
  -42.5757094404476     
   22.1620948122510     
  -19.4232838299114     
  -35.9178861322325     
  -20.7772805995920     
  -8.11642640102968     
  -11.6221269857796     
   42.4560136030141     
   16.8466899962832     
   42.1465020700859     
   17.1166287722587     
  -3.61433072701136     
   13.7002127789304     
   38.3638954802818     
  -13.1907366809050     
  -47.0333674030098     
  -18.0174301060734     
  -3.74444108163357     
   13.8235143777663     
   27.3911225425000     
  -41.8670080616863     
  -48.1080584525759     
  -3.39011819141854     
  -29.9227327777233     
   9.52950914364205     
  -32.1134693893197     
  -16.0397888254474     
  -27.9776139069287     
  -1.97676800219466     
   6.24445590500784     
   1.59560314927514     
  -29.4804561206107     
  -15.0012591221607     
  -30.4687545968811     
  -7.20118792246823     
  -48.3327685562237     
  -18.5127726968525     
   25.8046560091334     
  -45.1420840675963     
  -4.71690160057547     
  -3.37859412646566     
   30.0505259519920     
  -47.3536709714699     
   1.92320741804537     
   25.6152798575703     
  -16.7764342720699     
  -45.7538748094050     
   42.1409175518128     
   17.1134759838755     
   7.76354911427941     
   17.4405570137575     
  -39.0780152569824     
  -26.3415150065265     
   15.1518872059645     
  -27.7132570850582     
   43.8014286241613     
   19.4034171097510     
  -33.2597937876168     
   61.5714350737610     
   20.1009053317540     
  -41.0109448339626     
   1.89205470937347     
   25.6094682537034     
   42.1120685607919     
   17.0925649875308     
 -0.622901254104949     
  -13.4811529608915     
   33.6596494531344     
   15.4631199808727     
  -1.12506963211552     
   4.36754960914825     
  -14.0990852887858     
   43.6073971649531     
  -41.3271223743994     
  -33.1351070502771     
  -26.9474255923667     
   10.1272703583843     
  -12.5965660946445     
  -2.54032701374133     
   5.09404543289206     
   44.9585701339774     
  -14.9503810196876     
   21.7756184485220     
   33.7999470022205     
 -0.362500128706430     
  -6.44747235196349     
  -54.9271510104806     
   23.9955458018286     
   23.8276203231409     
   44.8238927259287     
  -5.21939124118846     
   4.44483176718153     
   6.65712074870325     
   3.89865393572697     
   21.9698773221783     
   47.9953845179880     
   25.1368957448773     
   45.6429937825386     
   20.3630682717746     
   22.0294906072593     
  -37.6336119327542     
   18.9986981026721     
  -9.21633358658815     
   11.9406750927009     
   43.4099919148415     
  -12.5198149008079     
   43.1263330666023     
  -12.8088819182798     
  -2.78350439979736     
  -12.9660976655550     
   36.9871721225345     
   17.1036239497592     
  -48.5276796558310     
   15.4732848937388     
  -2.90740805518615     
  -13.0950216728993     
   23.8274410415793     
   44.8235656424015     
  -48.4505473709175     
  0.662264119648909     
  -29.4128523923744     
  -10.5262860960793     
  -33.4711488073682     
   14.5708494026704     
  -28.2118060586443     
   1.26439794934984     
   6.14961676928375     
 -0.184270087163196     
  -30.7748614967590     
   13.7403769462859     
  -31.0962855609701     
   5.97090027205740     
  -49.8580322502623     
   15.8539670539437     
   21.9697649090630     
   47.9955510729117     
  -5.25281956270298     
   3.76047000730244     
   26.0354843553383     
   50.5242252419566     
   3.61928066713973     
  -24.4273201402468     
  -20.5056646801436     
   45.3107647590915     
   43.1178159175602     
  -12.8045673978061     
   8.84955776214487     
  -15.8340859114425     
  -41.2260373502760     
   24.2983313318886     
   12.7291793485844     
   29.7654824510231     
   44.9492958108452     
  -14.9507675782145     
  -28.6205232666037     
  -62.9579133524104     
   16.6343682322168     
   43.3944506221777     
   3.59217168159202     
  -24.4253014475690     
   43.0881501811433     
  -12.7864821230466     
  -1.88934055168939     
   14.3610549176173     
   34.5335074922732     
  -11.8411231086297     
  -1.00673763903465     
  -3.47217873312755     
  -11.0129569384138     
  -43.5264190341915     
  -44.0012308532260     
   30.8503960534681     
   26.6884846962412     
  -9.48413224062759     
  -13.8641579692690     
   2.12060886892398     
   4.51792448539580     
  -44.1671380102824     
  -18.3602265814414     
  -23.8549929431340     
   31.7043647179950     
  0.646602879524401     
  -7.10460539581347     
   53.3021199836294     
   26.4624631909509     
  -26.5535104299376     
   42.6085511796620     
   4.77300016177156     
   4.04626245904388     
  -6.96240882733180     
   2.92244863042881     
  -24.9109689860319     
   45.8513989160953     
  -27.9146558334203     
   43.3524808426829     
  -21.7922280886865     
   20.0372934185787     
   36.3539758552071     
   20.3785849422969     
   8.39328041829711     
   11.7467978527234     
  -42.7618577044207     
  -15.8306869714712     
  -42.4591676167706     
  -16.1030742365872     
   3.42202976303020     
  -13.5195714483600     
  -38.0437060374956     
   14.1116259665386     
   47.3793903688692     
   17.4069601479511     
   3.55057066599391     
  -13.6463674178981     
  -26.5533896554294     
   42.6086936124117     
   48.2496807230269     
   2.67898530507275     
   29.7885378238496     
  -9.89900835091764     
   32.4492512715738     
   15.6814664361957     
   28.0232002003658     
   1.80179475144516     
  -6.22251386169637     
  -1.22928911013119     
   29.7741390432736     
   14.6805431293124     
   30.6271460791305     
   6.91957746974736     
   48.6949502068854     
   17.8783227415298     
  -24.9106577133670     
   45.8518513521081     
   4.82634750974618     
   3.46624611173255     
  -29.0939314877047     
   48.1317430686327     
  -2.27332003925059     
  -25.3393509827654     
   17.6462945072178     
   45.7403187365581     
  -42.4572086956236     
  -16.1010269276804     
  -8.01312955035260     
  -17.0454622209608     
   39.6153128345344     
   25.8428064181700     
  -14.5730820168542     
   28.2368211910919     
  -44.1605578480583     
  -18.3603523834791     
   31.9767905101483     
  -61.9654433822745     
  -19.2819164272574     
   41.6050976903242     
  -2.24275764533541     
  -25.3361117795716     
  -42.4261827869354     
  -16.0767789272913     
  0.931200979906485     
   13.7410587849516     
  -33.9209725422164     
  -14.6136815349719     
   1.10293079787074     
  -4.12728775020162     
   13.3640078214537     
  -43.5701134500257     
   42.0126922349931     
   32.6028246101069     
  -26.7640701626149     
   9.68507118023575     
   13.5348169005612     
  -2.24291398750671     
  -4.64372609702266     
   44.4613764000860     
   17.1967880784074     
   23.2273854995387     
  -32.3851438108596     
 -0.552168623422890     
   6.95255058877428     
  -53.7271705707422     
  -25.8541402019624     
   25.7490984060853     
  -43.3174814172361     
  -4.90576958081200     
  -4.14564322182921     
   6.88070615408814     
  -3.18844016891785     
   24.1071078695423     
  -46.4574479512730     
   27.0839705751674     
  -44.0876221762738     
   21.3431599878718     
  -20.6793173103718     
  -36.7160227217211     
  -19.9703141465301     
  -8.60586235256813     
  -11.7638986252482     
   43.0120734427420     
   14.7265296658137     
   42.7038675737076     
   14.9843261475216     
  -3.21008609942709     
   13.3862639205251     
   37.8163394144664     
  -14.8622286812502     
  -47.7486887082941     
  -16.8141819874888     
  -3.33173878690424     
   13.5138204531220     
   25.7480677914386     
  -43.3155168041210     
  -48.2987594739269     
  -2.17270227397520     
  -29.6656860895088     
   10.0438274110854     
  -32.7475825701402     
  -15.3650667687102     
  -28.0835554950575     
  -1.61681290184327     
   6.22140018435845     
  0.972460974633475     
  -30.0871042391109     
  -14.4204231122930     
  -30.7617924322967     
  -6.62628376865457     
  -49.0570564583814     
  -17.2669857152059     
   24.1063606894829     
  -46.4571593466151     
  -4.95575190662942     
  -3.55487200781647     
   28.2272119539011     
  -48.8470980535253     
   2.73924696283357     
   25.1074620909787     
  -18.4365027272693     
  -45.5916220477163     
   42.6995667486603     
   14.9816479231181     
   8.29657747701223     
   16.7145047576204     
  -40.0794978015248     
  -25.4197999055295     
   14.0904358787509     
  -28.6436334280010     
   44.4483092198401     
   17.1978743286181     
  -30.9934791055426     
   62.2997524463418     
   18.4718377386589     
  -42.1872813959422     
   2.68594289112876     
   25.0954617494472     
   42.6764404619254     
   14.9664105183713     
  -1.17830672454968     
  -13.8839775344503     
   34.1532774804805     
   13.6846891176816     
  -1.03956664014183     
   3.97547023519367     
  -12.5060194576378     
   43.6164674714803     
  -42.5625067022674     
  -32.1251606896694     
   26.6241159511891     
  -9.26603941769143     
   14.3158354971910     
   1.96284717276094     
  -4.30043150947271     
  -43.7689043201749     
   19.5362284220441     
  -24.5687428968873     
  -30.9483305740957     
  0.739426776095026     
   7.36161067677815     
   52.6500282743832     
  -27.3059531328550     
  -27.5111684631181     
  -41.7686274304570     
   4.63928355301554     
  -3.89791312413299     
  -7.06633524053713     
  -2.55919087891403     
  -25.9396993943031     
  -45.0413031301175     
  -28.8764035297948     
  -42.4835485026807     
  -22.2204817117551     
  -19.3444026767280     
   35.8550368044567     
  -20.8342604305036     
   8.07505846444328     
  -11.6162498190174     
  -42.4152228485591     
   16.9808675561659     
  -42.1137702687146     
   17.2474727972211     
   3.64813407519340     
   13.7252959365450     
  -38.4149615227314     
  -13.0477143998109     
   46.9828057483590     
  -18.0919603989457     
   3.76022204784034     
   13.8310549404985     
  -27.5111104009738     
  -41.7681815234615     
   48.0865572164039     
  -3.47261500717614     
   29.9358521302645     
   9.49086678867515     
   32.0657090848308     
  -16.0869127149017     
   27.9637708908708     
  -2.00606802843999     
  -6.25109181997198     
   1.63514211689225     
   29.4355957639443     
  -15.0434497934205     
   30.4438881097535     
  -7.24253953387117     
   48.2774008201056     
  -18.5967052387877     
  -25.9393462188389     
  -45.0414408577058     
   4.69709887549109     
  -3.37105621095727     
  -30.1876650234512     
  -47.2447832796651     
  -1.86731275075060     
   25.6430952102190     
   16.6456005177538     
  -45.7662416473851     
  -42.1026296924131     
   17.2412942403159     
  -7.73173878891561     
   17.4842850424832     
   39.0041682689982     
  -26.4044861985857     
  -15.2367464429895     
  -27.6463126038911     
  -43.7632817188887     
   19.5360382730049     
   33.3967937947011     
   61.5171685461017     
  -20.2127571973336     
  -40.9352464209361     
  -1.84160893718680     
   25.6405061942311     
  -42.0783087458762     
   17.2226942243138     
  0.576849328151436     
  -13.4575552478607     
  -33.6290614443366     
   15.5726100568510     
   1.12394644503234     
   4.38983465914280     
   14.1975387542534     
   43.5980770591484     
   41.2353490047319     
  -33.1994406733321     
   27.1007926979380     
  -11.3670921103695     
  -9.75277592938677     
   3.23441585519576     
   6.41327250414073     
  -46.2773890171405     
  -7.85825860660531     
  -17.5738122977426     
   37.7684508523152     
 -0.255021691055024     
  -4.85829545500638     
   57.4834803613031     
   19.1922178979468     
  -18.3265623431208     
   48.9514651502983     
   5.92567415501243     
   5.37164737573567     
  -6.14115218468751     
   6.04439340967083     
  -16.0952618894226     
   51.9410065167903     
  -19.5348991641130     
   49.9189332146508     
  -17.5492293886835     
   25.8965305814638     
   39.7140100558874     
   16.3467103269986     
   10.6438024533859     
   12.5076831506895     
  -44.4575259294524     
  -5.64530862048501     
  -44.2180216060512     
  -5.96741159495462     
   1.43861282882688     
  -11.5427905702594     
  -34.6165868631922     
   22.9960754897711     
   50.1712504750381     
   11.7013841025225     
   1.51263007344172     
  -11.6647163513686     
  -18.3277758327119     
   48.9475664770949     
   48.3338691899026     
  -3.16722272026098     
   28.2758019459544     
  -11.7567182895873     
   35.0503383774114     
   12.4327186245172     
   28.2747419015955     
  0.539229019790465     
  -6.05523055480103     
   2.15078974304344     
   32.2893829753394     
   11.9006117289350     
   31.6184900194530     
   4.36490926114225     
   51.5288220396672     
   11.9105226909729     
  -16.0948446885968     
   51.9397357224300     
   5.89790812177299     
   4.38655015274925     
  -19.8406480820742     
   54.9350796677547     
  -6.26214263069491     
  -22.1868142764338     
   25.7325904039907     
   44.3853588961779     
  -44.2081503739446     
  -5.96463221484047     
  -10.4765585010952     
  -13.0473492634560     
   43.8984878194608     
   21.1840801925554     
  -9.08388987636835     
   32.7278968218629     
  -46.2683362642109     
  -7.86243202625129     
   21.2200693375108     
  -64.1266005861289     
  -11.3630061770008     
   46.6862854386961     
  -6.20664436322890     
  -22.1947720909333     
  -44.1672180031803     
  -5.95227454402919     
   3.64665687756416     
   15.7373605039594     
  -35.5506198448063     
  -6.04603161304415     
  0.731440064272752     
  -1.88690138301503     
   6.14017039025786     
  -42.7768640465104     
   47.4212901050416     
   27.3277911191892     
  -26.7056777596452     
   9.55470213490503     
   13.8789006863269     
  -2.07781017266600     
  -4.49771632611914     
   44.1935478034809     
   18.2720822778828     
   23.8589221403095     
  -31.7672139447418     
 -0.593062150360172     
   7.13603739355718     
  -53.3073023099766     
  -26.3728827116033     
   26.5519815701520     
  -42.6559622224100     
  -4.77709636420754     
  -4.03199160002632     
   6.99829185605304     
  -2.92049034367674     
   24.9066470987645     
  -45.8965452764465     
   27.9053996775395     
  -43.3970772275566     
   21.7776492893418     
  -20.1064754783222     
  -36.3620072371007     
  -20.3195484544952     
  -8.35113139786297     
  -11.6898486108927     
   42.7693458376275     
   15.7833447912549     
   42.4864200099039     
   16.0436599991782     
  -3.35682748510405     
   13.5407884082524     
   38.1095011718878     
  -14.1886921261775     
  -47.4204692016724     
  -17.3529098478786     
  -3.48485849598574     
   13.6660480058767     
   26.5516255801483     
  -42.6550065250148     
  -48.1955450308059     
  -2.65596784043472     
  -29.7893012530892     
   9.80761485373185     
  -32.4591858770035     
  -15.6588610932573     
  -28.0213806085985     
  -1.76327307736385     
   6.27047258335318     
   1.26934912604893     
  -29.8106189357557     
  -14.6782121795625     
  -30.6176658129811     
  -6.87150104043881     
  -48.7295937194320     
  -17.8196584888797     
   24.9061240526809     
  -45.8976354283660     
  -4.83096320053095     
  -3.46806974023347     
   29.0774645502194     
  -48.1864464065721     
   2.41582402045172     
   25.3575784172146     
  -17.7101156079984     
  -45.6812451223793     
   42.4772502927492     
   16.0378897961107     
   8.09416502044599     
   17.0705194822717     
  -39.6326742019195     
  -25.8354667682115     
   14.6145477008360     
  -28.2404704820245     
   44.1859139309948     
   18.2722295479729     
  -32.0054254133416     
   61.9753299125181     
   19.2973795401887     
  -41.6563906213869     
   2.39136943736519     
   25.3564349036791     
   42.4446505306790     
   16.0136891466455     
 -0.889868925252119     
  -13.6945487350210     
   33.9601944754212     
   14.5624505761189     
  -1.04955913566450     
   4.16939102395249     
  -13.2485958585741     
   43.6431217093633     
  -42.0122059927093     
  -32.5352283957892     
   27.2033412104097     
  -10.6782807924399     
  -11.1976444017143     
   3.05423684571375     
   5.69472657119298     
  -45.6109061259511     
  -11.2916796456887     
  -19.4093869901227     
   35.8744947890419     
  0.135788309758347     
  -5.70947502729063     
   56.5422273777579     
   21.2748970744702     
  -20.7592230725489     
   47.0046221311443     
   5.71947771024006     
   4.85136177542144     
  -6.26006166489440     
   4.93901960813082     
  -18.6775815347647     
   50.0805381946337     
  -22.0210034807444     
   47.9071565704471     
  -18.7443922924259     
   24.0294987768413     
   38.9546673438483     
   17.4618773630688     
   10.1401937811466     
   12.1358732629608     
  -43.9126366835441     
  -8.97307486437850     
  -43.6492215417425     
  -9.28241514958890     
   2.18021418730299     
  -12.3242975263199     
  -35.6251386406245     
   20.1870826230116     
   49.6168599973559     
   13.3316214137158     
   2.29203133461935     
  -12.4559190721299     
  -20.7591551286667     
   47.0041581223146     
   48.5954435673138     
  -1.55352745697350     
   28.9642600465662     
  -11.2866669759494     
   34.5079104835753     
   13.3171967451750     
   28.3919531781858     
  0.784667184056167     
  -5.97896240399048     
  0.950635802443382     
   31.7647815301201     
   12.6537684570040     
   31.5458990190625     
   4.99484335845453     
   50.9665172280663     
   13.6160152001163     
  -18.6775029072849     
   50.0805086055746     
   5.71912828536340     
   4.04773385547632     
  -22.5813708283799     
   52.8627287779121     
  -4.90059952870283     
  -23.3773322128736     
   23.5250124645253     
   44.7419866065668     
  -43.6371216789225     
  -9.27521645393887     
  -9.60927054141074     
  -14.4699833960039     
   42.8713005664696     
   22.5195966588403     
  -10.6329025651876     
   31.2925777345053     
  -45.5975731435036     
  -11.2916961500558     
   24.8104947999849     
  -63.8145947379465     
  -13.6871026871454     
   45.1327369005533     
  -4.87364473715155     
  -23.3770071554658     
  -43.6134569829665     
  -9.25790725435562     
   2.98008655591995     
   14.9997946516345     
  -35.0139057333160     
  -8.86374272709684     
  0.982682530553755     
  -2.74283636234515     
   8.55954266341972     
  -43.2866804996367     
   46.0621752515739     
   28.8509670072536     
  -26.9050932444037     
   10.4413616586497     
   12.0970759449694     
  -2.57549542998548     
  -5.33060605122383     
   45.3272979401311     
   13.6873909322763     
   21.1345277349604     
  -34.5396635784049     
 -0.177696632818714     
   6.16900342254671     
  -55.3401790206233     
  -23.1698817804541     
   22.9625618730813     
  -45.6025513619971     
  -5.27002564841008     
  -4.61277834445509     
   6.65163372673181     
  -4.28531651898971     
   21.0400355269114     
  -48.7455988812359     
   24.2556074546705     
  -46.4486884899582     
   19.9675452730991     
  -22.7431692515300     
  -37.9520834620347     
  -18.5538420133194     
  -9.38422600916786     
  -12.0549341878195     
   43.7250566162482     
   11.2971969137054     
   43.4510356384134     
   11.5896478680849     
  -2.45880907768844     
   12.7194497741165     
   36.6928559770709     
  -18.1705377330298     
  -48.7754066566778     
  -14.8208169187662     
  -2.57717983321549     
   12.8515746471313     
   22.9623658809143     
  -45.6022369635504     
  -48.3801790210572     
  1.831119731110199E-002
  -29.1469325795876     
   10.7614240906205     
  -33.6945566579215     
  -14.2083910120022     
  -28.1539124690269     
  -1.11438156785677     
   6.22656118551312     
 -0.235761715842444     
  -30.9856822928736     
  -13.4323090844478     
  -31.1301787332789     
  -5.68340242917585     
  -50.1100385237021     
  -15.1726382240570     
   21.0398623162243     
  -48.7458184948811     
  -5.30039441847611     
  -3.87105667045067     
   25.0516706929797     
  -51.3631073133972     
   4.18434388890436     
   24.0484014797306     
  -21.3573380950797     
  -45.1934043833738     
   43.4429833705262     
   11.5856766715821     
   9.23782438351201     
   15.3444481799942     
  -41.6478550204850     
  -23.7730663185327     
   12.1860850599193     
  -30.3251826932823     
   45.3204811584321     
   13.6880439334058     
  -27.2078247786119     
   63.2330543453124     
   15.8002147455046     
  -44.0295094418207     
   4.15790590991035     
   24.0480594488002     
   43.4121658411084     
   11.5670516682199     
  -2.11334120991713     
  -14.6217740575309     
   34.8373817093660     
   10.8169417339867     
 -0.874498849009952     
   3.19342628847574     
  -10.0499344639611     
   43.4340277189375     
  -44.5571602576657     
  -30.2573570305168     
   27.1097297466884     
  -6.73064127609136     
   7.87097480606859     
  0.444058767896614     
  -2.70572435612732     
  -20.6714305297213     
  -45.6819626348059     
  -37.3207016016848     
  -11.3304584364258     
  0.645383705858667     
   5.54839540984415     
   49.9422293218085     
  -26.8625797237847     
  -44.8080071859229     
  -12.7900512191839     
   4.06239202841460     
  -2.17479623308882     
  -7.99446504865730     
  -1.06358987271730     
  -40.3437815872351     
  -28.2564640761002     
  -47.8083484473190     
  -12.1634922047123     
  -26.7496695925519     
  -12.3514250848584     
   33.6479567971899     
  -17.1665579701146     
   6.03493310098443     
  -9.29070157812518     
  -20.8550679308597     
  -45.4246650926867     
  -20.6309570382195     
  -45.0210709310090     
   3.27389843881789     
   9.91904666541065     
  -42.0713279009384     
 -0.395654601295217     
   48.0896929741300     
  -10.6947338058906     
   3.27441071038574     
   9.91886953370963     
  -44.1552107607080     
  -13.9232700600962     
   46.8387716817915     
  -3.48438446578706     
   28.5683333094016     
   10.8762696899292     
   32.3300376434742     
  -10.8498565653721     
   27.5328837748204     
 -0.355421820056771     
  -6.56872157209615     
   2.09142033893493     
   30.3077507840867     
  -9.14651906832268     
   30.1758415959221     
  -4.07980060868361     
   48.4405841597017     
  -11.0581030405453     
  -40.3421174796862     
  -28.2574690930191     
   4.07813993989110     
  -2.14859330059242     
  -51.8696575572449     
  -21.1714293850151     
  -1.21340812662246     
   21.2459553741233     
   7.82763435357042     
  -43.2145740835427     
  -20.6081226614307     
  -45.0775726080585     
  -5.83776689867521     
   7.62002332060422     
   38.5198490239182     
  -20.2523708642926     
  -22.7790537198562     
  -18.7186614732722     
  -20.6542620274529     
  -45.6787423589625     
   27.7046612039942     
   61.6527611101428     
  -38.5655482812008     
  -8.93333166572204     
  0.315158056412275     
   23.5410362482333     
  -20.5788553087864     
  -44.9803667190283     
  -2.62442636877263     
  -10.1833125776923     
  -16.4441025504635     
  -35.9944667116775     
  0.886747304903524     
   3.49723415735105     
   6.28563249044329     
   34.9932875721545     
   37.8378274611874     
  -29.5547840344893     
  -27.0710776301107     
   11.1164601173697     
  -10.2683336928122     
  -3.10240342969696     
   6.23730730087233     
   46.0434082899121     
  -9.24697008597789     
   18.4525801370087     
   37.0669910066203     
  0.128184796690938     
  -5.10687178473364     
  -57.0077464211795     
   20.3627314903098     
   19.4975547866215     
   48.2299062815336     
  -5.79986411076659     
   5.26853962612318     
   6.24884265334277     
   5.68192977023488     
   17.3312337291413     
   51.2629314575886     
   20.6956283458578     
   49.1803053884052     
   18.1418588983176     
   25.2086054749909     
  -39.3237651663888     
   17.0237260026249     
  -10.3593140090033     
   12.4906882355387     
   44.2875710508294     
  -6.97912106145778     
   44.0276906113586     
  -7.30405605427801     
  -1.72082458762128     
  -11.7600645804073     
   35.1393688158077     
   21.8876840730776     
  -49.8793324220892     
   12.6105676111081     
  -1.82713205583700     
  -11.8958159127397     
   19.4973780314915     
   48.2295647629871     
  -48.4248887820378     
  -2.24245768490448     
  -28.5507488794059     
  -11.4455027173957     
  -34.7588623679007     
   12.9876012300896     
  -28.3007600153752     
  0.698751542371827     
   6.07353754589054     
   1.75260265241616     
  -32.0134506598283     
   12.3884406261078     
  -31.5671157871555     
   4.76852881339859     
  -51.2316828768371     
   12.8549020008830     
   17.3306733509127     
   51.2630203078707     
  -5.78861783715891     
   4.31351417522108     
   21.1429473794308     
   54.1689524013808     
   5.69583267947052     
  -22.5921827160938     
  -24.6594704429532     
   44.7303487036221     
   44.0154282105191     
  -7.29808064610975     
   10.1341283043914     
  -13.5511388821647     
  -43.3849952881408     
   21.9676871230297     
   9.84882076275037     
   32.2335950570071     
   46.0333450278524     
  -9.24835074302672     
  -22.8257715032822     
  -63.8405412398149     
   12.4656723893649     
   46.1371866340551     
   5.66574609666865     
  -22.5888582285099     
   43.9976125150276     
  -7.29045077459359     
  -3.29218091606272     
   15.5633539582432     
   35.3642757227386     
  -7.15478298654559     
 -0.788829494915651     
  -2.13828476095738     
  -7.16750138073214     
  -42.8903292754706     
  -46.7492150665827     
   28.2167386832054     
   27.1287720361705     
  -11.6754592843444     
   8.76604553653130     
   3.51307668316308     
  -6.85937162779796     
  -46.4940646248228     
   5.49217544008760     
  -16.0911422972172     
  -38.9773600033357     
 -0.398460358465533     
   4.29483801775019     
   58.2012789357892     
  -17.5997746647067     
  -16.4190493469452     
  -50.1678641940376     
   6.18925291210735     
  -5.69084375436162     
  -5.90024456118260     
  -6.76592511682489     
  -14.0630241249395     
  -53.0957572785980     
  -17.5868154783894     
  -51.1783260372113     
  -16.5154780142984     
  -27.1088632803550     
   40.3350089873458     
  -15.4605111850604     
   11.1419381726292     
  -12.6880533679519     
  -44.6057041555993     
   3.36728096850034     
  -44.3596866367695     
   3.68496457406833     
   1.03629751187047     
   10.9996593847914     
  -33.6669747399641     
  -24.8781176937440     
   50.6162187209808     
  -10.4626243686864     
   1.13324266512326     
   11.1358923649679     
  -16.4186965794195     
  -50.1673484270593     
   48.2138017103039     
   4.36939438701584     
   27.8804159363558     
   12.0982961137195     
   35.5252286642771     
  -11.7301378744149     
   28.3105811259477     
 -0.361646392300191     
  -5.94186094773409     
  -2.94044988294945     
   32.7458951081402     
  -11.2924770594888     
   31.7671708645649     
  -3.88515908433239     
   51.9773990312298     
  -10.6135365873853     
  -14.0625978737820     
  -53.0959042131101     
   6.13203473691346     
  -4.60075159345657     
  -17.6926750655179     
  -56.2276039720415     
  -7.01890645281834     
   21.3607193265075     
   27.4268701689061     
  -43.9770154802747     
  -44.3520475199362     
   3.68384114756722     
  -10.9137516547056     
   12.0623417442819     
   44.7014188804811     
  -20.1275453603961     
  -7.80153226148405     
  -33.6264118610521     
  -46.4910758326878     
   5.49306045628407     
   18.8207186658305     
   64.2603178316618     
  -9.55264875748647     
  -47.6424241325577     
  -6.99213973165655     
   21.3630038102559     
  -44.3191558734580     
   3.67436454939555     
   4.27335211202883     
  -16.1689523786930     
  -35.7152396978236     
   4.10767506869148     
  0.703122088751782     
   1.33210296109458     
   4.59495397855644     
   42.3727246895023     
   48.4537891016988     
  -26.1289486639938     
  -27.0329919876563     
   10.7079485397597     
  -11.3729070578719     
  -2.83336474823124     
   5.66565040425554     
   45.6266427707703     
  -11.8821907229486     
   19.9744854596646     
   35.5816371367583     
 -6.930527189774102E-002
  -5.76995383788901     
  -56.1342969315354     
   21.8575426933758     
   21.4546130533151     
   46.6942493423990     
  -5.52317313088562     
   4.84395072763504     
   6.45348525395334     
   4.82915436669836     
   19.4166585309766     
   49.8006135145315     
   22.7239309288725     
   47.5801672211367     
   19.1712807767690     
   23.7503611866332     
  -38.5963006508479     
   17.8318011550226     
  -9.84328886380048     
   12.1888111983737     
   43.9565697464672     
  -9.54258544434253     
   43.6914802546854     
  -9.84646000230242     
  -2.17160627433367     
  -12.3673761703267     
   36.0077734604253     
   19.7405730684594     
  -49.3048123902309     
   13.8193489913582     
  -2.28064587703611     
  -12.5029391357767     
   21.4543964422245     
   46.6937516281059     
  -48.4513936757714     
  -1.06848650340793     
  -28.9343600771373     
  -11.0972434562188     
  -34.2014045816870     
   13.6266022789908     
  -28.2471494092598     
  0.898898395762700     
   6.13733973884079     
  0.830629458066819     
  -31.4711458939867     
   12.9303505846078     
  -31.3535382789838     
   5.23420031524406     
  -50.6501191529721     
   14.1235051226602     
   19.4164887394753     
   49.8009073730632     
  -5.53546541925480     
   4.03145325976495     
   23.3529266294938     
   52.5390020237253     
   4.80408821756461     
  -23.4936293855470     
  -22.8424142091113     
   44.9480534465769     
   43.6827616760667     
  -9.84258139766069     
   9.60181362458635     
  -14.6410442328744     
  -42.4516334292598     
   22.9389774569981     
   11.1498176812112     
   31.1089577124557     
   45.6188242479584     
  -11.8829590804504     
  -25.3699130809757     
  -63.5979540192853     
   14.3566253976475     
   44.9000831910385     
   4.77881544224876     
  -23.4928974600982     
   43.6494618630661     
  -9.82374870027545     
  -2.65150442785654     
   14.9720813079680     
   35.0559493535927     
  -9.33115603557184     
 -0.865756112672635     
  -2.79658081163051     
  -8.87361472258254     
  -43.2760893820896     
  -45.5648843835780     
   29.3154851817500     
  -27.0481924295213     
   11.0841296511974     
  -10.5614964195964     
  -2.99852691054208     
   6.04153371285717     
   46.0070531483115     
  -9.84539431241338     
   18.7995731704313     
   36.7057533357813     
  0.128899379057121     
  -5.31484788602249     
  -56.7921775000072     
   20.5293694411355     
   19.9169087188644     
   47.8562018992867     
  -5.70038156688202     
   5.10613078186943     
   6.33257657357176     
   5.44101553881308     
   17.7920203378485     
   50.8988577097606     
   21.1527342726090     
   48.7803497582566     
   18.3880303562086     
   24.8475900911612     
  -39.1375122586187     
   17.0865356821235     
  -10.2084087611875     
   12.3491485439487     
   44.2618547772904     
  -7.57026138575504     
   44.0089488685905     
  -7.88289945740764     
  -1.75893590046028     
  -11.9576091238435     
   35.3682529766265     
   21.3888148189121     
  -49.7336262564596     
   12.7481052173176     
  -1.86599881468252     
  -12.0910309124586     
   19.9166432969082     
   47.8554325495982     
  -48.3647782382640     
  -2.14608592776450     
  -28.5807231831743     
  -11.4501056300781     
  -34.6083022860479     
   13.0258108439895     
  -28.2315739996052     
  0.704961186679107     
   6.13675386938510     
   1.49345861277899     
  -31.8689141242614     
   12.4136634655131     
  -31.4634523759713     
   4.78408232478687     
  -51.0822905920045     
   13.0048475980623     
   17.7915368061656     
   50.9004556451080     
  -5.69705533835270     
   4.20694311449593     
   21.6287677893079     
   53.7716297700926     
   5.56890133156146     
  -22.8492601557733     
  -24.2550916804771     
   44.6791048533981     
   43.9925232747394     
  -7.87610562606286     
   10.0881757537914     
  -13.8422393631554     
  -43.1630575467937     
   22.0649800991532     
   10.1569537187134     
   31.9341578790233     
   45.9986422195887     
  -9.84683877326908     
  -23.2218839852526     
  -63.9036560142508     
   12.8833438466296     
   45.8226528365336     
   5.54773416853693     
  -22.8504832325739     
   43.9698993067072     
  -7.86459196896062     
  -3.11321369807291     
   15.3586469421636     
   35.3559490328651     
  -7.66883203945726     
 -0.761085709748801     
  -2.34405688658229     
  -7.41858419295428     
  -43.0557325517274     
  -46.4758623506782     
   28.3272155151452     
  -26.5048573094531     
   8.84012022445488     
  -15.0031454543789     
  -1.75602263969435     
   3.96895661726803     
   43.1459583561837     
  -21.4453273337153     
   25.6802616179502     
   29.6815829496402     
 -0.938606027413978     
  -7.71702361909665     
  -51.6258753193212     
   28.6804621305818     
   28.9946163546624     
   40.3938742380983     
  -4.41799009894095     
   3.68170804073590     
   7.19470187925229     
   2.00219760618036     
   27.5381099921249     
   43.7130171620255     
   30.3834618205779     
   41.0554944907774     
   22.9316764547521     
   18.1739872178068     
  -35.0725320425917     
   21.6030271115760     
  -7.62046743188796     
   11.4786472680127     
   41.8748130601160     
  -18.8244960261820     
   41.5453487630560     
  -19.1106386059362     
  -4.03760663791639     
  -13.9896620699952     
   38.8984213176731     
   11.3174194282142     
  -46.2770073941930     
   19.2009629960101     
  -4.17116625489294     
  -14.1108957991351     
   28.9934339452425     
   40.3940190050837     
  -47.8858285951754     
   4.69047633255286     
  -30.1490586774865     
  -9.01499286683531     
  -31.4459270610353     
   16.7269477097862     
  -27.8555650451510     
   2.37197010332046     
   6.23713322718450     
  -2.22959999392753     
  -28.8495379137319     
   15.5914801823778     
  -30.1450415995958     
   7.80964239985744     
  -47.5552902044946     
   19.7475347655429     
   27.5381507525537     
   43.7128918182971     
  -4.48246029672575     
   3.21513156265611     
   31.8624966783603     
   45.7657353265640     
   1.07297785876686     
  -26.0952954707025     
  -15.0173862226355     
   45.8961557979602     
   41.5301494476626     
  -19.0980767657521     
   7.19225662211813     
  -18.1394062861193     
  -38.0282211104436     
   27.2765822116983     
   16.2307040110311     
   26.7085516786821     
   43.1193715898504     
  -21.4437160909048     
  -35.3749342742358     
  -60.7840967872855     
   21.6673168010989     
   39.8127219963235     
   1.03942520605076     
  -26.0875984400941     
   41.5208044281103     
  -19.0884740635503     
 -6.011050916676908E-002
   13.0699971431538     
   33.1324070225741     
  -17.1165573131182     
  -1.22027377979382     
  -4.74761043454187     
  -15.5593406703951     
  -43.5397483111932     
  -40.0160205973283     
   34.1673448056509     
  -26.3869755797210     
   8.55985411633208     
  -15.4450175628009     
  -1.62710413652148     
   3.75335503571293     
   42.6908391405496     
  -22.6962556086630     
   26.4051309050076     
   28.8217255335865     
  -1.10063901812827     
  -7.94270452093591     
  -50.8860438293169     
   29.5790519619085     
   29.9642353441915     
   39.4590285234737     
  -4.25249274867170     
   3.53627268703635     
   7.27661456508869     
   1.63139562054966     
   28.5816960926624     
   42.7933287051343     
   31.3636581272497     
   40.0834275549084     
   23.3940904127097     
   17.3845620576545     
  -34.5062671013132     
   22.0980549613233     
  -7.29537921834138     
   11.3789898668325     
   41.4660906089505     
  -20.0605911996386     
   41.1742018371522     
  -20.2912695741065     
  -4.28379295429736     
  -14.1633524660576     
   39.2025784380887     
   10.1521519774418     
  -45.7644249849341     
   19.9069904531158     
  -4.42647205177956     
  -14.2825382116764     
   29.9638286962623     
   39.4588214855015     
  -47.7028648383241     
   5.50524934174805     
  -30.2575595500636     
  -8.69724982149613     
  -30.9988267484672     
   17.1407886683996     
  -27.7626168871426     
   2.62482896422000     
   6.25805544299231     
  -2.61983117924329     
  -28.4314278899920     
   15.9329097334318     
  -29.9100692027758     
   8.18159302362350     
  -47.0404754158911     
   20.5065346814479     
   28.5836513054919     
   42.7975496583718     
  -4.32032293439326     
   3.09538236383561     
   32.9610658726664     
   44.7539050570890     
  0.556767636335401     
  -26.3723601530665     
  -13.9073458839369     
   45.9388895811416     
   41.1684958679324     
  -20.2863594933937     
   6.84760847396091     
  -18.5642753123353     
  -37.3286709934410     
   27.8286583927417     
   16.8871309033347     
   26.0635597167082     
   42.6772775901622     
  -22.6931192832691     
  -36.7450850477705     
  -60.2079851024414     
   22.6196080236213     
   39.0427252476811     
  0.522081474374993     
  -26.3694413529786     
   41.1436737681332     
  -20.2657554354797     
  0.294921149873337     
   12.8077901834526     
   32.7885747559706     
  -18.1237874037848     
  -1.22637638367895     
  -4.98072253385467     
  -16.4478236577981     
  -43.4661806181675     
  -39.1772616399455     
   34.7823388654336     
   26.7374742560831     
  -9.90601322628454     
  -13.0877291490184     
   2.23663221723118     
   4.95955013874668     
  -44.6784827143960     
  -16.4983317551762     
  -22.9212472420120     
   32.9268626899087     
  0.423845429754682     
  -6.64751485326763     
   54.0349473751874     
   25.4586573430589     
  -25.3113148273256     
   43.8930695368808     
   4.93538030173841     
   4.38300943973548     
  -6.90704279513413     
   3.54573871033755     
  -23.5745920538459     
   47.1112598045978     
  -26.6428383353805     
   44.6735531381942     
  -21.1609360253962     
   21.2098341358608     
   36.9069946136396     
   19.8842395845016     
   8.70681989350594     
   12.0055160917133     
  -43.1956937332191     
  -14.0104207065922     
  -42.9060384768001     
  -14.2979488900716     
   3.01655674920318     
  -13.1145525689689     
  -37.6474576058243     
   15.7771810895182     
   47.8954470480512     
   16.6204380973219     
   3.14044938083562     
  -13.2406661932063     
  -25.3111966476364     
   43.8930136192251     
   48.2791455680699     
   1.93035557148937     
   29.5342374560386     
  -10.0545003142869     
   32.8824815674967     
   15.3073367870695     
   28.0589207762554     
   1.61938638980445     
  -6.28601878550919     
 -0.559845100206508     
   30.2021164738578     
   14.3833016053263     
   30.8025879582876     
   6.59445472081599     
   49.2213347652741     
   17.0504042387722     
  -23.5744415192616     
   47.1113304572590     
   4.98694824284994     
   3.70719041531753     
  -27.7188487662714     
   49.5291622566836     
  -3.06135229872521     
  -24.7483170713953     
   18.9666722676884     
   45.7111271156183     
  -42.9001565174407     
  -14.2952276737000     
  -8.53369433457172     
  -16.3032760800727     
   40.3274717824558     
   25.2784049746515     
  -13.7667119036769     
   29.1757126194790     
  -44.6704209165320     
  -16.4996093946812     
   30.3990923659299     
  -62.3118590065557     
  -18.0541759643084     
   42.6821804903883     
  -3.03311070789414     
  -24.7462909611532     
  -42.8676459840474     
  -14.2731942508889     
   1.30851354447443     
   14.2108623050808     
  -34.3298953348694     
  -13.0721772963563     
  0.967460723440387     
  -3.65401775926996     
   12.1014265510151     
  -43.4668106766715     
   42.9071564705550     
   31.9635369724127     
   26.9326071578168     
  -10.4042723083620     
  -12.1144550088137     
   2.60107958652188     
   5.32677387060381     
  -45.2851654620639     
  -13.7460378882335     
  -21.1353542319333     
   34.5110110171201     
  0.204181040942416     
  -6.17745893068969     
   55.3517110163382     
   23.2022548478474     
  -22.9701865356339     
   45.5725027492880     
   5.29333935436555     
   4.60752463632438     
  -6.62960173737272     
   4.27089679489545     
  -21.0487870484028     
   48.7178123651910     
  -24.2639591554429     
   46.4179434179462     
  -19.9607236700153     
   22.7145482546544     
   37.9657309786173     
   18.5677641213657     
   9.40472808393656     
   12.0523848698315     
  -43.6908833666421     
  -11.3494998032063     
  -43.4140091233754     
  -11.6476579508513     
   2.49761094594321     
  -12.7280892202618     
  -36.6761558998087     
   18.1386779202432     
   48.7890595491430     
   14.8512383829245     
   2.61402589547750     
  -12.8586842291641     
  -22.9699965676245     
   45.5721221632872     
   48.4111687428159     
  1.145188163691266E-002
   29.1825874404585     
  -10.7451153653595     
   33.7094570811707     
   14.2217132570521     
   28.1810961200717     
   1.12169599781174     
  -6.19978765273779     
  0.220128522449159     
   31.0004974794631     
   13.4423924571007     
   31.1533463012746     
   5.69634741762306     
   50.1250110099628     
   15.2028472192413     
  -21.0486612938951     
   48.7179460794121     
   5.32157492737389     
   3.86712064731901     
  -25.0627949751310     
   51.3330873240471     
  -4.13501383431807     
  -24.0622434439338     
   21.3509589847065     
   45.2016953040970     
  -43.4056861884574     
  -11.6433781745656     
  -9.19523974729405     
  -15.3628800317863     
   41.6560786903630     
   23.7953516130329     
  -12.1802132484958     
   30.3069313443984     
  -45.2773326210995     
  -13.7465099315176     
   27.3094753970836     
  -63.2144953517279     
  -15.8097730392004     
   44.0055150530962     
  -4.10901133688682     
  -24.0616984448884     
  -43.3755476979821     
  -11.6249188779377     
   2.12846817258647     
   14.6136526109802     
  -34.7992449123257     
  -10.8543454270206     
  0.901279539875249     
  -3.20217718593805     
   10.1216849935874     
  -43.4347014099933     
   44.5615274284493     
   30.2852796276791     
   27.0072118508313     
  -10.9341767273039     
  -10.9336751392615     
   2.89441548111432     
   5.87255253219150     
  -45.8732135636891     
  -10.7754748922389     
  -19.3788381765721     
   36.1934520295783     
 -6.032322636820001E-002
  -5.52116307205165     
   56.4586154017973     
   21.1729411811911     
  -20.6642640285406     
   47.3252758295787     
   5.58916277556692     
   4.98933333480341     
  -6.41251865145235     
   5.16123850006753     
  -18.5814624055378     
   50.3973265214763     
  -21.9144679051666     
   48.2325530894354     
  -18.7852420834559     
   24.3451951621979     
   38.8597594263227     
   17.4468016444564     
   10.0124974176343     
   12.2832489377896     
  -44.1605330913266     
  -8.46975506834989     
  -43.9036739903305     
  -8.78166339570673     
   1.92176311587689     
  -12.1444094425480     
  -35.7007745512124     
   20.6102748735530     
   49.5022590732485     
   13.2563861062922     
   2.03122840320386     
  -12.2766256271526     
  -20.6638817034192     
   47.3246732154942     
   48.3851454685829     
  -1.62058397640602     
   28.7089924730987     
  -11.2903963575210     
   34.3897316902206     
   13.3138054128911     
   28.2088750711511     
  0.795042801457306     
  -6.16173791308381     
   1.19030495957772     
   31.6536594911644     
   12.6606904234482     
   31.3846490600309     
   5.00392021727897     
   50.8500870391658     
   13.5350089902157     
  -18.5813899056287     
   50.3974786978407     
   5.59429967179982     
   4.12509642059829     
  -22.4643273437782     
   53.2074608437640     
  -5.24133264708316     
  -23.1436377035730     
   23.5707488452660     
   44.8191013759615     
  -43.8938526109560     
  -8.77592358096467     
  -9.89008573567194     
  -14.2065499562195     
   42.8033976774829     
   22.4813471110561     
  -10.6479517880854     
   31.5607036840735     
  -45.8633067111564     
  -10.7765949999128     
   24.1990451519850     
  -63.7571516380639     
  -13.5961353370967     
   45.4043520327307     
  -5.22054312236455     
  -23.1443991483055     
  -43.8607330817553     
  -8.75997818081374     
   2.87201771362658     
   15.1876160023593     
  -35.2552301937133     
  -8.42831684887798     
  0.783331785258430     
  -2.54842311267609     
   8.05154754717503     
  -43.1582461515913     
   46.0243904045175     
   28.8061418454558     
  -27.1418982735550     
   11.4025712913781     
  -9.54868045920825     
  -3.32899434329365     
   6.50147074202385     
   46.2865731992627     
  -7.36296606451611     
   17.2183978060695     
   38.0226915930351     
  0.258276962939838     
  -4.74247811775888     
  -57.6755080693865     
   18.8345262698071     
   17.8787516252100     
   49.2043704591256     
  -6.02273224393299     
   5.43611152259615     
   6.05601012091597     
   6.18947452969317     
   15.6149059370175     
   52.1824100357901     
   19.0762915314338     
   50.1821221535184     
   17.2896716918933     
   26.1510332287781     
  -39.8838888982113     
   16.1440672364618     
  -10.7880270927579     
   12.5371915617214     
   44.4628745743283     
  -5.17902899531755     
   44.2077396750493     
  -5.48164070889468     
  -1.37295646754666     
  -11.4250184464862     
   34.3720501537654     
   23.3973061219306     
  -50.2987957114857     
   11.4258881650014     
  -1.47510417775141     
  -11.5610261324997     
   17.8782950197913     
   49.2028541653834     
  -48.3437477242220     
  -3.43742126167826     
  -28.2215242307008     
  -11.8351158943883     
  -35.1890196939312     
   12.2723641069648     
  -28.3127950964299     
  0.495985196039836     
   5.99679310030557     
   2.31273966516427     
  -32.4212737290069     
   11.7609925394462     
  -31.6859910733403     
   4.25498312461272     
  -51.6571521776216     
   11.6199284874509     
   15.6130056527991     
   52.1833063154840     
  -5.96787693363511     
   4.43299593414949     
   19.3353055093831     
   55.2047819313425     
   6.37571813981297     
  -22.0175626297242     
  -26.1411870500267     
   44.2849203101283     
   44.2028237845859     
  -5.47844588929008     
   10.5314333507610     
  -12.8364445034541     
  -44.1073412293124     
   20.9439700435693     
   8.76703600118946     
   32.9155708639492     
   46.2788265498526     
  -7.36427868507436     
  -20.7526814193876     
  -64.1555417667332     
   10.9373304217886     
   46.8870846278109     
   6.34761359700176     
  -22.0221261212494     
   44.1693675423352     
  -5.46410237392442     
  -3.81933338923672     
   15.8210565021712     
   35.5570587804008     
  -5.63907220354216     
 -0.757661913143665     
  -1.77471753472011     
  -5.84894683479605     
  -42.6931378099044     
  -47.6803130862275     
   27.0592381457894     
   26.4470391073731     
  -8.89881352946942     
  -15.1491206911803     
   1.67334862527217     
   3.83996776143363     
  -43.1610933100117     
  -21.5831965042342     
  -25.7971252211817     
   29.5672963097650     
  0.862844116062551     
  -7.83936895545652     
   51.6334859261767     
   28.3661503940484     
  -29.1253090979075     
   40.2704213855405     
   4.33507775945043     
   3.61248671886304     
  -7.28698301563877     
   1.88916545494547     
  -27.6712203749068     
   43.5600193710611     
  -30.5230776166484     
   40.9378288020460     
  -23.0367298220000     
   18.0375500786927     
   34.9504179766181     
   21.5464334138219     
   7.50792710398675     
   11.3664152117190     
  -41.9191304804945     
  -18.9877224852038     
  -41.5844241819664     
  -19.2232652102666     
   4.00165238424882     
  -14.1143032824848     
  -39.0059360855289     
   11.1212310614634     
   46.1089690364510     
   19.4181566282962     
   4.12541097666249     
  -14.2109012812762     
  -29.1256057872743     
   40.2698804429226     
   47.8016836706969     
   4.61822590678309     
   30.1009215082004     
  -9.00174171009922     
   31.3385500393157     
   16.7005259918704     
   27.7470338979279     
   2.37316669109777     
  -6.31571056107051     
  -2.36458446259456     
   28.7495792969393     
   15.5787458328060     
   30.0536400420560     
   7.74565588942432     
   47.3968444472409     
   19.9738616272999     
  -27.6690708323323     
   43.5600565649997     
   4.40702170588389     
   3.13277000161578     
  -32.0004248135957     
   45.6219688764114     
  -1.09111315484600     
  -26.2325588436603     
   14.8482698514353     
   45.7927358637954     
  -41.5810499502456     
  -19.2231447452970     
  -7.23851095188729     
  -18.2729826343588     
   37.9007866111269     
   27.2888101154685     
  -16.3546512259549     
   26.5547697247291     
  -43.1557225912793     
  -21.5850064407487     
   36.5937641641306     
  -60.2582688890527     
  -21.7914297492237     
   39.7035558270057     
  -1.05965369636373     
  -26.2260378810930     
  -41.5571894615218     
  -19.2064588584749     
 -5.138281106906793E-002
   12.9405156354391     
  -33.1622976116383     
  -17.2612329090156     
   1.15412172539682     
  -4.87247097251621     
   15.7633797502512     
  -43.5381928672878     
   39.8882043077489     
   34.0855809626086     
   27.0343432274526     
  -10.9546504467172     
   10.8450413440102     
   2.93944704800840     
  -5.91586710790408     
  -45.9119558629613     
   10.4419991215532     
  -19.1973160920340     
  -36.3614248041369     
 -6.277880003485761E-002
   5.47201538788929     
   56.5759259544155     
  -20.9514103470437     
  -20.4433142830093     
  -47.4961584375899     
   5.63421849481355     
  -5.02423701064104     
  -6.37626011634913     
  -5.23111461129441     
  -18.3831695410233     
  -50.5159217606571     
  -21.6897348009855     
  -48.4131676309121     
  -18.6554051774118     
  -24.5025234967864     
   38.9460187783103     
  -17.3619150524153     
   10.0799396933700     
  -12.2982363342080     
  -44.1985736778104     
   8.15460908821839     
  -43.9338622829759     
   8.46321300251271     
   1.89605370395357     
   12.0972473502649     
  -35.6314631240380     
  -20.7265583556981     
   49.5745764767455     
  -13.1853877057457     
   2.00451112375349     
   12.2290785747922     
  -20.4431455683788     
  -47.4957537490528     
   48.3993270588411     
   1.76612054753310     
   28.6924814952126     
   11.3095566501691     
   34.4642475077974     
  -13.2544171865665     
   28.2340870153163     
 -0.774731824485445     
  -6.13861109059363     
  -1.26018896159890     
   31.7273166663434     
  -12.6143362347338     
   31.4234861421821     
  -4.95141743168848     
   50.9238909927874     
  -13.4595511402037     
  -18.3830725840913     
  -50.5160732115188     
   5.63636036706169     
  -4.15603004572169     
  -22.2362795500295     
  -53.3538293517509     
  -5.30551584632424     
   23.0726088952936     
   23.7457034764561     
  -44.7874051464146     
  -43.9258413891381     
   8.45948066422878     
  -9.92605079324848     
   14.1090108730052     
   42.9119660466105     
  -22.3969206792223     
  -10.5177641704954     
  -31.6455787068562     
  -45.9044557929128     
   10.4430384049919     
   23.9623376939612     
   63.7958836997036     
  -13.3720738754926     
  -45.5433518138581     
  -5.27747584509028     
   23.0737291814332     
  -43.8944977259253     
   8.44206325102351     
   2.94855572019146     
  -15.2306402583734     
  -35.2821715411629     
   8.16482422481211     
  0.795592378792922     
   2.49910126694000     
   7.89682540535772     
   43.1082073425392     
   46.1525289018571     
  -28.6935019905956     
   26.6108127419916     
  -9.18202309513514     
   14.4011986244056     
   1.96222247962428     
  -4.28311576866994     
  -43.6469200942790     
   19.8411628852109     
  -24.7693943527217     
  -30.7652288680738     
  0.769583886677363     
   7.38767499668989     
   52.4688997041875     
  -27.6370400744835     
  -27.7749640727396     
  -41.5655630760094     
   4.60733553494924     
  -3.90493480426237     
  -7.08010625901976     
  -2.49093947674071     
  -26.2272124309281     
  -44.8513643612303     
  -29.1486658275495     
  -42.2688385674821     
  -22.3454284956581     
  -19.1780572278843     
   35.7216141001742     
  -21.0361002444193     
   8.00008498235336     
  -11.6455866426985     
  -42.3138360218226     
   17.2770420488536     
  -42.0171386838751     
   17.5389905561025     
   3.72882631890931     
   13.7274601473372     
  -38.4942148999387     
  -12.7814273486329     
   46.8568793829644     
  -18.3542926704590     
   3.85190624158622     
   13.8421741823673     
  -27.7747999959958     
  -41.5653288670256     
   48.0666975150422     
  -3.77314939119476     
   29.9843718115229     
   9.36846911484341     
   31.9579861964308     
  -16.2576912629682     
   27.9618231483186     
  -2.10472476702680     
  -6.23851762788420     
   1.69342209972592     
   29.3351940585831     
  -15.1946636621367     
   30.4007882758069     
  -7.39899567781753     
   48.1538419751845     
  -18.8652796493959     
  -26.2271847605078     
  -44.8512470522672     
   4.66835268176892     
  -3.36820607112569     
  -30.4916170373807     
  -47.0267089661063     
  -1.71023521682988     
   25.6799236453808     
   16.3513519335506     
  -45.8507277494856     
  -42.0055755670187     
   17.5310816414059     
  -7.61592957957431     
   17.5567552724172     
   38.8307499336301     
  -26.6255451815146     
  -15.4119154377462     
  -27.5257080329377     
  -43.6400952139636     
   19.8408583844626     
   33.8305443343184     
   61.3085878209458     
  -20.4720114077280     
  -40.7767970334561     
  -1.68190364271863     
   25.6801612432667     
  -41.9747034005477     
   17.5067151647781     
  0.484132168037276     
  -13.4359192998729     
  -33.5336760785089     
   15.8117484297276     
   1.14801347399248     
   4.40941428674401     
   14.4493790613114     
   43.5527881115547     
   41.0145012723862     
  -33.4484134773936     
  -26.8057759820751     
   9.63906727950455     
   13.5595879396571     
  -2.25349398152210     
  -4.64737961890990     
   44.3191003590180     
   17.4895780013398     
   23.2934510415596     
  -32.2501086885100     
 -0.588628207405746     
   6.96706768459098     
  -53.7574486205116     
  -25.8000638466948     
   25.8334816193289     
  -43.1746542170284     
  -4.93193337252428     
  -4.13927164686955     
   6.85841233967976     
  -3.15329323566712     
   24.1261406484751     
  -46.4048884394990     
   27.1778473903746     
  -43.9363605733014     
   21.3684678722150     
  -20.5628675579498     
  -36.7193749931898     
  -19.9992320944204     
  -8.62733663325677     
  -11.7560932105883     
   42.8672774015399     
   14.9763989017243     
   42.5895610474495     
   15.2708593711360     
  -3.27647416079115     
   13.4001449283291     
   37.7678226253649     
  -14.8885590663942     
  -47.7417619678118     
  -16.9008008127914     
  -3.40304954626923     
   13.5265401681959     
   25.8333080534660     
  -43.1739998475404     
  -48.3166031256562     
  -2.17815665799503     
  -29.7399945331596     
   9.98103408543122     
  -32.7531735850231     
  -15.3938758010060     
  -28.1182665920865     
  -1.64223938671158     
   6.18531316777829     
  0.992969986604389     
  -30.0873994339329     
  -14.4473464506618     
  -30.7888359107497     
  -6.64778089731136     
  -49.0563029853545     
  -17.3462583077337     
   24.1259072790832     
  -46.4048717402168     
  -4.97143608564251     
  -3.54452040779312     
   28.2969935867297     
  -48.7589888135141     
   2.64005551123562     
   25.1248662123019     
  -18.4459684652501     
  -45.5784173917046     
   42.5798774893567     
   15.2643403619959     
   8.21965632319204     
   16.7616358148428     
  -40.0677972606409     
  -25.4513313688693     
   14.0795367599598     
  -28.6181702243406     
   44.3134551646339     
   17.4899087318755     
  -31.2846005509733     
   62.2361031581490     
   18.5801550599326     
  -42.0728184635660     
   2.61351427953885     
   25.1242469289165     
   42.5467711769744     
   15.2416092647624     
  -1.20109142170272     
  -13.8625911777814     
   34.0436042335367     
   13.9072423911275     
  -1.09650536353060     
   3.99300406056620     
  -12.7799913032098     
   43.6145261950278     
  -42.5518622701934     
  -32.1416734185346     
  -26.9440493824859     
   9.54056915505060     
  -13.5379706750521     
  -2.39612889193462     
   4.65033051533621     
   44.2301198953938     
  -17.4006382076439     
   23.0883869264670     
   32.3091355092345     
 -0.686224687763310     
  -6.96540843211606     
  -53.9636157987705     
   25.6790512279043     
   25.6007285782700     
   43.2463552992852     
  -5.05467859108908     
   4.14076011592409     
   6.73204263554207     
   3.16554094697334     
   23.8786308605805     
   46.4722259292082     
   26.9484427103120     
   44.0113224498533     
   21.1925949559466     
   20.6162773527323     
  -36.9018241432083     
   19.9232524912375     
  -8.79177306773615     
   11.7426086268785     
   42.7749060681431     
  -14.8969199660290     
   42.4906046102547     
  -15.1808488316657     
  -3.36883737897505     
  -13.3959309683742     
   37.5994347671171     
   14.9862395246881     
  -47.9157075157925     
   16.8033512082989     
  -3.50687527474306     
  -13.5328671339084     
   25.6004150021718     
   43.2457317345709     
  -48.4648832569724     
   2.07743499532740     
  -29.8518612337202     
  -10.0174966555250     
  -32.9226383923354     
   15.3305626404622     
  -28.2472020435957     
   1.61196514368944     
   6.06025664595087     
 -0.975112866471229     
  -30.2483500344795     
   14.3911950856995     
  -30.9367306503949     
   6.59188096939435     
  -49.2328630731183     
   17.2459162600575     
   23.8785389460375     
   46.4721690098030     
  -5.09910291429712     
   3.55985243152553     
   28.0443356407806     
   48.8340032000074     
   2.55278948905369     
  -25.1164214441108     
  -18.6969813096555     
   45.5438038809763     
   42.4740807518654     
  -15.1707891591020     
   8.12494887366667     
  -16.7424741031660     
  -40.2635147139725     
   25.3683972893232     
   13.8761800613010     
   28.6570473041045     
   44.2191840996560     
  -17.4009819348174     
  -31.3274785830930     
  -62.2848759752745     
   18.3562880233034     
   42.1263639659783     
   2.53531140849124     
  -25.1152806687368     
   42.4497689792251     
  -15.1535512478110     
  -1.36736719709084     
   13.8661381531373     
   33.9448417173411     
  -13.8412174670676     
  -1.21525903481057     
  -3.99019190293770     
  -12.8464763274599     
  -43.6244657599851     
  -42.7689154354461     
   32.0467252628341     
  -26.4310065595195     
   8.60786505829364     
  -15.3208033514629     
  -1.67916186958200     
   3.84131737636563     
   42.8548821288246     
  -22.4033550883549     
   26.2521480391244     
   29.0640395238777     
  -1.06553629033277     
  -7.86575292203216     
  -51.1230039671042     
   29.4939431989970     
   29.7537370019016     
   39.7377754617730     
  -4.30753968024592     
   3.60800329213803     
   7.24162666746618     
   1.76227967446585     
   28.3329759612042     
   43.0933839249793     
   31.1762636504801     
   40.3856911293134     
   23.2875019672052     
   17.6044745104350     
  -34.6844992030023     
   22.0570387424196     
  -7.42704901928260     
   11.4605360151426     
   41.6320785117645     
  -19.7513789287059     
   41.3063761526420     
  -20.0082167190398     
  -4.25285463516425     
  -14.1022550531548     
   39.1235331810439     
   10.4575066054659     
  -45.9257542540404     
   19.7968823301252     
  -4.39387005618039     
  -14.2281792133588     
   29.7532862263013     
   39.7379007009816     
  -47.8340678380383     
   5.38478563547532     
  -30.2500950498774     
  -8.77069063907050     
  -31.1450025612115     
   17.0971640492982     
  -27.8222453581918     
   2.58523379599205     
   6.22493141230208     
  -2.49135871257418     
  -28.5411344243626     
   15.8958006712478     
  -30.0091821866666     
   8.14120350378517     
  -47.2204345564927     
   20.3753264562428     
   28.3329372814666     
   43.0931603257687     
  -4.37637550142804     
   3.14491338540911     
   32.7392854255458     
   45.0706197680293     
  0.639516354386743     
  -26.2933794769870     
  -14.2152149622619     
   46.0178022212780     
   41.2956004251847     
  -20.0004307030583     
   6.90263965219683     
  -18.4403372421727     
  -37.5332985800730     
   27.7630231392938     
   16.6991002992042     
   26.2794089008961     
   42.8451960532217     
  -22.4042645156120     
  -36.4833599723007     
  -60.4113352762620     
   22.4055625104374     
   39.2757817586745     
  0.605558014276318     
  -26.2876249964299     
   41.2652956727024     
  -19.9741484300109     
  0.175491683609786     
   12.9229380362208     
   32.8862382249136     
  -17.8837602453128     
  -1.28194781449249     
  -4.88282159669910     
  -16.2153192769967     
  -43.5291354199817     
  -39.4222077598360     
   34.7611330087559     
   26.7776914310228     
  -9.66866521723423     
   13.5710465303820     
   2.20994283099868     
  -4.65472308747277     
  -44.3676064349643     
   17.4905392582326     
  -23.3417004082818     
  -32.2400905529822     
  0.546886318859924     
   6.96154986787283     
   53.7220135012363     
  -25.8301910499052     
  -25.8836970786862     
  -43.1825548803644     
   4.89595179881761     
  -4.13987302564700     
  -6.90330934027087     
  -3.16136725009593     
  -24.1846856493017     
  -46.4023123238027     
  -27.2358841542283     
  -43.9473121061600     
  -21.4197478610415     
  -20.5633095812401     
   36.6861289678015     
  -20.0231206403030     
   8.59044447512177     
  -11.7713255284849     
  -42.8813657237580     
   14.9956364296953     
  -42.6215331363573     
   15.2736419333062     
   3.22925715796650     
   13.3793760482167     
  -37.8141879529741     
  -14.8832762958100     
   47.7108646289107     
  -16.9221682844619     
   3.39279426997038     
   13.5441448814003     
  -25.8840103273861     
  -43.1821485731696     
   48.2905335238491     
  -2.19867838898307     
   29.7219147029504     
   9.97460136618110     
   32.7107568590461     
  -15.4089093475066     
   28.0911427058701     
  -1.65421777049269     
  -6.22238909546632     
  0.990953662997093     
   30.0532279470923     
  -14.4588487522197     
   30.7550019779119     
  -6.65855546325375     
   49.0268028938084     
  -17.3696136529951     
  -24.1841151274899     
  -46.4027158289829     
   4.94720209690052     
  -3.53807963038017     
  -28.3452566108259     
  -48.7578866374014     
  -2.67643934766471     
   25.1315307044213     
   18.3971675770839     
  -45.6067470072597     
  -42.6094085923853     
   15.2672721649431     
  -8.24438868448580     
   16.7730210781032     
   40.0341887855943     
  -25.4783916439548     
  -14.1348414294818     
  -28.6088934656243     
  -44.3580371712853     
   17.4915589947570     
   31.2547172947221     
   62.2141350935043     
  -18.6322176580364     
  -42.0690052262912     
  -2.64196095545809     
   25.1294018705441     
  -42.5792357056957     
   15.2463243054214     
   1.15552614711535     
  -13.8667186337914     
  -34.0696057587212     
   13.9176934890429     
   1.07862571203767     
   3.99039637456584     
   12.7549025388745     
   43.6112524689891     
   42.5133016797967     
  -32.1608393891217     
