   5.9098313e+01   4.8380686e+01   7.0127149e+01   3.8766299e+00   3.5965045e+01   1.8416329e+01   5.2161267e+01   2.2662109e+01   4.0629479e+01   7.3932040e+01   8.6532612e+01   9.1327871e+01   3.4748152e+01   2.7030673e+00   2.7330439e+01   9.4063223e+00   7.3925715e+01   1.9863600e+01   3.5745942e+01   1.1924549e+00   4.4435189e+01   1.7815195e+01   5.9306049e+01   9.7905614e+01   1.9472097e+01   5.7351650e+01   1.5449785e+01   2.2277007e+01   4.4693055e+01   8.9828149e+01
   2.8418894e+01   5.3116782e+01   1.7059086e+01  -6.3863701e+01   9.7476893e+01  -3.9056105e+01  -3.4074895e+01  -7.4969524e+00  -8.3169267e+01  -2.8087017e-01   4.3221798e+01   6.1502688e+00   7.3903546e+01  -2.0814105e+01   4.7546320e+01  -7.8371228e+01  -4.1698045e+01   4.7284783e+01   3.8711821e+01   2.5010984e+01  -5.1373850e+01  -2.7792955e+01  -9.3887824e+01  -4.7786997e+01   9.5378677e+01   8.6935133e+01  -7.6890332e+01  -2.4729349e+01  -9.1973481e+00   3.4512221e+01
  -1.4764236e+00  -5.6589458e+01   6.4343376e+00  -8.8061050e+01   9.6011265e+01  -3.1862580e+01  -2.7211354e+01  -8.3123204e+01  -4.3814284e+01   2.3088878e+00   5.8168481e+01  -9.6320690e+01  -1.3734602e+01   3.3197207e+01  -7.6144751e+01  -4.2465913e+01   9.2539059e+00  -5.1202842e+01  -8.7193246e+01  -9.0129097e+01   9.2879098e+01   6.2914558e+01  -6.0350884e+01   1.6980672e+01  -9.1262643e+01   1.8283711e+01  -6.8472097e+01   9.7464262e+01   5.5620428e+01   7.2569670e+01
  -9.6664355e+01  -1.9854703e+01   7.7152682e+01  -4.3470711e+01  -7.9756627e+01   7.1161345e+01  -3.8639265e+00   7.7766428e+01  -7.4679924e+01  -4.4061596e+01   8.5077505e+01  -2.5834023e+01   2.1636450e+01   8.4469431e+01  -2.7270341e+01  -1.8860978e+01  -8.8840187e+01   1.6394180e+01  -3.7494801e+01  -2.1937373e+01  -4.3768414e+00  -3.9903184e+01  -7.0386404e+01  -6.2261196e+01   8.9027779e+01   6.2688487e+01   4.6507929e+01  -3.4553663e+01   1.8872529e+01  -5.0269527e+01
  -9.0726375e+01  -4.1958193e+01   1.5584678e+00  -6.5189045e+01   8.4973217e+01  -9.9674352e+01  -4.8779802e+01  -7.1202232e+01  -4.8401008e+01   9.1612130e+01  -7.6433034e+01   5.4173247e+01   2.2592462e+01  -2.6570906e+01  -9.9334128e+01   7.0823542e+01  -7.5738080e+01   2.7605366e+01   3.2999148e+00   5.0311756e+01  -8.9028388e+01   7.1710097e+01  -6.8030644e+01  -6.9323603e+01  -3.7452843e+01   2.8904027e+01   2.1921658e+01   5.8545421e+01   1.3027769e+01   4.5851152e+01
   3.1960184e+01  -1.7604591e+01  -9.0605236e+01   9.6596205e+01  -9.1279958e+01   4.6727880e+01   6.0757089e+00   1.8152643e+01   3.3235140e+01   1.6613214e+01  -8.3250834e+00   6.0602816e+01  -9.4169166e+01  -4.7705485e+01  -7.3104532e+00   3.4413223e+01  -7.8218691e+01   3.4139378e+01   7.9776391e+01  -1.1822725e+01   6.6073748e+00  -2.1018536e+00   9.4861274e+01  -6.0390671e+01  -1.3789355e+01   9.4883199e+01  -5.4547819e+00   4.9011283e+01   1.9908632e+01   9.2071169e+01
  -4.6258547e+01  -4.3478567e+01   4.5673334e+01   6.0924297e+01   8.4065935e+01  -2.6375522e+01   1.8631176e+00  -3.1052997e+00  -5.9068864e+00   2.2287602e+01  -2.8043529e+00  -1.4199867e+01   7.8028112e+01  -6.0261066e+01   5.6953589e+01   2.4798776e+01   1.8460227e+01   3.3607969e+01  -8.2201802e+01   8.3750023e+01  -6.0020499e+01   5.1480341e+01   2.1315016e+01  -8.5756968e+01   2.0795800e+01   5.3586445e+01  -9.5043673e+01  -5.9999946e+01  -2.8827077e+01   1.0625814e+01
  -3.7383838e+01   1.4900241e+01   9.8109146e+01  -8.9859682e+01  -3.6666648e+01   1.1671262e+01   7.7278757e+01  -5.8126341e+01   7.0885796e+01  -8.1314613e+00  -8.8367824e+01  -7.6872168e+01   1.7173322e+01  -6.7866755e+01  -6.9570724e+01   5.8589224e+01   2.1714708e+01   6.9848677e+01  -3.2273954e+01   1.9423110e+01  -1.4197881e+01   6.4883377e+01  -3.3516263e+01  -8.8733289e+01   4.7277702e+01   2.8565022e+01  -4.0949342e+01  -1.3067026e+01   6.7734452e+01   3.9208914e+01
  -6.3908483e+01  -7.1575554e+01   1.1023961e+01   5.5488364e+01  -7.4906081e+01  -4.9548297e+00  -5.1162385e+01   5.1130093e+01  -6.7527244e+01   5.0642967e+01   7.8328096e+01  -3.0561113e+01  -6.7561812e+01  -2.1336863e+01  -6.9173719e+01   5.2040772e+01   3.9701104e+01  -9.2262384e+01  -4.5034564e+01  -3.7628742e+01  -5.0616118e+01   5.7367875e+01   6.8110665e+00  -6.7223461e+01   3.5941082e+01   5.2796507e+01   5.4756087e+01  -3.7453976e+01   1.3106060e+01  -4.0475306e+01
   2.3930398e+01  -6.6320717e+01   8.3475140e+01   1.4138922e+01  -9.2040700e+01   2.0824747e+01  -8.4731419e+01   5.1624322e+01  -7.8661575e+01  -5.2352701e+01  -7.7809752e+01  -8.3014557e+01   2.4141351e+01  -3.8292353e+01   1.8265216e+01  -1.6826965e+01   8.0306361e+01   1.7231798e-01  -8.3910203e+01   3.0357107e+01   3.2694951e+01  -1.7364442e+01   7.9500010e+01   3.6999159e+01  -4.1372919e+01   1.0059987e+01  -1.7349381e+01   8.6855529e+01   9.6275008e+01  -6.6243962e+01
  -4.1988371e+01   7.3291587e+01   3.8391878e+01  -1.9408439e+01   4.3616522e+01   6.4602393e+01  -6.1734139e+01   1.8679098e+01  -6.1685670e+01  -8.9409032e+01  -6.3612451e+01   6.4532553e+00   4.0046479e+01  -9.4603453e+00  -5.4651553e+01  -5.1404539e+01   5.0391838e+01   1.0778659e+01   4.5457959e+01  -7.3434410e+01   5.2379250e+00   7.4164899e+01  -2.7959912e+01  -6.4929404e+01   1.0956565e+00   5.3865847e+01  -9.5856482e+01   8.8435510e+01   2.0006388e+01   5.2823460e+01
  -3.6087448e+01   6.0471878e+01  -8.4550862e+01  -3.5515711e+01   2.8361027e+01  -9.8158240e+01   1.3849232e+01   1.9762509e+01   7.5571361e+00  -7.6571022e+01  -3.6207110e+01  -1.9123887e-02  -6.9457474e+01   3.5645720e+01  -4.7935295e+01   1.9476459e+01   3.9985581e+01  -3.1586608e+01  -3.6844345e+01  -3.4416708e+01  -1.8643074e+01  -6.1549414e+01   5.6427430e+01  -1.9173437e+00  -1.6027470e+01  -6.8845567e+01   7.2027161e+01  -8.3617462e+01  -9.3981347e+01  -2.0514939e+01
   2.2775367e+00   3.2898020e+01  -3.0939643e+01  -1.8616614e+01  -9.3974475e+01   3.9073908e+00  -5.7894085e+01   2.2564766e+01  -3.0998678e+01   7.9951080e+01  -7.2247010e+01   1.1865913e+00  -4.0294293e+01  -9.2804247e+01   5.0688753e+01   9.0871340e+01   7.6006965e+01   8.0242045e+01  -9.5989614e+01  -6.7037658e+01   5.0669160e+01   3.9632539e+01   3.8970597e+01  -9.6927283e+01  -6.0790995e+01  -9.5277870e+01   6.4746042e+01  -7.9597658e+01  -5.2012792e+01  -2.1212506e+01
   4.0492190e+01  -8.0373963e+01   3.6527669e+01  -9.1544842e+00  -7.2508877e+01   9.7785668e+01  -3.4935991e+01   7.4350957e+01   5.3812096e+01   2.8161770e+01  -5.9001437e+01  -2.9273588e+01   5.7361623e+01  -1.5994775e+01  -4.9270689e+01  -1.5930634e+01  -8.9194321e+01   2.0669586e+01   2.2952847e+01   6.0513193e+01   6.4699902e+01   2.0283883e+01  -7.8023522e+01   8.0421786e+01   9.7983274e+01  -6.4097030e+01  -9.9449892e+01   9.3721873e+01   1.2132850e+00   5.1888255e+01
  -2.1221431e+01   2.8231175e+01  -9.5557995e+01  -5.3887310e+01  -6.2390424e+01  -5.2069965e+01   1.8195018e+01  -9.4702981e+01   7.2515263e+01   4.8184657e+01   1.3797044e+01  -4.1123095e+01  -9.4386395e+01   4.7858126e+01  -2.4891008e+01  -4.5014368e+01  -4.3589490e+01   6.1589263e+01  -4.7969051e+01   5.7508770e+01   6.4811503e+01  -6.8006511e+01  -1.7716193e+01  -4.3002343e+01  -4.3727359e+01   7.8723680e+00   3.8483366e+01  -8.7571574e+01   5.7904901e+01   1.8964080e+01
  -7.3659923e+01   1.5190009e+01  -3.3892524e+01  -3.5482712e+01  -1.7266619e+01   7.4879955e+01   6.0652353e+01  -8.6786521e+01  -6.1213836e+01  -9.8644524e+01  -9.9258228e+01  -3.2009654e+01   7.7462614e+01  -1.7643949e+01   3.6467009e+00   9.3824312e+00   5.1590921e+01  -7.3651996e+01  -4.4531667e+01   1.7802962e+01   5.5853637e+01   5.4772362e+01  -4.3976250e+01   5.7509614e+00   1.2857349e+01   8.7695536e+01  -7.2561064e+01   6.4597192e+01   8.9935217e+01   1.3324175e+01
  -8.8107412e+01  -6.1844129e+01   3.4329197e+00  -9.3061479e+01  -5.8831603e+01   9.6856658e+01   7.9060311e+01   3.9290122e+01   1.2567317e+01  -7.6751887e+01   1.8828144e+01  -7.5135526e+01  -8.5852590e+01   7.5450910e+01   9.9357621e+01   3.1276780e+01   3.2668248e+01   8.4073470e+01  -8.4434032e+01  -3.2528066e+01  -1.8298704e+01  -1.4331928e+01   9.4338081e+01   5.8611720e+01  -1.7391503e+01   9.9286985e+01   6.8147014e+00   9.8246101e+01  -3.6953117e+01  -9.8515114e+01
  -9.4353892e+01  -7.3347106e+01   1.8778361e+01   6.6673280e+00  -6.3431834e+01   1.7721597e+00  -6.5124441e+01  -5.3386883e-01   2.6370223e+01   8.9362073e+01   9.8976796e+01  -3.9412192e+01  -1.1424114e+01   9.9266703e+01   1.5245199e+01   2.3732141e+01   5.9787064e+01   1.0411522e+01   2.2786116e+01  -1.5603643e+01   8.3345415e+01  -3.6557750e+01   6.4811992e+01   7.9017561e+01   3.2689343e+01  -4.7008969e+01   8.7662891e+01   9.0799115e+01   5.9307850e+01   1.8298395e+01
   3.0941442e+01  -6.1092088e+00   3.6485093e+01  -6.6447192e+01  -1.6215735e+01   5.6371529e+01  -7.8237288e+01   2.4519187e+01  -4.9878532e+01  -4.5733292e+01  -9.4458064e+01  -7.0059273e+01  -5.7737488e+01  -1.2540522e+01  -2.8472088e+01  -2.2981564e+01   9.0118957e+01  -7.2852750e+01   8.6178102e+00   1.1986293e+01   5.2189060e+01   3.6491077e+01   9.1213041e+01  -8.2602802e+00   3.5688363e+01   3.9694649e+01  -2.3151339e+01   3.7419782e+01   1.5256936e+01  -5.2546266e+01
   8.1532260e+01  -3.5414326e+00   9.1446986e+01   6.6589316e+01  -9.2586661e+01   8.7167728e+00  -5.8168948e+01   6.3439883e+01  -4.4683682e+00  -4.2541382e+01  -6.5597354e+01   6.6307435e+01  -8.2059899e+01  -2.7452990e+01   2.0373013e+01   1.0527254e+01  -5.8949792e+01  -6.2855141e+01   4.6476315e+01  -7.6865207e+01   9.7429346e+01   2.1520264e+01  -4.2394515e+00  -4.4092165e+01   4.2801586e+01   8.3922468e+01  -5.7842411e+00  -2.2756617e+01   3.8434916e+01  -3.7406769e+01
   9.3715259e+01  -8.7211194e+01   6.2034267e+00   4.2394347e+00  -4.0106769e+01  -8.6041248e+01  -2.1064825e+01   6.2730152e+01   2.9506063e+01  -6.2036977e+01  -3.7308928e+01   9.6264570e+01  -9.8674879e+01   2.8134282e+01   9.2952003e+01  -9.9168526e+01  -1.1924774e+01  -5.1889507e+01   3.2136358e+01  -7.0568480e+01  -1.7801606e+01   5.2474054e+01   1.9088396e+01  -1.4832575e+01   2.2151408e+01  -5.3783985e+01  -3.0892620e+01  -6.7473246e+01  -3.0072050e+00  -5.7890772e+01
  -9.6278494e+01   6.7234952e+01  -6.6681172e+01  -4.5151589e+01   9.9032934e+01   5.1168833e+01   1.8439268e+01   1.7275672e+01   3.5964205e+01  -7.6572238e+01  -3.0170496e+01  -2.9492519e+01  -9.5773144e+01  -2.0519133e+01  -9.5100973e+01   7.8799782e+01   6.5324470e+01  -5.3233614e+01   6.7315644e+01  -1.1132279e+01  -5.1720543e+00  -4.0499117e+01  -6.5271415e+01  -7.5430157e+01   7.7682598e+01  -7.7509522e+01   3.9738753e+01   3.0058924e+01   1.7940461e+01   8.9934474e+01
   5.6687529e+01  -4.9656096e+01   5.6469815e+01   7.0580742e+01  -2.9476011e+01   8.5675505e+01   7.2046235e+01   3.7880659e+01  -6.1652794e+00   7.2950974e+01   8.8442300e+01   6.7235828e+01   8.1909022e+01   1.2804975e+01   7.4805926e+01   1.1404366e+01   9.0506386e+01  -5.2080505e+01  -3.5789568e+01  -1.9149407e+01  -6.9597326e+01   6.8135042e+01  -4.8258431e+01  -5.2688397e+01   6.9390219e+01   2.2181181e+00   4.1044172e+01  -2.6148693e+01  -4.8223693e+01  -4.4769327e+01
  -3.5173900e+01  -6.3446722e+01   5.8794319e+01  -5.9187906e+01   6.3440041e+00   1.4012421e+01  -8.2440285e+01  -5.0605296e+01   1.1640696e+01   3.8059271e+01   5.8698265e+01   6.8767262e+01  -3.8637914e+00  -2.2746799e+01   4.2031355e+01   6.7832015e+01  -3.0057142e-01   3.0218439e+01  -6.2868498e+01   6.0224958e+01  -1.6780875e+01   4.2749215e+00   6.9353345e+01  -5.7873814e+01  -9.7100205e+01   2.5915272e+01  -6.6727889e+01  -3.0342498e+01  -5.5650439e+01   3.6047392e+01
  -7.5515452e+01   1.3933100e+01   5.0900265e+01   5.8165272e+01   9.9116148e+01   2.9304078e+01  -5.6473932e+01  -7.6164835e+01  -1.2701928e+01   1.9802792e+01   3.6404256e+01  -4.5188547e+01  -1.1955660e+01   3.2505379e+01   8.9266838e+01   3.5683372e+01   2.3270020e+01  -6.2179199e+01  -3.7388094e+01  -5.3879651e+01  -8.4926798e+01   9.9212478e+01  -7.6301065e+01  -1.4379907e+01  -8.9967657e+01  -2.0179977e+01  -8.8563060e+01  -2.7983403e+01   1.0568251e+01   6.7076093e+01
   4.3543337e+01   9.2917796e+01  -1.2546301e+01   4.2798066e+01   5.3181662e+01   1.7243363e+01  -3.5311574e+01   7.7426250e+01   4.8289828e+01  -7.2719912e+01  -1.5828426e+01   7.4025809e+01  -8.1816912e+01   3.3509175e+01  -4.1288665e+01  -5.1903473e+01   9.0041662e+01   7.9400762e+01  -9.0287672e+00  -2.4125410e+01  -2.8791211e+01  -7.6604533e+01   6.7714224e+01   1.2625011e+01   6.4131456e+01   2.2440412e+01   5.5705045e+01   2.4902858e+01  -6.5790596e+01  -8.3752346e+00
   7.6703836e+01  -4.1395755e+01  -3.7119072e+01   6.2874857e+01  -5.0415049e+00   8.5002203e+01  -1.4186423e+01   1.0650065e+01  -5.6480207e+01  -4.7030439e+01  -4.0578307e+01  -8.4487240e+01   1.6080435e+00   5.2350984e+01  -1.1325756e+01  -4.7292043e+01   8.8554699e+01   4.6192772e+01  -1.2195168e+01   1.0687574e+01   2.5051526e+01   6.2360631e+01   6.8593906e+01  -3.6503393e+01  -1.6068863e+01   6.3756247e+01   9.0742820e+01  -3.5621635e+01  -2.8240866e+01  -1.7770778e+00
   8.3474509e+01  -4.0327298e+01   2.4217141e+01  -1.7504431e+01  -9.2095156e+01  -9.2529000e+01   8.7227674e+01  -7.2883436e+01   9.3418525e+01   7.8360873e+01   1.0733909e+01   4.6329830e+01  -7.3381747e+01   6.3908019e+01  -5.9718200e+01   9.9473937e+01  -1.9394794e+01  -4.6889698e+01   2.6029423e+01   2.7563119e+01   1.0891996e+01  -1.1250872e+01   3.7287364e+01   3.8297864e+01   2.7984726e+01  -4.4665876e+00   6.7910309e+01  -3.4356141e+01   2.1724181e+00   7.6232650e+01
   2.8095107e+01   9.0814496e+01   9.9708347e+01   4.1807138e-01   6.7782614e+01  -8.6219788e+01  -5.2462426e+01   1.4823056e+01   4.9025302e+01  -8.2553748e+01  -5.2830420e+01  -2.8072391e+01   2.7266948e+00  -5.9894786e+01  -5.4175566e+01   5.6346999e+01  -7.4715681e+01  -1.6779915e+00   6.3054903e+01   6.2474029e+01   7.4175132e+01  -7.1145163e+01   9.9682364e+01   2.8905822e+01  -1.4570586e+01  -2.8197005e+01   9.2745296e+01   2.3776492e+01   3.9007108e+01   1.9851282e+01
  -3.6947205e+01  -9.7227738e+01   7.1594999e+01  -9.4156384e+01  -5.4869921e+01   7.5087395e+00  -4.5509874e+01  -7.6732208e+01  -1.1382055e+01  -4.9605453e+01  -3.9210999e+01   5.2702143e+01   7.4302069e+01   7.7233707e+01  -1.8364149e+01  -5.3062601e+01  -3.2212651e+01   8.0902777e+01  -9.4341905e+01  -7.3380520e+01   8.8054400e+01   6.4674530e+00  -9.9679928e+01   3.3436213e+01   9.4605466e+01  -6.5590829e+00  -3.9667814e+01   4.9163785e+01  -1.8383036e+01   4.9070948e+01
  -9.9554553e+01  -9.3748763e+01  -7.1210955e+01   9.5538122e+01   4.7366115e+00   6.3596144e+01   3.8435720e+01   4.1732291e+01   3.4881417e+01  -7.6352095e+01  -4.5913235e+01   5.6932861e+01   8.9344086e+01   6.5222666e+01  -2.7130809e+01   2.0192850e+01   3.2524058e+01   4.7161418e+01   9.5446763e+01   4.4888921e+01   8.0484139e+01  -1.5085976e+01  -5.3583500e+01  -6.6391191e+01  -9.1917337e+01  -2.2445436e+01  -3.8659943e+01   3.1312742e+01   4.8607817e+01   6.8104228e+01
  -9.7026811e+01  -8.0108974e+01  -3.9829037e+01   6.2776058e+00  -5.3125165e+01  -1.5818369e+01   5.8019359e+01   5.8783145e+00   3.1094302e+01   8.6248720e+01   4.9458516e+01  -3.4962085e+01  -9.0047478e+00  -1.4316484e+01   1.6159923e+01  -6.3156034e+01  -6.6769391e+01  -1.3991189e+01   2.2541093e+01   8.8820593e+01   1.0011644e+01   2.8857131e+01   4.5147546e+01   6.3381117e+01   3.2591337e+01   2.9106422e+01   3.1054090e-01  -8.6931231e+01  -6.2924639e+01  -7.0353449e+01
   3.4870611e+01  -3.0780331e+01  -5.5044993e+01   9.6336407e+01   8.7231436e+01  -6.5462015e+01  -8.4382902e+01   5.9139741e+01   3.8579927e+01   3.6843120e+01   9.8674141e+01   6.3944356e+01   7.8761689e+01  -7.4273100e+01   4.3378436e+01  -8.6082117e+01  -7.8170890e+01   7.3215985e+01  -4.5947462e+01  -6.0255869e+01   8.2418354e+01   5.5265839e+01   5.5842504e+01   9.6961986e+01   3.9603873e+01  -8.4515552e+01  -2.9203354e+01  -6.0253549e+01   9.5515795e+01   5.2359071e+00
   4.4982191e+01  -1.2143393e+01   8.4935931e+01   6.0907729e+00  -7.5054543e+01  -9.8032342e+01   2.9132632e+00  -2.4300175e+01   4.0851028e+00  -3.1499169e+01  -2.1824804e+00   1.9532824e+00   9.3280056e+00  -3.1052696e+01   4.1731037e+01  -4.8702481e+01   5.5623910e+01  -4.3141228e+01  -9.3916342e+01  -1.1371108e+01  -5.6409664e+01   2.7704825e+00  -2.2945065e+01  -2.4911967e+00  -1.1838025e+01   2.4763754e+01  -2.5484746e+01   9.6881429e+01  -8.6394935e+00   3.7042851e+01
  -5.9007500e+01  -3.8248560e+01  -5.9169471e+01   6.7295871e+01  -9.7255235e+01   6.3513372e+01   8.1806187e+01  -5.0161964e+01  -3.3343969e+01  -1.4239157e+00  -9.6570379e+01   8.4098840e+00   6.4250024e+01  -2.4653079e+01   1.8226880e+01   8.4353221e+01   2.8956268e+01  -4.6148066e+01  -5.1329132e+01   2.6407324e+01   9.8996178e+01   7.2729678e+01  -3.3987645e+01   1.8730302e+00   9.1464013e+01  -7.9103482e+01  -5.9123984e+01   7.1608358e+01  -4.5205387e+01  -6.3204078e+01
  -4.5831834e+01   5.8804152e+01  -1.4648036e+01  -9.0925160e+01  -7.8918757e+01  -4.5096262e+01   1.9872216e+01  -7.5576900e+01  -5.6372482e+01   9.3434033e+01   8.8510698e+00  -1.9124341e+01  -1.6942977e+01  -2.0029769e+01   2.9872849e+01   9.9614234e+01  -5.0603018e+01  -2.8394206e+01   1.4682910e+01   6.8164570e+01  -2.2892705e+01  -9.9726196e+01   1.9399947e+00  -6.3886514e+01   8.7019270e+01   8.6851990e+01   3.9095961e+01   5.2471079e+01  -1.8927990e+01  -9.7346925e+01
   2.6131521e+01   9.5973810e+00  -7.3574325e+01  -3.4422688e+00   1.4130190e+01   1.8851226e+01   7.2949746e+01  -7.8663585e+01   5.1581820e+01  -6.6208607e+01  -7.9493762e+01  -9.7271224e+01   6.2315317e+01  -4.2509614e+01   7.4951095e+01   6.7336910e+01   7.0596182e+01  -4.2421630e+01   8.2483620e+00  -3.0858730e+01  -1.3940992e+01  -4.8760455e+01  -6.1506074e+01  -6.2420541e+01  -9.5562163e+01  -8.8484488e+01   1.4413026e+01  -6.5580298e+01  -4.8168748e+00  -4.7013218e+01
   9.7099433e+01   6.0641284e+01  -4.8269047e+01  -2.3132200e+01  -9.8384581e+01   9.5594398e+01   4.3766538e+01   1.1289692e+01   2.7098222e+01   2.1361264e+00   6.5998796e+00   8.7398191e+01   4.8291360e+01   4.9636202e+01   3.7555447e+01  -4.9868078e+01   9.0841758e+01  -4.6446433e+01  -4.6603754e+01   5.1000473e+01   5.6190958e+01   2.2109927e+00   6.2093068e+00   7.1738306e+00  -4.5608804e+01  -3.7953130e+01   6.7414559e+01   5.2659711e+01   7.7415579e+01   6.6650720e+00
  -7.6218440e+01   6.6841867e+01   7.7362795e+01   3.4068699e+01   4.8634423e+01   3.1860337e+01   3.2116639e+01  -1.3270326e+01  -9.2898060e+01  -5.4060976e+00  -5.0502030e+01  -9.1043914e+01   6.6529068e+01  -5.3427329e+01   3.1013512e+01  -6.6404770e+01  -6.6312153e+01  -2.5239928e+01  -4.3145109e+01  -4.4558711e+01  -1.9555220e+01   4.0976361e+01   2.7048054e+01  -9.3357457e+00   2.8208005e+00  -6.8468937e+01   7.8676203e+01  -6.2244130e+01  -3.9354543e+01   5.2664904e+01
   4.5123883e+01  -7.5240368e+00  -2.8849546e+01   4.2832086e+01  -7.8012995e+00  -2.3661345e+01  -4.2349579e+01  -9.8668419e+01   3.4830329e+01   3.6508989e+01  -6.9721763e+01  -8.8144957e+01  -3.2575623e+01  -3.6581841e+01   7.7372745e+01   6.4586452e+01  -9.5916351e+01  -7.0912034e+01  -2.4808698e+01  -5.5239760e+01  -9.5924924e+01   7.1096484e+01   3.2328205e+00  -4.6727780e+01  -6.3565029e+01   3.6162240e+01  -1.8036217e+01  -9.6702858e+01   3.1979933e+01   3.0529302e+00
   8.0081620e+00   1.3000001e+01   8.0826329e+01   8.3159484e+00   9.4217445e+01   2.5161753e+01   6.9084100e+01   8.9033306e+01  -1.4932016e+01   8.1944412e+01  -3.1756711e+01   9.8979944e+01   8.6393814e+01   1.8252135e+01  -1.3211173e+01  -6.0805450e+01   3.5343964e+01   7.8440390e+01   8.4151876e+01   5.2100854e+01   1.0553719e+01  -4.6396020e+01  -3.1436262e+01   6.8331011e+01   3.0109834e+01  -8.4135338e+01   8.8266787e+01   8.5469392e+01  -8.0159193e+01  -4.4321922e+01
   9.8398459e+01   9.6256888e+01   4.5152466e+01   9.2838894e+01   6.4311105e+00  -3.4223372e+00  -6.1072855e+01   2.9210218e+01   7.0521738e+01   8.7998690e+01  -1.1672381e+01   5.3156928e+01   7.5370323e+01  -7.7973914e+01   1.0692587e+01  -5.3988030e+01   4.3444234e+01   5.3512638e+01   6.0868094e+01  -4.4826449e+01   1.8182188e+01   2.3177609e+01  -3.5460658e+01  -1.0440759e+01  -9.0520409e+01   2.9748337e+01   1.8927038e+01  -2.1624901e+01   7.2662549e+01   7.6117851e+01
   7.4812357e+01   4.5682030e+01   3.0610502e+00   4.9987726e+01   8.5040033e+01   9.1137225e+01  -3.7294257e+01   1.9479834e+01   3.6748657e+01   9.7721295e+01   8.3873897e+01   7.1554484e+01   2.4770272e+01  -9.6720624e+01   1.5015123e+01   5.3658984e+01  -7.3372840e+01   2.0614294e+01   2.3824468e+01  -5.9246807e+01  -1.4799124e+01   4.8539612e+01   1.4286771e+01  -5.2518460e+01  -2.4762851e+01  -7.4769827e+01  -4.4645727e+00   4.6860745e+01  -1.8488254e+01  -5.1535762e+01
   5.2441347e+01   5.4832167e+01   4.6943563e+01  -5.2368094e+01  -3.1173386e+01   8.9713482e+01   7.1291006e+01  -3.1440427e+01  -2.8786119e+01  -8.3514295e+01  -5.4482591e-01  -7.4192381e+01  -5.9728142e+01  -4.6868380e+01   1.6544303e+01   4.3715279e+01  -6.5266959e+01  -5.5857470e+01  -4.3240015e+01  -1.3926950e+01  -6.5210692e+01   7.1067120e+01  -6.5229017e+01   5.5006563e+01  -3.0087903e-01   3.8687178e+01   3.4744910e+01   6.2370287e+01   9.2921637e+01   2.3853556e+01
  -7.0122568e+01  -7.4510108e+01   1.3416068e+01   1.3118450e+01   5.4067323e+00  -4.8574108e+01  -7.0955322e+01   6.2751854e+01   9.0303447e+01   5.4210686e+01  -2.9789000e+01   8.1115930e+01   8.5958496e+01  -9.5402842e+01  -4.6556228e+01  -3.8555908e+01  -1.1427664e+01  -2.0339857e+00   6.2939765e+01  -9.1150273e+00   5.5243746e+01  -4.8699836e+01  -1.7642250e+01   7.8110415e+01   7.9423628e+01  -2.1274742e+01   6.9729340e+01  -5.3814616e+01  -5.2285413e+01   2.5728846e+01
   6.0892690e+01  -4.9678662e+01  -6.7215401e+01  -5.7918105e+01   7.4570617e+00  -7.3838316e+01  -5.3775772e+01  -9.3398452e+01  -3.1121952e+01   9.8281590e+01  -5.4938585e+01  -8.6524319e+01  -1.9587034e+01   5.2787589e+01   3.8124632e+01   3.8140433e+01   4.4689339e+01   3.1205017e+01   7.3912162e+01   1.4008503e+01   9.7219289e-01   9.6456473e+01   2.0478022e+01  -8.7281116e+01  -3.4033099e+00   8.0176475e+01  -1.6610721e+01   4.0858919e+01  -5.7266996e+01  -4.8632023e+01
   3.4359271e+00   6.8644144e+01  -3.8774781e+01   2.9461495e+01   2.8173632e+01   8.0614682e+01   6.8174305e+01   4.1809285e+01  -7.3573863e+00  -1.0697704e+01  -2.3157144e+01  -2.9943147e+01  -9.2903484e+01  -6.4643971e+01   3.5230042e+01   6.4790207e+01  -5.4745666e+01  -6.6780705e+01   9.9495080e+01   5.6391100e+01  -5.8710548e+01  -6.8652071e+01   9.7428204e+00  -8.4411237e+01  -5.0903633e+01   4.5226208e+01  -9.2026447e-01  -8.5612641e+01  -2.2804743e+01   1.9300291e+01
  -7.3589375e+01   5.0734775e+01  -4.2038320e+01   3.4648302e+00  -9.0771487e+01   1.0893587e+01   3.9980486e+01   6.7447442e+01   2.4580522e+01  -9.2132381e+01  -5.7501564e+01  -9.0351167e+01  -4.1608492e+01   7.1384140e+01  -4.1643712e+01   8.2969986e+01  -9.0031500e+00   3.4428889e+00  -4.3658359e+01  -8.4161901e+01   4.4111350e+01   7.0682905e+01  -2.6630651e+01   1.0447131e+01  -2.6453173e+01  -9.4532126e+00  -1.3699088e+01  -2.4064783e+00  -1.0095362e+01  -1.0053040e+01
   1.2053067e+01  -8.8152844e+01  -8.9704812e+01  -6.1008494e+01   6.8044002e+01   2.5220759e+01  -2.9793159e+01  -5.0905274e+01  -2.4498428e+01   7.4575085e+01   5.4809144e+01  -9.1014441e+01  -1.9634323e+00   5.6038724e+01  -2.2110317e+01   3.2342665e+01   8.3526947e+01   6.8454570e+01  -1.7434130e+01   4.5809334e+01   2.7820501e+01   4.2217987e+00  -7.6217633e+01   9.0402553e+01   6.1366115e+01  -2.4447086e+01  -8.7328228e+01   1.9952703e+00   1.6668270e+01   3.6669048e+01
  -3.7106193e+01  -7.1860337e+01  -8.3770622e+01  -5.5206775e+01   8.6635260e+01  -5.0384564e+01   8.0612662e+01   3.4961430e+01  -9.1219605e+01  -3.0185151e+01   4.0386521e+01  -2.1414342e+01   1.7702840e+01   3.1697782e+01  -1.9646631e+01   1.8986015e+01  -9.2621144e+01  -6.6932695e+00  -2.5868976e+00   2.9898447e+01  -7.3632986e+00   6.2226625e+01  -2.9610265e+01  -2.1100976e+00   9.6993042e+01   4.2662597e+01   7.2767086e+01  -3.8657001e+01   5.2702268e+01  -3.6585665e+01
  -7.6319376e+01   2.8501429e+01  -6.0829403e+01   8.9643321e+01   9.3585247e+01  -1.5177943e+01  -2.3604057e+01  -7.2576016e+01  -6.6026021e+01   1.2223553e+01  -3.0691247e+01  -8.8506291e+01  -4.2242280e+01   3.1000325e+00   1.4563369e+01   6.5823820e+01   7.5723676e+00   8.1362470e+01   9.9364289e+01   1.1810538e+01   3.8731590e+01   7.0185248e+01  -6.0690107e+00  -7.9761099e-01   9.0423134e+01   1.6640635e+01  -3.0110410e+01  -3.9046465e+01  -9.5624038e+01   2.8845199e+01
   4.8243676e+01  -7.7570606e+01   8.0756604e+01   5.0548618e+00  -6.4921862e+01  -4.6290644e+01  -8.8600658e+01   7.0891343e+01  -7.6709139e+00  -7.7384698e+01  -5.1514877e+01   1.6999200e+01  -4.3952534e+01  -4.4378322e+01   9.0368051e+00   8.0845146e+01  -3.4806283e+01  -2.6718813e+01  -8.8525365e+01  -7.4866213e+01   3.2704824e+00  -6.4893318e+01  -3.7158771e+01  -2.8198038e+01  -9.5512272e+01  -5.0428352e+01  -6.0239003e+01   1.6699696e+01  -1.2094682e+01   2.8101314e+00
  -4.8215321e+01  -9.0003161e+01   4.2066538e+00  -7.1446268e+01   5.1110320e+00  -6.1143788e+01   3.3659511e+01   6.6098878e+01  -2.7435133e+01  -2.5765619e+01  -7.8147825e+01   5.0276651e+01   5.0763815e+01   5.5387479e+01  -6.1585984e+01  -7.8919116e+01   5.8871933e+01  -1.5681371e+01   9.7533940e+01   8.0262080e+01   3.1446558e+01  -2.4920319e+01   3.8677774e+01   5.2268601e+01   6.0873818e+01  -2.8535759e+01   9.0965921e+01   7.1058838e+01   9.9249903e+01   1.5439032e+01
   9.2334321e+01   7.0247345e+01   4.6025256e+01  -1.6238912e+01   9.0104691e+01  -1.2898452e+01  -7.1802796e+01  -7.3444480e+01   6.5851222e+01  -9.0979147e+01   2.7613572e+01   3.2840910e+01   3.6550125e+01  -5.1981274e+01  -1.9932771e+01   4.1784159e+01  -7.2516499e+01  -2.5133745e+01   5.0665873e+01  -4.4836877e+01  -9.2574923e+01  -2.7572557e+01   4.3955317e+01   1.2753428e+01   6.1845540e+01   3.0025054e+01   7.0018693e+01  -7.7375512e+01  -1.8046185e+01   4.7905509e+01
  -2.0569712e+01   3.5965836e+01   3.2346204e+01  -6.2931263e+01  -4.0369381e+01  -6.7253598e+01   8.7977068e+01   1.8734860e+01  -9.6740017e+01   2.9586488e+00  -7.4845819e+01   6.2383319e+01   9.1162573e+01  -1.6710263e+00  -5.3296105e+01  -4.8733891e+01  -8.0007568e+01  -7.4596546e+01  -1.2325975e+01  -9.6196427e+01  -8.1824411e+01   5.2233320e+01  -4.6553707e+01   6.4361299e+01  -4.4192096e+01   5.0399328e+01  -3.1397751e+00  -7.8772474e+01   2.4783927e+01  -1.6336498e+01
  -9.5641876e-01   7.8856072e+01   6.1539082e+01   1.8578246e+01   4.2602484e+01   3.5141404e+01   1.1554487e+01   8.9831944e+01   5.1679563e+01   3.8150951e+01  -1.1398771e+01  -6.4205048e+01   1.3826271e+01  -1.7574733e+01   6.7492342e+01  -1.9301273e+01   7.2788651e+01   6.7820452e+01  -8.0857004e+01  -3.1287243e+00   7.7033000e+01  -7.2272714e+01  -4.4706886e+01   3.6221664e+01   8.4589713e+01   9.8611398e+01  -7.3591663e+01  -7.2417231e+01  -6.0761158e+01  -8.9594870e+01
  -6.7313987e+01  -1.5557969e+00   4.6305464e+01  -3.5300196e+01   7.9677758e+01   8.6618142e+01  -7.1971259e+01   6.4276084e+01   5.6802892e+01  -1.6780782e+01   8.9602664e+00  -4.5904460e+01   8.3709838e+01   5.0079080e+00  -9.5983669e+01  -5.7307404e+01  -4.4220084e+01  -8.4708842e+01  -9.3447967e+01  -7.0638781e+01  -7.7762467e+01   9.2632272e+00   1.9142852e+00  -6.1888021e+01  -1.8743997e+00   1.2966581e+01   3.6986128e+01  -8.6080870e+01   5.7149915e+01  -5.1876979e+01
   3.2388443e+01   5.2153048e+01  -8.5714717e+01  -3.8892250e+01  -1.3462387e+01  -1.2621552e+01  -7.5717566e+01   1.3471744e+01   5.8548497e+01  -3.9840507e+01  -8.2574877e+01  -6.4550699e+01  -4.8023013e+01  -1.4910899e+00   5.9367302e+01  -3.7464012e+01  -8.4762738e+01  -6.7829541e+01  -2.2340472e+00   7.7610433e+01  -1.4937692e+01   1.2930250e+01   6.9002672e+01  -6.9222022e+01  -1.0876722e+01  -1.9280325e+00   5.5007541e+01   9.3878431e+01   6.1280981e+00  -8.4373649e+01
  -7.8812827e+01  -1.8171109e+01  -9.8139951e+01   8.7997175e+01   1.9323303e+01   8.9818124e+00   5.0633035e+01  -1.0236827e+01   3.5351365e+00  -8.6995462e+01  -7.0491309e+01  -8.2845661e+01   1.3841637e+01  -2.4949096e+01   4.6825857e+01  -1.6435355e+01  -7.6494903e+01  -2.3118624e+01  -9.6143942e+01   8.8421288e+01  -4.9952536e+01   2.9061379e+01   2.4611319e+01  -5.4560629e+00  -5.9863798e+01   9.4115371e+01   2.9696575e+01  -3.2731020e+00   1.8879430e+01  -6.3910312e+00
  -5.1219871e+01   6.6798457e+01   8.2577242e+01   6.3340705e+01  -3.6539604e+00   7.5432569e+01  -9.6367274e+01   5.0697205e+01   6.6081602e+01   8.7484985e+01  -1.1573344e+01   9.9586014e+01   3.3440304e+01   8.9364734e+01  -3.6210945e+01   5.6449550e+01   6.9337966e+01  -1.0238147e+01  -1.4393765e+01   1.2498072e+01  -7.1374631e+00  -2.2421568e+01   5.4114768e+01   1.3259025e+01  -1.8708836e+01  -8.8775647e+01   5.5795109e+01   2.2482165e+01   8.6048226e+01   2.2070279e+01
   7.3357970e+01  -9.4734217e+00   4.7195348e+01  -3.7981778e+01   1.5824381e+01  -6.7424073e+01   6.4652441e+01   3.9565680e+01  -2.6176515e-01   2.3228314e+01  -3.0626805e+01   3.9893884e+00   9.2991065e+00   8.1354579e+01  -5.8971408e+01  -7.8118915e+01  -8.0466020e+01   3.9502334e+01  -2.5860353e+01  -6.0301913e+01   1.5397240e+01  -1.7775383e+01  -6.7204596e+01   4.2554119e+01  -3.1096763e+01   2.8678145e+01  -5.7771846e+00  -3.7852861e+01   9.2199840e+01  -5.5284150e+01
  -8.7859216e+01  -4.6861058e+01  -2.2775434e+01  -3.5590291e+01  -2.1342048e+01  -3.9564714e+01   4.3174970e+01  -1.3762146e+01   1.8822422e+01   8.0673690e+01  -7.2198482e+01  -7.7629908e+01   6.2538827e+01  -6.4757718e+01   3.4990214e+00  -8.8166308e+01  -9.2965756e+00   4.3035443e+01  -6.7221633e+01  -6.6787900e+01  -5.1190396e+01  -5.4083891e+01   9.4527642e+01   9.9574472e+00   5.8019987e+01  -3.0006824e+01  -4.2013990e+01   7.2370858e+01   9.8748228e+01  -3.9960273e+01
   1.6774635e+00   1.1030339e+01   4.7900160e+01   5.8321323e+01  -3.2905414e+00   2.7176500e+01   5.8731022e+01  -7.2661950e+01  -5.9930752e+01  -9.7706013e+01   5.2019116e+00   6.4867428e+01   2.4410953e+01  -1.3349382e+01  -8.2475498e+01  -2.5766400e+00  -6.0972873e+01   6.5183844e+01   3.5255332e+00   3.1262674e+01   6.6083209e+01   2.9290636e+01  -1.7871578e+01   3.3735349e+01   4.5097695e+01  -4.1590835e+01   2.8758377e+00   6.0661604e+01  -1.0307359e+00   8.9375881e+01
  -5.2037638e+00  -4.0225948e+01   6.4044979e+01   8.3371855e+01  -5.2749283e+01  -5.9186230e-01   8.5267819e+00   5.2830098e+01   2.5684428e+01   1.5482538e+01  -7.6277716e+01   9.2993516e+01  -9.3907403e+01  -6.8150763e+01  -7.6646213e+01   1.2762579e+01   4.1118528e+01   4.3495001e+00  -6.6856801e+01  -7.0040007e+01   7.3760559e+01  -8.8667761e+01   7.8935699e+01  -9.2994458e+01   9.4997810e+01   3.1936089e+01  -4.0115759e+01  -5.4378157e+00  -1.1630807e+01  -7.4882086e+01
   2.2013866e+01  -9.6820979e+01  -2.6078689e+01  -4.9383435e+01  -8.0896444e+01  -1.5589644e+00   3.9735580e+01   2.5103610e+01   6.2677520e+01  -4.6869588e+01  -5.6238949e+01  -6.1402217e+01   6.9779251e+01  -4.4416197e+01   9.3606824e+01  -8.0565417e+01   9.9187288e+01  -2.3090088e+01   2.8235049e+01   7.6569138e+01   2.3013486e+01   7.6058087e+01   2.6709460e+01   7.1491997e+01   3.7062202e+01  -9.6111376e+01  -4.2088486e+01  -1.9837771e+01   2.4225123e+01   4.7551236e+01
  -3.5482802e+01   2.4727332e+01  -2.7912976e+01  -5.3323536e+01  -9.8151839e+01  -8.7763845e+01  -4.5772903e+01   6.2104419e+01  -5.3228984e+01  -8.7949998e+00  -1.9663663e+01  -1.8995047e+01  -2.9053790e+01   2.3590659e+01   5.5574164e+01  -2.4969323e+01  -5.5609185e+01  -3.6605550e+01  -8.4450081e+00  -5.0999821e+01  -1.3013893e+01   8.0236909e+01  -1.1902588e+01  -8.3065578e+01   4.4570361e+01  -9.5097305e+01   6.8390249e+01  -5.4652749e+01  -3.2772578e+01  -9.2922519e+01
  -4.8039070e+01  -5.8951660e+01  -4.7332239e+01   9.2492677e+01   5.4792597e+01   5.0614567e+01  -4.4071408e+01   4.8144463e+01   3.3629917e+01   2.8856474e+01   4.2619253e+01  -7.2123459e+01   1.9870155e+01  -9.1533628e+01   4.1337465e+01  -5.5197410e+01  -1.9962669e+01   5.7009776e+01   1.2016711e+01  -7.9562179e+01   9.6133573e+01   2.9733214e+01   5.7108128e+01  -7.3829218e+01   9.2448365e+01   2.7559256e+01   4.1067385e+01   9.5243228e+01  -6.9708760e+01  -6.3072143e+01
  -7.2518918e+01  -4.7486897e+01   5.0672913e+01   7.3673504e+00   9.4862448e+01   2.3485796e+01   2.6098195e+01  -8.7202718e+01   4.6804976e+01  -8.6878938e+01  -8.4313433e+01  -6.3618582e+01  -9.6640767e+01  -8.9789474e+01  -6.4067213e+01   6.5876276e+01   4.0498737e+01   5.2342705e+01   8.7129296e+01   6.7882671e+01   3.5868406e+01  -4.7879607e+01  -1.9459679e+01  -9.5809833e+00  -6.9404141e+01   3.8563796e+01   3.3450006e+01   8.7627706e+01  -3.8957717e+01  -4.4563589e+01
  -6.1550916e+01   3.2400845e+01  -7.5408333e+01   5.4313161e+00  -4.7561860e+01   2.9216622e+01  -8.8843843e+01   4.1892590e+01   7.7319396e+01   7.8245716e+01  -3.9989655e+01  -5.2991825e+01  -9.6377999e+00   8.3311099e+01  -7.2037289e+01   5.9434269e+01   2.5624499e+01   3.8853024e+01   8.4910451e+01  -2.9252681e+01  -5.5561103e+00  -9.5471143e+00  -1.9965363e+01  -6.1797343e+01   4.9520693e+01  -1.9545020e-01   2.5771958e+01   2.1579609e+01  -6.2627573e+01   6.9785864e+01
   8.3397183e+01   4.2851173e+01   2.5784680e+01  -2.2464271e+01   8.7422126e+01   5.1030748e+01  -8.1402846e+01  -8.4870297e+01   3.8672427e+01  -3.3410351e+01  -1.9206168e+01   4.5531844e-01   2.2279959e+01  -8.6436707e+01   8.0061136e+01   2.9508758e+01  -2.9747088e+01  -6.6060707e+01   9.9088100e+01   9.9759372e+01   8.6801964e+01   7.0074944e+01   1.5131453e+01   1.6780211e+01  -5.4106130e+01   3.1958848e+01  -8.0471897e+01   9.1969138e+01   7.5831288e+01  -2.8745812e+00
  -7.2160096e+01   9.0582634e+01   4.2306054e+01  -4.5885116e+01   2.3427891e+01   7.4831488e+01   1.2944920e+01   3.7515742e+01  -4.2458993e+01  -8.3055740e+01  -2.5474617e+01   7.4067503e+01  -2.7641475e+01  -4.5834087e+01   6.1804824e+01   1.6805372e+01  -1.5560627e+00  -2.9065571e+01  -3.8368839e+01   3.2129160e+01   3.3039762e+01   6.7115904e+01   3.8843049e+01  -3.9543967e+00  -2.6808911e+01   8.6679668e+01  -1.6226763e+01   7.0032691e+01  -2.0705166e+01   2.5954023e+01
  -9.7728832e+01   9.5706008e+01   3.9332973e+01   1.0123850e+00   6.8202541e+01   6.1661425e+01  -2.8757739e+01  -1.8854057e+01   6.8968449e+00  -6.7970406e+00   5.6316975e+01   6.8287520e+01  -6.1696467e+01  -2.3090899e+01  -1.5079858e+01  -2.7884186e+01  -1.2909151e+01  -5.3842598e+01  -1.8243822e+01   6.9174241e+00  -3.5508399e+01   8.6793391e+01   5.3286614e+01   1.9779143e+00   8.2941049e+01  -5.8564695e+01   9.4965613e+01  -1.3113249e+01   4.5757162e+00  -1.8061875e+01
   8.9887292e+01   7.5480387e+00  -1.3124272e+01   9.0500378e+01   6.7985316e+01   5.2099019e+01  -3.3462417e+01  -4.7163570e+01   3.2655308e+01  -6.0101540e+01  -6.1460313e+01  -6.8345817e+01  -8.0945998e+01   8.0018405e+00  -6.5743032e+01  -4.2433929e+01   2.3883040e+01  -1.5343623e+01  -2.7105001e+01  -4.2359735e+01  -2.1902832e+01   6.5241215e+01  -9.0127548e+01  -2.0177745e+01   1.0954455e+01   6.8407580e+01   8.2464884e+01   8.1151063e+01   5.8473178e+01  -9.6347539e+01
   8.0915451e+01   2.0911596e+01   9.0991582e+00  -5.5541106e+01   1.6777453e+01  -1.2770405e+01  -6.0714460e+00   1.6545325e+01   6.4701481e+01   3.2066968e+01  -6.7997673e+01   2.0295813e+01  -3.9769704e+01  -7.4031208e+01  -4.7034107e+00   4.3485961e+01   7.3903457e+01  -9.6075390e+01   3.0646917e+01   4.4680499e+01  -7.3881893e+01  -9.1046533e+01  -4.1323491e+01  -7.9706414e+01   4.6271505e+01  -1.4429817e+01  -4.9321908e+01  -9.8909447e+01   3.0518674e+01  -2.8922728e+01
   6.3472105e+01   8.0014805e+01   3.9807782e+01   3.2796395e+01   4.0645463e+01   7.7924805e+01  -7.5387754e+01  -1.0511652e+01  -3.8102231e+00   1.7926638e+01   7.2289939e+01  -8.8573249e+01   8.5001757e+01  -2.1757094e+01   8.1081922e+01   6.8622402e+01   9.8747509e+01  -4.8818300e+01  -9.4833768e+01   4.1428354e+01  -2.3492075e+01   3.9329786e+00  -5.5727787e+01   8.2399242e+01   4.4763927e+01   2.8316860e+01  -1.3133037e+00  -5.9848571e+01  -7.7044660e+01   2.0622549e+01
  -2.6532606e+01  -3.6100370e+01   2.5799658e+01   8.0129760e+01   9.9611974e+01  -5.3424792e+00  -8.2351171e-01   4.2256940e+01  -1.7759661e+01  -2.7120989e+01   4.6977092e+00   3.1837539e+01   2.0827644e+01  -4.8588243e+01  -4.5605703e+01   9.7862253e-02   2.5320561e+01  -9.4890258e+01   8.0793103e+01   4.7288270e+01   6.5778779e+01  -8.1522562e+00  -5.9364562e+01  -4.8740319e+01  -1.6338061e+01  -1.1635344e+01   6.7767896e+01  -3.3073186e+01   5.2281921e+01  -6.7859467e+01
   2.2305985e+01   5.9857082e+01  -7.4249832e+01  -9.4507199e+01  -7.4351722e+01  -8.3633497e+01  -7.8076919e+01  -4.1523818e+01  -8.0817960e+01   4.5999825e+01  -5.8791779e+01   2.7699209e+00  -5.0253781e+01   2.8834159e+01  -5.5986890e+01  -2.0547003e+01  -2.9098324e+01  -1.6253919e+01   6.6314087e+01  -2.5868092e+01   2.8050311e+01  -4.4840441e+01   9.9456458e+01   5.7374368e+01   8.8178025e+01  -1.3802673e+01   3.4652228e+01   8.2822881e+00  -2.0630546e+01  -5.1520718e+01
   5.7931398e+01  -7.6301221e+01   9.1531559e+01  -6.8044311e+01  -4.9190049e+01   4.9805445e+00  -8.5963862e+01  -8.3535535e+01  -6.3859706e+01  -3.0418797e+01  -2.6827134e+00  -9.2340416e+01  -6.4758579e+01   9.0022010e+01  -8.3575228e+01   6.1398236e+01  -6.4382215e+01  -8.6876750e+01   6.5517873e+01  -6.8950286e+01  -1.1176839e+00   6.8878919e+00  -7.3426365e+01  -9.2930980e+01   4.2943333e+01  -1.6135862e+01   4.2055212e+01   7.1970976e+01  -9.4306566e+01   5.2779155e+01
  -3.8026385e+01   2.9448567e+01   1.9670503e+01   3.3296487e+01  -9.6230232e+01   4.6845672e+01  -6.1492413e+01   2.9787197e+01   8.6521133e+01   4.5923845e+01  -3.5723074e+01  -4.9320102e+01   6.5997664e-01   2.3098568e+01  -4.3920680e+01   4.0438810e+01   3.3954241e+01   2.6981549e+01   8.4110253e+00   7.7144386e+01   4.4876511e+00   7.0311945e+01  -9.3946336e+01   5.9539763e+01  -7.2879451e+01   7.8306670e-01   2.0279492e+01  -2.1806120e+01  -7.8643165e+01   5.5483370e+01
  -9.9939058e+01   7.2629933e+01   4.6411782e+00   7.9395865e+01  -6.9576927e+01   4.6320128e+01   2.9910980e+01  -9.5905622e+00  -4.2477862e+01  -2.0764200e+01   1.4746835e+01   9.6894643e+01  -5.6835190e+01   5.9790398e+01  -1.8612872e+01  -7.2869779e+01   6.6954299e+01  -9.2871113e+01   8.9585548e+01  -6.2269629e+01   2.1762549e+01  -1.1320546e+01   8.4401604e+01   4.4803573e+00   9.2996472e+00   5.1337721e+01  -1.2454622e+01  -5.8435490e+01  -9.4048566e+01  -5.4085431e+01
   6.8211429e+01   2.8889524e+01  -8.1586504e+01   1.0469157e+01   6.1907707e+01  -5.8774439e+01  -5.4661859e+00  -8.5759294e+01   7.4014128e+00  -9.0828009e+01  -3.0936962e+01   5.8682565e+01   3.6471314e+01  -2.8763664e+00  -8.8364131e+01   1.0549824e+01  -3.7095212e+00  -6.5038075e+01  -8.7626436e+01  -8.2556276e+01  -6.5579509e+01  -3.6319673e+01   7.8276873e+01   1.3936297e+01   4.2804031e+00  -2.9982048e+01   7.0387245e+00  -8.9491579e+01  -1.0089885e+01  -6.6565955e+01
  -9.9829646e+00  -3.7127155e+01  -9.0453226e+01   6.4267398e+01   7.3670206e+01   3.6004311e+01   8.5461298e+01  -8.6352781e+01  -9.5636313e+01  -4.5319452e+01  -7.9034688e+01  -8.2982007e+01  -6.6901525e-01   6.1279315e+00   9.5598144e+01   4.8151284e+01  -2.8379264e+01   6.8703080e+01  -2.4639638e+01  -1.0810759e+01   8.4034632e+01   7.5370675e+01   8.5866107e+01  -6.6347933e+01  -1.5691214e+01  -2.7638135e+01   4.4388873e-01   4.7499032e+01  -9.5379781e+01   4.4426309e+01
  -1.3469253e+01   2.3769179e+00   2.9897898e+01  -7.1303261e+01   2.9158896e+01  -7.3075275e+01  -9.4256203e+01  -4.1717360e+01   2.5373580e+01  -5.3401150e+01  -7.6824978e+01   9.7208277e+01  -4.9452120e+01  -2.3824985e+01  -5.0547748e+01   9.5509326e+01  -6.9985203e+01   9.8551116e+01  -4.5543528e+01   4.6293663e+01  -3.8021168e+01   8.9139925e+01   6.7233103e+01  -9.1034826e+01   8.6734306e+01  -3.7516783e+01   5.0481409e+01   3.6829330e+01  -3.5256148e+01   4.5468000e+00
  -5.0939373e+01   4.4535374e+01  -7.4929411e+01   5.7575581e+01  -9.1634862e+00  -7.5436197e+00   7.6549025e+01  -2.4801749e+01  -9.3236254e+01  -7.0301068e+01   3.1779963e+01   1.1472466e+01  -3.0645064e+01   9.0459067e+01  -4.4732246e+01   3.5481317e+01   7.5609071e+01  -8.0672521e+01   5.5833496e+01   3.3031025e+01  -9.9583616e+01  -5.1261160e+00  -1.9905295e+01   2.2349794e+00   8.3817931e+01  -2.6827960e+01   8.7714893e+01  -7.9597709e+00   1.2823758e+00   4.6517213e+01
   7.2755121e+01  -4.0020684e+00   4.9594751e-01   2.5153675e+01   7.2012706e+01   4.7269110e+01   8.0878210e+01   9.9813872e+01   5.4588032e+01  -9.3680983e+01  -8.0813227e+01  -3.8217632e+01  -1.4636256e+01   3.1570942e+01  -2.2880088e+01   8.6960444e+01  -1.7360189e+00   6.7258889e+01  -2.7541113e+01  -5.0046927e+01   7.7307017e-01  -1.3167253e+01   4.5332864e+00   8.3905378e+01  -8.1715305e+01   7.4492876e+01  -1.4647343e+01   1.4758740e+01   8.5191700e+01  -3.9027035e+01
   4.4095440e+01  -5.3553831e+01  -9.3527733e+01   9.8174425e+01  -5.1196017e+01  -9.0887988e+01  -9.3099219e+01   7.6152753e+01   8.6274625e+01  -2.3855163e+01  -5.5657072e+01   9.6849374e+01   9.7255377e+01   8.3886080e+01  -5.6234751e+01  -1.0650563e+01   6.4110485e+01  -8.0359034e+01   9.8181979e+01  -8.5155878e+01  -9.2803822e+01  -2.8646524e+01  -5.5926629e+01  -2.2001477e+01  -8.9792213e+01  -7.5104853e+01   7.6673411e+01   3.6789280e+01   3.0824906e+01  -9.5579516e+01
  -9.1673118e+01   8.3878029e+01   4.4595287e+01  -1.6826212e+00  -2.3202008e+01  -2.9536610e+01   4.5331025e+01   2.8252914e+01   3.1461478e+01   5.8812652e+01   2.7357181e+01   7.3323039e+01   6.7910541e+01   7.5749292e+01   3.8798219e+01   1.1618811e+01  -1.9921336e+01  -4.7457812e+01  -4.0373814e+00   9.8792460e+01  -1.1447067e+01   5.6266873e+00   1.2790730e+01  -9.0333966e+01   9.7081400e+01  -8.7469707e+01   1.0156387e+01  -1.2250909e+01  -4.6957006e+01  -3.1104151e+01
  -8.5385826e+01  -1.2916652e+01   2.8562723e+01  -7.6252405e+01   6.9140382e+01  -6.8887818e+01  -5.5851118e+01  -6.2911741e+01  -9.8153333e+01   1.5400118e+00   6.7724705e+01   8.2728355e+01   1.7103120e+01   4.5268373e+01   6.6299107e+01   4.0962275e+00  -5.8895925e+01   9.8526584e+01  -3.7264278e+01  -2.4878009e+01   4.1494713e+01   4.2555988e+01  -1.7512969e+01   6.5731295e+01  -8.4264422e+01  -2.2643760e+01  -7.8605043e+01   7.7067793e+01   5.5865783e+01   1.2925846e+01
  -1.3721062e+01   6.9705465e+01   6.2520589e+01   8.4374611e+01  -1.9302729e+01   9.3646165e+01  -9.7700934e+00   1.6632432e+01   9.1361887e+01  -8.6466030e+01  -9.6485535e+01  -6.3775652e+01   2.0585413e+01  -1.1819678e+01  -8.1191451e+01  -8.2200114e+01   8.6534702e-01   7.0915267e+01  -2.8401656e+01  -3.6007843e+00   3.3630724e+01   8.5726099e+01   3.1869398e+01  -8.4751163e+01  -8.6853809e+01  -1.5574732e+01  -2.2377093e+01   3.7452611e+01  -3.5478544e+01   9.7407872e+01
   9.1054501e+01  -8.1400675e+01  -5.8655663e+01   2.7079739e+01   2.6533480e+01   6.1886789e+01  -9.8577756e+01  -1.7570158e-02  -5.1271963e+01   5.8952976e+01   6.6040721e+01   6.2281051e+01   9.1293471e+00  -5.7134393e+01  -5.8736436e-01  -6.9220968e+01  -1.5033229e+01   7.6600630e+01  -9.7701282e+01   8.0562306e+01  -9.3735906e+01   6.6162782e+00  -3.9668689e+01  -2.9350304e+01  -8.1471047e+01   1.5646527e+01   6.5262510e+01  -1.6705987e+01  -4.0078612e+01   2.4002966e+01
  -1.8763980e+01  -9.7793926e+01  -4.8530379e+01   1.4653562e+01  -8.7578458e+01  -5.3717905e+01  -5.0957260e+01   2.3332829e+01   2.6625770e+01   3.0419442e+01  -5.1820553e+01  -8.9225058e+01  -7.6336849e+01   9.2486031e+01   2.6429559e+01   9.5778238e+01  -7.1247889e+01  -5.0595653e+01  -1.4840378e+01  -2.1075146e+01  -4.4679410e+00  -3.1399050e+00  -5.8785274e+01  -1.1739468e+00   1.2994994e+01  -7.0323890e+01  -5.1217816e+01   9.7582145e+01  -5.3679769e+01   9.1519740e+01
  -2.2387264e+01  -4.2838307e+01  -5.9789897e+01  -1.9852824e+00  -6.4546562e+00   1.4585340e+01  -6.7156072e+01  -7.6141845e+01  -5.0198397e+01  -3.1836343e+01   1.5492591e+01   1.3079702e+01   7.5859163e+01  -5.5497476e+01   5.3737555e+01  -9.6131206e+01   4.2275932e+01  -5.5691304e+01   8.7015880e+01   5.0112959e+01   8.6217820e+01   2.9219189e+01  -4.8489595e+01   3.6260204e+01   2.6931465e+01   6.5908634e+01  -3.6558711e+01   6.6717981e+01   5.7148369e+01  -8.8012930e+01
  -4.1024983e+01   4.6316326e+01  -7.4049906e+01   1.5480946e+00  -3.0518825e+01  -3.7416368e+01  -2.2420375e+01  -6.7291413e+01  -2.9850209e+01  -8.5868670e+01  -1.9408327e+01  -9.1201161e+01  -4.8559067e+01   8.6357629e+00   5.1790221e+01   8.1472730e+01   7.5799831e+00   6.7463937e+01   2.1948316e+00   8.0303742e+01   1.8599498e+01  -7.5029484e+01  -4.9525284e+01   7.2177276e+01   8.2064984e+01  -8.5046260e+01   4.1373022e+00   6.9038072e+01  -8.3957518e+01   2.5986022e+01
  -8.6445047e+01  -4.1024402e+01  -5.0137192e+01   1.7331212e+01  -3.2992777e+01  -3.0994767e+01   9.3050046e+01   2.2587609e+01   2.6038061e+01  -7.0286178e+01  -3.0206313e+01   3.4869712e+01  -5.7268614e+01   2.3239718e+01   3.4860699e+01   9.2818014e+01   9.6227743e+01   3.1218461e+01   9.2620975e+01  -6.5973252e+01  -6.5216203e+01  -1.7879086e+01  -1.2045047e+01   9.8834377e+01   9.0502704e+01   8.9717373e+01  -9.6076533e+01   2.8868880e+01  -7.1855240e+01  -2.8540267e+01
   2.6279969e+01   3.2847240e+01   4.1749540e+01   8.1592798e+01   8.3392573e+01   1.5447815e+01  -1.1661750e+01  -6.3078112e+01  -1.5378027e+01   6.4022282e+00  -3.9491775e+01   8.8639972e+01  -8.8796130e+01  -4.7420972e+01  -5.1718204e+01  -7.0914444e+01  -3.6736729e+01   5.2889716e+01  -7.8491393e+01   5.4639896e+01   1.6296667e+00  -9.8448337e+01   4.0548320e+01   7.8264218e+01  -6.5759751e+01  -3.8956281e+01   8.0980160e+01  -1.4374676e+01  -1.2888347e+01   5.2084218e-01
  -4.2839399e+01  -2.0653044e+01   9.2694928e+01   6.8070987e+01  -2.9219039e+01  -1.6628093e+01   7.8943395e+01   1.0757077e+01   6.1340718e+01  -6.0663342e+01   3.5607622e+01   5.5266456e+01  -5.1735055e+01   8.1698293e+01  -4.0816183e+00  -4.4176796e+01   6.7829360e+00   3.7932272e+01   7.5846669e+01  -3.6892511e+01  -5.8338586e+01  -9.8999782e+01   7.6309810e+01   3.5420650e+01   5.4876606e+01  -1.6661012e+01   5.2476256e+00  -8.3373273e+01  -7.2626062e+01   3.3311546e+01
  -9.0799298e+01   2.0257493e+01   5.9420325e+01  -2.1088518e+01   9.4947209e+01   2.8685553e+01   1.7260838e+01  -5.2747087e+00   6.4725695e+01   9.0990560e+01  -4.0788282e+01  -2.2700569e+01   1.6752720e+00  -2.0228723e+00  -7.1198485e+01   4.8981734e+01  -4.3043364e+01   7.1563428e+01   6.6568689e+01   8.2932465e+01  -6.2706436e+01  -9.8502214e+01   6.3103723e+01   3.6072402e+01   6.9449137e+01  -8.5595482e+01   7.2065039e+01   5.7976797e+01   6.5475988e+01   9.4318417e+01
