 % This stores fret (the f-value) and iter (number of iterations to converge)
  -333.919730591528        1200.00000000000     
  -334.001549486310        1200.00000000000     
  -333.992539281255        1200.00000000000     
  -334.044042686011        1200.00000000000     
  -334.029892992738        1200.00000000000     
  -334.020058370156        1200.00000000000     
  -333.998159553326        1200.00000000000     
  -333.992082935488        1200.00000000000     
  -333.950238024537        1200.00000000000     
  -334.004200144273        1200.00000000000     
  -333.998306358551        1200.00000000000     
  -333.973294623942        1200.00000000000     
  -333.999646010960        1200.00000000000     
  -334.001996888224        1200.00000000000     
  -333.974570839358        1200.00000000000     
  -334.003489480889        1200.00000000000     
  -334.020902696553        1200.00000000000     
  -334.040305710396        1200.00000000000     
  -333.913235142394        1200.00000000000     
  -334.020936597193        1200.00000000000     
  -334.036083521224        1200.00000000000     
  -333.997629733147        1200.00000000000     
  -333.852496234829        1200.00000000000     
  -334.009688477139        1200.00000000000     
  -334.004328859431        1200.00000000000     
  -334.021831756349        1200.00000000000     
  -334.015992430648        1200.00000000000     
  -334.019807411978        1200.00000000000     
  -334.020834905940        1200.00000000000     
  -334.017396301814        1200.00000000000     
