   2.9740568e+01   4.9162489e+00   6.9318045e+01   6.5010641e+01   9.8298778e+01   5.5267324e+01   4.0007352e+01   1.9878852e+01   6.2520102e+01   7.3336280e+01   3.7588548e+01   9.8764629e-01   4.1985781e+01   7.5366963e+01   7.9387177e+01   9.1995721e+01   8.4472150e+01   3.6775288e+01   6.2080133e+01   7.3127726e+01   1.9389318e+01   9.0481233e+01   5.6920575e+01   6.3178993e+01   2.3441296e+01   5.4878213e+01   9.3158335e+01   3.3519743e+01   6.5553106e+01   3.9190421e+01
  -2.8668893e+01  -3.3908079e-01  -1.3111892e+01   1.2491683e+01   2.3324226e+01  -7.7332004e+01   7.9650348e+01   5.0910275e+01   5.8224639e+01   6.2990414e+01   3.4000773e+01  -5.9824718e+01  -4.5382368e+01   2.5246928e+01   7.3703390e+00  -8.8099190e+01  -8.2207648e+01  -4.5738365e+01  -1.8185537e+01  -5.1917099e+00   8.1797870e+01   1.9249428e+01  -3.4208940e+01  -4.3611149e+00   1.9434156e+01  -6.7710249e+01   6.5894850e+01   9.1224481e+01   1.9109599e+01  -9.4250357e+01
   8.1211782e+01   6.1011358e+01   7.0149260e+01   9.2196203e+00   4.2488914e+01   3.7557666e+01   1.6615408e+01   8.3315146e+01   8.3863970e+01   4.5161403e+01   9.5660138e+01   1.4715324e+01   8.6993293e+01   7.6943640e+01   4.4416162e+01   6.2062012e+01   9.5168928e+01   6.4000966e+01   2.4732763e+01   3.5270199e+01   1.8786048e+01   4.9064436e+01   4.0927433e+01   4.6352558e+01   6.1094355e+01   7.1168466e+00   3.1428029e+01   6.0838366e+01   1.7502018e+01   6.2102743e+01
   6.5772895e+01  -6.6745977e+01  -2.1218799e+01   4.1514969e+00   4.3624794e+01   1.3837904e+01  -7.8387653e+00  -1.0938589e+01  -8.2451079e+01  -1.1303357e+01  -2.6740031e+01  -3.9493236e+01   7.0368939e+01   5.1895878e+01   8.9951857e+01   1.1587702e+01  -9.7153397e+01   1.9235417e+01   6.3241142e+01   9.5418471e+01  -5.5618384e+01   4.0736733e+01   4.4121831e+00   8.6579411e+01   4.2670889e+01  -5.4392219e+01  -1.0071579e+01  -6.5560061e+01   9.3764029e+01  -2.8856779e+01
  -9.0190634e+01   5.1067714e+01   7.8962553e+01  -4.2770070e+01  -4.9759891e+01   8.6547238e+01  -7.3803506e+01   8.8163908e+01   4.0370635e+01   6.9535294e+01  -5.8145672e+01  -8.9816618e+00  -8.3785255e+01   7.0224480e+01   1.2409735e+01  -3.6140741e+01  -2.5020148e+01   7.3559140e+01  -2.5564752e+01  -8.5261989e+01  -6.0032401e+01  -9.0101344e+01   1.3341956e+01  -7.5615050e+01   4.4223527e+00  -7.6587970e+01   5.3983696e+01  -2.4988841e+01   6.4677441e+01  -9.0672771e+01
   5.9791326e+01   9.4915039e+01   2.8879765e+01   8.8883261e+01   1.0158548e+01   6.5314507e+00   2.3429973e+01   9.3309842e+01   6.3127896e+00   2.6421766e+01   9.9953167e+01   2.1198796e+01   4.9840980e+01   2.9048830e+01   6.7275441e+01   9.5799112e+01   7.6655153e+01   6.6612374e+01   1.3094482e+01   9.5413016e+00   1.4864337e+00   2.8819335e+01   8.1673121e+01   9.8548351e+01   1.7362693e+00   8.1939293e+01   6.2113871e+01   5.6022204e+01   2.4403153e+01   8.2200759e+01
  -4.7357614e+01   5.0726907e+01   3.1928960e+01  -5.7187429e+01   2.0423382e+01   2.0987422e+01   3.1900310e+01  -6.3327273e+01   2.7309381e+01  -6.5938178e+01   7.9202212e+00   2.4678837e+01   3.7177995e+01   3.5469191e+01   7.5366005e+01  -9.7421900e+01  -3.7919555e+01   5.5815849e+01  -3.8540783e+01   8.5335662e+01   3.5743975e+01  -8.5135701e+01  -8.5866162e+01  -9.7613907e+01  -5.4569257e+01   3.2503994e+00  -8.3591569e+00   4.0640668e+01   1.6496775e+01   1.8412004e+00
  -8.5142078e+01  -6.1352737e+01  -2.4079173e+01  -4.4713056e+01   5.4176367e+01  -3.7214002e+01   2.7638644e+01   9.7313373e+01   5.7516072e-01   8.9540675e+01   6.5605168e+01   8.3511441e+01  -7.7384034e+01   6.2425181e+01   8.1652513e+01  -6.8724776e+01  -7.5576247e+01   5.2533294e+01   4.4360057e+01   3.0327963e+01   5.0804533e+01   3.2632402e+01   7.6698700e+01  -4.5568513e+01  -1.6113457e+01  -5.7401268e+01  -9.2880007e+01  -8.3767259e+01   7.0113357e+01  -3.1959311e+01
  -6.7690044e+00   8.2752648e+01  -5.4284659e+01   7.2408980e+01   3.1323707e+01   7.8236560e+01  -2.3712964e+00   9.8529129e+01  -2.5334812e+01   6.2756636e+00  -6.3736734e+01   3.8886704e-01  -1.5561035e+01   3.2085480e+01   3.4730602e+01   9.1466037e+01  -6.1626851e+01  -7.7756712e+01   1.3010774e+01   9.3833254e+01  -9.5251226e+01   7.4043164e+01  -9.4624681e+01   3.9057377e+00  -6.1541716e+01   4.3137809e+01  -4.9865444e+01   8.6772963e+01  -7.2562137e+01   4.3244678e+00
   7.9040338e+01   8.8477451e+01  -3.2983324e+01  -1.2527235e+01  -5.7688182e+00  -7.0137933e+01  -7.2827121e+01   6.4996460e+00   4.5157862e+01  -2.0259390e+01  -2.8316297e+01  -4.2944118e+01   7.3727049e+01   2.5282535e+01  -5.1765538e+01   9.5616331e+01   2.8100156e+01  -5.4030271e+01   3.6267031e+01   3.3164682e+01  -7.3056405e+01  -9.5501341e+01  -4.7560110e+01  -7.6696968e+01  -8.6136352e+01   7.0586100e+01  -6.3933865e+01  -9.3516287e+01   4.6785251e+01   7.3033645e+00
  -4.4794067e+01  -2.6308369e+01  -9.7422739e+01   7.7841217e+01   7.3204120e+01  -4.9150613e+01   1.3896119e+01  -6.8147036e+01   1.8872883e+01  -3.3779984e+01   3.1722531e+01   7.2726844e+01   1.3524663e+01   9.6096255e+01   5.8366320e+01  -6.9481276e+01   6.6605447e+01  -6.1627347e+01   2.7797314e+01   3.3800016e+01   5.4417560e+01  -2.4036450e+01  -1.1682903e+01  -3.3880013e+00   2.1621131e+01  -6.4800872e+01  -9.9594888e+01   5.8044800e+01   2.7217003e+00  -5.7354125e+01
  -7.9310041e+01  -6.8532667e+01  -1.8497004e+01  -1.8448596e+01  -8.9461462e+01   8.8363030e+01  -7.0005663e+01  -2.3125191e+01  -3.7788288e+01  -6.6293111e+01   7.9329629e+01  -3.5455114e+01   4.6799263e+01  -1.7819164e+01  -2.0041231e+01   1.1044415e+00  -6.6138828e+01   4.9490980e+00   2.8240533e+01  -9.6760503e+01   6.7370311e+01   6.0692438e+01   3.9556966e+01  -7.6224437e+00  -8.3477476e+01   6.4143402e+01  -6.1395996e+01  -1.0929054e+01  -9.7408434e+01  -3.8251641e+01
   7.5070197e+01   6.7051880e+01  -3.3380987e+01   7.6141066e+01  -4.0626389e+00   1.2163346e+01   2.3181731e+01   3.2379803e+01   2.3326647e+01   3.7028000e+01   2.0306054e+00   4.2792169e+01   3.0415799e+00   2.1173159e+01   9.3340526e+01   6.4423480e+01  -3.6449864e+01   1.7539354e+01  -7.3959666e+01  -4.9129149e+01   6.0606180e+01   3.3569179e+01  -9.7274729e+01   1.2315874e+01  -9.0878124e+00   8.0989844e+01  -4.3568230e+01  -8.6993129e+01  -4.6816229e+00   9.6742384e+01
   8.4469916e+01   1.2239251e+01   3.0464939e+01   5.4535919e+01  -7.8764841e+01  -9.9785327e+01   8.3527579e+00  -9.8628442e+01  -9.7324656e+00  -6.0867590e+01   5.7428626e+01   2.3712525e+01  -9.6895809e+01   7.8170793e+01   5.2340638e+01   8.1407008e+01   5.1713720e+01  -2.3854012e+01  -3.3777843e+01   8.1568873e-01   1.2913719e+01   5.3439471e+01   5.5973556e+01  -3.1804230e+00   6.0442645e+01  -5.7975693e+00  -5.9448221e+01   1.5922979e+01   3.3300052e+01   3.5353058e+01
   8.8502249e+01   5.4029707e+01   4.7480863e+01   7.3252455e+01   9.8189664e+01   7.8551972e-01   2.5817110e+01   5.8522064e+01  -1.0270159e+01   4.8714215e+00  -6.5705356e+01  -7.3866850e+01  -5.6243775e+01  -7.8903899e+01  -7.1714830e+01  -8.6063398e+00   5.7626609e+01  -4.3787205e+01  -5.5042654e+01   8.1774947e+01  -9.8534231e+01   1.7747867e+01   8.4235741e+00   3.0704796e+01  -3.7313005e+01  -5.3768235e+01  -1.6787234e+01  -4.0240242e+01   3.4487278e+01   8.7651496e+01
  -3.1370461e+01   1.2592514e+01  -7.6222288e+01  -6.6195748e+01  -4.4220917e+01   1.1362932e+01  -2.8821678e+00   9.0444645e+01  -5.3615831e+01  -4.2683213e+00   5.3044801e+00   5.8544159e+01  -6.1398470e+01   8.1920089e+01   8.4439279e+01  -9.7346727e+01   5.3509927e+01   8.9468528e+01   6.2661105e+01   8.4765959e+01  -6.0200548e+01   3.4854328e+01   8.5420617e+01  -3.1236681e+01   1.8898588e+01   2.3097401e+01  -9.9325185e+01   9.6402514e+01   7.9902618e+01   3.8551470e+01
  -1.2069265e+01   4.0204583e+01   2.1942998e+01  -4.0022868e+01   7.1207439e+01  -7.7585566e+01  -4.1687918e+01  -8.0510654e+01  -2.0510406e+01  -3.3337470e+01   8.8846943e+01   6.7711091e+01  -4.8314519e+01  -9.1420375e+01  -9.8823042e+01   1.4883593e+01   4.8780390e+01   6.1366157e+01   2.7514129e+01  -4.9745737e+01  -7.1135910e+01   3.0310227e+01   8.9217386e+01   6.3177359e+01   8.6049413e+01  -3.8011728e+01  -4.6236578e+01   7.2902070e+00  -6.7344341e+01  -5.7802396e+01
  -5.6637582e+01   3.0357966e+01  -8.9444763e+01  -5.4141944e+01   3.3486426e+01  -3.7813265e+01  -3.8673428e+01   4.4135977e+01   9.0881302e+01  -7.3772321e+01  -8.6344638e+01  -7.4954546e+01  -6.6769317e+01   8.2283493e+01  -7.2747946e+01   2.3399084e+01  -4.6203671e+01  -5.5867193e+01   4.2580204e+01   9.7992885e+00   8.8269685e+01  -3.4027044e+01   4.0897260e+01   8.8685092e+01   1.6318867e+01   7.6030837e+01   4.9922329e+01  -2.4076532e+01   4.5112256e+01  -6.7440359e+01
   9.1240923e+01  -6.0754234e+01   5.5238501e+01   2.2659143e+01  -6.7543954e+01  -9.3789189e+01  -4.2274237e+01   9.4212856e+01   9.0099868e+01  -5.4390438e+01   9.1705217e+01   3.5971652e+01  -8.9006158e+01   1.9968264e+01  -2.1370801e+01  -5.6926763e+01  -6.3520075e+01  -8.4649195e+01  -9.8515261e+01   5.7756599e+01  -9.6442474e+01   7.5588293e+01  -2.9491646e+01   4.4427954e+01   9.3690168e+01  -6.8866403e+01  -6.7408892e+01  -3.7320526e+01  -9.4123690e+01  -2.8474977e+01
  -9.4561920e+01   5.8733404e+01   9.9846151e+01  -7.7952295e+01   2.4520232e+01  -7.3485631e+01  -3.7994042e+01  -7.3042462e+01  -5.5334737e+01  -2.0690642e+01  -7.2971301e+01  -5.1788262e+01   8.5503230e+01  -2.1779825e+01   2.2525547e+00  -8.1420777e+01  -9.5660217e+01  -6.8093035e+01   6.8903189e+01   7.5830696e+01  -6.2602095e+01   9.8260984e+01   4.2405968e+01   7.4272923e+01  -4.0737630e+00  -7.9901469e-01  -4.2493627e+01  -8.7811710e+01  -4.7506459e+01  -6.2747797e+01
   8.3417957e+01  -7.5344261e+01  -9.7310923e+01  -2.6061856e+01   3.9728222e+01   7.7869443e+01   1.8754104e+01  -6.8661821e+01  -3.6662116e+01  -5.3320903e+01  -9.8315587e+01  -2.0619242e+01   2.9973626e+01  -8.2999879e+01   5.3761901e+01   9.3940341e+01   4.2959446e+01   5.6392368e+01  -5.2486984e+01  -6.0853847e+01  -4.7357217e+01   4.2757013e+01   9.5519948e+01   2.7424388e+01   9.1848310e+00   6.9611445e+01   6.0419532e+01   3.3661282e+01   3.4196527e+01   6.4128736e+01
   9.4094475e+01  -2.6150009e+00   6.3493707e+01   2.8314234e+01  -3.8730128e+01   3.2186426e+01  -2.8396577e+01   8.7639886e+01  -2.4666050e+00  -8.1801928e+01   3.4766823e+01   2.9760638e+00  -5.5684131e+01   4.5001874e+01  -8.6350678e+01   9.2824854e+01  -5.8468682e+01  -6.7776355e+01   2.7644277e+01  -9.9954365e+01  -3.2873411e+01  -4.4980036e+01  -9.1094496e+01  -8.1220700e+01  -1.8000520e+01   6.3378464e+01   7.4103414e+01  -9.5488976e+01   4.5435397e+01   6.9601890e+01
   4.5720038e+01   9.1019727e+01   3.1270222e+01   4.8461027e+01  -3.1006797e+01   7.6804390e+01  -3.0551183e+01  -8.8104664e+01   4.3682918e+01   9.1642859e+01  -6.8633027e+01  -1.6729379e+01  -8.1193026e+01  -1.0010709e+01   7.3830485e+01  -2.1676555e+01  -4.9443270e+01  -2.9123615e+01   4.8595594e+01   3.0166404e+01   8.7958608e+01   6.6559825e+01  -6.0044266e+00   2.5973121e+01  -8.8362430e+01   8.4374795e+00  -8.8548075e+00   7.2617378e+01   7.1039394e+01  -5.5488635e+00
   5.7384878e+01   3.1196428e+01  -9.9992022e+01  -7.3752568e+01  -1.0250488e+00  -9.2333369e+01  -5.4512838e+01  -3.4423409e+01   7.9893758e+01  -3.7253902e+01  -4.9664798e+01  -1.3402174e+01   6.8476447e+01  -6.3102202e+01   1.6358425e+00  -9.5520667e+00  -3.4883112e+01  -2.3984739e+01   7.7295993e+01   5.2252152e+01   7.6753267e+01  -8.5187488e+00   5.9840458e+01  -7.3184576e+01  -8.6937262e+01  -2.4971068e+01  -2.5295406e+01  -3.1955206e+00   9.3891846e+01  -3.1587781e+01
  -4.9462149e+01   1.6977383e+01   4.7407189e+00  -6.7316191e+01  -2.7203703e+00  -7.8785010e-01   6.8638817e+01   6.1239643e+01   7.1557119e+01   2.1950828e+01   1.3146074e+01   2.2379704e+01  -7.9404696e+01  -6.8336817e+01  -1.7270028e+01   1.2082090e+01  -4.6264542e+01   5.6850833e+01  -2.2425843e+01  -9.3803276e+01   1.7100366e+01   1.1711706e+01  -5.9860886e+01  -8.2515623e+01   8.6645972e+01  -4.8124005e+01  -5.9165721e+01  -9.0158312e+01   2.1232188e+01   9.2697480e+00
  -8.0832513e+01   2.7399129e+01  -1.1410334e+01  -8.6723608e+01  -2.5141483e+01  -5.0179455e+01   8.4975058e+01   2.5899859e+01   7.5661755e+01   2.8334886e+01   5.9678127e+01  -1.2994792e+01   9.6228050e+01  -8.0808440e+01   5.4964798e+00   9.1291649e+00  -4.3131449e+01  -2.5839468e+01  -8.7061480e+01   8.9618129e+00   6.7275121e+01  -7.0935602e+01  -6.5695949e+01  -8.6390564e+01   6.4802307e+01  -7.3205848e+01   7.6957258e+01   2.9474799e+00   9.2727119e+01  -7.5901066e+01
  -9.0342024e+01  -2.3969599e+01  -1.7441756e+01  -1.9721741e+01  -1.5800574e+01  -2.4609262e+01   8.1467305e+01   3.4032429e+01   9.2367705e+01  -6.7404133e+01   4.9729882e+01  -2.5186855e+01  -9.1526977e+00  -9.2287861e+01   1.2486401e+01  -2.5537571e+01   5.8556741e+01   5.9046195e+01  -2.3417106e+01  -4.9442039e+01  -3.1414429e+01   9.3560899e+01  -4.0383219e+00  -2.6334487e+01   5.2913431e+01  -2.4570206e+01   8.0061243e+01  -6.3313589e+01  -2.6336537e+01   8.3491408e+01
   3.1832112e+00  -8.1938548e+01   4.7062298e+01  -9.9057568e+01   2.0624623e+01   9.1373333e+01  -2.0513614e+01   4.6310157e+01   3.6927765e+01   9.5700604e+01  -5.9242967e+01   1.8660568e+01   9.0312503e+01  -4.7945519e+01   2.9355242e+00   2.7266380e+01  -1.9808179e+01  -2.6777379e+00   5.0091623e+01  -7.4760653e+01  -9.1387504e+01  -2.5812131e+01   3.8660424e+01   8.7164989e+01  -4.4848782e+00  -7.4179980e+01  -3.2337576e+00   8.9119432e+01  -2.6451173e+01  -3.4302886e+01
   5.4575096e+01  -4.0545196e+01  -6.4429128e+01   3.8159832e+01  -4.7211029e+01  -8.4521886e+00   6.8738485e+01   7.6299732e+01   4.0003991e+01   5.1138199e+01   9.4902960e+01  -1.9569463e+01  -7.3744272e+01   4.4946777e+01   7.9903641e+01  -6.5859737e+01  -9.1394262e+01  -4.1681550e+00  -8.1212743e+01   3.0009966e+01   9.0455508e+01  -8.4574601e+00   7.3761294e+00  -8.6702571e+01  -1.2259833e+00  -1.6491806e+01  -4.1548590e+01  -4.2067212e+01   5.0769199e+01  -8.0640858e+01
  -8.4616598e+01   4.4183006e+01   5.2982302e+01   3.1588985e+01   6.2081704e+01  -2.5151382e+01  -3.8753705e+01  -2.5860080e+01   4.1349424e+01  -6.6326742e+01   6.2744201e+01  -6.7543369e+00   4.4457135e+01   9.8973783e+01  -2.7499396e+01   4.6165629e+01   2.9933483e+01   3.6267815e+01  -9.8477616e+01   3.0829861e+01   8.9047029e+01   2.2654207e+01   5.6585595e+01  -9.9369303e+01   5.9391570e+01   2.8363331e+01  -6.4304276e+01   5.8801459e+00  -5.6251297e+01   9.6104876e+00
  -8.8352527e+01   1.7517419e+01  -1.6779288e+01  -6.2710953e+01  -8.7217856e+01  -8.5043444e+01  -3.7992508e+01   8.8816984e+01   9.6145326e+01   1.1023098e+01   9.7705127e+01   3.8311981e+01  -5.1667827e+01   6.1962736e+01   8.6902338e+01  -7.4239303e+01   3.7365372e+01  -4.0551014e+01   2.9444165e+01  -7.2482384e+00   8.4557928e+01  -5.1655618e+01   3.2031303e+01  -3.3542604e+01  -4.6494014e+00  -6.2453449e+00   4.1185786e+01  -5.2010127e+01   4.3440519e+01   7.3039340e+01
  -1.7802069e+01  -1.5042566e+01   9.0857275e+01   7.6283723e+01   3.9717533e+01  -3.8919772e+01   6.5865219e+01   9.4120915e+01  -3.9979457e+01   9.9612449e+01  -1.1850314e+01  -9.8754619e+01  -4.1619776e+01   3.8375697e+01  -1.4301466e+00  -8.3304473e+01  -6.0842572e+01   9.5518950e+01  -2.6760257e+01  -7.2113523e+01  -9.7048895e+01   2.8128237e+01   4.7544399e+01  -9.4648540e+01  -7.9569481e+01   7.8666044e+01   5.2775296e+01   1.6532908e+01   3.7086055e+01   9.3426703e+01
   1.0068880e+01   5.5439370e+01   2.2070084e+01   9.7718675e+01  -9.0347554e+01   9.7077816e+01  -5.9052766e+01   8.2495436e+01   3.3109205e+01  -7.5357186e+00  -9.0333350e+01  -7.9121659e+00   5.9990115e+01  -4.2113376e+01   3.9020475e+01  -4.8144212e+01   4.2645945e+01   4.4073937e+01   4.6655339e+01   2.4466154e+01   9.7955880e+01  -6.9524433e+01  -5.9335484e+01   6.3863315e+01  -8.8312928e+01   7.7013568e+00  -6.1969337e+01   1.9896156e+01  -4.1548402e+01  -8.1742457e+01
   1.3534565e+00   7.6826466e+01   2.3113611e+01  -9.0721578e+01   9.0384853e+01  -6.6193920e+01   6.5334208e+01   2.2275374e+01   6.9459892e+01  -7.7175373e+01   2.9843964e+01  -7.7036990e+01  -5.3175566e+00   3.6636210e+01  -7.3340276e+01  -7.1843596e+00  -8.5749998e+01   1.6243687e+01   1.3195777e+01  -4.8947559e+01  -5.2301173e+01  -9.6809244e+01  -2.3051055e+01   5.1460035e+01   1.5032009e+01  -1.8382900e+01  -6.0858365e+01   2.4348658e+00   4.2669138e+01   7.3477110e+01
   4.8361082e+01   9.8966508e+01   7.3349641e+01  -2.8374482e+00   8.0661081e+01  -9.5937103e+01   2.7357490e+01   8.8811142e+01  -9.1843969e+01  -4.2865672e+01   3.5450759e+01   1.7235663e+01  -8.7006076e+01   7.5842369e+01  -2.4181368e+00   7.8295113e+01   5.2458946e+01   3.1060964e+01   9.4296304e+01  -6.5772179e+01  -7.2806970e+01   5.1042134e+01  -3.7356607e+01  -7.3495168e+00  -3.2113169e+01  -9.8075634e+01  -3.3239711e+01  -5.0635348e+01   9.8812179e+01   8.1113394e+01
  -3.0046330e+01  -4.4376905e+01  -8.1415267e+01  -5.1893944e+01   8.0329325e+01  -3.5150816e+01   1.4540669e+01  -6.2986983e+01   4.7582038e+01  -7.7648720e+01  -2.3249666e+01   7.2472932e+01   7.1416586e+01   6.3872732e+01  -5.0860991e+01   7.9517664e+01   2.0824705e+01  -7.2053726e+01  -6.7739730e+01   7.6630569e+01   9.5717026e+01   2.0263516e+01  -2.7638798e+01  -5.3719241e+01  -1.0053907e+01   2.8620298e+01  -5.0956498e+01  -6.3972754e+00  -5.1364479e-01  -8.5007010e+01
   5.3318967e+01  -9.0926552e+01  -6.6977480e+01   5.5439723e+01  -5.8330292e+01  -4.9644759e+01  -2.0695232e+01  -3.8624355e+00   1.8581481e+00   2.4959307e+01   2.5109480e+01   9.8233351e+01  -2.8155608e+01  -4.4801774e+01   3.5623348e+01   1.7525356e+00  -4.4628057e+01   1.5768159e+01   6.4567091e+01   8.8290895e+01  -1.1136519e+01  -1.5354176e+01   9.9239544e+01   2.2823625e+01   8.8813215e+01   8.2416364e+01   6.2995364e+01   3.7927386e+01  -3.8269197e+01   1.1639306e+01
   2.7351518e+01   5.3816223e+01  -8.9193797e+01  -7.7033732e+01   6.9198100e+01  -6.5523339e+01  -9.2603403e+01  -3.7489100e+01   6.3456135e+01  -5.3072660e+01   1.7488280e+01   8.4836863e+01  -3.3990169e+01  -5.8891818e+01  -2.7102571e+01   9.5142941e+01   4.3378827e+01   2.8661939e+01   5.6513450e+01  -6.7036331e+00  -5.3544551e+01  -3.6424206e+01   5.7758375e+01   2.6888553e+01   3.1956570e+01   7.5166907e+00   8.3843321e+01   5.6101209e+01  -3.4658104e+01   4.7749554e+01
  -1.2453227e+01   1.8359303e+01  -7.7098159e+01  -3.6166871e+01   2.4370670e+01   7.8910735e+01   9.2717212e+01  -9.5987305e+01  -7.7869630e+01  -1.9395990e+01  -8.0560987e+01  -4.1390206e+01   3.5741524e+01   9.5958335e+01  -2.0113283e+01   6.4176857e+01  -7.3676136e+01   6.8978235e+01  -5.3454667e+01  -8.6569078e+01  -3.3709574e+01   1.5046904e+01  -7.2636146e+01   7.3559538e+01  -3.4146758e+01  -2.3996229e+00  -1.3692655e+01  -4.7891686e+01   9.6600561e+01   9.3139592e+01
   8.9703464e+01  -9.6555215e+00  -3.3661402e+01  -9.8448107e+01  -6.6832008e+01   6.5633380e+01   2.8680148e+01  -3.5544965e+01  -9.4726087e+01  -2.8911417e+01   4.8776906e+01  -4.0267238e+01  -6.3755367e+01  -1.6961659e+01   7.3468000e+01   2.4987969e+01  -8.8959542e+01  -1.9181423e+01  -3.9607963e+01  -6.9536056e+01  -3.8166361e+01  -9.9348342e+01  -1.2518228e+01   3.5282260e+01   6.4582599e+01   5.1169067e+01  -6.7472220e+01   1.0408616e+01   5.0187403e+00   8.3871055e+01
  -1.1618609e+01  -9.1039532e+01   9.2916698e+01  -9.7307517e+01   1.0404701e+01   8.6859926e+01   7.9721771e+01   2.3597943e+01   3.9984902e+01   8.7819002e+01  -9.5831703e+00  -6.4665643e+01   2.3353041e+01   3.6760309e+00  -2.7101388e+01   5.4661942e+01   6.5655398e+01  -3.6321980e+01   1.9195914e+01   5.6363610e+01  -9.3281530e+01   7.1395493e+01   3.6522199e+01   6.0370118e+01   8.3539416e+01  -2.2378021e+01  -5.6038122e+00  -8.2388332e+01   8.5021082e+01   3.5695972e+01
   2.8206467e+01   9.9181558e+01  -9.1516270e-02  -1.3989677e+01   6.5833720e+01  -7.6660788e+01   1.9736861e+01  -5.5755089e+01  -2.0264625e+01  -3.9769532e+01   2.6708792e+01   8.8996662e+01  -9.8825838e+01   6.3319771e+01   3.8177054e+01   9.6196958e+01  -8.6052071e+01  -9.1009049e+01   4.7990747e+01   6.3824338e+01  -4.7831885e+01   4.0802548e+01  -4.0704866e+01  -8.3541800e+01   7.5076724e+01  -8.4509670e+01   4.8196862e+01  -7.4985975e+01  -1.1257414e+01   1.8496624e+01
   2.7269609e+01   6.5469676e+00  -5.8256694e+01   3.4745613e+01  -5.1618301e+01   4.4105871e+01  -2.0007190e+01  -2.1192809e+01  -1.7699551e+01  -7.0051257e+01   7.5646577e+01  -9.5648841e+01   8.4766536e+01   2.6523472e+01  -8.6616842e+01   2.6534517e+01   5.0748814e+01   5.3932563e+01   6.1607210e+01   8.6667738e+00  -2.9831819e+00  -1.1756148e+01   2.5299715e+01  -8.4443368e+01   8.8125689e+00  -5.8180594e+01  -4.6000265e+01  -4.1663708e+01   6.4444115e+01  -1.7700364e+01
   5.3911275e+00   8.4041610e+01  -2.4172875e+01   2.7779758e+01  -6.5252222e+01   5.7160036e+01  -2.6873790e+01   5.5388395e+01  -3.1570737e+01   5.4835193e+01  -7.0433557e+01  -7.0351540e+01   2.7810324e+01  -8.1325401e+01   8.5757681e+01  -2.9728324e+00  -6.7350974e+01  -4.4731589e+01  -7.3805255e+01  -9.5355981e+01  -5.3740525e+01   6.9051711e+01   4.5271230e+01   3.8937558e+01  -2.3378747e+01  -4.0314983e+00   9.3415785e+01   5.6707208e+01  -1.8052796e+01   9.1473034e+01
  -6.0604143e+01   5.8689623e+00   8.3856409e-01  -3.3186464e+00  -2.4477283e+01   3.9439294e+00   6.3153780e+01  -5.8274249e+01  -2.2240984e+01  -9.0771464e+01  -3.9039087e+01   6.2767884e+01   3.6418794e+01   7.6487449e+01  -8.3640212e+01  -1.0348679e+00  -1.3933845e+01  -3.0908485e+01   8.2731923e+01  -6.7965670e+01  -2.2426171e+01   9.3443331e+01  -8.6655062e+01  -3.6654474e+01  -7.4655281e+01  -7.6839975e+01  -6.7128489e+01  -8.1210440e+01   6.4264977e+00   5.2480892e+01
  -1.6500863e+01   6.7105926e+01   6.0945819e+01  -9.8165767e+01   2.8942663e+01  -7.7529445e+01  -5.6859601e+01   8.1857433e+01  -7.1064303e+01  -5.8504425e+01   7.0128158e+01   4.2621814e+01  -8.3915024e+01   6.3739819e+01  -3.0208243e+01  -6.7490531e+01   7.9501988e+00   8.4665394e+01  -1.2575286e+01   8.0250736e+00   3.9670670e+01  -9.9589123e+01   6.7320655e+01   7.7884745e+01  -9.6049788e+01  -8.0316010e+01  -2.5168884e+01   9.3495784e+01   2.3917068e+01   3.4007670e+01
  -8.7661636e+00   6.7607066e+01   6.4619615e+01   8.4224216e+00  -8.1521764e+01  -4.0944722e+01   2.0447538e+01  -6.3432284e+01   4.6634049e+01   9.7783952e+00  -6.8767922e+01   8.5014053e+01  -5.9568978e+01  -9.8310288e+01   3.7822284e+01  -1.9806462e+01  -2.4083416e+01   8.0637210e+01   8.8670087e+01  -5.2040990e+00  -9.6447903e+01   6.3990906e+01  -8.8522308e+01  -8.1974407e+01   3.9330921e+01  -7.0570169e+01  -8.8484246e+01  -8.7328453e+01   4.4565927e+01  -9.3258352e+01
   3.9143503e+01  -5.5764702e+01   2.5077213e+01   2.6585416e+00   1.5141622e+01  -4.2551219e+01   7.8536941e+01  -8.1481459e+01  -4.1503084e+01   6.4379722e+01   9.8803817e+01  -8.6436791e+01   9.4617067e+01   8.4557512e+01   9.1746238e+01   1.2632735e+01   9.0105060e+01  -3.6355189e+01  -4.6820585e+01  -8.7783156e+01  -3.3446434e+01  -4.1515432e+01  -1.9503066e+01  -9.3177540e+01  -4.2506223e+01  -5.6075732e+01   1.3185574e+01   7.4018579e+01  -4.9002703e+01   1.8362067e+01
   4.5385386e+00  -7.4170762e+01  -9.9244797e+01  -3.4836705e+01  -2.7847436e+01   9.8806949e+01   8.7992585e+01  -1.3172384e+01   8.7101057e+01  -6.3341207e-01   9.4214194e+01   9.1534788e+01   4.4145172e+01   2.9592705e+01   7.2520008e+01  -9.3818162e+01  -2.6824405e+01  -8.1235893e+01  -3.3070010e+01  -9.8534494e+01   6.3105275e+01  -9.4998039e+01  -1.5159371e+01  -9.3239600e+01   3.5340681e+01  -3.4408522e+01   1.2013504e+01  -1.5038577e+01  -6.9979794e+01  -8.7127345e+01
   2.3288974e+01   2.5801168e+01  -6.4672362e+01  -1.8416581e+01   4.1227857e+01  -1.4041956e+01  -5.7813550e+01   1.8197994e+01   6.7440570e+01   7.7657564e+01   7.7120811e+01   9.2581592e+01   5.3926497e+01  -2.6411476e+01  -8.6372923e+01  -7.8220701e+01   8.7364327e+01   2.2110948e+00  -5.7744445e+01  -1.5778987e+01   6.5907730e+01  -7.1506138e+01  -3.5673567e+01   6.3581752e+01  -4.1323310e+01  -8.4009704e+01   8.5661747e+01  -6.6645069e+01  -2.2645477e+01  -2.7978433e+00
   6.2174797e+01  -1.8858397e+01   5.9005432e+01  -9.6124593e+01   9.1331324e+01   7.0983154e+01   9.7262735e+01  -4.9860638e+01  -3.4970202e+00  -3.5077505e+01  -8.8519659e+01  -4.1806332e+01   3.5215077e+01   9.0430493e+01  -9.1945460e+01   6.4323313e+01  -5.5275978e+01   9.9939450e+01  -4.7894870e+01  -5.3943431e+01   5.0178102e+00   1.2134591e+01   6.5205985e+01  -4.2307927e+01  -4.9457626e+01  -5.1950392e+01   1.0298405e+01  -5.6932622e+01   3.3098629e+01  -3.8227161e+01
  -6.0442801e+00   1.1608825e+00   3.7677321e+01  -6.1426993e+01  -4.5286916e+01   8.5265351e+01  -5.3051827e+01  -7.4403626e+01  -1.7476436e+01   2.6944320e+01  -6.3690958e+01  -1.9353756e+01   3.7752697e+01  -3.4821407e+01   8.4656864e+01   5.1426803e+01  -1.9777489e+01  -6.0778191e+01  -1.9944902e+01  -6.9104940e+01  -8.7085739e+01  -7.5930791e+01  -9.4131673e+01   7.3037517e+01  -1.7160444e+01   5.8386321e+01   6.3279452e+01  -2.0936749e+01   6.5189127e+01  -3.2475342e+01
  -6.0529088e+01   2.0141581e+00  -5.8022422e+01   1.5996932e+01   9.5842698e+01  -6.5755367e+00   6.0423661e+01  -1.3410347e+01  -5.1763451e+01   2.6924802e+01  -2.6563022e+01  -1.3708182e+01  -3.9615961e+01  -1.3564720e+01   3.8104772e+01   2.4574971e+00   9.8274706e+01  -6.3185711e+01   1.1793635e+01  -2.5901606e+00  -2.0502727e+01  -1.4303023e+00   9.3768774e+01   6.5406372e+01  -7.4322914e+01   6.8452347e+01   5.7894894e+01  -3.1033554e+01   4.7699267e+01  -8.8097964e+01
   1.1729705e+01   5.6543853e+01  -7.1846511e+01   1.1530063e+01  -5.8910203e+01   7.2098342e+01  -4.8529456e+01  -4.4472459e+01  -4.2366744e+01   4.6955099e+01  -5.9754694e-01  -8.9065306e+01  -6.1742168e+01   4.4913075e+01   9.4732280e+01   4.0897605e+01   6.0305165e+01  -5.8750418e+01   5.4533433e+01   7.4539725e+01   6.1477853e+01   5.1325519e+01   8.0922563e+01  -1.5800282e+01   3.1680053e+01  -9.9740688e+01   9.6400356e+01  -1.7537120e+01  -3.0480446e+01   3.3634453e+01
  -1.1264940e+01   6.7973994e+01   5.9032809e+00  -4.8571713e+01  -6.8740289e+01   1.1563226e+01   9.2260059e+01   9.0254528e+01   4.6973045e+01  -5.5488923e+01  -6.7382862e-01  -9.8595166e+01  -3.6761694e+01   4.7683326e+01   5.8067186e+01  -1.9943469e+01  -2.0022475e+01  -4.9661618e+01  -8.1617628e+01   2.0440995e+01   6.6489699e+01  -4.1303260e+01  -6.8925491e+00  -9.0894632e+01  -8.2855498e+01   2.6289423e+00   4.3085478e+01  -9.2912884e+01   9.5915653e+01  -5.1015016e-01
   4.0148773e+01   6.0625779e+01   3.3348517e+00   5.3957485e-01   5.0947711e+01  -5.2378556e+01   8.8615113e+01  -8.2274941e+01   8.6018976e+00   8.0690398e+01   7.2264325e+01   2.6295958e+01  -4.7527298e+01  -2.4196481e+01  -3.2535244e+01  -3.7081018e+01   8.9420632e+01   7.0341769e+00   4.0391025e+01   7.5007592e+01   9.7249936e+01   7.7060985e+01  -1.9031149e+01   2.5428698e+01  -2.2908803e+01   6.9572176e+01   5.3697139e+00   6.1480731e+01  -2.1300699e+01   9.2346813e+01
  -9.3975881e+01   9.0745987e+01   4.2876980e+01   2.9309646e+01  -1.0669548e+01  -6.5074618e+01   6.7049416e+01   9.4018770e+01  -7.3005020e+01  -4.9802199e+01   8.2001425e+01   3.5293183e+01   2.4632149e+01   2.4431375e+00  -9.9303451e+01  -5.4622339e+01   9.5691458e+01   7.2250481e+01  -9.7122955e+01  -2.8446270e+00  -1.6719407e+01   5.4580484e+01  -2.3704934e+00   4.5129138e+00   5.6409886e+01   1.8245870e+01  -7.4721445e+01  -7.8056147e+01   3.2581078e+01   9.9418623e+01
  -3.0763812e+01  -6.4789097e+01  -8.6422208e+01  -3.8120823e+01  -3.3048040e+01  -2.4766486e+01   9.0441366e+01   4.3864102e+01   5.5868487e+01   2.3531732e+01   2.9847667e+01   5.1256661e+01  -7.0433162e+01   1.9890736e+01   7.9721738e+01  -6.5613429e+01   6.3785622e+01  -8.6141248e+01   9.1137452e+01  -3.6532432e+01  -9.8959765e+01   5.1987101e+01  -3.8264036e+01   4.3051135e+01  -8.3810496e+01   6.9175585e+01   4.3675241e+01   7.4078600e+01   7.4431938e+01   5.2312645e+01
   3.3891292e+01   8.0405654e+01   6.4292464e+01   6.6531454e+01   2.7983587e+01  -6.8759135e+01   5.6633589e+01   4.6281080e+01   1.2946392e+01   4.4669852e+01  -5.2052381e+01  -2.0282933e+00  -1.5279464e+01   5.9135510e+01   5.2681997e+01  -5.2222239e+01   2.7021866e+01  -5.3690957e+01   2.3187636e+01  -4.6299090e+01   9.8242630e+01   5.2063775e+01  -3.5665261e+00   8.9040067e+01  -2.7852346e+01  -8.3121793e+01   8.9702706e+01   3.8165498e+01   2.3101717e+01   7.8995612e+01
  -9.7492358e+01  -3.9817592e+01   9.3016152e+01  -7.9581894e+01   1.9204345e+01  -6.2044646e+00   4.3465128e+01   7.1774187e+01  -6.2880318e+01  -7.5250059e+00   8.0659952e+01  -9.5579098e+01   5.2081231e+01   5.9170400e+01  -3.7229819e+01  -5.2834961e+01  -1.1096432e+00   3.7050891e+01   8.8926739e+01  -1.2137616e+01  -5.1312951e-01  -8.0276415e+01   1.0887503e+01  -1.2861136e+01  -6.3747085e+01  -6.9237638e+01   8.6745876e+01  -7.2746878e+01   9.9708999e+01   3.8124125e+01
   9.2208491e+01   5.5100301e+01  -9.9855173e+01  -3.4905718e+01   8.8207263e+00  -3.8698736e+01   3.4540778e+01  -3.0857336e+01   9.6119883e+01  -2.9206338e+01  -9.6096904e+01   6.2550410e+01   9.6562887e+01  -3.7632838e+01  -2.4218314e+01   4.9605889e+01  -1.1433985e+01  -8.0021700e+01   9.8524490e+01   7.2523918e+00  -7.3090406e+01  -7.3739999e+01   7.2798736e+01   4.1654497e+01   9.9648139e+01   6.3151383e+01   5.6447973e+01   5.2723150e+01   8.0995049e+01  -7.9375626e+01
  -5.7657925e+01   7.0217724e+01   4.8593032e+01  -1.8985800e+01  -3.8991637e+01  -5.1610052e+00  -7.1052467e+01  -1.1319700e+00   6.0248476e+00   2.0484852e+00  -5.4506169e+01   8.6998783e+01   3.5384168e+00  -8.1478192e+00   5.5347598e+01   4.6760649e+01   2.0476385e+01  -8.8614194e+01  -8.5599360e+01   2.7136327e+01   7.5266764e+01  -1.4504111e+01   4.1680684e+01  -8.5961976e+01  -9.6186968e+01   1.6619711e+00   7.3881198e+01   5.9709802e+01   5.9846811e+01  -6.0777340e+01
   4.2874875e+01  -5.6998315e+01   5.7301484e+01  -6.5570495e+01  -5.8770554e+01  -7.1051618e+00  -8.5094699e+01   1.9316102e+01  -6.1801906e+01   8.6963473e+01  -3.8497499e+01  -7.6215760e+00   6.5950657e+01  -3.9972499e+01   4.1923970e+01  -8.5079785e+01   5.0043163e+01  -6.2189196e+00   8.8982793e+01  -9.7205220e+01  -8.9160231e+01   4.7689773e+01   2.7113016e+01   8.6194439e+01  -7.8078789e+00   2.5779887e+00  -1.5103777e+01  -1.6816613e+01  -2.2353143e+01   7.1107442e+01
   6.4603782e+01   8.2782070e+01   6.7208388e+01   7.3617517e+01   5.5117451e+01  -1.3614415e+01  -1.2780403e+01  -5.5139055e+01  -9.7363132e+01  -2.4806750e+01   6.7712462e+01  -4.2751333e+01  -4.3174174e+01  -3.4583931e+01  -4.7581479e+00  -5.4803331e+01   9.2401239e+01  -3.8708355e+01   5.5785117e+01   7.9068489e+01  -4.9255336e+01  -7.0849333e+01  -3.1700745e+01   4.6626937e+01  -9.3227217e+01   8.8477520e+00   1.1689080e+01   3.3936744e+01   1.6785385e+01   3.7181818e+01
   5.3196774e+01   7.9532423e+01   9.3357934e+01   8.1158706e+01  -6.4284123e+01   9.5697606e+01   7.9597148e+01  -9.4127719e+01  -4.3595529e+01  -6.2419770e+01   2.1750702e+01  -5.8129123e+01   9.9546933e+01  -9.6647636e+01  -1.2074368e+01  -7.0320962e+01   2.4289187e+01   5.0873757e+01  -4.3880609e+01   5.4359364e+00  -3.7511884e+01  -6.3651826e+01   5.5850589e+01   6.1901813e+01   4.4662589e+01  -9.0938102e+01   2.2659950e+01  -3.2957022e+01   1.6772519e+01   8.2635562e+01
   2.5449913e-01  -1.6498091e+01   5.9891501e+01   7.8121832e+01   2.6706664e+00  -2.2054708e+01   8.6127740e+01  -4.3453570e+01   5.3987429e+01   4.5516643e+01   8.2921599e+01  -7.8775918e+01   7.7787522e+01   1.9008089e+01  -9.7584009e+01  -5.2337125e+01  -7.5275230e+01   7.6156863e+01   6.2646455e+01   5.2667661e+01   6.2077414e+01   3.6450774e+01   2.4960414e+01  -2.6384292e+01  -5.9443957e+01  -4.4989757e+01  -3.6912269e+00  -1.9961751e+01   4.0459167e+01  -3.5727810e+01
  -9.0309367e+01   5.5497236e+01   1.0680575e+01  -8.6450130e+01  -7.6469972e-01   6.7221035e+01  -7.8131796e+00   5.6005080e+01  -1.6512266e+00   3.9142792e+01   9.7012381e+01  -2.9365548e+01   2.4398334e+01   3.1787509e+00   6.3006454e+01  -2.1872012e+00   4.6291913e+01   4.2114898e+01   6.6882327e+01  -9.7815165e+01  -9.0324593e+01   2.5346876e-01  -4.1662136e+01  -9.7241468e+01   5.8835569e+01  -8.6543465e+01  -3.7964430e+01  -3.1998917e+01   6.3355583e+01  -9.9125432e+01
  -1.2367956e+00   2.2689608e+01  -2.5183759e+01  -6.0338360e+01   7.9013528e+01   9.7369717e+01   8.4356018e+01  -2.1116532e+01   3.2457496e+01   8.0219820e+00  -5.7784104e+01  -3.8934018e+01  -9.7319522e+01  -9.9087612e+01   9.7557382e+01   6.2359387e+01   5.4081138e+01   8.0657050e+01  -7.5245177e+01  -8.0784091e+01   1.0293513e+01  -9.8696482e+01  -7.4861340e+01  -8.8844014e+01   5.2534741e+01  -8.5719688e+01   4.3646671e+01  -7.1918401e+01   2.3139671e+01  -5.6981618e+00
   2.0705143e+00  -3.0991385e+01  -8.3048407e+01  -4.8839731e+01   5.1143793e+00  -7.1893048e+01  -7.5905816e+01   5.4777506e-01  -4.2817358e+01  -7.7606561e+01   9.2528493e-03  -2.4419803e+01  -4.5888237e+01   9.1338205e+01  -8.3864129e+00  -5.0995883e+01   6.6091414e+01  -3.9365256e+01  -9.3356117e+01   9.7511864e+01  -4.0447493e+00   2.0707161e+01   3.2497608e+00   9.5452193e+01  -5.0560338e+01   3.3638917e+01  -7.0653676e+01  -1.8975534e+01  -7.1589426e+01  -3.1150797e+01
   9.9864132e+00  -9.1513659e+01  -5.3608025e+01  -2.0241862e+01  -7.5861799e+01  -1.1473985e+01  -8.9709537e+01   9.9329324e+01   3.8875269e+01   2.3004335e+01   2.3430921e+01   6.5947837e+01   9.5857114e+01  -1.2513051e+01   6.9242067e+01  -2.0583273e+01  -1.5925640e+01   7.8397621e+01  -3.0867659e+01   6.1682591e+01   9.8855254e+01   5.6212750e+01   7.0361751e+01   3.2122207e+01  -4.5577450e+01  -5.1831353e+01  -1.4815280e+01   1.9511625e+01  -1.5991761e+01   5.3504831e+01
  -9.4861657e+01   3.8558605e+01   5.0687646e+01   9.0711585e+01  -2.2535585e+01  -8.8768733e+01  -2.4931961e+01   3.1502636e+01   4.0353303e+01  -8.1852635e+01   8.9597418e+01   6.9697692e+00   8.2048076e+01  -3.8137825e+01   4.4979002e+01  -2.3308214e+01   7.9774612e+01  -8.6312388e+01  -4.7000066e+01   2.4912244e+01   3.6055827e+01   4.7380169e+01   8.6596109e+01   2.2934226e+01   4.7661021e+01   2.7305179e+01  -6.5973356e+01  -4.5532883e+01   6.2489560e+01  -1.9347807e+01
   3.2016536e+01  -4.2788203e+01   9.2276682e+01   1.5311198e+01   9.3325765e+01   2.7841889e+00   7.2844663e+01  -5.4934498e+01  -5.1308994e+01   7.9765286e+01   4.1839516e+01   9.5028684e+01  -8.0871482e+00   4.8354912e+01   3.3793449e+01  -9.4077511e+01  -2.9928779e+01  -8.3586775e+01  -8.7832505e+01   5.2018989e+01   2.5566179e+01   6.0933921e+00   9.7852379e+01  -3.9407582e+01  -6.3859749e+01   1.3850019e+01  -6.6855833e+00  -2.1554173e+01  -9.4518633e+01  -3.1704094e+01
   9.5269821e+01   1.5387000e+01   5.4128025e+01   2.5282293e+01   4.6609991e+01  -7.0131730e+01  -1.7071780e+01  -8.6203052e+01   7.6838812e+01   6.6398858e+01  -3.6957898e+01   7.9610887e+01   5.0619602e+01  -6.9490106e+01   4.3082761e+01   6.8327625e+01   5.6691512e+01   9.9565904e+01   1.7222806e+01  -2.7843888e+01  -2.5218205e+01   9.7444002e+01   7.7441566e+01  -6.2873727e+01  -5.1173696e+01  -5.0626124e+01  -6.5236986e+01  -3.3138965e+01  -1.8755031e+01   2.4755303e+01
   7.9601434e+01   3.5833017e+01  -7.3691417e+01  -5.4220526e+00   9.3489635e+01  -2.4742562e-01  -2.0583602e+01   9.7644677e+01   5.3665686e+01   9.6628941e+01  -5.2145908e+01  -6.6907685e+00  -9.2930159e+01   4.7429096e+01   6.9939434e+01   3.3396956e+00  -7.1282018e+01   5.5396566e+01  -1.0509104e+01  -6.6907505e+01  -4.8685000e+01   4.5867230e+01  -8.7738901e+01  -7.7344038e+01   6.2928265e+01  -7.6967864e+00   8.1758322e+01   7.9263020e+01  -5.8604458e+01   7.4818658e+01
  -5.2541698e+01   3.6860772e+01   9.2024188e+01  -1.4684467e+01  -6.5165581e+01  -2.0525580e+01   3.4186688e+01  -2.9875014e+00  -2.3481623e+01   1.2704036e+01  -2.0225554e+00  -6.8976680e+01   3.0229883e+01   4.5399003e+01  -9.9265093e+01   8.1828582e+01   3.2372166e+01  -9.0072096e+01  -9.5550402e+00  -6.7181158e+01  -5.8645720e+00   6.4693803e+01   6.9997500e+01   9.2845233e+01   6.2537332e+01  -4.7121923e+01  -5.8729724e+01   8.6443011e+01  -2.1332246e+01  -8.7525641e+01
  -9.1239339e+01  -9.8772049e+01   6.3422300e+01   8.3036153e+01   4.8328025e+01  -5.9234511e+01  -5.3156714e+01   7.9698683e+01   5.7550857e+01  -6.3404595e+01   1.1471618e+00  -8.7803078e+01  -7.2943519e+01  -9.5551607e+01   7.3964974e+01   2.2824397e+01  -3.2171626e+01   3.7132332e+01  -5.6523876e+01  -5.3713799e+01  -1.1556754e+01  -3.3225533e+01  -4.6698628e+01   5.0998188e+01  -1.6740952e+01   9.0093451e+01   6.7315842e+01   7.9175226e+01  -4.8943537e+01   4.2218555e+00
  -3.2648921e+01   3.1237787e+01  -2.1030496e+01  -7.9865166e+01  -7.6174785e+00   1.1271757e+01  -3.9535027e+01   2.6152048e+01   4.8591436e+00  -3.8222350e+01  -7.3807247e+00  -7.3482311e+01   5.2208888e+01  -7.3015745e+01  -1.3773486e+01   7.1855002e+01  -6.6037604e+00  -4.2754258e+01  -8.6946684e+01   3.1403411e+01   2.6052627e+01   4.6306385e+01   9.0981501e+01  -2.6134474e+01  -8.6119418e+01   7.3504772e+01  -4.1067197e+01   1.0674950e+01   5.6431457e+01  -8.5964683e+01
   2.6671632e+01  -9.1777421e+01  -9.5153911e+01   4.4348244e+01   7.7157466e+01   8.7437575e+01   8.4943125e+01   5.1263488e+01  -2.4516670e+01   6.6837027e+01   3.7329109e+01   1.1040030e+01  -8.2767792e+01   1.0953579e+01   3.5881271e+01  -1.4498288e+01  -6.7418281e+01   3.8697843e+01   3.8344099e+00   6.0109552e+01   5.5688340e+01   8.5606505e+01   4.5243513e+01  -8.0923724e+01  -1.0140075e+01   9.5321549e+01   9.3788828e+01   2.9054018e+01  -8.1450583e+01   5.4407606e+01
  -1.9205787e+01  -4.4058376e+01  -5.4710508e+01  -7.1038776e+01  -8.1441093e+01   4.0544082e+01   3.6242421e+01  -8.4720498e+00   6.4690694e+00  -4.0330543e+01  -1.9400755e+01  -6.9506493e+01   5.8040869e+01  -6.0287993e+01  -1.1054595e+00  -3.9347269e+01  -7.0411151e+01   9.2802831e+01   4.7380591e+01   3.7496498e+00   7.9656127e+01   4.1400108e+01  -2.1036066e+01   2.8438429e+01  -3.9133225e+01  -8.3032178e+01   7.7082446e+01  -8.1205071e+01   9.0243354e+01   2.3636055e+01
   5.2114788e+01   2.4144866e+01   1.5846401e+01  -4.3829376e+01  -8.0047070e+01   4.4313134e+01   6.8287792e+01   6.4250017e+01   8.7129042e+00  -2.7119442e+01   1.8701977e-01  -3.3920435e+01  -5.3890638e+01   2.0985619e+01  -9.0531684e+01   4.7309874e+01  -2.4535605e+00   9.7155234e+01   9.5695484e+01  -7.1539112e+01   8.5791293e+01  -9.6834751e+01   4.5546253e+01   4.6751730e+01  -8.6410231e+01   5.9496716e+01  -9.3396225e+00  -5.7856941e+01   4.7050228e+01   1.5478429e+01
   5.7891883e+01  -8.3450908e+01  -2.4844314e+01  -5.9808342e+01   2.9146183e+01  -7.5224937e+01   1.5045632e+00  -7.8886279e+01  -9.4179071e+01  -8.9864776e+01  -6.3455681e+01   1.9329042e+00   2.9522316e+01   1.9173696e+00   1.9836974e+01  -3.2716531e+01   4.4699714e+01  -7.6386697e+01   3.9678152e+00   9.9033601e+01  -3.7330297e+01   1.1602051e+00   6.3956223e+01  -4.0259473e+01   4.1719153e+01   7.3899805e+01   3.1295260e+01   7.2438118e+01   8.5319626e+01   8.7746710e+01
   3.3143737e+01   1.9545642e+01  -1.9094679e+01  -7.3194613e+01  -3.9608904e+01  -7.9345774e+00   6.5514028e-01   5.2587239e+01   8.8855163e+01   2.9969138e+01   8.9274033e+01  -7.2567897e+00  -4.5765616e+01  -8.6122386e+01  -6.2523155e+01  -3.0192489e+01   8.2860785e+01  -9.7247369e+01   9.7505980e+01  -6.5195343e+01  -1.9408919e+01  -2.0147953e+01   5.7131479e+01   1.1767632e+00   1.2475345e+01   4.0247565e+01  -4.2925260e+01   9.7327357e+01  -5.5136410e+01   1.9081725e-01
  -1.4016201e+01   3.2004884e+00  -9.0628370e+01   9.2930616e+01  -8.6846609e+01   2.0038265e+00   4.1078404e+01   2.4981015e+01  -5.4501193e+01   2.6135428e+01  -6.9369189e+01  -3.7842089e+01   2.9863357e+01   6.7115456e+01  -9.6459430e+01  -1.9119794e+01   5.9902910e+01  -6.8083570e+01  -3.7514645e+01   2.6215486e+01   1.8204081e+01  -8.9104192e+01   7.3896206e+01   4.5597470e+01  -9.6688712e+01   4.8817062e+01  -4.1664721e+01   5.1296420e+01  -7.9250134e+01  -5.4514137e+01
  -2.4113920e+00   7.4653788e+01   1.5815079e+01  -1.5741999e+01   6.2654002e+01   3.9054440e+01  -1.1740308e+01  -5.8615069e+00   7.6284571e+01   2.9024037e+01  -7.0753650e+01  -5.7522757e+01  -7.4806462e+01   7.2190851e+00   6.7971533e+01  -5.2018564e+01  -9.5533661e+01  -7.0332931e+01  -4.8617947e+00   7.5605052e+01   7.2641987e+01   9.9225961e+01   5.1464056e+01   7.7152307e+01  -2.6262986e+01   4.3190960e+01  -4.2857343e+01   5.7896121e+01  -5.8915800e+01  -1.4030216e+01
   2.5767757e+01   1.1869791e+01  -5.0731229e+01   3.1304806e+01  -7.3535957e+01   2.6818796e+00  -4.5200175e+01   1.7469305e+01  -4.6312707e+01   5.6854943e+01  -7.0277285e+01   5.4658484e+01   3.9820931e+00   1.7343118e+01   3.7958547e+00  -7.1886368e+01  -3.6816112e+01   7.2255802e+01  -1.3310248e+01  -8.8106012e+01   7.7172233e+01  -4.8803088e+01  -4.2489947e+01  -5.5211493e+01   1.8244437e+01   1.2866117e+01   7.3189477e+01  -5.6070138e+01  -3.9752415e+01   1.7411093e+01
   8.0409757e+01   4.7491347e+00   3.3750109e+01   3.5376246e+01   9.0584637e+01   2.4787152e+01  -8.4200390e+00   2.9552888e+01   9.5773364e+01  -1.5710234e+01   9.5157450e+01   3.7214763e+00   8.5791075e+00  -2.4174930e+01   6.9833943e+01   9.1160188e+00   6.3029986e+01  -2.8501825e+00  -7.6761205e+01  -7.1313606e+01   5.6937115e+01  -4.6212886e+01   1.1351135e+01  -7.2858781e+01  -1.5092240e+01  -8.8473459e+01   5.9363267e+01   1.1902134e+01   5.4271922e+01   9.9002847e+01
  -8.2087768e+01   4.4265847e+01   9.9465054e+01  -7.8382289e+01  -8.6484417e+00  -7.3389643e+01   4.0767713e+01  -3.8745556e+01  -8.7135982e+01  -6.5245166e+01  -6.1499700e+01   3.4070364e+01  -2.2587283e+01  -8.5946368e+01   3.6209711e+01   7.1230647e+01  -8.0580449e+01  -2.1627608e+01  -2.4809405e+01   3.1035988e+00   7.8853272e+01   2.8364209e+01  -5.9344802e+01  -8.6223654e+01   6.0028986e+01  -1.5388195e+01   7.8463356e+01   9.8381512e+01  -1.9824743e+01  -3.1862256e+01
  -3.6651832e+01  -2.7142464e+01   2.3146477e+01   1.9490389e+01   3.7047670e+01   9.4764101e+01  -4.3934622e+01  -6.5206373e+01   8.4381789e+01  -4.7951118e+01  -2.4987680e+01   2.8948448e+01  -3.6706326e+01  -6.1516787e+01  -5.3365424e+01  -5.6031361e+01  -8.4112317e+01  -7.5225209e+01   7.5168951e+00   3.7772518e+01   4.4023850e+01   8.7760350e+01  -9.8355254e+01   1.6336421e+01   1.1269366e+01   3.7875490e+01   5.2190547e+01   6.4858390e+01   5.5385568e+00  -3.1697182e+01
  -8.6342456e+01  -4.7191783e+01   9.8833651e+01  -2.2910863e+01   5.7250084e+01   7.3922146e+01  -8.2960899e+01  -3.2582479e+00   6.8910213e+01  -6.8320950e+00   1.9847253e+01  -5.8369004e+01   3.4114269e+00  -6.8398471e+01   4.8875621e+01  -2.1845990e+00   2.9928811e+01  -9.1648933e+01  -3.3036804e+01  -1.3328760e+01  -8.0281834e+01   3.6184577e+01  -9.4575349e+01  -3.5830376e+01  -8.9503996e+01  -2.6088491e+01  -2.3224812e+01  -3.2824471e+01   7.8137967e+01  -5.2372533e+01
  -8.3808365e+01  -3.9701891e+01  -6.3995160e+01   4.3233162e+01   5.8052980e+01  -3.3734475e+01   5.6323127e+01   5.5331845e+01  -7.9061275e+01  -3.4204084e+01  -4.7778834e+01  -2.2320132e+01   7.9474729e+01   5.3355514e+01  -5.1141866e+01  -9.0704903e+00  -4.5528494e+01  -1.5363731e+01   3.9796191e+01   6.3486431e+01   6.5094871e+01  -1.9347018e+01   3.0319761e+01  -6.9513737e+01  -3.2018799e+01  -9.6142928e+01   5.3658465e+01  -8.4243724e+00  -9.1288487e+01  -8.0087635e+01
   9.1384862e+01   2.1760711e+01  -5.0650826e+01   8.5903887e+01  -1.4014402e+01  -9.0204958e+01   8.0975731e+01   9.5646868e+01   3.1556280e+01   4.5392296e+01  -2.2739920e+00   3.7156522e+01  -2.7411771e+01  -1.9800722e+01   2.8705415e+00  -9.0897995e+01   9.8271717e+01  -3.8078182e+01  -4.8705701e+01   2.2020666e+01  -1.0603442e+01  -1.6312194e+01  -1.7631619e+01   4.2811322e+01  -7.9444400e+01  -2.3965562e+01   5.0490101e+01  -7.0165908e+01   3.2176482e+01  -5.2611378e+01
   4.5522554e+01  -4.8293561e+01  -6.0978722e+00   7.1502900e+01   6.6682578e+01  -4.8045915e+00  -3.1973090e+01   8.4428301e+00   1.2300539e+01   8.5043545e+01  -4.5121459e+01  -4.0871669e+01   2.2509151e+01   7.8127787e+01   4.2889775e+01  -5.9699935e+01  -7.8366202e+01   4.7606403e+01   5.2404573e+01  -4.4204659e+01   6.9043664e+01   2.4877284e+01   2.4334137e+01   9.0978695e+01  -4.0917368e+01   2.6364057e+01   6.2588615e+00   7.4233157e+01   1.6891272e+01   2.0526387e+01
  -2.3697968e+00   8.8529866e+01  -3.0694733e+01  -6.0061929e+01  -8.0380029e+01   3.0423086e+01   2.1193449e+01   6.2215452e+01  -7.6487064e+00  -8.1256029e+01  -7.9460964e+01   7.4908847e+01  -8.7848807e+01   6.9447549e+01  -9.1783125e+00  -5.0363795e+01   9.7716172e+01   1.2863588e+01  -5.5893756e+01   7.5501660e+01   4.5512729e+01   7.0616868e+01  -6.4464344e+01   8.0604676e+00  -5.5631501e+00   4.6478901e+01   9.6119443e+01   3.3364525e+01   3.6627073e+01   7.5078705e+01
   1.5386333e+00  -6.4214125e+00  -5.1031016e+01   1.3205756e+01   5.2144859e+01  -3.0966205e+01  -1.0490581e+01   3.1577133e+00  -6.8531224e+01   9.6175664e+01  -4.0249233e+01  -6.9079545e+01   8.7147648e+01   3.4772309e+01  -1.4417991e+01   6.6561751e+01  -6.5735363e+01  -1.1871583e+01   5.0488310e+01   2.3099169e+01  -4.9166186e+01  -2.9918434e+01   2.2602524e+01  -3.2455102e+01   2.7198414e+01   3.3208836e+00   3.9071114e+00   2.5289842e+01   8.9837744e+01  -5.5303258e+01
   9.8928581e+01   7.5481051e+01   2.5189272e+01  -5.7624339e+01   8.3108218e+01  -7.3149753e+01   9.3613011e+01   2.3981215e+01   2.8154163e+01  -9.7286114e+01   5.7906592e+01   7.9911079e+01  -9.9564361e+01   3.2672527e+00   2.4885421e+01  -4.6962150e+01  -2.0203661e+01   9.5525663e+01  -3.9258516e+01   1.3351025e+01  -5.6775538e+01  -7.2918984e+01   9.5724022e+01  -5.7133800e+01  -7.2842529e+01  -8.9467388e+01  -4.7072253e+01   5.1464222e+01  -1.2861500e+01   1.3316279e+00
  -1.0552740e+00  -8.1158182e+01   9.4242018e+01  -1.5019983e+01  -4.5961915e+01   8.7050047e+01  -5.5850175e+01  -6.2076129e+01  -4.3880907e+01   3.4811917e+01   1.9641066e+01  -2.2230625e+01   8.7168603e+01   6.5388291e+01  -8.9744918e+01   6.5540420e+01  -2.2438597e+01  -1.0853054e+01  -9.8165692e+01  -4.3962832e+01  -4.1596530e+01  -1.4022420e+01   4.0267286e+01  -9.7928490e+01  -5.2600667e+01  -1.9704827e+01  -8.2461714e+01   7.6709188e+01  -1.2697523e+01  -3.8241969e+01
   6.4851371e+01   3.7498706e+01   6.0827944e+00  -6.4482263e+01   7.9402716e+01   6.1993695e+01  -2.2174227e+01  -4.2004127e+00   2.1480099e+01   3.0380896e+01   5.2504728e+01  -1.0458159e+01   2.8596500e+01  -4.3883347e+01  -1.1342707e+01  -5.0359199e+01  -6.9676237e+01  -5.8694625e+01   8.2832028e+01   1.6521517e+01   3.8660742e+01   7.1298205e+01  -2.7049338e+00  -3.1453525e+01  -1.6270955e+01  -7.6257570e+01   3.7131325e+00   9.4316758e+01  -3.4185432e+01  -3.2166068e+01
   6.0375126e+01  -6.8060039e+01  -6.8151339e+01  -6.7267104e+01   8.2869870e+01   5.5003671e+01  -1.4022697e+01  -4.8168704e+01   2.4477466e+01   9.7049869e+01   2.7385807e+01  -5.3387254e+01   5.6899639e+01  -9.9319011e+01   5.9481923e+01  -5.8469100e+01  -6.0093970e+01   9.5515880e+01   2.4614309e+01  -8.8956838e+01  -7.1540324e+01  -1.8431597e+01   5.5630247e+01  -6.7446526e+01  -9.4758860e+01   7.0270546e+01  -4.9414590e+01  -2.0968865e+01   3.7457595e+01   7.4197890e+01
   3.6196666e+01  -7.2160055e+01   1.5397868e+01   3.6882618e+01  -3.6760537e+01   2.3669730e+00  -1.0779747e+01   4.0362277e+00  -2.6793627e+01   3.0461626e+01   7.4311893e+01   7.3594489e+01   5.9609077e+00   9.1862963e+01   1.8203160e+01  -9.5337392e+01  -6.3553838e+01  -6.5065383e+00   2.2683604e+01  -7.2069067e+01  -5.7645623e+01   9.8014208e+01  -3.3991822e+01  -1.4832737e+01  -7.0748703e+01   9.1467376e+00  -8.1604408e+01  -1.3008805e+01  -8.3264462e+01   1.0982472e+01
  -9.6434987e+01   2.8820881e+01  -2.1547317e+01  -3.4672070e+01  -4.7036239e+01   2.0556583e+00  -8.8980592e+00   6.2074814e+01  -6.5356207e+00   3.7012138e+00  -5.9383050e+01   1.6129162e+01   1.9539852e+01   3.1313522e+01   1.6296449e+01   5.2769398e+01  -6.7288119e+01   6.7950134e+01   9.9263837e+01   3.2027133e+01  -7.5349279e+01   1.7427276e+01  -7.0752563e+01   8.9944504e+01   4.8396187e+01   7.4521527e+01  -6.7081432e+01  -5.2430207e+00  -3.0673460e+01  -4.0377009e+01
  -9.1964281e+01  -2.3679821e+01  -7.3613282e+01  -7.1402942e+01  -2.3609229e+01   2.7362451e+01   5.6069022e+01  -1.4426437e+01  -6.5750517e+01  -2.6662895e+01   9.5563188e+01  -8.1393455e+00   7.4827164e+01  -6.9582393e+01  -1.1509319e+01   8.4158760e+01   9.6077863e+01  -7.2912540e+00  -3.1101886e+01  -5.8110552e+01  -3.6756039e+01   7.9568079e+01  -8.5871935e+01  -5.0415245e+01  -9.6028321e+01   9.9371811e+01  -7.9973842e+01   8.3772233e+01  -7.3198612e+01  -5.8990487e+01
  -6.7169368e+01   5.5410455e+01   1.2028186e+01   3.3022228e+01   7.4712909e+01   2.1965722e+01   8.7767744e+01  -4.2885544e+01   5.2979128e+01  -7.0134732e+01   2.3874940e+01   2.4640723e+01   6.1670201e+01  -3.6428692e+01  -3.0284164e+01  -4.9285664e+01   8.4299365e+01   4.0697096e+01   4.1245211e+01  -6.9876636e+01   4.0746730e+01  -8.5241200e+01  -8.9495374e+01   4.7255210e+00   2.9909463e+01  -5.3323069e+01  -7.1972832e+01  -5.2482797e+01   7.4834270e+01   7.2146941e+01
   3.0321688e+01   7.4828032e+01   9.2736759e+01   8.9311788e+01   7.7265430e+01   7.5355503e+00   6.2633756e+01  -5.1499632e+01  -2.7210108e+01   3.5507033e+01  -6.0583322e+01  -6.1097474e+01   1.0076253e+01  -9.6323599e+01  -6.7797190e+01   7.0339323e+00  -1.4378438e+01  -1.8582004e+01   6.6453251e+01  -6.1459918e+01   3.5987178e+01   8.3664245e+01  -9.0761246e+01   7.6171005e+01  -1.5523639e+01  -8.8630174e+00   2.3477888e+01   4.8541607e+01   9.9197662e+01   8.5588224e+01
  -9.6178266e+01  -2.3754370e+01   3.1398977e+01  -9.4356247e+01   2.2305269e+01   4.7877696e+00   2.4586044e+01  -7.2110775e+01  -9.7504622e+00  -1.8166631e+01   8.1786968e+01  -1.9773451e+01  -6.1853148e+01   6.3321953e+01  -1.5490038e+01  -2.2842435e+01   4.3217571e+01   2.1052946e+01  -8.3636775e+01  -7.3918802e+01  -2.6426066e+01   1.2012736e+01   4.8037849e+01   9.6490466e+01  -2.8444626e+00  -9.9921957e+01   5.6331645e+01  -3.0566223e+01  -4.0822770e+01   6.6305980e+01
  -8.0409389e+01  -2.5231785e+01   2.8053011e+01  -9.3184820e+01  -3.6123235e+01   9.2331044e+01   3.3279429e+01  -8.2701408e+01  -4.8887439e+01  -7.1451784e+01  -4.4541848e+01   5.5288947e+01   4.1596283e+01   2.0584650e+01  -9.2116202e+01   6.9136322e+01  -5.4051742e+01  -9.8736749e-01  -9.3987124e+01   2.9589265e+01  -1.9911363e+01   5.3502977e+01  -2.3227338e+01   7.8281908e+01  -1.8441518e+01  -2.4633921e+01  -8.2310082e+01   9.6515392e+01   8.4339137e+01  -7.6190844e+00
   1.2293382e+01  -1.3222047e+00   9.8795423e+01  -9.4864829e+01  -4.8096792e+01  -3.4567449e+01  -7.5424741e+01   4.9186378e+01   2.5872183e+01  -6.0681047e+01  -7.2462709e+00  -4.6809213e+01  -9.9275620e+01  -7.6848561e+01   1.1783146e+01   7.8453765e+01   8.0241297e+01   3.9976572e+01  -5.3244640e+01   5.9003046e+00   6.0952978e+01   3.9963186e+01  -9.9917850e+01  -4.2984374e+01  -6.5842307e+01  -5.9353100e+01  -8.1063909e+01  -9.2265383e+01  -2.1327634e+01  -5.3312644e+01
  -7.7476291e+01  -1.3304699e+01  -4.3578761e+01   7.0938919e+01  -9.3037892e+01   9.6477542e+01   9.1036225e+01   9.6878471e+01   6.3760938e+01  -9.1342104e+01  -4.1584449e+01   4.4459433e+01  -7.9118976e+01   8.7079435e+01  -8.2478077e+00   9.7427925e+01  -1.7206645e+01   6.2029092e+01  -9.0038672e+01   2.3230165e+01  -1.9400858e+01   2.0343723e+01  -5.3712743e+01   6.5990855e+01  -8.6135026e+01  -5.3498024e+01  -2.6217744e+00   8.9919534e+01  -8.6412331e+01  -1.1176332e+01
  -5.8298334e+01   6.1568551e+01   8.9765923e-01   5.3686708e+01  -5.5522337e+01   5.9948660e+01  -9.2343321e+01   4.6384184e+01   9.0995877e+01  -3.3395247e+01  -3.4506732e+01   1.1841669e+01   4.5719103e+01  -3.9066933e+01   6.3553499e+01   6.2280660e+01  -2.7179430e+00  -1.3576508e+01  -7.1907680e+01   1.5084886e+01  -5.9387382e+01  -1.6474299e+01  -5.9206492e+01   3.7115693e+01   6.6210919e+01  -4.3125163e+01  -2.5591360e+01   1.1355303e+01  -3.2416442e+01   8.0608070e+01
  -5.3108165e+01  -1.9235956e+01  -3.4779493e+01  -2.0964492e+01  -4.3926859e+01   2.8445199e+01  -4.1786559e+01   9.3187664e+01  -1.8884267e+01  -5.8044275e+01  -9.5197933e+01   5.2921718e+01  -1.1754969e+01  -8.1027630e+01  -9.9324948e+01  -5.7298897e+01   5.7549909e+01   6.3847822e+01  -7.0328119e+01   2.7254759e+01   1.6669041e+01  -5.8785858e+01   4.1102450e+01   9.9491361e+01   6.4767271e+01   5.3676654e+01  -2.2123487e+01  -9.9155059e+01  -1.4110755e+01  -3.4476099e+01
   5.7058938e+01  -1.2945577e+01   4.2086420e+01   9.0151220e+01   4.1451665e+01  -7.2381707e+01  -3.5204573e+01   5.7776125e+01  -4.2454685e+01   5.9561895e+01  -5.7043281e+01  -2.2917175e+01   8.6549411e+01   9.6702633e+01   5.0241837e+01   2.3938140e+01  -8.8874864e+01  -3.2293698e+01  -5.2052140e+01   6.8529204e+00   3.5397566e+01  -5.6008819e+01   3.2575641e+01  -7.6128743e+01   7.0743350e+01  -6.6415821e+01   2.2892168e+01   2.7315162e+01   5.3874298e+01   9.1732262e+00
  -1.8488513e+01  -5.7504204e+01   2.5507158e+01   6.6372027e+01   5.2538076e+01   5.2665434e+01   4.0271003e+01   6.3590752e+01  -6.2444451e+01  -6.0620745e+01  -5.7675627e+01   5.3237346e+01   8.2796361e+01  -5.3827018e+01  -3.0588889e+01   3.9786787e+01  -9.6623263e+01   1.1700733e+01   2.1242532e+01  -9.9829990e+00  -9.3918270e+01   9.7834047e+01  -9.1795663e+01  -9.0472960e+01  -7.7199308e+01  -3.8089272e+01   4.1940668e+01  -7.5341248e+01   2.4929282e+00  -8.0761564e+01
   3.8718572e+01  -4.4987030e+01  -7.5699952e+00   2.8629522e+01  -9.2509938e+01   7.8934981e+01   9.3198889e+01  -6.1083181e+01  -6.9212537e+01  -5.6442198e+01   1.0949337e+01   7.7855917e+01  -3.6344843e+01  -9.6704332e+00  -9.5774746e+00   1.7751107e+01   4.2662839e+01   4.2698400e+01  -4.8994549e+01  -7.7009711e+01  -7.8282845e+01  -7.6816888e+01  -2.9751345e+01   4.5432819e+01  -2.3629509e+01   4.0949684e+01  -2.8297231e+01  -9.7069364e+01  -6.6980970e+01   7.3015330e+01
   1.1589622e+01  -9.3079242e+01  -6.6548849e+01  -6.5912013e+01  -8.0691151e+01   5.1185447e+01  -5.1323338e+01   5.2557797e+01   7.7655759e+00   8.9566548e+01   9.8095246e+01  -9.0853867e+01   9.6751601e+01  -3.6340217e+01  -9.3524466e+00   4.3334616e+01   8.6697070e+01   1.0070959e+01  -7.6475126e+01   4.8819355e+00   1.2520244e+01  -6.2215735e+01  -3.7863296e+01   9.2046228e+01   8.7865061e+01  -5.6539522e+01   6.1133625e+01  -4.6409681e+01   6.1810641e+01  -1.7423440e+01
   2.4667227e+01   9.5922304e+00   2.9337474e+00  -9.5727980e+01  -1.4377791e+01  -9.5958310e+01  -9.5154243e+01  -4.7890394e+00   5.3632841e+00   9.1055828e+01   5.4796627e+01  -6.7900567e+01   2.4313090e+01   4.9483495e+01  -6.9345695e+01   1.7069338e+01   8.5981478e+01  -6.0401547e+00   5.6678404e+01   2.4474928e+01  -9.1166386e+01  -8.4286027e+01  -5.7689805e+00  -1.4836491e+01   9.8046363e+01   9.2903457e+00   8.8532905e+01  -7.8229026e+01  -6.6408435e+01  -2.5899737e+01
   3.6990404e+01   9.5919736e+01  -8.9617137e+01  -8.1857693e+01  -8.3788911e+01   3.5745364e+01   8.3386796e+01  -8.5903856e+01   1.8493346e+01  -5.4406707e+01   9.4920896e+01  -1.9564345e+01   3.0887795e+00   2.0284151e+00   1.8706512e+01  -2.6451703e+01  -7.7547325e+01   2.1748910e+01   5.4868752e+00   1.4505697e+00  -7.1870564e+01  -3.5453081e+01   1.9613492e+00   4.9115219e+01   4.5220985e+01   4.2596189e+01  -1.6165357e+01   1.5919331e+01  -4.8966144e+01   2.2088387e+01
   2.4608367e+01   8.0546765e+01   2.1335449e+01   9.9060066e+01   8.3703586e+01  -9.9223225e+01   8.6532571e+01  -5.1915993e+01   9.6828670e+01   4.1151615e+01   4.5761785e+01   7.8977669e+01  -1.2002429e+01   9.6648758e+01   5.6559923e+01   1.0918009e+01  -6.0316331e+01   6.1568741e+00  -8.0424876e+01  -1.1699882e+01  -3.8159582e+01   5.7528312e+01   5.8897245e+01   1.1430435e+01   4.0300229e+01  -8.8326901e+01  -3.9983366e+01  -9.0480665e+01   8.1663899e+01  -4.2590005e+01
   7.2569629e+01  -2.2059732e+01  -1.1469262e+01  -1.6258129e+01   9.5782135e+01   2.0334868e+01  -6.0551080e+01   1.5133680e+01   9.3371936e+01   3.5169430e+01  -9.6088878e+01  -1.8415184e+01   2.2801790e+01  -4.7531690e+01   6.8277411e+01  -4.1716451e+01  -5.5365861e+01  -5.4813139e+01  -4.3353272e+01   6.5841170e+01   1.0502870e+01   1.4720734e+00   2.0606489e+01   3.2309420e+01   1.7323473e+01   8.4478046e+01  -1.6154446e-01   6.7711033e+01   8.3890811e+01   2.1204202e+01
   7.1108605e+01  -5.9028129e+01  -4.3931385e+00  -2.3759799e+01  -1.5169866e+01  -5.1011768e-01  -8.2314883e+01   1.6417057e+01  -9.5779327e+01  -9.9055399e+01   1.0817805e+01  -7.7597943e+01   3.9641354e+01   5.0213864e+01  -5.0031487e+01  -5.0170531e+01   9.2841468e+01  -3.0444675e+01  -5.2100592e+00   7.2195646e+01  -7.7679974e+01  -2.1143137e+01   7.0654626e+01   4.7868481e+01   5.2496478e+01  -5.2907887e+01   5.1405610e+01  -5.3568894e+01  -7.8281800e+00  -9.2924085e+01
   4.8442197e+00  -2.0153099e+01   7.9886146e+01  -6.5713008e+01  -9.5056307e+01   1.8436513e+01   1.4043857e+01   1.6492364e+01  -3.1732389e+01   1.1911940e+01  -2.0465266e+01   8.9137900e+01   7.5300803e+01   9.7689888e+01  -2.1726023e+01   8.4023046e+01  -8.4985893e+00   3.2328570e+01   4.2899677e+00   9.6580243e+01   7.9933835e+01   2.6040880e+01  -3.0634811e+01  -3.8832126e+01   8.0247800e+01  -7.8680787e+01  -4.0736259e+01   7.0311474e+01   4.5882715e+01   2.8556327e+01
  -4.6362451e+01   4.5625972e+01   7.8440997e+01   1.9858271e+00   1.0617946e+01   7.6173384e+01   7.1251967e+01   1.9908527e+01  -3.5506849e+00  -9.7598221e+01  -4.4242171e+01   1.4825894e+01   6.5584006e+01   4.0914887e+01  -3.1628316e+01  -1.9594728e+01   7.7807786e+00  -6.2051093e+01  -1.3061727e+01  -1.8263333e+01  -5.8872701e+01  -4.1321202e+01  -4.8775388e+01  -3.7477844e+01   9.7353513e+00   6.6163557e+01  -4.0500233e+01   7.5432807e+01   5.0977048e+01  -3.4952602e+01
  -4.8376652e+01   4.6825844e+01  -1.2511190e+01  -3.7508659e+01   8.0731246e+01   3.9015166e+01   5.1358840e+01  -4.6671301e+01   2.2244581e+01  -6.5543389e+01  -6.9624298e+01   3.6788466e+01  -5.6409585e+01   5.2736884e+01  -8.6610671e+01  -5.1963655e+01  -2.9156954e+01   2.1531979e+01  -1.7424459e+01   2.3224582e+01  -1.3634582e+01  -1.6820275e+01   4.3161715e+01   7.5298228e+01  -4.7550608e+01  -9.3912759e+01   2.8664412e+01   6.4911104e+01   5.5725194e+01  -4.9484153e+00
   6.8655659e+01  -5.1480037e+01  -2.6006387e+01   9.2929237e+01  -6.1885875e+00   6.5858365e+00  -8.9192398e+01   2.4456060e+01   3.3035555e+01   5.1905316e+01   3.5101921e+01  -3.4571950e+01   9.6866200e+01   2.4535320e+00   6.3475075e+01  -2.1094148e+01  -3.6258551e+00   4.4573944e+01   1.5846402e+01  -5.5505834e+01  -5.4815042e+01  -2.8924119e+01   2.8414462e+01   2.8604181e+01  -8.9571542e+01   9.8503761e+01  -2.2429632e+01  -4.0189484e+01  -5.0489832e+01  -8.9926068e+01
   1.0843268e+01   2.7822933e+01  -5.7427263e+01  -5.4712250e+01  -8.6703579e+01   9.3889147e+00  -2.9908375e+01  -8.8128918e+01   2.9400163e+01   9.4618819e+01  -1.2722319e+00  -1.7481689e+01   9.6050003e+01   9.3934518e+00   3.5612040e+01   1.8473073e+00   6.5870883e+01   6.3336639e+01  -5.5965199e+01  -8.1702268e+01  -9.4820908e+00   5.3239643e+01  -4.7389381e+01   8.8654025e+01  -7.2361517e+00  -2.1100698e+00   4.5537834e+01   8.2613303e+01   1.0755117e+01  -1.0635856e+01
   5.1560430e+01   3.8295352e+01   2.0409715e+01  -7.5535020e+01  -2.1831629e+01   3.5245416e+01   6.1174781e+01  -8.0882486e+01  -4.4625426e+01  -9.2953270e+01  -9.1202821e+00   6.5234383e+00  -4.6810844e+01  -7.9463706e+01   9.8253179e+00   8.7152253e+01  -7.1269650e+01   7.9691207e+00  -5.8985459e+01   1.5166667e+01  -4.9361410e+01   2.9964486e+01  -9.8661425e+01  -9.7792724e+01   4.6867527e+01  -7.9897277e+01   5.5011670e+01   4.9155030e+01  -7.0015704e+01  -9.6976311e+01
  -8.9713927e+01  -2.3286494e+01  -1.2182311e+01  -9.2828244e+01   6.7042210e+01   5.6446046e+01   7.1649356e+01   4.2562354e+01   1.8919584e+01   5.0075540e+01  -5.8852789e+01  -8.1040034e+01  -5.5851176e+01  -6.7997111e+01   2.8079047e+01   2.8146212e+01  -5.0205509e+01  -7.4692201e+01   6.2986632e+01   2.2861512e+01   2.8365224e+00  -9.8706333e+01  -9.4944898e+01   6.6895822e+01  -6.9628801e+01   7.9774169e+01   6.4104512e+01   1.0267144e+01   9.7444949e+01   1.2592214e+01
   9.9084613e+01   8.9530246e+01  -6.5560406e+01  -2.5380685e+01  -3.0066406e+01   6.3897325e+01   5.3203137e+01   2.7845923e+01   4.3413763e+01   7.5454543e+01   7.8512357e+01   8.2253076e+01   3.3726588e+01   3.1849279e+01  -8.6004985e+01   1.9275696e+01   4.6691166e+01   3.7535736e+00   7.9160048e+01   7.9174465e+01  -9.5407535e+00  -2.0584253e+01   2.0048838e+01   9.3243939e+01   7.3623244e+01   4.6870215e+01  -2.5808665e+01   6.6978008e+01   2.0762302e+00   8.2940381e+01
  -7.2830542e+01  -1.5531039e+01   8.4144048e+01   7.6902872e+01   5.3135055e+01  -7.9859641e+01  -2.3571073e+01  -7.2951014e+01   6.9488542e+01  -8.8764413e+01  -2.3041272e+01  -4.5543679e+01   4.4548625e+01   3.0986666e+00   4.0036967e-01  -6.6955883e+01   3.7111236e+01   1.7852218e+01   2.6029879e+00   2.7907459e+01   1.7114584e+01  -8.4132874e+01   9.2409265e+01  -9.1026089e+01   9.5877379e+00   7.1014363e+01  -5.8620026e+01  -9.8764009e+01  -1.2642232e+01  -5.9385899e+01
  -8.8203271e+01   8.2125815e+01   8.5627336e+01   6.9202215e+01  -1.8663712e+01  -3.5529802e+01   2.2907194e+01   2.0106513e+01   8.7823651e+01  -4.4820245e+01   7.1970816e+01  -8.4925187e+00   2.0043592e+01   5.8387288e+01   2.8292062e+01   4.0235348e+01   2.2928697e+01   3.7646329e+01   5.7422453e+01   9.0310034e+01   8.1701089e+01   7.8618750e+01   2.2961193e+01  -7.2456457e+01   7.3490490e+01  -1.3947234e+01   5.7665498e+01   8.8802601e+01   5.0635847e+01   4.5429682e+01
   3.1695832e+01   1.2176110e+01  -1.8306130e+01  -7.2114554e+01  -1.5765704e+01  -1.8228934e+01  -1.5311015e+01   2.5338771e+01  -5.6922419e+01  -9.3803704e+01  -7.9176926e+01  -8.7764193e+01   4.2301524e+01   6.6833308e+00   3.5357451e+01   1.0748101e+01  -1.6841393e+01   2.8799080e+01   7.6344086e+00   5.0456577e+01  -9.4932829e+01  -5.4186403e+01   4.2979066e+01  -2.5092291e+01   1.5871080e+01   7.9164108e+01   5.0959742e+01  -9.6880407e+01   3.2320074e-01   4.3895337e+01
  -4.5640749e+01   4.5551895e+01   5.7826517e+01   7.2197259e+01  -8.2236296e+01  -6.0848507e+01   9.5156456e+01   6.3237881e+01   3.9628473e+01  -7.0863200e+01   4.2223480e+01   5.2996615e+00   8.3996652e+01  -5.6297355e+01   1.4309114e+01  -6.7399136e+01  -2.2253845e+01  -5.3194387e+01   5.1433649e+01  -7.6522200e+01  -2.0501067e+01  -1.2564028e+01   9.7547558e+01   4.4513160e-01   9.5488995e+01  -2.9590678e+01  -5.6046712e+01   9.5190378e+01   4.2742394e+01   5.0173563e+01
   9.8139721e+01  -9.5502874e+01  -6.0428842e+01   8.9432718e+01   8.2031279e+01  -6.7456843e+01  -9.6443012e+00   1.4277257e+01  -4.4668108e+00  -7.8285503e+01   1.3454672e+01   5.5704834e+01   8.1198469e+00   6.5580918e+01  -8.6582577e+01   6.0615245e+01   2.4002232e+01   5.9607591e+00  -8.9535713e+01   8.2075999e+01  -4.2094303e+00  -4.3144722e+01  -8.6620095e+01   5.8886887e+01  -9.1307030e+01   5.5964978e+01  -1.0548765e+01   1.2328242e+01   9.6434065e+01   5.9737531e+01
   3.0171222e+01   7.2348403e+01  -6.3396170e+01  -8.8849887e+01  -3.5367960e+01  -6.3932002e+01   2.5094645e+01  -4.8995244e-01   4.3585570e+01  -8.8629898e+01  -7.6184167e+01   5.3891629e+00   7.5704728e+01   7.2884043e+00  -5.0995938e+00  -9.9321504e+01   3.9262063e+01   2.2007682e+01  -4.8788925e+01  -1.7821928e+01   8.4423878e+01   5.0804407e+01  -7.9573809e+01  -8.5153540e+01   2.6114048e+01  -6.8417325e+01   7.6370176e+01  -1.3701638e+01   7.9849467e+01   9.5949184e+01
  -2.7503435e+01   3.6285351e+01   2.2238959e+01  -8.1481580e+01   4.3562952e+01   5.6089624e+01   9.3722757e+00  -8.6660870e+01  -5.3510832e+01   4.3463805e+01   3.0818321e+01  -5.9193351e+01  -1.5759508e+01  -6.4207490e+01   9.9007747e+01   8.9704065e+00  -4.8534286e+01   7.0434282e+01   5.0038061e+01   4.2377949e+01  -9.5459078e+01   8.0681859e+01   4.7896114e+01  -5.6412368e+00   1.1123800e+00  -2.1050600e+01  -2.3738367e+01  -6.7409261e+01   6.0504099e+01   8.1006967e+01
   5.6967958e+01  -5.1820444e+01   6.4451367e+01  -9.7474921e+01   1.3930745e+01  -7.6299574e+00  -5.7827667e+01   3.2437528e+00  -7.0567866e+01   6.3980405e+01  -2.2025277e+01  -9.7584657e+01  -6.4599748e+01   4.9872025e+01   3.3638690e+01  -5.0433967e+01   7.9683466e+01  -4.4277960e+01  -1.1645386e+01  -7.9224422e+01   7.4991959e+01   7.8509315e+01  -9.6617200e+01   3.3099888e+00  -9.1648973e+01  -8.8592644e+01  -8.8195872e+01  -5.2994987e+00  -2.3193129e+01   8.7386477e-01
  -1.2713928e+01   6.3869174e+01  -1.1036399e+01   8.3051393e+01  -1.7800179e+00   4.9683937e+01  -3.1587824e+01   5.6193097e+00  -9.4800623e+01  -5.7882973e+01   3.9228715e+00   7.7420822e+01  -5.1567961e+01  -9.2658596e+01  -9.6291755e+01  -6.0469141e+01  -5.7872109e+01   8.4884876e+01   1.3047747e+01   7.7046415e+01  -3.2082263e+01  -5.4994385e+01   1.3799519e+01   5.6037564e+01   8.4378844e+01   4.2075926e+01  -7.1114947e+01   9.5868094e+01   6.3513939e+01  -4.3174390e+01
   4.7602122e+01  -5.0068412e+01   3.0763732e+01   2.9960742e+01   7.6646914e+01   2.1764731e+00   9.9438600e+01  -8.1730686e+01  -1.3424140e+01   5.5127547e+01   7.7763686e+01  -2.6011381e+01   9.0881589e+01   7.7961861e+00   8.4908704e+01  -2.8833428e+00  -1.8927813e+01  -3.8569773e+01  -4.2833922e+01   7.4696128e+01   4.8647889e+01   4.0861711e+01   3.7986826e+01  -7.4971827e+01   4.8937612e+01  -2.6447026e+01  -9.6483244e+00  -2.5512812e+01  -5.9875838e+01   1.3937148e+01
   9.9960690e+01   9.0725703e+00   7.1615125e+01  -6.8576306e+01   4.4077198e+01   5.0069998e+01  -6.1653782e+01   2.2540046e+01  -9.6667409e+01   7.7416616e+01  -7.4208473e+01   3.1629079e+01  -4.5111597e+01  -6.5785962e+01  -2.9077452e+01   1.8917619e+01  -7.2255423e+01  -3.6334307e+01  -3.0266600e+01   8.3952893e+01   3.4542406e+01   1.3303410e+01   5.3687141e+01  -6.1143075e+01  -9.9188124e+01  -9.1654482e+01   2.4979048e+01  -8.0955337e+01   9.1120714e+01  -2.2646201e+01
  -8.3138598e+01   6.5757445e+01   2.7386945e+01  -2.9736266e+01  -2.7207783e+01  -7.8033192e+01  -1.9944050e+01   8.1543869e+01  -7.9944448e+01   2.0841838e+01  -2.6044320e+01  -5.4186107e+01  -2.9450738e+01   6.7227936e+01   4.5859764e+01  -7.7491889e+01  -2.9645328e+01  -1.3754033e+01   5.3042577e+01   4.9773302e+01   9.0503270e+01   8.5486732e+01  -6.1417745e+00  -3.6868751e+01  -2.1855893e+01  -7.3078676e+01  -7.0087430e+01   8.7666197e+01   2.8067354e+01  -5.0312658e+00
  -4.7675246e+01   9.7588359e+01   3.2613777e+01  -7.7190235e+00  -4.2318211e+01  -3.1759348e+01   8.4232219e+01   3.0257192e+01  -7.5131490e+01   4.4632612e+00   8.3938322e+01   6.8173373e+01  -6.3726528e+01  -8.2890816e+01   1.1717920e+00   4.2492298e+01   1.7983058e+01  -3.6673483e+01   5.2947206e+01   3.3610143e+00   4.5396866e+01  -1.0749115e+00  -1.7491409e+01  -4.2006890e+01  -5.4112849e+01   6.8134259e+01  -5.4649802e+01  -7.4256117e+00   8.4191656e+01   3.1136586e+01
   7.1202036e+00  -6.1417688e+01  -9.2922321e+00   2.4527967e+01   2.9443531e+01  -2.5794852e+01   1.8084682e+01   1.3012772e+00   7.4187139e+01  -6.3469039e+01   4.5035638e+01  -9.8304404e+01   2.3293890e+01   9.9272621e+01   8.4937358e+01   7.7055042e+01   5.9303868e+01   6.3926975e+01  -1.5037380e+01  -4.0332064e+01  -7.3951443e+01   9.1660194e+01  -8.5338684e+00   1.5503999e+01   6.7614518e+01   4.2724357e+01  -2.9443287e+01  -7.7522422e+00   8.1745556e+01  -2.9815885e+01
   4.2318147e+00   8.4062980e+01   7.2189744e+01  -4.1080997e+01  -6.0473648e+00  -7.4689169e+01   6.6288704e+01   6.0708408e+01  -1.3968827e+01  -1.7725374e+01  -7.4065634e+01  -6.6842535e+00   1.8750300e+01   5.5013119e+01  -4.8332083e+01  -6.7494340e+01   4.4286909e+01   1.3249875e+01   1.5331305e+01  -3.4002166e+01   5.4158639e+01   4.7724391e+01   6.8120421e+01  -9.4846358e+01  -1.7508125e+01  -8.5958746e+01  -8.9785981e+01   1.2707589e+01  -7.1735976e+01   2.0368297e+01
  -6.0164934e+01  -7.5811147e+01  -1.9730059e+01  -8.6540266e+01   9.5989546e+01   1.5726531e+01  -9.7144507e+01   3.6856761e+01   6.3484458e+01   7.3802204e+01  -3.3517689e+01   1.9029247e+01   7.5105967e+01  -6.0203186e+01  -2.8912687e+01  -6.9691451e+00  -3.7619817e+01  -8.2883313e+01  -3.4597059e+01  -6.3340284e+01   5.0075487e+01   4.9953489e+01  -5.9338020e+01   5.4227988e+01  -2.5701482e+01   6.3827780e+01  -2.5201271e+01  -9.4304317e+00  -2.4317765e+01   1.1114425e+01
  -4.1159953e+01  -5.9218038e+00   2.2745427e+01   9.7095841e+01  -1.4043738e+01   7.5986652e+01  -3.4093914e+01   9.0727358e+01   1.4669137e+01  -2.0416588e+01  -7.0606106e+01  -4.4378387e+01   5.0868347e+01   1.0137821e+00   3.4912836e+01  -6.1931910e+01  -8.0462997e+01  -5.0974838e+01   6.4356751e+01  -2.0506648e+01  -5.6963512e+01  -8.3481171e+01  -6.7518986e+01   9.5199185e+01  -3.4224720e+00   9.0512354e+01  -7.6501756e+01   3.3162077e+01   6.3203174e+01  -1.7127740e+01
  -7.5152829e+01  -6.7916151e+01  -3.1038837e+01   4.8176665e+01  -2.9565486e+01  -7.7679267e+01  -7.6080014e+01   4.3007873e+01   5.0423311e+01  -7.7916355e+01   9.0804881e+01  -1.3714563e+01   2.4391276e+01  -7.8502753e+01  -8.0404261e+01   6.2165852e+01   5.9159649e+01   7.2473906e+01  -8.7668945e+01  -1.5001182e+01   5.0500806e+01   9.5326141e+01  -7.8963182e+01  -2.8299471e+01   4.8243762e+01  -2.9925605e+01   1.3350329e+01   3.4511386e+01   6.3902185e+01   4.1965310e+01
