    17842  37.300273 -121.668848     3.526      127.7     1138.5      -69.4     15.1     17.4     40.1 1984  4 25  4 35 19.170 1.9   1
    81017  37.302559 -121.671826     3.557     -136.2     1392.3      -38.4     21.0     25.2     34.2 1986  9  2  7 24 15.870 0.8   1
    82606  37.301921 -121.670703     3.213      -37.1     1321.5     -382.5    358.6    382.9    718.0 1986  9 15 20 17 49.920 2.7   1
    83805  37.301929 -121.670939     3.556      -58.1     1322.3      -39.2     19.6     22.9     27.7 1986  9 25 12  1 52.830 1.4   1
    88698  37.302596 -121.671802     3.577     -134.5     1396.3      -17.9     21.0     23.5     27.2 1986 11 25 13  0 35.660 1.0   1
   101361  37.300977 -121.669686     3.555       53.2     1216.4      -40.4     15.0     17.4     38.6 1987  6  3  6 56  7.740 1.9   1
   101362  37.300326 -121.669157     3.551      100.2     1144.2      -44.3     14.9     17.2     39.5 1987  6  3  6 58 51.320 1.7   1
   103138  37.300623 -121.669482     3.560       71.4     1177.1      -34.7     14.8     17.2     38.6 1987  7 14 19  2 57.020 1.7   1
   110939  37.300903 -121.671143     3.534      -75.8     1208.6      -61.4     35.0     22.2     72.9 1988  1 15  1 56 42.310 1.4   1
   112868  37.302563 -121.671598     3.520     -116.4     1392.6      -75.3     20.5     23.3     23.8 1988  2 25 10  0 17.780 0.9   1
   120788  37.301929 -121.670931     3.580      -57.3     1322.2      -14.8     21.4     23.1     32.8 1988  7 23 10 42 21.740 1.5   1
   126189  37.300924 -121.669661     3.541       55.5     1210.7      -54.4     16.0     17.3     41.4 1988 11  2  3  9 12.610 1.9   1
   126292  37.300301 -121.669295     3.566       88.0     1141.5      -29.1     14.8     17.2     39.0 1988 11  3  1 30  4.280 1.7   1
   126389  37.300260 -121.669124     3.564      102.9     1137.3      -31.0     14.9     17.3     39.4 1988 11  4 13 34 34.720 1.9   1
   148939  37.300264 -121.668628     3.446      147.2     1137.6     -149.1     14.7     17.2     39.4 1989 12 13  5 33 46.080 1.6   1
   158154  37.302620 -121.671737     3.604     -128.6     1398.9        9.1     20.0     25.2     26.4 1990  5 23 11 11 37.580 1.0   1
   160503  37.300769 -121.669173     3.460       99.2     1193.5     -135.1     14.9     18.3     40.6 1990  7  5 20  4 42.800 1.7   1
   205031  37.300736 -121.670410     3.389      -11.0     1189.9     -206.1     34.0     22.9     75.1 1991  1 20  5  0 30.930 1.2   1
   215747  37.300305 -121.668628     3.445      147.3     1142.0     -149.8     14.6     17.2     39.4 1991  5 29  9 45 22.620 1.8   1
   227435  37.300806 -121.670508     3.415      -19.8     1197.5     -180.3     33.5     22.2     71.1 1991  8 10 17  6  5.760 1.2   1
   238704  37.300932 -121.669434     3.477       76.1     1211.5     -118.1     15.3     17.4     40.2 1991 12  3  5 24 24.980 2.0   1
   238790  37.300509 -121.668937     3.461      120.0     1164.7     -134.0     14.6     17.2     39.4 1991 12  4  0  8 49.550 1.9   1
   261841  37.302494 -121.671598     3.559     -116.2     1385.1      -36.0     20.9     23.1     26.8 1992  4  6  9 39 49.410 0.9   1
   312743  37.301876 -121.670972     3.589      -60.3     1316.6       -6.4     20.1     22.8     28.9 1992  8 29 17  4 29.020 1.6   1
   314921  37.300761 -121.668457     3.681      162.2     1192.7       85.5     21.6     63.7    177.5 1992  9 11  1 22 13.650 1.1   1
   331635  37.302275 -121.671655     3.537     -121.6     1360.8      -58.3     21.4     23.2     29.5 1993  1 10 22 13  9.440 1.2   1
   389286  37.300199 -121.668644     3.457      145.9     1130.2     -138.0     14.6     17.2     39.4 1993 12 20 22 35  7.800 1.8   1
   399980  37.301025 -121.670516     3.489      -20.2     1221.9     -105.8     33.6     21.9     69.7 1994  4  6  4 11 34.960 1.4   1
 30062741  37.300907 -121.669255     3.625       92.0     1208.9       29.4     22.1     65.3    179.4 1994 11 16 16 50 58.150 2.0   1
 30062748  37.301245 -121.669596     3.656       61.7     1246.4       60.7     24.1     83.5    205.7 1994 11 16 18  3 42.360 1.3   1
 30069218  37.300732 -121.668327     3.630      173.6     1189.6       34.9     19.3     56.2    159.0 1995  3  3  9 38 49.200 1.2   1
 30069222  37.300708 -121.668335     3.653      173.2     1186.6       58.0     21.2     61.1    170.2 1995  3  3 12 30 15.850 1.8   1
 30069457  37.300305 -121.668457     3.538      162.1     1142.0      -57.0     14.7     17.5     39.4 1995  3  7 13 19 41.960 1.3   1
 30092060  37.300456 -121.668709     3.480      139.9     1158.8     -115.5     14.6     17.2     39.2 1995 12 15 18 53 39.820 1.8   1
