    17842  37.300224 -121.668766     3.497      134.9     1133.1      -97.6     15.3     16.7     20.8 1984  4 25  4 35 19.170 1.9   1
    81017  37.302669 -121.671647     3.531     -120.7     1404.6      -64.0     14.1     17.1     17.6 1986  9  2  7 24 15.870 0.8   1
    82606  37.302608 -121.670793     3.495      -44.8     1397.6     -100.5     12.8     12.3     18.3 1986  9 15 20 17 49.920 2.7   1
    83805  37.301953 -121.670573     3.481      -25.1     1324.9     -114.4     10.8     10.0     15.0 1986  9 25 12  1 52.830 1.4   1
    88698  37.302726 -121.670874     4.322      -52.2     1410.6      726.6     19.0     19.5     53.9 1986 11 25 13  0 35.660 1.0   1
   101361  37.301143 -121.669165     3.509       99.4     1234.9      -86.2     13.4     12.1     18.1 1987  6  3  6 56  7.740 1.9   1
   101362  37.300419 -121.668758     3.420      135.6     1154.9     -175.6     12.4     10.8     16.2 1987  6  3  6 58 51.320 1.7   1
   103138  37.300382 -121.669482     3.444       71.7     1150.8     -151.1     10.5      9.0     14.0 1987  7 14 19  2 57.020 1.7   1
   110939  37.301318 -121.670736     3.243      -40.0     1254.3     -352.4     14.5     12.8     20.6 1988  1 15  1 56 42.310 1.4   1
   112868  37.303691 -121.671110     4.370      -73.2     1517.8      775.0     14.8     15.1     32.7 1988  2 25 10  0 17.780 0.9   1
   120788  37.301514 -121.670817     3.487      -47.2     1276.4     -108.0     13.0     10.9     16.1 1988  7 23 10 42 21.740 1.5   1
   126189  37.300395 -121.670036     3.514       22.2     1152.1      -80.8     12.7     10.8     16.6 1988 11  2  3  9 12.610 1.9   1
   126292  37.300651 -121.668856     3.381      127.3     1180.5     -214.6      9.9     11.1     13.7 1988 11  3  1 30  4.280 1.7   1
   126389  37.299801 -121.669482     3.519       71.7     1086.1      -76.5     11.9     11.4     16.8 1988 11  4 13 34 34.720 1.9   1
   148939  37.300586 -121.668514     3.471      157.1     1173.1     -123.7     13.1     13.7     20.6 1989 12 13  5 33 46.080 1.6   1
   158154  37.302653 -121.671899     3.629     -142.9     1402.7       33.4     13.9     16.1     22.4 1990  5 23 11 11 37.580 1.0   1
   160503  37.301017 -121.669686     3.546       53.3     1221.2      -49.5     10.0     11.1     13.2 1990  7  5 20  4 42.800 1.7   1
   205031  37.301481 -121.669564     3.279       63.9     1272.6     -316.0     15.6     10.4     16.3 1991  1 20  5  0 30.930 1.2   1
   215747  37.300024 -121.668880     3.479      125.0     1110.9     -115.7     11.9     12.7     15.8 1991  5 29  9 45 22.620 1.8   1
   227435  37.300716 -121.670907     3.364      -55.1     1187.8     -231.3     17.1     18.0     18.6 1991  8 10 17  6  5.760 1.2   1
   238704  37.301070 -121.669141     3.497      101.6     1227.0      -98.6      8.8      8.2     12.1 1991 12  3  5 24 24.980 2.0   1
   238790  37.300663 -121.669263     3.543       91.2     1181.7      -52.6     10.2      9.5     13.9 1991 12  4  0  8 49.550 1.9   1
   261841  37.302856 -121.670833     3.527      -48.5     1425.4      -68.0     15.4     17.0     29.7 1992  4  6  9 39 49.410 0.9   1
   312743  37.301668 -121.671037     3.567      -66.1     1293.5      -28.0     13.8     14.9     17.7 1992  8 29 17  4 29.020 1.6   1
   314921  37.298848 -121.668652     3.619      144.7      980.5       24.3     12.3     10.8     18.7 1992  9 11  1 22 13.650 1.1   1
   331635  37.301640 -121.672412     3.449     -188.5     1290.4     -146.5     21.7     16.5     19.7 1993  1 10 22 13  9.440 1.2   1
   389286  37.299809 -121.668880     3.443      125.2     1087.2     -152.0     12.3     13.2     16.2 1993 12 20 22 35  7.800 1.8   1
   399980  37.301156 -121.670394     3.332       -9.4     1236.4     -262.9     13.0     14.0     17.7 1994  4  6  4 11 34.960 1.4   1
 30062741  37.301229 -121.669914     3.357       32.9     1244.8     -238.0     11.2      9.7     15.4 1994 11 16 16 50 58.150 2.0   1
 30062748  37.301156 -121.669718     3.522       50.5     1236.5      -73.0     18.7     18.2     17.6 1994 11 16 18  3 42.360 1.3   1
 30069218  37.300102 -121.668774     3.683      134.0     1119.6       87.7     12.5     15.3     18.3 1995  3  3  9 38 49.200 1.2   1
 30069222  37.300509 -121.668831     3.543      129.2     1164.5      -51.9     12.4     12.8     16.1 1995  3  3 12 30 15.850 1.8   1
 30069457  37.301066 -121.668774     3.361      134.5     1226.3     -234.1     20.4     16.3     20.7 1995  3  7 13 19 41.960 1.3   1
 30092060  37.300578 -121.669002     3.430      114.0     1172.4     -164.6     10.3     11.2     13.7 1995 12 15 18 53 39.820 1.8   1
