    17842  37.300236 -121.669002     3.538      114.0     1134.3      -57.2      9.2      8.6     22.0 1984  4 25  4 35 19.170 1.9   1
    81017  37.302633 -121.671517     3.518     -108.9     1400.6      -77.3     18.1     21.4     48.2 1986  9  2  7 24 15.870 0.8   1
    82606  37.301510 -121.670972     3.200      -60.9     1275.9     -394.9     80.3    121.6    340.7 1986  9 15 20 17 49.920 2.7   1
    83805  37.301961 -121.670532     3.475      -21.3     1325.9     -120.2     13.3     13.1     28.9 1986  9 25 12  1 52.830 1.4   1
    88698  37.302686 -121.671484     3.546     -106.3     1406.3      -49.2     17.8     16.5     41.0 1986 11 25 13  0 35.660 1.0   1
   101361  37.300765 -121.669393     3.448       79.3     1193.1     -147.5      9.0      9.9     23.0 1987  6  3  6 56  7.740 1.9   1
   101362  37.300126 -121.668856     3.440      127.2     1122.2     -155.5      8.6      8.2     20.7 1987  6  3  6 58 51.320 1.7   1
   103138  37.300427 -121.669173     3.451       98.6     1155.6     -143.6      8.5      8.5     20.6 1987  7 14 19  2 57.020 1.7   1
   110939  37.300671 -121.670711     3.446      -37.5     1182.7     -148.7     25.2     18.6     56.9 1988  1 15  1 56 42.310 1.4   1
   112868  37.302653 -121.671305     3.497      -90.4     1402.8      -97.7     16.5     14.7     34.4 1988  2 25 10  0 17.780 0.9   1
   120788  37.302010 -121.670654     3.536      -32.7     1331.5      -59.5     18.9     14.0     42.0 1988  7 23 10 42 21.740 1.5   1
   126189  37.300838 -121.669816     3.534       41.6     1201.0      -61.0     11.1      9.5     27.6 1988 11  2  3  9 12.610 1.9   1
   126292  37.300146 -121.669067     3.480      107.9     1124.3     -115.2      8.5      8.2     20.2 1988 11  3  1 30  4.280 1.7   1
   126389  37.300110 -121.668937     3.484      119.9     1120.4     -110.8      8.6      8.7     20.8 1988 11  4 13 34 34.720 1.9   1
   148939  37.300256 -121.668953     3.487      118.3     1136.7     -107.7      8.4      7.9     19.0 1989 12 13  5 33 46.080 1.6   1
   158154  37.302861 -121.671549     3.606     -111.5     1425.5       11.3     14.6     21.6     37.2 1990  5 23 11 11 37.580 1.0   1
   160503  37.300741 -121.669474     3.506       71.9     1190.5      -89.5      8.4     10.7     20.7 1990  7  5 20  4 42.800 1.7   1
   205031  37.300614 -121.670369     3.389       -7.1     1176.5     -206.5     27.1     20.5     67.8 1991  1 20  5  0 30.930 1.2   1
   215747  37.300281 -121.668913     3.482      121.6     1139.6     -113.1      8.3      8.1     19.6 1991  5 29  9 45 22.620 1.8   1
   227435  37.300753 -121.670703     3.469      -36.9     1191.6     -126.6     24.2     18.6     55.9 1991  8 10 17  6  5.760 1.2   1
   238704  37.300920 -121.669735     3.517       49.2     1210.4      -77.7      9.3      9.9     23.0 1991 12  3  5 24 24.980 2.0   1
   238790  37.300492 -121.669214     3.496       95.6     1162.9      -98.7      8.2      8.5     20.9 1991 12  4  0  8 49.550 1.9   1
   261841  37.302629 -121.671338     3.526      -93.1     1399.8      -69.1     17.6     14.9     39.1 1992  4  6  9 39 49.410 0.9   1
   312743  37.301933 -121.670671     3.524      -33.7     1322.5      -70.8     13.1     13.1     28.6 1992  8 29 17  4 29.020 1.6   1
   314921  37.301021 -121.668693     3.786      141.4     1221.6      191.1      9.2     30.6     86.1 1992  9 11  1 22 13.650 1.1   1
   331635  37.302389 -121.671330     3.486      -92.3     1373.2     -108.9     17.4     14.2     37.9 1993  1 10 22 13  9.440 1.2   1
   389286  37.300179 -121.668945     3.496      119.2     1128.1      -99.0      8.3      8.1     20.0 1993 12 20 22 35  7.800 1.8   1
   399980  37.300952 -121.670679     3.532      -34.5     1213.7      -63.4     24.5     18.2     52.9 1994  4  6  4 11 34.960 1.4   1
 30062741  37.301371 -121.669482     3.726       71.6     1260.2      131.0      9.2     25.9     71.5 1994 11 16 16 50 58.150 2.0   1
 30062748  37.301636 -121.669865     3.696       37.5     1289.6      101.1     10.5     33.8     93.2 1994 11 16 18  3 42.360 1.3   1
 30069218  37.300875 -121.668538     3.704      155.2     1205.4      108.4      9.1     28.9     81.1 1995  3  3  9 38 49.200 1.2   1
 30069222  37.300968 -121.668571     3.759      152.3     1215.8      163.4      9.2     25.7     71.9 1995  3  3 12 30 15.850 1.8   1
 30069457  37.300248 -121.668734     3.558      138.0     1135.8      -37.6      8.8      8.7     21.2 1995  3  7 13 19 41.960 1.3   1
 30092060  37.300435 -121.669010     3.515      113.2     1156.7      -80.3      8.3      8.2     20.3 1995 12 15 18 53 39.820 1.8   1
