    17842  37.300244 -121.668905     3.527      122.6     1135.3      -67.7     19.4     19.6     39.6 1984  4 25  4 35 19.170 1.9   1
    81017  37.302551 -121.671712     3.559     -126.0     1391.5      -36.4     26.4     24.7     30.8 1986  9  2  7 24 15.870 0.8   1
    82606  37.301290 -121.670760     3.070      -41.7     1251.3     -524.6    345.9    312.7    823.3 1986  9 15 20 17 49.920 2.7   1
    83805  37.301880 -121.670654     3.545      -32.8     1316.8      -49.9     25.7     22.6     27.3 1986  9 25 12  1 52.830 1.4   1
    88698  37.302584 -121.671688     3.574     -124.4     1394.8      -20.9     26.5     23.5     25.1 1986 11 25 13  0 35.660 1.0   1
   101361  37.300972 -121.669808     3.569       42.5     1216.0      -26.4     19.3     19.6     38.1 1987  6  3  6 56  7.740 1.9   1
   101362  37.300317 -121.669255     3.563       91.8     1143.5      -31.7     19.2     19.4     38.6 1987  6  3  6 58 51.320 1.7   1
   103138  37.300618 -121.669596     3.574       61.4     1176.9      -21.0     19.1     19.4     37.9 1987  7 14 19  2 57.020 1.7   1
   110939  37.300911 -121.671208     3.541      -81.8     1209.4      -54.1     38.8     23.5     79.3 1988  1 15  1 56 42.310 1.4   1
   112868  37.302551 -121.671501     3.520     -107.7     1391.4      -75.3     26.3     23.2     21.9 1988  2 25 10  0 17.780 0.9   1
   120788  37.301860 -121.670532     3.546      -21.4     1314.4      -49.5     28.0     22.8     35.0 1988  7 23 10 42 21.740 1.5   1
   126189  37.300952 -121.669906     3.583       33.7     1214.0      -12.3     20.2     19.5     41.0 1988 11  2  3  9 12.610 1.9   1
   126292  37.300305 -121.669434     3.587       76.1     1142.2       -8.3     19.2     19.4     38.3 1988 11  3  1 30  4.280 1.7   1
   126389  37.300256 -121.669238     3.581       93.0     1136.5      -14.0     19.2     19.5     38.5 1988 11  4 13 34 34.720 1.9   1
   148939  37.300248 -121.668669     3.450      143.5     1135.6     -145.5     19.1     19.4     38.9 1989 12 13  5 33 46.080 1.6   1
   158154  37.302539 -121.671606     3.595     -116.8     1389.9       -0.4     26.0     24.9     23.8 1990  5 23 11 11 37.580 1.0   1
   160503  37.300753 -121.669230     3.465       94.1     1191.9     -130.1     19.2     20.1     39.8 1990  7  5 20  4 42.800 1.7   1
   205031  37.300728 -121.670443     3.385      -13.4     1189.0     -210.0     37.9     23.9     80.9 1991  1 20  5  0 30.930 1.2   1
   215747  37.300285 -121.668677     3.447      143.2     1139.8     -147.7     19.0     19.4     38.9 1991  5 29  9 45 22.620 1.8   1
   227435  37.300789 -121.670524     3.407      -21.1     1195.8     -188.2     37.5     23.4     77.9 1991  8 10 17  6  5.760 1.2   1
   238704  37.300911 -121.669466     3.478       73.0     1209.5     -116.7     19.5     19.5     39.6 1991 12  3  5 24 24.980 2.0   1
   238790  37.300496 -121.668986     3.464      115.6     1163.1     -130.8     19.0     19.4     38.9 1991 12  4  0  8 49.550 1.9   1
   261841  37.302458 -121.671460     3.558     -104.0     1380.8      -36.9     26.5     23.2     24.5 1992  4  6  9 39 49.410 0.9   1
   312743  37.302714 -121.670825     3.528      -47.8     1409.5      -67.1    344.8    414.8   1021.9 1992  8 29 17  4 29.020 1.6   1
   314921  37.300826 -121.668481     3.708      160.4     1199.9      113.0     22.9     56.4    161.0 1992  9 11  1 22 13.650 1.1   1
   331635  37.302238 -121.671566     3.539     -113.0     1356.5      -55.8     27.0     23.1     27.9 1993  1 10 22 13  9.440 1.2   1
   389286  37.300179 -121.668685     3.460      142.0     1128.0     -135.5     19.0     19.4     38.8 1993 12 20 22 35  7.800 1.8   1
   399980  37.301009 -121.670524     3.481      -20.6     1220.1     -114.2     37.6     23.2     76.6 1994  4  6  4 11 34.960 1.4   1
 30062741  37.300968 -121.669271     3.651       89.9     1215.5       55.9     23.2     57.2    162.1 1994 11 16 16 50 58.150 2.0   1
 30062748  37.301310 -121.669621     3.680       59.3     1253.6       84.5     24.4     70.9    179.3 1994 11 16 18  3 42.360 1.3   1
 30069218  37.300777 -121.668351     3.651      171.6     1194.3       55.9     21.3     48.5    140.9 1995  3  3  9 38 49.200 1.2   1
 30069222  37.300769 -121.668359     3.679      171.3     1193.6       84.2     22.6     53.7    153.7 1995  3  3 12 30 15.850 1.8   1
 30069457  37.300285 -121.668506     3.541      158.3     1139.7      -54.4     19.1     19.7     38.6 1995  3  7 13 19 41.960 1.3   1
 30092060  37.300435 -121.668758     3.482      135.5     1156.7     -113.1     19.0     19.4     38.6 1995 12 15 18 53 39.820 1.8   1
