    17842  37.300199 -121.668896     3.510      123.1     1130.1      -85.0     13.6     13.7     19.0 1984  4 25  4 35 19.170 1.9   1
    81017  37.302478 -121.671794     3.544     -133.5     1383.1      -50.8     18.7     24.2     32.9 1986  9  2  7 24 15.870 0.8   1
    82606  37.300789 -121.670711     2.670      -37.5     1195.7     -925.0    342.2    345.5    369.5 1986  9 15 20 17 49.920 2.7   1
    83805  37.301782 -121.670760     3.522      -42.0     1305.9      -72.6     17.9     21.7     24.3 1986  9 25 12  1 52.830 1.4   1
    88698  37.302511 -121.671777     3.563     -132.2     1386.9      -31.9     18.7     22.5     25.9 1986 11 25 13  0 35.660 1.0   1
   101361  37.300907 -121.669759     3.540       46.8     1209.0      -55.1     14.0     14.1     22.2 1987  6  3  6 56  7.740 1.9   1
   101362  37.300256 -121.669222     3.536       94.9     1136.8      -59.0     13.7     13.7     20.8 1987  6  3  6 58 51.320 1.7   1
   103138  37.300553 -121.669548     3.546       65.6     1169.6      -49.4     13.7     13.7     20.6 1987  7 14 19  2 57.020 1.7   1
   110939  37.300850 -121.671134     3.512      -75.2     1202.7      -83.3     37.5     20.5     72.7 1988  1 15  1 56 42.310 1.4   1
   112868  37.302482 -121.671590     3.507     -115.1     1383.7      -87.7     18.2     22.3     22.1 1988  2 25 10  0 17.780 0.9   1
   120788  37.301750 -121.670638     3.523      -30.8     1302.5      -72.2     19.9     21.9     29.7 1988  7 23 10 42 21.740 1.5   1
   126189  37.300867 -121.669784     3.537       45.1     1204.6      -58.1     14.9     13.9     24.6 1988 11  2  3  9 12.610 1.9   1
   126292  37.300236 -121.669377     3.555       80.8     1134.6      -39.7     13.6     13.6     19.9 1988 11  3  1 30  4.280 1.7   1
   126389  37.300179 -121.669165     3.544       99.6     1128.1      -50.8     13.6     13.6     19.4 1988 11  4 13 34 34.720 1.9   1
   148939  37.300195 -121.668669     3.428      143.8     1129.7     -167.1     13.6     13.7     19.6 1989 12 13  5 33 46.080 1.6   1
   158154  37.302515 -121.671729     3.593     -127.9     1387.3       -1.6     17.4     24.3     25.7 1990  5 23 11 11 37.580 1.0   1
   160503  37.300700 -121.669214     3.444       95.2     1185.9     -150.9     13.8     15.0     21.8 1990  7  5 20  4 42.800 1.7   1
   205031  37.300675 -121.670394     3.361       -9.4     1183.1     -233.8     36.7     21.3     74.6 1991  1 20  5  0 30.930 1.2   1
   215747  37.300228 -121.668669     3.426      143.8     1133.6     -168.9     13.5     13.7     19.6 1991  5 29  9 45 22.620 1.8   1
   227435  37.300741 -121.670492     3.386      -17.9     1190.3     -209.2     36.1     20.4     70.6 1991  8 10 17  6  5.760 1.2   1
   238704  37.300859 -121.669466     3.458       73.1     1203.4     -137.2     14.2     14.1     22.3 1991 12  3  5 24 24.980 2.0   1
   238790  37.300439 -121.668978     3.443      116.4     1157.1     -152.1     13.4     13.7     19.8 1991 12  4  0  8 49.550 1.9   1
   261841  37.302401 -121.671558     3.545     -112.4     1374.6      -50.5     18.7     22.2     25.7 1992  4  6  9 39 49.410 0.9   1
   312743  37.303129 -121.670483     4.002      -17.1     1455.4      406.6     19.7     41.3    103.5 1992  8 29 17  4 29.020 1.6   1
   314921  37.301180 -121.668538     3.829      154.8     1239.3      234.0     14.3     32.9     90.5 1992  9 11  1 22 13.650 1.1   1
   331635  37.302177 -121.671606     3.519     -117.2     1349.6      -75.9     19.1     22.2     26.9 1993  1 10 22 13  9.440 1.2   1
   389286  37.300126 -121.668685     3.439      142.5     1122.1     -156.1     13.4     13.7     19.5 1993 12 20 22 35  7.800 1.8   1
   399980  37.300960 -121.670475     3.460      -16.9     1214.6     -134.9     36.1     20.1     69.3 1994  4  6  4 11 34.960 1.4   1
 30062741  37.301449 -121.669320     3.786       85.8     1268.8      190.6     13.8     27.0     70.6 1994 11 16 16 50 58.150 2.0   1
 30062748  37.301676 -121.669694     3.761       52.6     1294.4      165.9     16.1     44.4    116.5 1994 11 16 18  3 42.360 1.3   1
 30069218  37.300964 -121.668392     3.714      168.0     1215.0      119.0     13.5     25.8     66.9 1995  3  3  9 38 49.200 1.2   1
 30069222  37.301127 -121.668408     3.796      166.7     1233.3      201.0     13.8     26.4     67.5 1995  3  3 12 30 15.850 1.8   1
 30069457  37.300240 -121.668514     3.526      157.1     1134.7      -69.5     13.4     13.9     18.5 1995  3  7 13 19 41.960 1.3   1
 30092060  37.300387 -121.668758     3.461      135.9     1151.1     -133.7     13.4     13.6     19.3 1995 12 15 18 53 39.820 1.8   1
