    17842  37.300240 -121.668237     3.523      181.9     1134.7      -71.7   1113.8   1139.4    142.0 1984  4 25  4 35 19.170 1.9   1
    42643  36.906356 -121.674886     8.200     -408.9   -42579.7     4604.9  37882.7  38873.5   3285.4 1985  3  2  8 55 29.590 2.1   1
    81017  37.303857 -121.671566     3.486     -113.4     1536.1     -109.0   1121.1   1176.0    108.1 1986  9  2  7 24 15.870 0.8   1
    82606  37.302376 -121.670662     3.415      -33.0     1371.7     -180.1   1115.5   1133.3    156.0 1986  9 15 20 17 49.920 2.7   1
    83805  37.301750 -121.670483     3.449      -17.2     1302.3     -146.5   1119.5   1138.9    119.5 1986  9 25 12  1 52.830 1.4   1
    88698  37.302714 -121.670955     4.213      -59.3     1409.5      618.1   1120.2   1175.2    185.0 1986 11 25 13  0 35.660 1.0   1
   101361  37.301017 -121.668783     3.426      133.3     1221.3     -168.6   1116.2   1127.8    193.2 1987  6  3  6 56  7.740 1.9   1
   101362  37.300085 -121.669613     3.520       59.6     1117.6      -75.5   1113.3   1138.6    110.8 1987  6  3  6 58 51.320 1.7   1
   103138  37.300317 -121.669246     3.455       92.1     1143.3     -140.5   1110.5   1135.2    122.8 1987  7 14 19  2 57.020 1.7   1
   110939  37.301379 -121.671623     3.323     -118.6     1261.1     -271.8   1118.5   1141.0    115.1 1988  1 15  1 56 42.310 1.4   1
   112868  37.303825 -121.671021     4.209      -65.2     1532.8      614.3   1126.0   1184.1    145.3 1988  2 25 10  0 17.780 0.9   1
   120788  37.302559 -121.670890     3.561      -53.1     1392.2      -33.9   1119.4   1170.4     89.0 1988  7 23 10 42 21.740 1.5   1
   126189  37.300171 -121.672819     3.729     -224.1     1127.1      133.5   1099.9   1151.6     67.5 1988 11  2  3  9 12.610 1.9   1
   126292  37.300517 -121.668612     3.400      148.4     1165.4     -195.6   1113.6   1135.5    139.3 1988 11  3  1 30  4.280 1.7   1
   126389  37.299495 -121.669458     3.484       73.5     1052.3     -110.9   1106.6   1123.4    164.0 1988 11  4 13 34 34.720 1.9   1
   148939  37.300509 -121.668831     3.533      129.0     1164.8      -61.7   1110.1   1134.0    140.6 1989 12 13  5 33 46.080 1.6   1
   158154  37.303552 -121.671891     3.388     -142.4     1502.5     -207.1   1122.2   1178.6    155.4 1990  5 23 11 11 37.580 1.0   1
   160503  37.301379 -121.668652     3.449      144.9     1261.4     -146.3   1119.4   1141.8    135.3 1990  7  5 20  4 42.800 1.7   1
   205031  37.301294 -121.669979     3.313       27.2     1251.9     -282.0   1120.1   1136.4    137.7 1991  1 20  5  0 30.930 1.2   1
   215747  37.299886 -121.668970     3.545      117.1     1095.5      -50.0   1113.2   1139.6    113.7 1991  5 29  9 45 22.620 1.8   1
   227435  37.300216 -121.669906     3.409       33.9     1132.1     -186.3   1116.5   1141.9    118.5 1991  8 10 17  6  5.760 1.2   1
   238704  37.300920 -121.669157     3.491      100.0     1210.4     -104.5   1118.1   1142.0    112.7 1991 12  3  5 24 24.980 2.0   1
   238790  37.300533 -121.669124     3.554      102.9     1167.3      -41.2   1116.4   1141.5    113.5 1991 12  4  0  8 49.550 1.9   1
   261841  37.302681 -121.671004     3.518      -63.3     1405.7      -76.9   1121.2   1144.3    142.4 1992  4  6  9 39 49.410 0.9   1
   312743  37.301444 -121.671086     3.544      -70.8     1268.3      -51.1   1116.0   1138.8    107.5 1992  8 29 17  4 29.020 1.6   1
   314921  37.299304 -121.668628     3.765      147.4     1031.1      169.7   1105.2   1138.8    119.8 1992  9 11  1 22 13.650 1.1   1
   331635  37.301790 -121.671069     3.398      -69.3     1307.0     -197.2   1122.4   1140.8    122.7 1993  1 10 22 13  9.440 1.2   1
   389286  37.299601 -121.669230     3.446       94.0     1063.9     -149.1   1107.1   1135.9    122.8 1993 12 20 22 35  7.800 1.8   1
   399980  37.301095 -121.670304     3.332       -1.6     1229.6     -263.4   1114.6   1135.6    132.7 1994  4  6  4 11 34.960 1.4   1
 30062741  37.300842 -121.669694     3.384       52.9     1201.6     -210.9   1112.8   1134.6    128.8 1994 11 16 16 50 58.150 2.0   1
 30062748  37.300977 -121.669230     3.494       94.0     1216.7     -101.0   1121.1   1146.0    117.2 1994 11 16 18  3 42.360 1.3   1
 30069218  37.300590 -121.668815     3.707      130.6     1173.5      111.7   1113.5   1163.3     94.4 1995  3  3  9 38 49.200 1.2   1
 30069222  37.300354 -121.668742     3.565      137.3     1147.5      -30.3   1114.8   1141.8    117.5 1995  3  3 12 30 15.850 1.8   1
 30069457  37.300659 -121.669124     3.390      103.1     1181.5     -205.0   1117.7   1140.0    135.8 1995  3  7 13 19 41.960 1.3   1
 30092060  37.300411 -121.668766     3.443      134.7     1153.8     -152.3   1112.2   1137.9    126.8 1995 12 15 18 53 39.820 1.8   1
