    17842  37.300350 -121.668286     3.485      177.4     1147.0     -110.4     65.4     75.6     94.7 1984  4 25  4 35 19.170 1.9   1
    81017  37.302966 -121.671956     3.514     -147.7     1437.4      -80.7     59.6     76.4     79.1 1986  9  2  7 24 15.870 0.8   1
    82606  37.302507 -121.670776     3.421      -43.6     1386.2     -173.9     53.7     54.8     81.2 1986  9 15 20 17 49.920 2.7   1
    83805  37.302043 -121.670361     3.486       -6.8     1335.0     -109.5     47.2     45.4     67.3 1986  9 25 12  1 52.830 1.4   1
    88698  37.302865 -121.671240     4.356      -84.2     1426.2      760.6     74.2     85.7    240.2 1986 11 25 13  0 35.660 1.0   1
   101361  37.301257 -121.668831     3.474      129.5     1247.9     -121.2     55.7     54.1     81.0 1987  6  3  6 56  7.740 1.9   1
   101362  37.299984 -121.669442     3.372       74.9     1106.4     -222.6     48.8     46.4     72.2 1987  6  3  6 58 51.320 1.7   1
   103138  37.300403 -121.669295     3.426       88.2     1153.0     -169.4     43.9     40.4     63.1 1987  7 14 19  2 57.020 1.7   1
   110939  37.301526 -121.671240     3.344      -84.4     1277.6     -250.7     61.5     58.0     88.1 1988  1 15  1 56 42.310 1.4   1
   112868  37.303939 -121.671265     4.302      -86.9     1545.5      706.9     59.2     65.8    147.4 1988  2 25 10  0 17.780 0.9   1
   120788  37.301290 -121.671159     3.453      -77.4     1251.3     -142.1     55.1     48.6     72.3 1988  7 23 10 42 21.740 1.5   1
   126189  37.299430 -121.673096     3.712     -249.0     1044.9      116.6     53.1     50.1     70.1 1988 11  2  3  9 12.610 1.9   1
   126292  37.300631 -121.668620     3.367      148.2     1178.1     -228.0     43.4     50.5     62.0 1988 11  3  1 30  4.280 1.7   1
   126389  37.299744 -121.669450     3.508       74.6     1079.9      -87.5     51.6     51.7     74.8 1988 11  4 13 34 34.720 1.9   1
   148939  37.300557 -121.668929     3.509      120.3     1169.9      -85.9     55.3     61.7     85.4 1989 12 13  5 33 46.080 1.6   1
   158154  37.302600 -121.671948     3.649     -146.9     1396.8       53.7     60.6     73.8    100.9 1990  5 23 11 11 37.580 1.0   1
   160503  37.301676 -121.668514     3.488      157.7     1294.3     -107.5     40.7     49.6     57.7 1990  7  5 20  4 42.800 1.7   1
   205031  37.301558 -121.669425     3.294       76.8     1281.2     -301.6     64.2     46.0     73.6 1991  1 20  5  0 30.930 1.2   1
   215747  37.299829 -121.668937     3.446      119.4     1089.4     -148.9     50.2     57.6     70.7 1991  5 29  9 45 22.620 1.8   1
   227435  37.300635 -121.669425     3.456       76.3     1178.7     -139.5     70.0     82.1     80.6 1991  8 10 17  6  5.760 1.2   1
   238704  37.301058 -121.669076     3.474      107.7     1225.5     -120.6     37.8     37.3     54.5 1991 12  3  5 24 24.980 2.0   1
   238790  37.300655 -121.669084     3.534      106.8     1181.0      -61.4     43.9     43.2     62.7 1991 12  4  0  8 49.550 1.9   1
   261841  37.302958 -121.671069     3.575      -69.5     1436.5      -19.9     67.3     76.2    128.4 1992  4  6  9 39 49.410 0.9   1
   312743  37.301628 -121.671134     3.557      -75.3     1288.9      -38.5     59.3     68.0     80.1 1992  8 29 17  4 29.020 1.6   1
   314921  37.298934 -121.668652     3.555      144.9      990.0      -39.9     52.0     49.9     82.6 1992  9 11  1 22 13.650 1.1   1
   331635  37.302157 -121.670776     3.450      -43.2     1347.3     -145.2     85.8     73.6     88.3 1993  1 10 22 13  9.440 1.2   1
   389286  37.299650 -121.669368     3.397       81.9     1069.4     -198.2     51.5     59.9     72.6 1993 12 20 22 35  7.800 1.8   1
   399980  37.301229 -121.670288     3.336        0.2     1244.6     -259.0     57.6     64.5     79.8 1994  4  6  4 11 34.960 1.4   1
 30062741  37.300993 -121.669759     3.356       46.6     1218.3     -239.1     48.5     43.4     66.7 1994 11 16 16 50 58.150 2.0   1
 30062748  37.301306 -121.669132     3.532      102.5     1253.1      -63.2     77.6     83.2     79.0 1994 11 16 18  3 42.360 1.3   1
 30069218  37.300077 -121.669010     3.705      113.6     1117.0      110.2     54.8     70.7     83.4 1995  3  3  9 38 49.200 1.2   1
 30069222  37.300423 -121.668807     3.516      131.3     1155.0      -79.3     54.8     58.8     72.6 1995  3  3 12 30 15.850 1.8   1
 30069457  37.300972 -121.668945     3.415      118.9     1216.3     -180.2     78.0     73.6     88.9 1995  3  7 13 19 41.960 1.3   1
 30092060  37.300496 -121.668896     3.391      123.6     1163.2     -204.6     44.6     51.1     61.6 1995 12 15 18 53 39.820 1.8   1
