    17842  37.300199 -121.668913     3.523      121.7     1130.2      -72.0     13.9     14.4     22.6 1984  4 25  4 35 19.170 1.9   1
    81017  37.302551 -121.671737     3.545     -128.4     1391.5      -50.5     19.2     24.1     35.5 1986  9  2  7 24 15.870 0.8   1
    82606  37.301444 -121.670809     2.966      -45.8     1268.7     -629.1    365.7    369.4    419.9 1986  9 15 20 17 49.920 2.7   1
    83805  37.301904 -121.670825     3.537      -47.9     1319.8      -58.3     17.9     21.4     27.2 1986  9 25 12  1 52.830 1.4   1
    88698  37.302588 -121.671712     3.566     -126.4     1395.6      -29.3     19.2     22.3     28.0 1986 11 25 13  0 35.660 1.0   1
   101361  37.300883 -121.669670     3.531       55.0     1206.0      -64.5     14.2     14.8     25.5 1987  6  3  6 56  7.740 1.9   1
   101362  37.300228 -121.669173     3.530       99.1     1133.7      -64.7     14.0     14.4     24.5 1987  6  3  6 58 51.320 1.7   1
   103138  37.300529 -121.669482     3.538       71.7     1166.7      -56.8     13.9     14.4     24.0 1987  7 14 19  2 57.020 1.7   1
   110939  37.300846 -121.671061     3.521      -68.8     1202.1      -74.4     32.7     20.9     66.0 1988  1 15  1 56 42.310 1.4   1
   112868  37.302559 -121.671525     3.510     -109.4     1392.3      -85.4     18.6     22.0     24.4 1988  2 25 10  0 17.780 0.9   1
   120788  37.301912 -121.670825     3.563      -47.6     1320.4      -32.0     19.8     21.5     32.6 1988  7 23 10 42 21.740 1.5   1
   126189  37.300830 -121.669645     3.516       57.2     1200.1      -78.8     15.0     14.6     27.2 1988 11  2  3  9 12.610 1.9   1
   126292  37.300203 -121.669279     3.540       89.5     1130.7      -54.8     13.8     14.4     23.5 1988 11  3  1 30  4.280 1.7   1
   126389  37.300159 -121.669108     3.538      104.6     1125.9      -57.0     13.9     14.4     23.3 1988 11  4 13 34 34.720 1.9   1
   148939  37.300179 -121.668677     3.435      142.7     1128.1     -159.9     13.7     14.3     23.2 1989 12 13  5 33 46.080 1.6   1
   158154  37.302637 -121.671688     3.601     -123.9     1400.7        6.3     17.8     24.2     27.8 1990  5 23 11 11 37.580 1.0   1
   160503  37.300680 -121.669214     3.449       94.9     1183.7     -146.0     14.0     15.7     25.3 1990  7  5 20  4 42.800 1.7   1
   205031  37.300675 -121.670353     3.377       -5.8     1183.1     -217.8     31.7     21.7     68.2 1991  1 20  5  0 30.930 1.2   1
   215747  37.300220 -121.668685     3.436      142.3     1132.8     -159.6     13.6     14.3     23.1 1991  5 29  9 45 22.620 1.8   1
   227435  37.300741 -121.670467     3.405      -15.6     1190.5     -190.1     31.2     20.8     63.6 1991  8 10 17  6  5.760 1.2   1
   238704  37.300859 -121.669515     3.473       68.3     1203.4     -122.0     14.4     14.7     24.9 1991 12  3  5 24 24.980 2.0   1
   238790  37.300427 -121.668978     3.450      116.1     1155.5     -144.9     13.6     14.4     23.5 1991 12  4  0  8 49.550 1.9   1
   261841  37.302498 -121.671517     3.550     -109.2     1385.5      -44.9     19.1     21.8     27.5 1992  4  6  9 39 49.410 0.9   1
   312743  37.301855 -121.670850     3.568      -50.1     1314.1      -26.7     17.9     21.3     26.9 1992  8 29 17  4 29.020 1.6   1
   314921  37.301078 -121.668563     3.802      152.8     1228.1      206.8     15.6     42.0    115.0 1992  9 11  1 22 13.650 1.1   1
   331635  37.302275 -121.671566     3.525     -113.5     1360.5      -70.3     19.7     21.9     30.2 1993  1 10 22 13  9.440 1.2   1
   389286  37.300118 -121.668701     3.448      140.8     1121.2     -147.4     13.7     14.4     23.2 1993 12 20 22 35  7.800 1.8   1
   399980  37.300964 -121.670459     3.481      -15.4     1215.4     -114.2     31.3     20.5     62.1 1994  4  6  4 11 34.960 1.4   1
 30062741  37.301457 -121.669336     3.774       84.7     1269.9      178.5     15.3     38.5    103.1 1994 11 16 16 50 58.150 2.0   1
 30062748  37.301892 -121.669727     3.791       50.0     1318.0      195.6     17.8     56.5    144.8 1994 11 16 18  3 42.360 1.3   1
 30069218  37.300952 -121.668400     3.720      167.3     1214.0      124.4     14.0     31.4     83.6 1995  3  3  9 38 49.200 1.2   1
 30069222  37.301054 -121.668433     3.779      164.7     1225.0      183.8     14.7     34.2     90.4 1995  3  3 12 30 15.850 1.8   1
 30069457  37.300228 -121.668522     3.531      156.5     1133.3      -64.4     13.7     14.6     22.5 1995  3  7 13 19 41.960 1.3   1
 30092060  37.300378 -121.668774     3.471      134.5     1150.1     -124.6     13.6     14.3     22.9 1995 12 15 18 53 39.820 1.8   1
