    17842  37.300338 -121.668286     3.476      177.6     1145.5     -118.9     65.3     75.6     93.8 1984  4 25  4 35 19.170 1.9   1
    81017  37.302954 -121.671948     3.514     -147.4     1436.2      -80.7     59.9     76.8     80.2 1986  9  2  7 24 15.870 0.8   1
    82606  37.302494 -121.670785     3.417      -43.8     1385.1     -178.1     53.7     54.7     81.4 1986  9 15 20 17 49.920 2.7   1
    83805  37.302039 -121.670353     3.484       -6.0     1334.5     -110.6     47.1     45.2     67.7 1986  9 25 12  1 52.830 1.4   1
    88698  37.302840 -121.671232     4.318      -83.6     1423.2      722.9     74.0     85.0    247.2 1986 11 25 13  0 35.660 1.0   1
   101361  37.301249 -121.668823     3.467      129.7     1247.0     -128.6     55.6     53.9     81.8 1987  6  3  6 56  7.740 1.9   1
   101362  37.299976 -121.669450     3.372       74.5     1105.4     -223.3     48.8     46.6     69.7 1987  6  3  6 58 51.320 1.7   1
   103138  37.300403 -121.669279     3.424       89.1     1152.8     -170.9     43.8     40.4     62.5 1987  7 14 19  2 57.020 1.7   1
   110939  37.301526 -121.671240     3.345      -84.2     1277.6     -250.4     61.4     57.9     88.0 1988  1 15  1 56 42.310 1.4   1
   112868  37.303931 -121.671273     4.292      -87.5     1544.2      697.1     59.2     65.4    151.6 1988  2 25 10  0 17.780 0.9   1
   120788  37.301359 -121.671134     3.501      -75.2     1259.0      -94.6     56.0     49.3     73.7 1988  7 23 10 42 21.740 1.5   1
   126189  37.299418 -121.673096     3.708     -248.8     1043.4      112.5     53.2     50.3     70.5 1988 11  2  3  9 12.610 1.9   1
   126292  37.300627 -121.668620     3.366      147.6     1177.6     -229.2     43.4     50.5     61.4 1988 11  3  1 30  4.280 1.7   1
   126389  37.299736 -121.669450     3.501       74.3     1078.7      -94.5     51.5     51.5     75.2 1988 11  4 13 34 34.720 1.9   1
   148939  37.300545 -121.668929     3.501      120.3     1168.6      -93.9     55.3     61.7     85.0 1989 12 13  5 33 46.080 1.6   1
   158154  37.302763 -121.671981     3.735     -150.2     1414.7      140.3     60.4     71.7    103.1 1990  5 23 11 11 37.580 1.0   1
   160503  37.301676 -121.668514     3.487      157.5     1294.2     -108.1     40.6     49.4     58.0 1990  7  5 20  4 42.800 1.7   1
   205031  37.301563 -121.669409     3.291       78.0     1281.8     -303.8     63.9     45.9     72.6 1991  1 20  5  0 30.930 1.2   1
   215747  37.299817 -121.668945     3.441      119.2     1087.8     -154.0     50.2     57.7     69.2 1991  5 29  9 45 22.620 1.8   1
   227435  37.300631 -121.669434     3.455       75.9     1178.4     -139.8     69.7     81.7     80.8 1991  8 10 17  6  5.760 1.2   1
   238704  37.301058 -121.669076     3.474      107.4     1225.6     -121.6     37.8     37.2     54.2 1991 12  3  5 24 24.980 2.0   1
   238790  37.300651 -121.669084     3.530      106.7     1180.4      -64.8     43.8     43.2     62.4 1991 12  4  0  8 49.550 1.9   1
   261841  37.302930 -121.671053     3.564      -68.0     1433.4      -31.5     67.2     76.1    127.5 1992  4  6  9 39 49.410 0.9   1
   312743  37.301628 -121.671143     3.556      -75.4     1288.7      -38.6     59.1     67.8     79.4 1992  8 29 17  4 29.020 1.6   1
   314921  37.298918 -121.668652     3.547      145.1      987.9      -47.7     52.0     49.8     82.6 1992  9 11  1 22 13.650 1.1   1
   331635  37.302148 -121.670793     3.449      -44.7     1346.5     -146.3     85.6     73.3     88.8 1993  1 10 22 13  9.440 1.2   1
   389286  37.299642 -121.669360     3.394       82.1     1068.7     -200.6     51.5     60.0     71.6 1993 12 20 22 35  7.800 1.8   1
   399980  37.301229 -121.670288     3.336       -0.3     1244.7     -259.6     57.6     64.4     79.5 1994  4  6  4 11 34.960 1.4   1
 30062741  37.300989 -121.669759     3.356       46.8     1218.1     -239.2     48.5     43.4     66.1 1994 11 16 16 50 58.150 2.0   1
 30062748  37.301302 -121.669141     3.531      102.1     1252.7      -64.5     77.4     82.9     79.2 1994 11 16 18  3 42.360 1.3   1
 30069218  37.300061 -121.669002     3.698      113.7     1114.9      102.7     54.9     70.9     83.8 1995  3  3  9 38 49.200 1.2   1
 30069222  37.300456 -121.668791     3.534      132.5     1158.7      -61.4     55.1     59.0     73.9 1995  3  3 12 30 15.850 1.8   1
 30069457  37.300960 -121.668945     3.407      118.8     1214.9     -188.0     77.9     73.4     88.8 1995  3  7 13 19 41.960 1.3   1
 30092060  37.300492 -121.668905     3.388      122.7     1162.6     -207.6     44.6     51.1     60.7 1995 12 15 18 53 39.820 1.8   1
