    17842  37.300212 -121.669002     3.541      114.1     1131.5      -53.9      7.1      8.0     18.6 1984  4 25  4 35 19.170 1.9   1
    81017  37.302677 -121.671566     3.525     -113.2     1405.4      -69.8     14.9     18.1     42.0 1986  9  2  7 24 15.870 0.8   1
    82606  37.301754 -121.670768     3.263      -42.5     1303.1     -332.2     98.2    170.4    538.5 1986  9 15 20 17 49.920 2.7   1
    83805  37.301973 -121.670565     3.493      -24.7     1327.1     -102.1     11.8     11.7     25.3 1986  9 25 12  1 52.830 1.4   1
    88698  37.302714 -121.671541     3.547     -110.8     1409.4      -47.9     14.9     14.3     32.8 1986 11 25 13  0 35.660 1.0   1
   101361  37.300785 -121.669434     3.472       75.4     1195.4     -123.2      8.3      9.2     20.5 1987  6  3  6 56  7.740 1.9   1
   101362  37.300175 -121.669010     3.488      113.5     1127.4     -107.3      8.0      8.0     19.2 1987  6  3  6 58 51.320 1.7   1
   103138  37.300460 -121.669287     3.487       88.7     1159.2     -108.1      7.8      8.2     18.6 1987  7 14 19  2 57.020 1.7   1
   110939  37.300773 -121.671004     3.521      -63.5     1194.1      -74.3     21.4     16.2     48.4 1988  1 15  1 56 42.310 1.4   1
   112868  37.302694 -121.671346     3.494      -93.7     1407.0     -101.4     13.7     12.8     27.6 1988  2 25 10  0 17.780 0.9   1
   120788  37.302002 -121.670622     3.535      -29.7     1330.2      -60.4     16.2     12.4     35.5 1988  7 23 10 42 21.740 1.5   1
   126189  37.300810 -121.669694     3.521       52.6     1197.9      -74.3     10.1      8.9     23.9 1988 11  2  3  9 12.610 1.9   1
   126292  37.300171 -121.669189     3.518       97.4     1127.3      -76.7      7.9      8.0     18.7 1988 11  3  1 30  4.280 1.7   1
   126389  37.300114 -121.669019     3.510      112.3     1120.8      -85.1      7.8      8.3     18.5 1988 11  4 13 34 34.720 1.9   1
   148939  37.300195 -121.668848     3.465      127.9     1130.1     -130.5      7.6      7.7     16.8 1989 12 13  5 33 46.080 1.6   1
   158154  37.302795 -121.671566     3.594     -113.6     1418.3       -1.0     12.1     18.5     32.4 1990  5 23 11 11 37.580 1.0   1
   160503  37.300680 -121.669401     3.489       78.9     1183.8     -106.1      7.6      9.8     18.2 1990  7  5 20  4 42.800 1.7   1
   205031  37.300631 -121.670426     3.403      -11.9     1178.3     -192.1     22.0     17.4     54.3 1991  1 20  5  0 30.930 1.2   1
   215747  37.300248 -121.668856     3.471      126.9     1135.8     -123.8      7.3      7.8     16.9 1991  5 29  9 45 22.620 1.8   1
   227435  37.300716 -121.670597     3.445      -27.5     1187.5     -150.1     19.6     15.9     45.4 1991  8 10 17  6  5.760 1.2   1
   238704  37.300883 -121.669735     3.512       49.0     1206.0      -82.8      8.5      9.2     19.8 1991 12  3  5 24 24.980 2.0   1
   238790  37.300448 -121.669124     3.480      103.3     1157.9     -115.1      7.3      8.1     18.2 1991 12  4  0  8 49.550 1.9   1
   261841  37.302625 -121.671354     3.530      -94.8     1399.7      -65.1     14.7     13.0     32.6 1992  4  6  9 39 49.410 0.9   1
   312743  37.301912 -121.670703     3.536      -37.1     1320.4      -59.1     11.4     11.8     24.3 1992  8 29 17  4 29.020 1.6   1
   314921  37.300948 -121.668685     3.775      142.2     1213.5      180.1      7.8     26.3     73.3 1992  9 11  1 22 13.650 1.1   1
   331635  37.302384 -121.671338     3.493      -93.0     1373.0     -102.6     14.9     12.5     32.1 1993  1 10 22 13  9.440 1.2   1
   389286  37.300138 -121.668864     3.481      126.1     1123.3     -113.9      7.3      7.8     17.3 1993 12 20 22 35  7.800 1.8   1
   399980  37.300932 -121.670622     3.522      -29.7     1211.6      -73.2     19.8     15.5     42.5 1994  4  6  4 11 34.960 1.4   1
 30062741  37.301294 -121.669450     3.710       74.2     1251.8      115.2      7.8     22.4     60.0 1994 11 16 16 50 58.150 2.0   1
 30062748  37.301583 -121.669857     3.687       38.3     1283.8       92.2      8.8     28.8     77.6 1994 11 16 18  3 42.360 1.3   1
 30069218  37.300798 -121.668522     3.688      156.8     1196.5       92.4      7.7     24.6     67.6 1995  3  3  9 38 49.200 1.2   1
 30069222  37.300871 -121.668563     3.736      153.0     1204.8      140.5      7.7     22.3     59.6 1995  3  3 12 30 15.850 1.8   1
 30069457  37.300220 -121.668693     3.555      141.7     1132.6      -40.4      7.7      8.2     18.1 1995  3  7 13 19 41.960 1.3   1
 30092060  37.300399 -121.668937     3.503      119.5     1152.7      -91.6      7.3      7.9     17.5 1995 12 15 18 53 39.820 1.8   1
