    17842  37.300224 -121.669002     3.537      114.4     1133.0      -57.9      7.0     14.6     19.0 1984  4 25  4 35 19.170 1.9   1
    81017  37.302637 -121.671517     3.515     -109.0     1400.7      -80.3     18.3     23.8     51.6 1986  9  2  7 24 15.870 0.8   1
    82606  37.301636 -121.670898     3.248      -54.2     1289.7     -347.4     93.9    180.0    543.5 1986  9 15 20 17 49.920 2.7   1
    83805  37.301953 -121.670532     3.475      -21.4     1324.8     -119.7     13.7     16.9     29.6 1986  9 25 12  1 52.830 1.4   1
    88698  37.302681 -121.671501     3.539     -107.5     1405.7      -56.1     18.2     19.7     39.8 1986 11 25 13  0 35.660 1.0   1
   101361  37.300757 -121.669393     3.448       79.7     1192.1     -147.2      8.6     15.4     23.1 1987  6  3  6 56  7.740 1.9   1
   101362  37.300114 -121.668856     3.440      127.1     1120.9     -155.2      8.1     14.4     20.7 1987  6  3  6 58 51.320 1.7   1
   103138  37.300415 -121.669181     3.452       98.1     1154.4     -143.3      8.0     14.5     20.6 1987  7 14 19  2 57.020 1.7   1
   110939  37.300667 -121.670728     3.450      -39.0     1182.2     -145.4     26.3     21.0     59.1 1988  1 15  1 56 42.310 1.4   1
   112868  37.302649 -121.671313     3.491      -91.2     1402.1     -104.3     16.8     18.2     33.6 1988  2 25 10  0 17.780 0.9   1
   120788  37.302006 -121.670662     3.537      -32.9     1330.7      -58.5     19.2     17.3     42.8 1988  7 23 10 42 21.740 1.5   1
   126189  37.300826 -121.669824     3.535       41.2     1200.0      -60.4     10.8     15.0     27.9 1988 11  2  3  9 12.610 1.9   1
   126292  37.300134 -121.669067     3.480      108.5     1123.0     -114.9      7.9     14.4     20.2 1988 11  3  1 30  4.280 1.7   1
   126389  37.300098 -121.668929     3.485      120.2     1119.1     -110.5      8.1     14.6     20.8 1988 11  4 13 34 34.720 1.9   1
   148939  37.300244 -121.668945     3.488      118.8     1135.4     -107.5      7.9     14.2     19.0 1989 12 13  5 33 46.080 1.6   1
   158154  37.302869 -121.671549     3.606     -112.2     1426.6       10.9     14.8     24.4     39.2 1990  5 23 11 11 37.580 1.0   1
   160503  37.300732 -121.669482     3.506       71.5     1189.5      -89.2      8.0     16.0     20.8 1990  7  5 20  4 42.800 1.7   1
   205031  37.300610 -121.670386     3.392       -8.9     1175.9     -202.8     28.1     22.6     70.1 1991  1 20  5  0 30.930 1.2   1
   215747  37.300273 -121.668913     3.482      121.6     1138.3     -112.8      7.8     14.3     19.6 1991  5 29  9 45 22.620 1.8   1
   227435  37.300745 -121.670719     3.472      -38.3     1190.9     -123.5     25.3     21.1     58.0 1991  8 10 17  6  5.760 1.2   1
   238704  37.300907 -121.669735     3.518       49.4     1209.0      -77.3      9.0     15.2     23.2 1991 12  3  5 24 24.980 2.0   1
   238790  37.300480 -121.669206     3.497       95.9     1161.6      -98.3      7.7     14.5     21.0 1991 12  4  0  8 49.550 1.9   1
   261841  37.302625 -121.671346     3.526      -93.7     1399.4      -69.0     18.0     18.4     39.6 1992  4  6  9 39 49.410 0.9   1
   312743  37.301925 -121.670662     3.525      -33.3     1321.6      -70.4     13.5     16.9     29.2 1992  8 29 17  4 29.020 1.6   1
   314921  37.301021 -121.668685     3.790      142.1     1221.5      194.6      8.7     32.2     86.8 1992  9 11  1 22 13.650 1.1   1
   331635  37.302380 -121.671330     3.487      -92.3     1372.4     -108.6     17.7     17.9     38.5 1993  1 10 22 13  9.440 1.2   1
   389286  37.300167 -121.668937     3.496      119.5     1126.9      -98.8      7.8     14.3     20.1 1993 12 20 22 35  7.800 1.8   1
   399980  37.300948 -121.670687     3.535      -35.6     1213.4      -60.4     25.5     20.8     54.9 1994  4  6  4 11 34.960 1.4   1
 30062741  37.301347 -121.669474     3.722       72.1     1257.8      127.3      8.8     28.6     71.9 1994 11 16 16 50 58.150 2.0   1
 30062748  37.301615 -121.669865     3.693       37.3     1287.5       98.1     10.2     35.3     93.6 1994 11 16 18  3 42.360 1.3   1
 30069218  37.300867 -121.668538     3.704      155.0     1204.2      108.6      8.7     30.8     81.0 1995  3  3  9 38 49.200 1.2   1
 30069222  37.300952 -121.668571     3.753      152.1     1213.8      157.5      8.7     28.4     71.2 1995  3  3 12 30 15.850 1.8   1
 30069457  37.300236 -121.668734     3.558      137.8     1134.5      -37.4      8.3     14.8     21.2 1995  3  7 13 19 41.960 1.3   1
 30092060  37.300427 -121.669002     3.515      113.7     1155.8      -80.0      7.8     14.4     20.3 1995 12 15 18 53 39.820 1.8   1
