    17842  37.300208 -121.669002     3.540      114.3     1131.3      -55.5      7.2      8.2     18.9 1984  4 25  4 35 19.170 1.9   1
    81017  37.302677 -121.671566     3.524     -113.3     1405.4      -71.0     15.2     18.5     43.1 1986  9  2  7 24 15.870 0.8   1
    82606  37.301794 -121.670776     3.286      -43.6     1307.3     -309.2     99.6    172.8    545.8 1986  9 15 20 17 49.920 2.7   1
    83805  37.301969 -121.670565     3.488      -24.2     1326.7     -107.0     11.9     12.0     25.6 1986  9 25 12  1 52.830 1.4   1
    88698  37.302718 -121.671541     3.546     -110.9     1409.7      -48.8     15.2     14.6     33.6 1986 11 25 13  0 35.660 1.0   1
   101361  37.300777 -121.669409     3.465       77.6     1194.3     -130.5      8.4      9.4     20.7 1987  6  3  6 56  7.740 1.9   1
   101362  37.300155 -121.668953     3.473      118.3     1125.4     -121.6      8.0      8.1     19.1 1987  6  3  6 58 51.320 1.7   1
   103138  37.300444 -121.669246     3.476       92.1     1157.6     -118.9      7.8      8.3     18.6 1987  7 14 19  2 57.020 1.7   1
   110939  37.300749 -121.670915     3.500      -55.6     1191.2      -95.2     21.7     16.5     48.8 1988  1 15  1 56 42.310 1.4   1
   112868  37.302694 -121.671346     3.493      -93.6     1407.0     -101.9     14.0     13.1     28.2 1988  2 25 10  0 17.780 0.9   1
   120788  37.302002 -121.670622     3.532      -29.5     1330.2      -62.6     16.5     12.7     36.2 1988  7 23 10 42 21.740 1.5   1
   126189  37.300810 -121.669718     3.522       50.7     1197.9      -73.0     10.2      9.1     24.4 1988 11  2  3  9 12.610 1.9   1
   126292  37.300163 -121.669157     3.509      100.5     1126.1      -86.1      8.0      8.2     18.8 1988 11  3  1 30  4.280 1.7   1
   126389  37.300106 -121.669002     3.503      114.2     1119.9      -91.9      7.9      8.4     18.7 1988 11  4 13 34 34.720 1.9   1
   148939  37.300199 -121.668864     3.468      126.0     1130.4     -126.6      7.7      7.8     17.0 1989 12 13  5 33 46.080 1.6   1
   158154  37.302799 -121.671574     3.595     -114.2     1419.1       -0.2     12.4     18.9     33.2 1990  5 23 11 11 37.580 1.0   1
   160503  37.300680 -121.669425     3.493       76.8     1183.8     -102.2      7.7     10.0     18.4 1990  7  5 20  4 42.800 1.7   1
   205031  37.300623 -121.670418     3.401      -11.7     1177.4     -194.0     22.5     17.8     55.6 1991  1 20  5  0 30.930 1.2   1
   215747  37.300248 -121.668872     3.474      125.4     1135.9     -120.6      7.4      8.0     17.2 1991  5 29  9 45 22.620 1.8   1
   227435  37.300716 -121.670630     3.451      -30.2     1187.8     -144.3     20.1     16.3     46.3 1991  8 10 17  6  5.760 1.2   1
   238704  37.300887 -121.669743     3.514       48.0     1206.5      -80.6      8.6      9.4     20.1 1991 12  3  5 24 24.980 2.0   1
   238790  37.300452 -121.669141     3.483      101.6     1158.2     -112.2      7.4      8.3     18.5 1991 12  4  0  8 49.550 1.9   1
   261841  37.302625 -121.671362     3.528      -95.0     1399.7      -66.7     15.0     13.3     33.3 1992  4  6  9 39 49.410 0.9   1
   312743  37.301912 -121.670703     3.533      -36.6     1320.4      -62.1     11.6     12.1     24.8 1992  8 29 17  4 29.020 1.6   1
   314921  37.300948 -121.668685     3.775      141.9     1213.5      180.3      8.0     26.8     74.7 1992  9 11  1 22 13.650 1.1   1
   331635  37.302384 -121.671338     3.490      -93.1     1373.0     -104.6     15.2     12.8     32.7 1993  1 10 22 13  9.440 1.2   1
   389286  37.300138 -121.668888     3.484      124.1     1123.4     -110.7      7.5      8.0     17.6 1993 12 20 22 35  7.800 1.8   1
   399980  37.300936 -121.670646     3.527      -32.0     1211.9      -67.7     20.2     15.9     43.4 1994  4  6  4 11 34.960 1.4   1
 30062741  37.301306 -121.669466     3.715       73.2     1253.4      120.0      7.9     22.9     61.3 1994 11 16 16 50 58.150 2.0   1
 30062748  37.301587 -121.669857     3.691       38.1     1284.5       95.4      9.0     29.5     79.3 1994 11 16 18  3 42.360 1.3   1
 30069218  37.300806 -121.668530     3.692      155.9     1197.6       96.4      7.8     25.1     69.1 1995  3  3  9 38 49.200 1.2   1
 30069222  37.300879 -121.668563     3.739      152.8     1205.9      144.1      7.8     22.8     60.9 1995  3  3 12 30 15.850 1.8   1
 30069457  37.300220 -121.668709     3.556      140.2     1132.5      -39.2      7.8      8.4     18.4 1995  3  7 13 19 41.960 1.3   1
 30092060  37.300403 -121.668953     3.506      118.1     1152.9      -88.6      7.4      8.1     17.8 1995 12 15 18 53 39.820 1.8   1
