    17842  37.276298 -121.652393     3.612     1587.2    -1522.1       17.1   1052.2   1113.4    105.5 1984  4 25  4 35 19.170 1.9   1
    42643  37.711654 -122.223698     1.670   -48935.6    46795.1    -1925.3  35736.5  37489.2   2927.3 1985  3  2  8 55 29.590 2.1   1
    81017  37.279883 -121.655501     3.860     1311.0    -1124.4      265.1   1055.0   1090.7    143.2 1986  9  2  7 24 15.870 0.8   1
    82606  37.279220 -121.654346     3.582     1414.0    -1198.1      -12.9   1057.4   1130.5    156.1 1986  9 15 20 17 49.920 2.7   1
    83805  37.278467 -121.654207     3.714     1426.3    -1281.4      118.9   1051.8   1097.7    115.3 1986  9 25 12  1 52.830 1.4   1
    88698  37.278097 -121.654533     4.329     1396.8    -1322.8      734.1   1069.9   1149.6    210.7 1986 11 25 13  0 35.660 1.0   1
   101361  37.277852 -121.652848     3.395     1546.3    -1349.9     -200.0   1056.0   1133.1    136.0 1987  6  3  6 56  7.740 1.9   1
   101362  37.276363 -121.653475     3.656     1491.2    -1515.3       60.5   1052.0   1109.3     81.5 1987  6  3  6 58 51.320 1.7   1
   103138  37.276652 -121.653353     3.613     1501.8    -1483.2       18.4   1045.9   1098.8    100.6 1987  7 14 19  2 57.020 1.7   1
   110939  37.278682 -121.655029     3.770     1353.2    -1257.8      174.9   1046.8   1066.0    194.9 1988  1 15  1 56 42.310 1.4   1
   112868  37.279285 -121.654631     4.461     1388.7    -1190.8      865.5   1064.8   1137.0    153.2 1988  2 25 10  0 17.780 0.9   1
   120788  37.278125 -121.654818     3.804     1371.7    -1319.5      208.6   1055.4   1095.2    106.7 1988  7 23 10 42 21.740 1.5   1
   126189  37.275749 -121.656755     3.827     1199.9    -1583.5      231.8   1053.7   1112.3     81.7 1988 11  2  3  9 12.610 1.9   1
   126292  37.276876 -121.652759     3.571     1554.6    -1458.3      -24.3   1044.7   1100.3     92.5 1988 11  3  1 30  4.280 1.7   1
   126389  37.276314 -121.653621     3.388     1478.2    -1520.5     -206.6   1049.8   1128.4    134.7 1988 11  4 13 34 34.720 1.9   1
   148939  37.276298 -121.653035     3.562     1530.3    -1522.2      -33.5   1050.1   1119.8    106.7 1989 12 13  5 33 46.080 1.6   1
   158154  37.279553 -121.655558     4.027     1306.1    -1160.9      431.4   1054.0   1084.9    160.7 1990  5 23 11 11 37.580 1.0   1
   160503  37.277804 -121.652384     3.652     1587.8    -1355.3       57.4   1059.7   1108.5     95.3 1990  7  5 20  4 42.800 1.7   1
   205031  37.278247 -121.653467     3.637     1492.0    -1306.0       42.2   1047.6   1084.2    158.0 1991  1 20  5  0 30.930 1.2   1
   215747  37.276095 -121.652930     3.665     1539.1    -1544.8       69.7   1051.9   1112.3     81.5 1991  5 29  9 45 22.620 1.8   1
   227435  37.277051 -121.653451     3.687     1493.3    -1439.0       91.7   1052.3   1091.1    147.3 1991  8 10 17  6  5.760 1.2   1
   238704  37.277445 -121.653109     3.707     1523.8    -1395.0      112.1   1044.5   1095.9     95.6 1991 12  3  5 24 24.980 2.0   1
   238790  37.276819 -121.652954     3.688     1537.0    -1464.5       92.7   1054.8   1109.2     83.9 1991 12  4  0  8 49.550 1.9   1
   261841  37.278833 -121.654850     3.795     1368.9    -1240.8      200.4   1053.6   1078.4    223.7 1992  4  6  9 39 49.410 0.9   1
   312743  37.277804 -121.655151     3.724     1342.7    -1355.1      128.7   1055.2   1100.1    166.8 1992  8 29 17  4 29.020 1.6   1
   314921  37.274837 -121.652743     3.624     1555.8    -1684.5       29.3   1052.2   1115.8    107.3 1992  9 11  1 22 13.650 1.1   1
   331635  37.278821 -121.654614     3.747     1390.0    -1242.2      151.7   1056.5   1087.1    161.9 1993  1 10 22 13  9.440 1.2   1
   389286  37.275940 -121.653451     3.586     1493.3    -1561.9       -8.9   1048.3   1096.6    126.6 1993 12 20 22 35  7.800 1.8   1
   399980  37.277873 -121.654191     3.619     1427.3    -1347.7       23.8   1049.2   1088.6    133.0 1994  4  6  4 11 34.960 1.4   1
 30062741  37.277450 -121.653752     3.612     1466.4    -1394.6       17.2   1047.4   1095.7    107.8 1994 11 16 16 50 58.150 2.0   1
 30062748  37.277620 -121.653182     3.740     1516.7    -1375.5      144.6   1052.8   1096.1    141.3 1994 11 16 18  3 42.360 1.3   1
 30069218  37.276070 -121.653149     3.799     1520.2    -1547.5      203.5   1048.0   1105.7    112.0 1995  3  3  9 38 49.200 1.2   1
 30069222  37.276542 -121.652816     3.680     1549.4    -1495.2       85.4   1051.5   1114.4     85.4 1995  3  3 12 30 15.850 1.8   1
 30069457  37.277295 -121.653101     3.638     1524.0    -1411.5       42.8   1049.0   1088.7    167.5 1995  3  7 13 19 41.960 1.3   1
 30092060  37.276774 -121.652832     3.618     1548.3    -1469.6       23.4   1053.4   1108.3     89.9 1995 12 15 18 53 39.820 1.8   1
