    17842  37.300305 -121.668449     3.495      162.9     1142.3     -100.1     25.5     28.7     36.2 1984  4 25  4 35 19.170 1.9   1
    81017  37.302889 -121.671924     3.514     -145.0     1428.9      -81.1     22.9     30.1     30.0 1986  9  2  7 24 15.870 0.8   1
    82606  37.302523 -121.670923     3.469      -56.1     1388.0     -126.1     21.0     20.9     31.6 1986  9 15 20 17 49.920 2.7   1
    83805  37.301982 -121.670483     3.482      -17.7     1328.1     -113.0     18.1     17.2     25.6 1986  9 25 12  1 52.830 1.4   1
    88698  37.302714 -121.671037     4.308      -66.7     1409.5      712.5     31.1     33.8     93.4 1986 11 25 13  0 35.660 1.0   1
   101361  37.301184 -121.669132     3.515      102.4     1239.7      -79.7     21.7     20.5     31.1 1987  6  3  6 56  7.740 1.9   1
   101362  37.300134 -121.669303     3.404       87.7     1123.1     -191.1     19.6     17.9     28.0 1987  6  3  6 58 51.320 1.7   1
   103138  37.300366 -121.669425     3.447       76.2     1149.1     -148.1     17.0     15.4     24.1 1987  7 14 19  2 57.020 1.7   1
   110939  37.301339 -121.670630     3.252      -30.6     1256.8     -343.3     24.1     22.2     35.3 1988  1 15  1 56 42.310 1.4   1
   112868  37.303735 -121.671183     4.343      -79.4     1522.6      748.3     24.4     25.8     57.9 1988  2 25 10  0 17.780 0.9   1
   120788  37.301469 -121.670898     3.471      -53.9     1271.2     -123.8     21.9     18.8     28.0 1988  7 23 10 42 21.740 1.5   1
   126189  37.300114 -121.670785     3.572      -43.8     1120.7      -22.8     27.0     21.1     29.7 1988 11  2  3  9 12.610 1.9   1
   126292  37.300614 -121.668799     3.384      132.3     1176.6     -210.8     16.7     19.1     23.6 1988 11  3  1 30  4.280 1.7   1
   126389  37.299776 -121.669531     3.523       67.0     1083.2      -72.1     20.0     19.6     28.7 1988 11  4 13 34 34.720 1.9   1
   148939  37.300594 -121.668880     3.516      124.8     1174.0      -78.7     21.3     23.3     33.1 1989 12 13  5 33 46.080 1.6   1
   158154  37.302645 -121.671802     3.636     -133.9     1401.6       41.2     23.4     28.0     38.3 1990  5 23 11 11 37.580 1.0   1
   160503  37.301440 -121.668913     3.520      122.0     1268.1      -75.2     16.4     19.0     22.9 1990  7  5 20  4 42.800 1.7   1
   205031  37.301534 -121.669466     3.287       72.8     1278.6     -308.0     24.9     17.5     28.0 1991  1 20  5  0 30.930 1.2   1
   215747  37.299915 -121.668970     3.468      117.2     1098.8     -127.1     19.5     21.8     27.1 1991  5 29  9 45 22.620 1.8   1
   227435  37.300838 -121.670475     3.383      -16.9     1201.4     -211.7     29.1     35.2     31.7 1991  8 10 17  6  5.760 1.2   1
   238704  37.301058 -121.669173     3.492       98.8     1225.6     -103.4     14.6     14.1     20.9 1991 12  3  5 24 24.980 2.0   1
   238790  37.300667 -121.669181     3.545       98.1     1182.2      -49.9     16.9     16.4     23.9 1991 12  4  0  8 49.550 1.9   1
   261841  37.302881 -121.670939     3.551      -57.7     1427.9      -44.4     26.0     30.3     52.7 1992  4  6  9 39 49.410 0.9   1
   312743  37.301619 -121.671159     3.557      -77.2     1288.0      -37.8     22.9     25.7     30.4 1992  8 29 17  4 29.020 1.6   1
   314921  37.298905 -121.668579     3.619      151.8      986.7       24.1     21.4     18.7     32.8 1992  9 11  1 22 13.650 1.1   1
   331635  37.301904 -121.671606     3.446     -116.6     1319.7     -148.9     35.4     28.3     33.8 1993  1 10 22 13  9.440 1.2   1
   389286  37.299687 -121.669198     3.416       96.8     1073.5     -179.5     20.2     22.7     28.0 1993 12 20 22 35  7.800 1.8   1
   399980  37.301184 -121.670369     3.329       -7.5     1239.5     -265.7     22.0     24.3     30.2 1994  4  6  4 11 34.960 1.4   1
 30062741  37.301021 -121.669914     3.373       33.0     1221.5     -221.8     18.8     16.5     25.8 1994 11 16 16 50 58.150 2.0   1
 30062748  37.301217 -121.669434     3.522       75.7     1243.2      -73.5     29.9     31.3     29.9 1994 11 16 18  3 42.360 1.3   1
 30069218  37.300077 -121.668921     3.690      121.0     1116.7       95.4     21.1     26.6     31.5 1995  3  3  9 38 49.200 1.2   1
 30069222  37.300448 -121.668856     3.532      127.0     1158.0      -63.0     21.1     22.2     27.7 1995  3  3 12 30 15.850 1.8   1
 30069457  37.301042 -121.668783     3.372      133.5     1223.6     -223.1     33.3     28.1     34.9 1995  3  7 13 19 41.960 1.3   1
 30092060  37.300509 -121.669067     3.417      108.5     1164.6     -178.3     17.2     19.3     23.5 1995 12 15 18 53 39.820 1.8   1
