    17842  37.300203 -121.669002     3.538      114.3     1131.0      -56.6      7.3      8.3     19.2 1984  4 25  4 35 19.170 1.9   1
    81017  37.302673 -121.671558     3.524     -112.9     1405.0      -71.6     15.5     18.8     43.9 1986  9  2  7 24 15.870 0.8   1
    82606  37.301843 -121.670768     3.309      -42.5     1312.9     -286.3    100.8    174.9    552.4 1986  9 15 20 17 49.920 2.7   1
    83805  37.301969 -121.670549     3.486      -23.3     1326.6     -109.5     12.1     12.2     26.0 1986  9 25 12  1 52.830 1.4   1
    88698  37.302710 -121.671533     3.545     -110.5     1409.1      -49.7     15.5     14.9     34.2 1986 11 25 13  0 35.660 1.0   1
   101361  37.300769 -121.669401     3.459       78.8     1193.5     -135.8      8.5      9.6     20.8 1987  6  3  6 56  7.740 1.9   1
   101362  37.300146 -121.668921     3.463      121.6     1124.3     -132.1      8.0      8.3     19.0 1987  6  3  6 58 51.320 1.7   1
   103138  37.300435 -121.669222     3.468       94.4     1156.5     -126.9      7.8      8.5     18.6 1987  7 14 19  2 57.020 1.7   1
   110939  37.300720 -121.670841     3.481      -48.8     1188.2     -114.4     21.8     16.7     48.9 1988  1 15  1 56 42.310 1.4   1
   112868  37.302690 -121.671346     3.493      -93.7     1406.7     -101.9     14.3     13.4     28.7 1988  2 25 10  0 17.780 0.9   1
   120788  37.301998 -121.670630     3.531      -29.9     1330.0      -63.8     16.7     12.9     36.8 1988  7 23 10 42 21.740 1.5   1
   126189  37.300810 -121.669743     3.524       48.5     1198.0      -70.9     10.4      9.2     24.7 1988 11  2  3  9 12.610 1.9   1
   126292  37.300155 -121.669124     3.500      103.4     1125.1      -94.8      8.0      8.3     18.8 1988 11  3  1 30  4.280 1.7   1
   126389  37.300102 -121.668978     3.498      116.1     1119.3      -97.1      8.0      8.6     18.9 1988 11  4 13 34 34.720 1.9   1
   148939  37.300199 -121.668896     3.472      123.6     1130.5     -122.8      7.8      8.0     17.2 1989 12 13  5 33 46.080 1.6   1
   158154  37.302812 -121.671574     3.596     -114.2     1420.1        0.9     12.6     19.2     33.7 1990  5 23 11 11 37.580 1.0   1
   160503  37.300680 -121.669442     3.496       75.1     1183.8      -99.0      7.8     10.2     18.6 1990  7  5 20  4 42.800 1.7   1
   205031  37.300618 -121.670418     3.400      -11.6     1176.7     -195.2     22.9     18.1     56.6 1991  1 20  5  0 30.930 1.2   1
   215747  37.300248 -121.668896     3.477      123.6     1135.9     -118.5      7.5      8.1     17.4 1991  5 29  9 45 22.620 1.8   1
   227435  37.300720 -121.670671     3.458      -33.8     1188.1     -137.0     20.4     16.5     46.9 1991  8 10 17  6  5.760 1.2   1
   238704  37.300883 -121.669751     3.516       47.7     1206.4      -79.5      8.6      9.5     20.4 1991 12  3  5 24 24.980 2.0   1
   238790  37.300452 -121.669157     3.486      100.1     1158.4     -108.9      7.5      8.4     18.7 1991 12  4  0  8 49.550 1.9   1
   261841  37.302625 -121.671362     3.527      -95.1     1399.5      -68.0     15.3     13.5     34.0 1992  4  6  9 39 49.410 0.9   1
   312743  37.301908 -121.670695     3.531      -36.0     1320.2      -64.4     11.8     12.3     25.2 1992  8 29 17  4 29.020 1.6   1
   314921  37.300948 -121.668685     3.776      141.8     1213.4      180.5      8.1     27.3     75.7 1992  9 11  1 22 13.650 1.1   1
   331635  37.302384 -121.671338     3.489      -93.2     1372.9     -105.6     15.4     13.0     33.2 1993  1 10 22 13  9.440 1.2   1
   389286  37.300142 -121.668905     3.488      122.5     1123.9     -107.3      7.5      8.1     17.8 1993 12 20 22 35  7.800 1.8   1
   399980  37.300936 -121.670679     3.531      -34.5     1211.9      -63.9     20.5     16.2     44.0 1994  4  6  4 11 34.960 1.4   1
 30062741  37.301314 -121.669466     3.718       72.7     1254.2      122.6      8.0     23.3     62.3 1994 11 16 16 50 58.150 2.0   1
 30062748  37.301595 -121.669857     3.693       38.1     1285.2       97.6      9.1     30.0     80.6 1994 11 16 18  3 42.360 1.3   1
 30069218  37.300814 -121.668530     3.694      155.6     1198.4       98.7      7.9     25.5     70.2 1995  3  3  9 38 49.200 1.2   1
 30069222  37.300883 -121.668571     3.741      152.3     1206.3      146.1      7.9     23.2     61.9 1995  3  3 12 30 15.850 1.8   1
 30069457  37.300220 -121.668709     3.557      139.7     1132.4      -38.1      7.9      8.5     18.6 1995  3  7 13 19 41.960 1.3   1
 30092060  37.300403 -121.668978     3.509      116.4     1152.9      -86.3      7.5      8.2     18.0 1995 12 15 18 53 39.820 1.8   1
