    17842  37.300232 -121.668669     3.499      143.4     1133.8      -96.4     17.8     19.7     24.6 1984  4 25  4 35 19.170 1.9   1
    81017  37.302779 -121.671802     3.525     -134.1     1416.7      -69.9     16.2     21.3     20.7 1986  9  2  7 24 15.870 0.8   1
    82606  37.302584 -121.670850     3.484      -49.6     1394.9     -111.1     14.8     14.5     21.6 1986  9 15 20 17 49.920 2.7   1
    83805  37.301961 -121.670524     3.482      -21.3     1326.0     -113.2     12.7     11.9     17.7 1986  9 25 12  1 52.830 1.4   1
    88698  37.302726 -121.670866     4.319      -51.0     1410.6      723.8     22.0     23.0     63.9 1986 11 25 13  0 35.660 1.0   1
   101361  37.301168 -121.669165     3.513       99.5     1237.7      -82.2     15.4     14.3     21.3 1987  6  3  6 56  7.740 1.9   1
   101362  37.300354 -121.668896     3.415      123.2     1147.6     -179.8     14.3     12.7     19.1 1987  6  3  6 58 51.320 1.7   1
   103138  37.300387 -121.669434     3.445       76.0     1151.2     -150.2     12.1     10.6     16.5 1987  7 14 19  2 57.020 1.7   1
   110939  37.301326 -121.670671     3.244      -34.0     1255.3     -350.8     16.9     15.1     24.2 1988  1 15  1 56 42.310 1.4   1
   112868  37.303695 -121.671069     4.367      -69.0     1518.1      771.5     17.3     17.8     38.8 1988  2 25 10  0 17.780 0.9   1
   120788  37.301514 -121.670841     3.482      -48.7     1276.0     -113.3     15.2     12.9     19.0 1988  7 23 10 42 21.740 1.5   1
   126189  37.300374 -121.670093     3.512       17.1     1149.7      -82.9     14.9     12.8     19.6 1988 11  2  3  9 12.610 1.9   1
   126292  37.300639 -121.668831     3.383      129.4     1179.3     -212.2     11.6     13.1     16.2 1988 11  3  1 30  4.280 1.7   1
   126389  37.299805 -121.669491     3.523       71.0     1086.4      -71.9     13.9     13.5     19.8 1988 11  4 13 34 34.720 1.9   1
   148939  37.300618 -121.668660     3.496      144.5     1177.1      -99.0     15.1     16.2     23.7 1989 12 13  5 33 46.080 1.6   1
   158154  37.302657 -121.671883     3.631     -141.1     1402.9       35.8     16.3     19.2     26.5 1990  5 23 11 11 37.580 1.0   1
   160503  37.301042 -121.669588     3.546       62.4     1223.7      -49.5     11.7     13.2     15.6 1990  7  5 20  4 42.800 1.7   1
   205031  37.301514 -121.669507     3.281       69.5     1276.0     -314.4     17.9     12.2     19.3 1991  1 20  5  0 30.930 1.2   1
   215747  37.300004 -121.668880     3.476      124.7     1108.4     -118.9     13.8     15.0     18.7 1991  5 29  9 45 22.620 1.8   1
   227435  37.300720 -121.670931     3.363      -56.9     1188.1     -232.4     20.2     21.4     22.1 1991  8 10 17  6  5.760 1.2   1
   238704  37.301070 -121.669149     3.495      101.1     1227.0     -100.4     10.3      9.7     14.3 1991 12  3  5 24 24.980 2.0   1
   238790  37.300671 -121.669206     3.545       95.8     1182.8      -50.1     11.9     11.3     16.4 1991 12  4  0  8 49.550 1.9   1
   261841  37.302828 -121.670858     3.522      -50.3     1421.9      -73.2     18.0     20.1     34.9 1992  4  6  9 39 49.410 0.9   1
   312743  37.301656 -121.671061     3.566      -68.9     1292.0      -29.3     16.1     17.6     20.9 1992  8 29 17  4 29.020 1.6   1
   314921  37.298857 -121.668652     3.618      144.7      981.1       22.8     14.5     12.9     22.2 1992  9 11  1 22 13.650 1.1   1
   331635  37.301656 -121.672388     3.448     -186.1     1291.9     -146.6     25.5     19.5     23.3 1993  1 10 22 13  9.440 1.2   1
   389286  37.299792 -121.668937     3.438      119.8     1085.1     -157.4     14.4     15.7     19.2 1993 12 20 22 35  7.800 1.8   1
   399980  37.301168 -121.670394     3.331       -9.4     1237.9     -264.3     15.3     16.7     20.9 1994  4  6  4 11 34.960 1.4   1
 30062741  37.301139 -121.669938     3.371       31.3     1234.8     -224.1     13.2     11.4     17.9 1994 11 16 16 50 58.150 2.0   1
 30062748  37.301168 -121.669653     3.521       55.9     1237.9      -73.8     21.5     21.5     20.8 1994 11 16 18  3 42.360 1.3   1
 30069218  37.300102 -121.668783     3.684      133.4     1119.4       88.7     14.8     18.2     21.7 1995  3  3  9 38 49.200 1.2   1
 30069222  37.300496 -121.668823     3.540      129.6     1163.2      -54.9     14.6     15.2     19.0 1995  3  3 12 30 15.850 1.8   1
 30069457  37.301078 -121.668693     3.362      141.5     1228.0     -232.9     23.7     19.3     24.5 1995  3  7 13 19 41.960 1.3   1
 30092060  37.300562 -121.669019     3.427      112.9     1170.4     -168.3     12.0     13.2     16.2 1995 12 15 18 53 39.820 1.8   1
