    17842  37.300216 -121.668994     3.538      114.6     1132.1      -57.3      4.3     12.2     17.9 1984  4 25  4 35 19.170 1.9   1
    81017  37.302629 -121.671525     3.515     -109.4     1399.8      -79.9     18.2     24.6     51.6 1986  9  2  7 24 15.870 0.8   1
    82606  37.301762 -121.670825     3.297      -47.5     1303.6     -298.2    113.4    224.1    708.4 1986  9 15 20 17 49.920 2.7   1
    83805  37.301941 -121.670532     3.476      -21.4     1323.8     -119.4     13.7     17.6     29.7 1986  9 25 12  1 52.830 1.4   1
    88698  37.302669 -121.671501     3.539     -107.4     1404.5      -55.8     18.1     20.6     39.7 1986 11 25 13  0 35.660 1.0   1
   101361  37.300749 -121.669385     3.448       79.9     1191.1     -146.9      8.5     15.1     23.3 1987  6  3  6 56  7.740 1.9   1
   101362  37.300106 -121.668848     3.440      127.4     1120.0     -154.8      7.8     13.9     20.9 1987  6  3  6 58 51.320 1.7   1
   103138  37.300407 -121.669181     3.452       98.1     1153.5     -143.0      7.8     14.1     20.9 1987  7 14 19  2 57.020 1.7   1
   110939  37.300659 -121.670728     3.450      -39.1     1181.4     -144.7     26.4     21.4     58.7 1988  1 15  1 56 42.310 1.4   1
   112868  37.302637 -121.671322     3.491      -91.6     1400.9     -104.0     16.8     19.2     33.6 1988  2 25 10  0 17.780 0.9   1
   120788  37.301994 -121.670654     3.537      -32.6     1329.4      -58.1     19.3     18.0     42.9 1988  7 23 10 42 21.740 1.5   1
   126189  37.300822 -121.669824     3.535       41.2     1199.3      -60.1     10.7     14.6     28.0 1988 11  2  3  9 12.610 1.9   1
   126292  37.300122 -121.669067     3.480      108.4     1121.9     -114.6      7.7     13.8     20.4 1988 11  3  1 30  4.280 1.7   1
   126389  37.300090 -121.668937     3.485      119.6     1118.2     -110.2      7.8     14.0     21.0 1988 11  4 13 34 34.720 1.9   1
   148939  37.300236 -121.668953     3.488      118.3     1134.5     -107.2      7.7     13.7     19.2 1989 12 13  5 33 46.080 1.6   1
   158154  37.302861 -121.671558     3.606     -112.8     1425.6       11.1     14.7     25.3     39.2 1990  5 23 11 11 37.580 1.0   1
   160503  37.300724 -121.669482     3.506       71.6     1188.6      -88.9      7.8     15.7     21.0 1990  7  5 20  4 42.800 1.7   1
   205031  37.300602 -121.670394     3.393       -9.5     1175.1     -202.1     28.2     23.0     69.7 1991  1 20  5  0 30.930 1.2   1
   215747  37.300264 -121.668921     3.483      121.2     1137.4     -112.5      7.5     13.8     19.8 1991  5 29  9 45 22.620 1.8   1
   227435  37.300736 -121.670728     3.472      -38.6     1189.9     -122.8     25.4     21.6     57.7 1991  8 10 17  6  5.760 1.2   1
   238704  37.300903 -121.669727     3.518       49.5     1208.3      -77.0      8.9     14.9     23.4 1991 12  3  5 24 24.980 2.0   1
   238790  37.300476 -121.669206     3.497       95.7     1160.9      -98.0      7.5     14.0     21.2 1991 12  4  0  8 49.550 1.9   1
   261841  37.302612 -121.671346     3.526      -93.6     1398.0      -68.7     17.9     19.4     39.6 1992  4  6  9 39 49.410 0.9   1
   312743  37.301912 -121.670671     3.525      -33.7     1320.5      -70.1     13.6     17.6     29.3 1992  8 29 17  4 29.020 1.6   1
   314921  37.301013 -121.668693     3.790      141.7     1220.6      195.1      8.4     32.2     86.9 1992  9 11  1 22 13.650 1.1   1
   331635  37.302372 -121.671330     3.487      -92.7     1371.5     -108.2     17.7     18.9     38.6 1993  1 10 22 13  9.440 1.2   1
   389286  37.300163 -121.668945     3.497      118.9     1126.3      -98.5      7.5     13.8     20.2 1993 12 20 22 35  7.800 1.8   1
   399980  37.300936 -121.670695     3.535      -36.2     1212.1      -59.8     25.6     21.2     54.6 1994  4  6  4 11 34.960 1.4   1
 30062741  37.301343 -121.669482     3.722       71.6     1257.1      127.4      8.5     28.9     71.8 1994 11 16 16 50 58.150 2.0   1
 30062748  37.301607 -121.669873     3.693       36.8     1286.6       98.4      9.9     35.6     93.5 1994 11 16 18  3 42.360 1.3   1
 30069218  37.300854 -121.668538     3.704      154.8     1203.2      108.7      8.3     31.2     80.8 1995  3  3  9 38 49.200 1.2   1
 30069222  37.300940 -121.668579     3.753      151.7     1212.6      157.4      8.3     28.8     71.1 1995  3  3 12 30 15.850 1.8   1
 30069457  37.300232 -121.668734     3.558      138.0     1133.8      -37.1      8.1     14.4     21.3 1995  3  7 13 19 41.960 1.3   1
 30092060  37.300419 -121.669010     3.515      113.2     1154.8      -79.7      7.5     13.8     20.5 1995 12 15 18 53 39.820 1.8   1
