    17842  37.300216 -121.668994     3.543      114.8     1132.1      -52.0      7.7      7.1     18.4 1984  4 25  4 35 19.170 1.9   1
    81017  37.302686 -121.671566     3.529     -113.3     1406.3      -66.4     14.9     17.3     41.5 1986  9  2  7 24 15.870 0.8   1
    82606  37.301595 -121.670833     3.193      -48.3     1285.3     -402.3     68.0    101.2    285.2 1986  9 15 20 17 49.920 2.7   1
    83805  37.301986 -121.670581     3.499      -26.2     1328.5      -95.7     11.7     10.7     25.2 1986  9 25 12  1 52.830 1.4   1
    88698  37.302722 -121.671541     3.551     -111.1     1410.4      -44.4     15.0     13.4     32.6 1986 11 25 13  0 35.660 1.0   1
   101361  37.300806 -121.669466     3.484       72.6     1197.7     -111.2      8.2      8.2     20.4 1987  6  3  6 56  7.740 1.9   1
   101362  37.300199 -121.669067     3.507      108.4     1130.2      -88.2      7.9      6.9     19.4 1987  6  3  6 58 51.320 1.7   1
   103138  37.300480 -121.669336     3.502       84.8     1161.4      -93.0      7.6      7.1     18.6 1987  7 14 19  2 57.020 1.7   1
   110939  37.300806 -121.671069     3.541      -69.6     1197.5      -54.3     22.2     15.5     50.3 1988  1 15  1 56 42.310 1.4   1
   112868  37.302698 -121.671346     3.497      -93.8     1407.8      -98.6     13.7     11.9     27.4 1988  2 25 10  0 17.780 0.9   1
   120788  37.302010 -121.670630     3.539      -30.2     1331.4      -55.8     16.0     11.4     35.1 1988  7 23 10 42 21.740 1.5   1
   126189  37.300814 -121.669678     3.522       54.4     1198.5      -73.6      9.8      7.8     23.4 1988 11  2  3  9 12.610 1.9   1
   126292  37.300191 -121.669222     3.530       94.3     1129.5      -65.2      7.7      6.9     18.5 1988 11  3  1 30  4.280 1.7   1
   126389  37.300126 -121.669043     3.517      110.7     1122.2      -77.6      7.6      7.1     18.2 1988 11  4 13 34 34.720 1.9   1
   148939  37.300203 -121.668815     3.464      130.7     1131.0     -131.6      7.3      6.5     16.4 1989 12 13  5 33 46.080 1.6   1
   158154  37.302791 -121.671566     3.595     -113.1     1418.0       -0.3     12.1     17.7     31.8 1990  5 23 11 11 37.580 1.0   1
   160503  37.300688 -121.669368     3.486       81.7     1184.4     -109.3      7.4      8.8     17.9 1990  7  5 20  4 42.800 1.7   1
   205031  37.300643 -121.670426     3.408      -12.0     1179.5     -187.1     22.5     16.7     55.5 1991  1 20  5  0 30.930 1.2   1
   215747  37.300252 -121.668831     3.469      129.4     1136.2     -125.7      7.1      6.6     16.6 1991  5 29  9 45 22.620 1.8   1
   227435  37.300716 -121.670581     3.445      -26.3     1187.7     -150.4     20.1     15.1     46.7 1991  8 10 17  6  5.760 1.2   1
   238704  37.300887 -121.669702     3.511       51.8     1206.5      -84.5      8.2      8.1     19.5 1991 12  3  5 24 24.980 2.0   1
   238790  37.300452 -121.669100     3.479      105.4     1158.5     -115.9      7.1      7.0     17.8 1991 12  4  0  8 49.550 1.9   1
   261841  37.302633 -121.671362     3.533      -95.3     1400.2      -62.3     14.8     12.0     32.3 1992  4  6  9 39 49.410 0.9   1
   312743  37.301921 -121.670719     3.541      -38.1     1321.4      -54.4     11.2     10.8     24.2 1992  8 29 17  4 29.020 1.6   1
   314921  37.300944 -121.668669     3.772      143.6     1212.9      177.2      7.7     25.7     72.1 1992  9 11  1 22 13.650 1.1   1
   331635  37.302393 -121.671338     3.496      -93.2     1373.8      -98.7     14.8     11.5     31.9 1993  1 10 22 13  9.440 1.2   1
   389286  37.300138 -121.668840     3.479      128.7     1123.7     -116.2      7.1      6.7     17.0 1993 12 20 22 35  7.800 1.8   1
   399980  37.300936 -121.670597     3.520      -27.5     1212.0      -75.4     20.3     14.7     43.9 1994  4  6  4 11 34.960 1.4   1
 30062741  37.301261 -121.669442     3.699       75.1     1248.2      103.7      7.6     21.6     59.0 1994 11 16 16 50 58.150 2.0   1
 30062748  37.301558 -121.669840     3.679       39.5     1281.1       83.6      8.7     28.0     76.4 1994 11 16 18  3 42.360 1.3   1
 30069218  37.300773 -121.668506     3.678      158.3     1193.8       82.9      7.6     23.8     66.4 1995  3  3  9 38 49.200 1.2   1
 30069222  37.300846 -121.668547     3.727      154.4     1202.4      132.4      7.6     21.4     58.5 1995  3  3 12 30 15.850 1.8   1
 30069457  37.300228 -121.668660     3.554      144.1     1133.3      -41.5      7.4      7.1     17.7 1995  3  7 13 19 41.960 1.3   1
 30092060  37.300407 -121.668913     3.502      121.9     1153.4      -93.2      7.1      6.8     17.2 1995 12 15 18 53 39.820 1.8   1
