    17842  37.300232 -121.669002     3.538      113.9     1134.0      -56.9      9.3      8.6     22.1 1984  4 25  4 35 19.170 1.9   1
    81017  37.302645 -121.671517     3.514     -108.7     1401.6      -81.1     18.0     21.4     50.9 1986  9  2  7 24 15.870 0.8   1
    82606  37.301571 -121.670939     3.222      -57.4     1282.3     -373.1     80.7    123.4    347.6 1986  9 15 20 17 49.920 2.7   1
    83805  37.301961 -121.670524     3.475      -20.8     1325.7     -120.1     13.3     13.1     29.1 1986  9 25 12  1 52.830 1.4   1
    88698  37.302686 -121.671493     3.538     -107.0     1406.3      -56.8     17.8     16.5     39.1 1986 11 25 13  0 35.660 1.0   1
   101361  37.300765 -121.669393     3.448       79.5     1193.0     -147.2      9.0     10.0     23.1 1987  6  3  6 56  7.740 1.9   1
   101362  37.300122 -121.668848     3.440      127.4     1121.8     -155.1      8.6      8.3     20.8 1987  6  3  6 58 51.320 1.7   1
   103138  37.300423 -121.669181     3.452       97.9     1155.2     -143.3      8.5      8.6     20.7 1987  7 14 19  2 57.020 1.7   1
   110939  37.300675 -121.670711     3.448      -37.8     1183.0     -147.1     25.3     18.6     57.5 1988  1 15  1 56 42.310 1.4   1
   112868  37.302653 -121.671313     3.490      -90.9     1402.8     -105.0     16.5     14.6     33.0 1988  2 25 10  0 17.780 0.9   1
   120788  37.302010 -121.670654     3.536      -32.6     1331.4      -59.0     18.9     14.0     42.4 1988  7 23 10 42 21.740 1.5   1
   126189  37.300834 -121.669824     3.535       41.0     1200.7      -60.5     11.1      9.5     27.8 1988 11  2  3  9 12.610 1.9   1
   126292  37.300138 -121.669076     3.480      107.8     1123.7     -114.9      8.5      8.2     20.3 1988 11  3  1 30  4.280 1.7   1
   126389  37.300106 -121.668937     3.485      120.0     1120.0     -110.5      8.6      8.7     21.0 1988 11  4 13 34 34.720 1.9   1
   148939  37.300252 -121.668953     3.488      118.5     1136.3     -107.4      8.4      7.9     19.2 1989 12 13  5 33 46.080 1.6   1
   158154  37.302873 -121.671549     3.606     -111.7     1427.1       10.4     14.6     21.6     39.0 1990  5 23 11 11 37.580 1.0   1
   160503  37.300741 -121.669482     3.506       71.3     1190.5      -89.2      8.5     10.7     20.9 1990  7  5 20  4 42.800 1.7   1
   205031  37.300618 -121.670378     3.390       -8.0     1176.7     -204.7     27.2     20.6     68.4 1991  1 20  5  0 30.930 1.2   1
   215747  37.300285 -121.668921     3.482      121.2     1139.6     -112.8      8.3      8.1     19.7 1991  5 29  9 45 22.620 1.8   1
   227435  37.300749 -121.670711     3.470      -37.6     1191.3     -125.1     24.3     18.7     56.4 1991  8 10 17  6  5.760 1.2   1
   238704  37.300920 -121.669735     3.518       49.2     1210.2      -77.4      9.3      9.9     23.2 1991 12  3  5 24 24.980 2.0   1
   238790  37.300492 -121.669206     3.497       96.0     1162.7      -98.3      8.3      8.5     21.1 1991 12  4  0  8 49.550 1.9   1
   261841  37.302625 -121.671338     3.525      -93.1     1399.7      -69.6     17.6     14.9     39.1 1992  4  6  9 39 49.410 0.9   1
   312743  37.301929 -121.670662     3.524      -33.0     1322.2      -70.7     13.2     13.2     28.8 1992  8 29 17  4 29.020 1.6   1
   314921  37.301025 -121.668693     3.789      141.7     1222.1      193.7      9.3     30.9     86.3 1992  9 11  1 22 13.650 1.1   1
   331635  37.302389 -121.671330     3.486      -92.1     1373.1     -109.0     17.4     14.2     38.1 1993  1 10 22 13  9.440 1.2   1
   389286  37.300179 -121.668945     3.496      119.3     1128.0      -98.8      8.3      8.1     20.2 1993 12 20 22 35  7.800 1.8   1
   399980  37.300948 -121.670679     3.533      -34.7     1213.6      -62.0     24.6     18.2     53.4 1994  4  6  4 11 34.960 1.4   1
 30062741  37.301355 -121.669482     3.722       71.8     1258.4      126.5      9.2     26.5     71.7 1994 11 16 16 50 58.150 2.0   1
 30062748  37.301619 -121.669873     3.692       37.0     1287.9       97.0     10.5     34.3     93.2 1994 11 16 18  3 42.360 1.3   1
 30069218  37.300875 -121.668538     3.703      155.0     1205.1      107.8      9.2     29.1     80.7 1995  3  3  9 38 49.200 1.2   1
 30069222  37.300956 -121.668579     3.752      151.7     1214.4      156.6      9.2     26.2     71.1 1995  3  3 12 30 15.850 1.8   1
 30069457  37.300248 -121.668726     3.558      138.2     1135.6      -37.3      8.8      8.7     21.3 1995  3  7 13 19 41.960 1.3   1
 30092060  37.300435 -121.669010     3.515      113.4     1156.7      -79.9      8.3      8.3     20.5 1995 12 15 18 53 39.820 1.8   1
