    17842  37.300224 -121.668734     3.498      138.0     1133.0      -97.1     16.4     17.9     22.4 1984  4 25  4 35 19.170 1.9   1
    81017  37.302706 -121.671712     3.530     -126.5     1408.4      -65.4     14.9     18.8     18.9 1986  9  2  7 24 15.870 0.8   1
    82606  37.302596 -121.670817     3.489      -47.0     1396.1     -105.6     13.6     13.2     19.7 1986  9 15 20 17 49.920 2.7   1
    83805  37.301961 -121.670549     3.481      -23.3     1325.9     -113.6     11.6     10.8     16.1 1986  9 25 12  1 52.830 1.4   1
    88698  37.302722 -121.670858     4.320      -50.8     1410.5      724.9     20.2     21.0     58.0 1986 11 25 13  0 35.660 1.0   1
   101361  37.301152 -121.669165     3.511       99.5     1236.2      -84.3     14.2     13.0     19.4 1987  6  3  6 56  7.740 1.9   1
   101362  37.300399 -121.668815     3.417      130.9     1152.6     -177.7     13.2     11.6     17.4 1987  6  3  6 58 51.320 1.7   1
   103138  37.300387 -121.669450     3.444       74.0     1151.1     -151.0     11.1      9.7     15.1 1987  7 14 19  2 57.020 1.7   1
   110939  37.301322 -121.670703     3.243      -36.9     1255.1     -352.0     15.5     13.8     22.0 1988  1 15  1 56 42.310 1.4   1
   112868  37.303691 -121.671086     4.368      -70.7     1518.0      773.2     15.9     16.2     35.3 1988  2 25 10  0 17.780 0.9   1
   120788  37.301514 -121.670825     3.485      -47.6     1276.1     -110.4     13.9     11.7     17.3 1988  7 23 10 42 21.740 1.5   1
   126189  37.300387 -121.670060     3.513       20.0     1151.1      -82.1     13.6     11.6     17.8 1988 11  2  3  9 12.610 1.9   1
   126292  37.300651 -121.668840     3.381      128.3     1180.3     -213.7     10.6     11.9     14.7 1988 11  3  1 30  4.280 1.7   1
   126389  37.299805 -121.669482     3.521       71.6     1086.4      -74.3     12.7     12.3     18.0 1988 11  4 13 34 34.720 1.9   1
   148939  37.300606 -121.668579     3.483      151.4     1175.3     -112.6     13.9     14.7     21.9 1989 12 13  5 33 46.080 1.6   1
   158154  37.302653 -121.671883     3.629     -141.7     1402.6       34.2     14.9     17.4     24.1 1990  5 23 11 11 37.580 1.0   1
   160503  37.301017 -121.669653     3.545       56.0     1221.2      -50.0     10.7     12.0     14.2 1990  7  5 20  4 42.800 1.7   1
   205031  37.301497 -121.669539     3.280       66.5     1274.2     -315.3     16.6     11.2     17.5 1991  1 20  5  0 30.930 1.2   1
   215747  37.300012 -121.668880     3.478      124.8     1109.6     -117.2     12.7     13.7     17.0 1991  5 29  9 45 22.620 1.8   1
   227435  37.300720 -121.670915     3.364      -55.8     1188.0     -231.5     18.4     19.4     20.1 1991  8 10 17  6  5.760 1.2   1
   238704  37.301070 -121.669141     3.496      101.6     1227.0      -99.4      9.4      8.9     13.0 1991 12  3  5 24 24.980 2.0   1
   238790  37.300671 -121.669238     3.543       93.2     1182.6      -51.6     10.9     10.3     15.0 1991 12  4  0  8 49.550 1.9   1
   261841  37.302844 -121.670841     3.525      -49.1     1423.9      -69.7     16.5     18.3     31.9 1992  4  6  9 39 49.410 0.9   1
   312743  37.301664 -121.671053     3.567      -67.8     1292.9      -28.3     14.7     16.0     19.0 1992  8 29 17  4 29.020 1.6   1
   314921  37.298848 -121.668660     3.619      144.4      980.6       23.6     13.2     11.7     20.1 1992  9 11  1 22 13.650 1.1   1
   331635  37.301640 -121.672420     3.449     -188.7     1290.3     -146.5     23.3     17.7     21.2 1993  1 10 22 13  9.440 1.2   1
   389286  37.299809 -121.668896     3.442      123.6     1086.8     -153.6     13.2     14.2     17.4 1993 12 20 22 35  7.800 1.8   1
   399980  37.301160 -121.670402     3.331       -9.8     1237.1     -263.6     13.9     15.1     19.0 1994  4  6  4 11 34.960 1.4   1
 30062741  37.301196 -121.669930     3.363       31.8     1241.0     -232.3     12.0     10.4     16.4 1994 11 16 16 50 58.150 2.0   1
 30062748  37.301164 -121.669694     3.522       52.4     1237.2      -73.1     19.9     19.6     18.9 1994 11 16 18  3 42.360 1.3   1
 30069218  37.300098 -121.668774     3.683      134.0     1119.3       88.0     13.5     16.5     19.7 1995  3  3  9 38 49.200 1.2   1
 30069222  37.300500 -121.668831     3.542      129.0     1163.8      -53.2     13.3     13.8     17.3 1995  3  3 12 30 15.850 1.8   1
 30069457  37.301070 -121.668734     3.362      137.5     1227.1     -233.3     21.8     17.6     22.3 1995  3  7 13 19 41.960 1.3   1
 30092060  37.300570 -121.669010     3.429      113.6     1171.5     -166.2     11.0     12.0     14.7 1995 12 15 18 53 39.820 1.8   1
