    17842  37.300220 -121.668986     3.538      115.6     1132.4      -57.4     14.4     15.6     23.7 1984  4 25  4 35 19.170 1.9   1
    81017  37.302580 -121.671615     3.537     -117.4     1394.7      -57.9     19.9     27.1     36.8 1986  9  2  7 24 15.870 0.8   1
    82606  37.301937 -121.670898     3.186      -54.2     1323.1     -408.6    384.7    390.8    417.9 1986  9 15 20 17 49.920 2.7   1
    83805  37.301921 -121.670679     3.521      -34.5     1321.2      -74.1     18.6     24.5     28.0 1986  9 25 12  1 52.830 1.4   1
    88698  37.302620 -121.671590     3.558     -115.2     1399.0      -36.7     20.0     25.3     29.0 1986 11 25 13  0 35.660 1.0   1
   101361  37.300863 -121.669604     3.516       60.3     1204.1      -78.7     14.7     16.0     26.1 1987  6  3  6 56  7.740 1.9   1
   101362  37.300224 -121.669165     3.528       99.2     1133.2      -66.7     14.5     15.6     25.4 1987  6  3  6 58 51.320 1.7   1
   103138  37.300517 -121.669442     3.530       74.9     1165.7      -65.3     14.4     15.6     24.8 1987  7 14 19  2 57.020 1.7   1
   110939  37.300867 -121.671004     3.520      -63.4     1204.6      -75.2     30.8     21.3     61.1 1988  1 15  1 56 42.310 1.4   1
   112868  37.302588 -121.671395     3.503      -98.2     1395.6      -92.0     19.4     25.0     25.2 1988  2 25 10  0 17.780 0.9   1
   120788  37.301933 -121.670687     3.552      -35.3     1322.5      -43.2     20.4     24.6     33.6 1988  7 23 10 42 21.740 1.5   1
   126189  37.300834 -121.669670     3.522       54.5     1200.8      -72.7     15.3     15.7     27.0 1988 11  2  3  9 12.610 1.9   1
   126292  37.300208 -121.669271     3.538       90.1     1131.1      -57.3     14.3     15.5     24.3 1988 11  3  1 30  4.280 1.7   1
   126389  37.300171 -121.669132     3.541      102.8     1127.0      -54.5     14.5     15.7     25.0 1988 11  4 13 34 34.720 1.9   1
   148939  37.300199 -121.668766     3.452      135.0     1130.3     -142.8     14.2     15.5     23.8 1989 12 13  5 33 46.080 1.6   1
   158154  37.302681 -121.671574     3.600     -114.2     1405.8        5.3     18.6     27.1     29.0 1990  5 23 11 11 37.580 1.0   1
   160503  37.300696 -121.669303     3.469       87.1     1185.3     -126.4     14.4     16.7     25.2 1990  7  5 20  4 42.800 1.7   1
   205031  37.300708 -121.670321     3.386       -3.2     1186.8     -208.8     30.2     22.1     63.8 1991  1 20  5  0 30.930 1.2   1
   215747  37.300244 -121.668766     3.455      134.6     1135.2     -140.1     14.1     15.5     23.6 1991  5 29  9 45 22.620 1.8   1
   227435  37.300781 -121.670451     3.416      -14.6     1194.7     -178.7     29.3     21.2     58.1 1991  8 10 17  6  5.760 1.2   1
   238704  37.300883 -121.669645     3.499       56.7     1206.4      -96.2     14.6     15.8     24.2 1991 12  3  5 24 24.980 2.0   1
   238790  37.300448 -121.669059     3.467      109.1     1157.8     -128.0     14.1     15.6     24.0 1991 12  4  0  8 49.550 1.9   1
   261841  37.302527 -121.671403     3.543      -98.6     1388.9      -51.6     19.8     24.9     28.5 1992  4  6  9 39 49.410 0.9   1
   312743  37.301872 -121.670744     3.559      -40.3     1315.9      -36.0     18.3     24.4     27.1 1992  8 29 17  4 29.020 1.6   1
   314921  37.300846 -121.668636     3.736      146.5     1202.3      140.5     17.2     48.6    131.7 1992  9 11  1 22 13.650 1.1   1
   331635  37.302303 -121.671444     3.517     -102.3     1363.9      -78.1     20.5     24.9     31.5 1993  1 10 22 13  9.440 1.2   1
   389286  37.300138 -121.668783     3.467      133.2     1123.6     -128.4     14.1     15.5     23.9 1993 12 20 22 35  7.800 1.8   1
   399980  37.301001 -121.670451     3.493      -14.5     1219.4     -102.3     29.4     20.8     55.6 1994  4  6  4 11 34.960 1.4   1
 30062741  37.301286 -121.669409     3.709       78.1     1250.7      114.4     15.7     38.8    102.9 1994 11 16 16 50 58.150 2.0   1
 30062748  37.301689 -121.669816     3.713       41.6     1295.6      118.2     16.7     46.2    122.5 1994 11 16 18  3 42.360 1.3   1
 30069218  37.300777 -121.668473     3.671      160.9     1194.4       76.2     14.7     34.0     89.7 1995  3  3  9 38 49.200 1.2   1
 30069222  37.300802 -121.668514     3.707      157.6     1197.3      111.5     16.1     41.0    108.7 1995  3  3 12 30 15.850 1.8   1
 30069457  37.300240 -121.668620     3.548      148.1     1135.0      -47.4     14.2     15.8     23.3 1995  3  7 13 19 41.960 1.3   1
 30092060  37.300399 -121.668856     3.489      126.7     1152.5     -105.8     14.1     15.5     23.5 1995 12 15 18 53 39.820 1.8   1
