    17842  37.300049 -121.669043     3.556      110.5     1113.5      -39.3      9.8      9.9     26.8 1984  4 25  4 35 19.170 1.9   1
    81017  37.303861 -121.671346     3.744      -94.0     1537.0      148.7     19.4     26.6     56.6 1986  9  2  7 24 15.870 0.8   1
    82606  37.301644 -121.670866     3.303      -51.6     1290.8     -291.7    101.4    170.3    508.5 1986  9 15 20 17 49.920 2.7   1
    83805  37.301892 -121.670581     3.502      -25.8     1318.3      -93.0     14.3     14.2     31.2 1986  9 25 12  1 52.830 1.4   1
    88698  37.304244 -121.671110     3.302      -72.6     1579.2     -292.7     18.7     19.8    160.2 1986 11 25 13  0 35.660 1.0   1
   101361  37.300582 -121.669425     3.468       76.2     1172.6     -126.6      9.5     11.4     27.7 1987  6  3  6 56  7.740 1.9   1
   101362  37.299939 -121.668888     3.460      123.9     1101.6     -135.2      9.1      9.7     25.9 1987  6  3  6 58 51.320 1.7   1
   103138  37.300240 -121.669222     3.471       94.9     1135.0     -123.6      8.9     10.0     25.7 1987  7 14 19  2 57.020 1.7   1
   110939  37.300505 -121.670703     3.466      -37.0     1164.1     -129.3     26.8     20.3     64.2 1988  1 15  1 56 42.310 1.4   1
   112868  37.304244 -121.670980     3.275      -61.0     1579.3     -320.3     17.7     19.3    140.8 1988  2 25 10  0 17.780 0.9   1
   120788  37.301925 -121.670711     3.565      -37.6     1322.0      -30.6     20.3     15.1     45.5 1988  7 23 10 42 21.740 1.5   1
   126189  37.300659 -121.669881     3.558       36.4     1181.2      -37.0     11.6     10.9     32.5 1988 11  2  3  9 12.610 1.9   1
   126292  37.299955 -121.669100     3.501      105.1     1103.4      -94.0      8.9      9.6     25.8 1988 11  3  1 30  4.280 1.7   1
   126389  37.299919 -121.668970     3.503      116.8     1099.3      -92.5      9.1     10.0     25.5 1988 11  4 13 34 34.720 1.9   1
   148939  37.300065 -121.668986     3.508      115.2     1115.6      -87.6      8.9      9.4     24.4 1989 12 13  5 33 46.080 1.6   1
   158154  37.303947 -121.671362     3.804      -94.9     1546.1      209.1     16.3     27.2     46.6 1990  5 23 11 11 37.580 1.0   1
   160503  37.300557 -121.669523     3.526       68.1     1169.9      -69.4      8.9     12.2     25.7 1990  7  5 20  4 42.800 1.7   1
   205031  37.300444 -121.670378     3.405       -7.7     1157.4     -190.3     28.8     22.3     74.6 1991  1 20  5  0 30.930 1.2   1
   215747  37.300098 -121.668953     3.502      118.4     1118.9      -93.4      8.7      9.5     24.8 1991  5 29  9 45 22.620 1.8   1
   227435  37.300574 -121.670703     3.482      -36.8     1172.1     -113.0     25.8     20.3     62.2 1991  8 10 17  6  5.760 1.2   1
   238704  37.300732 -121.669767     3.538       46.2     1189.7      -57.5      9.8     11.4     28.2 1991 12  3  5 24 24.980 2.0   1
   238790  37.300305 -121.669246     3.517       92.2     1142.1      -78.5      8.7     10.0     26.0 1991 12  4  0  8 49.550 1.9   1
   261841  37.303105 -121.671232     3.509      -83.5     1452.7      -85.6     19.0     16.5     39.0 1992  4  6  9 39 49.410 0.9   1
   312743  37.301855 -121.670728     3.546      -39.3     1314.2      -48.6     14.1     14.3     31.3 1992  8 29 17  4 29.020 1.6   1
   314921  37.300643 -121.668734     3.747      137.5     1179.7      152.2      9.7     31.4     91.2 1992  9 11  1 22 13.650 1.1   1
   331635  37.302848 -121.671468     3.500     -104.5     1424.4      -94.6     18.8     16.1     40.4 1993  1 10 22 13  9.440 1.2   1
   389286  37.299996 -121.668978     3.516      116.2     1107.6      -79.4      8.7      9.5     25.3 1993 12 20 22 35  7.800 1.8   1
   399980  37.300777 -121.670662     3.549      -33.5     1194.4      -46.2     26.0     19.9     60.0 1994  4  6  4 11 34.960 1.4   1
 30062741  37.300708 -121.669588     3.597       61.8     1187.0        1.9      9.0     12.0     27.8 1994 11 16 16 50 58.150 2.0   1
 30062748  37.301058 -121.669971     3.587       28.4     1225.7       -7.6     10.0     15.1     30.1 1994 11 16 18  3 42.360 1.3   1
 30069218  37.300460 -121.668587     3.646      151.1     1159.2       51.1      9.6     31.2     87.8 1995  3  3  9 38 49.200 1.2   1
 30069222  37.300183 -121.668693     3.583      141.5     1128.4      -11.7      9.3      9.7     25.2 1995  3  3 12 30 15.850 1.8   1
 30069457  37.300057 -121.668758     3.580      135.6     1114.5      -15.4      9.2     10.0     26.4 1995  3  7 13 19 41.960 1.3   1
 30092060  37.300252 -121.669043     3.536      110.1     1136.1      -59.5      8.7      9.7     25.8 1995 12 15 18 53 39.820 1.8   1
