    17842  37.300358 -121.668294     3.491      176.9     1148.2     -103.7     65.1     75.2     94.7 1984  4 25  4 35 19.170 1.9   1
    81017  37.302938 -121.671948     3.502     -147.4     1434.2      -93.5     59.4     76.1     78.5 1986  9  2  7 24 15.870 0.8   1
    82606  37.302515 -121.670793     3.428      -44.6     1387.4     -166.7     53.5     54.5     81.1 1986  9 15 20 17 49.920 2.7   1
    83805  37.302030 -121.670361     3.481       -6.7     1333.7     -114.2     47.0     45.2     67.0 1986  9 25 12  1 52.830 1.4   1
    88698  37.302844 -121.671216     4.321      -82.4     1423.7      726.2     73.9     85.3    239.5 1986 11 25 13  0 35.660 1.0   1
   101361  37.301278 -121.668831     3.480      129.0     1249.8     -114.7     55.5     53.8     80.9 1987  6  3  6 56  7.740 1.9   1
   101362  37.299992 -121.669442     3.377       74.9     1107.3     -218.0     48.6     46.2     72.0 1987  6  3  6 58 51.320 1.7   1
   103138  37.300395 -121.669287     3.423       88.4     1152.2     -172.1     43.7     40.3     62.8 1987  7 14 19  2 57.020 1.7   1
   110939  37.301493 -121.671232     3.327      -83.7     1274.0     -268.1     61.3     57.8     87.3 1988  1 15  1 56 42.310 1.4   1
   112868  37.303931 -121.671273     4.305      -87.7     1544.5      709.8     58.9     65.4    147.4 1988  2 25 10  0 17.780 0.9   1
   120788  37.301270 -121.671167     3.445      -77.7     1249.2     -150.0     54.9     48.5     71.1 1988  7 23 10 42 21.740 1.5   1
   126189  37.299434 -121.673096     3.715     -249.1     1045.4      120.3     52.8     49.8     69.9 1988 11  2  3  9 12.610 1.9   1
   126292  37.300623 -121.668628     3.366      147.5     1177.5     -229.0     43.2     50.3     61.8 1988 11  3  1 30  4.280 1.7   1
   126389  37.299756 -121.669458     3.514       73.7     1081.0      -81.0     51.4     51.4     74.8 1988 11  4 13 34 34.720 1.9   1
   148939  37.300562 -121.668937     3.513      119.6     1170.4      -81.9     55.0     61.4     85.3 1989 12 13  5 33 46.080 1.6   1
   158154  37.302559 -121.671956     3.634     -147.7     1392.2       38.7     60.4     73.9     98.6 1990  5 23 11 11 37.580 1.0   1
   160503  37.301676 -121.668506     3.489      157.8     1294.4     -106.2     40.6     49.4     57.4 1990  7  5 20  4 42.800 1.7   1
   205031  37.301558 -121.669409     3.290       77.6     1281.1     -305.4     63.9     45.8     73.3 1991  1 20  5  0 30.930 1.2   1
   215747  37.299837 -121.668953     3.452      118.7     1090.3     -143.2     50.0     57.3     70.6 1991  5 29  9 45 22.620 1.8   1
   227435  37.300610 -121.669434     3.441       76.1     1175.8     -154.1     69.7     81.9     80.0 1991  8 10 17  6  5.760 1.2   1
   238704  37.301054 -121.669076     3.473      107.4     1225.1     -122.1     37.7     37.1     54.3 1991 12  3  5 24 24.980 2.0   1
   238790  37.300663 -121.669084     3.537      106.5     1181.7      -57.9     43.7     43.0     62.6 1991 12  4  0  8 49.550 1.9   1
   261841  37.302767 -121.671012     3.495      -64.6     1415.5     -100.2     67.3     76.5    129.6 1992  4  6  9 39 49.410 0.9   1
   312743  37.301615 -121.671134     3.553      -74.8     1287.7      -42.4     59.1     67.7     79.7 1992  8 29 17  4 29.020 1.6   1
   314921  37.299398 -121.668636     3.767      146.2     1041.5      172.0     51.4     47.0     79.6 1992  9 11  1 22 13.650 1.1   1
   331635  37.302116 -121.670785     3.434      -44.1     1343.2     -161.2     85.5     73.4     87.6 1993  1 10 22 13  9.440 1.2   1
   389286  37.299642 -121.669368     3.392       81.8     1068.5     -203.0     51.3     59.7     72.3 1993 12 20 22 35  7.800 1.8   1
   399980  37.301204 -121.670288     3.322       -0.1     1241.8     -273.1     57.4     64.2     79.2 1994  4  6  4 11 34.960 1.4   1
 30062741  37.300985 -121.669759     3.353       46.7     1217.6     -242.5     48.4     43.2     66.4 1994 11 16 16 50 58.150 2.0   1
 30062748  37.301274 -121.669132     3.519      102.4     1249.7      -76.4     77.2     82.9     78.5 1994 11 16 18  3 42.360 1.3   1
 30069218  37.300073 -121.669002     3.703      113.6     1116.2      107.9     54.6     70.4     83.1 1995  3  3  9 38 49.200 1.2   1
 30069222  37.300427 -121.668815     3.521      130.5     1155.7      -74.0     54.6     58.6     72.1 1995  3  3 12 30 15.850 1.8   1
 30069457  37.300944 -121.668945     3.400      118.8     1213.2     -194.8     77.7     73.4     88.4 1995  3  7 13 19 41.960 1.3   1
 30092060  37.300500 -121.668905     3.393      122.9     1163.5     -202.4     44.4     50.8     61.4 1995 12 15 18 53 39.820 1.8   1
