    17842  37.300203 -121.669002     3.538      114.2     1130.9      -57.5      7.6      8.6     19.8 1984  4 25  4 35 19.170 1.9   1
    81017  37.302665 -121.671549     3.522     -111.9     1403.9      -73.0     16.0     19.5     45.4 1986  9  2  7 24 15.870 0.8   1
    82606  37.301880 -121.670760     3.327      -41.9     1316.7     -268.4    104.4    182.3    576.8 1986  9 15 20 17 49.920 2.7   1
    83805  37.301961 -121.670549     3.482      -22.8     1326.1     -112.9     12.3     12.6     26.6 1986  9 25 12  1 52.830 1.4   1
    88698  37.302706 -121.671525     3.544     -109.7     1408.4      -50.8     15.9     15.4     35.2 1986 11 25 13  0 35.660 1.0   1
   101361  37.300757 -121.669393     3.454       79.4     1192.2     -141.2      8.6      9.9     21.2 1987  6  3  6 56  7.740 1.9   1
   101362  37.300126 -121.668888     3.452      124.4     1122.4     -143.1      8.1      8.5     19.2 1987  6  3  6 58 51.320 1.7   1
   103138  37.300427 -121.669198     3.461       96.5     1155.5     -133.8      8.0      8.8     19.0 1987  7 14 19  2 57.020 1.7   1
   110939  37.300692 -121.670776     3.464      -43.2     1185.0     -130.7     22.1     17.2     49.7 1988  1 15  1 56 42.310 1.4   1
   112868  37.302677 -121.671338     3.494      -93.1     1405.5     -101.6     14.7     13.8     29.7 1988  2 25 10  0 17.780 0.9   1
   120788  37.301998 -121.670638     3.532      -30.9     1329.9      -63.5     17.1     13.4     37.9 1988  7 23 10 42 21.740 1.5   1
   126189  37.300810 -121.669775     3.529       45.4     1198.1      -66.5     10.6      9.5     25.4 1988 11  2  3  9 12.610 1.9   1
   126292  37.300142 -121.669092     3.491      106.2     1123.9     -103.8      8.1      8.5     19.0 1988 11  3  1 30  4.280 1.7   1
   126389  37.300098 -121.668962     3.492      117.8     1118.9     -102.8      8.2      8.9     19.3 1988 11  4 13 34 34.720 1.9   1
   148939  37.300208 -121.668921     3.478      121.1     1131.3     -117.0      8.0      8.2     17.5 1989 12 13  5 33 46.080 1.6   1
   158154  37.302828 -121.671582     3.599     -114.5     1421.9        3.5     13.0     19.8     34.9 1990  5 23 11 11 37.580 1.0   1
   160503  37.300692 -121.669458     3.500       73.6     1184.8      -94.8      8.0     10.5     19.0 1990  7  5 20  4 42.800 1.7   1
   205031  37.300610 -121.670418     3.398      -11.4     1175.9     -196.8     23.5     18.7     58.4 1991  1 20  5  0 30.930 1.2   1
   215747  37.300248 -121.668905     3.479      122.5     1135.9     -115.9      7.7      8.4     17.8 1991  5 29  9 45 22.620 1.8   1
   227435  37.300724 -121.670695     3.466      -36.3     1188.5     -129.0     20.9     17.1     48.1 1991  8 10 17  6  5.760 1.2   1
   238704  37.300883 -121.669751     3.516       47.8     1206.3      -79.1      8.8      9.8     21.0 1991 12  3  5 24 24.980 2.0   1
   238790  37.300456 -121.669181     3.490       98.1     1158.8     -104.7      7.7      8.7     19.2 1991 12  4  0  8 49.550 1.9   1
   261841  37.302625 -121.671354     3.527      -94.7     1399.4      -68.4     15.7     14.0     35.0 1992  4  6  9 39 49.410 0.9   1
   312743  37.301908 -121.670687     3.528      -35.2     1320.2      -66.8     12.1     12.7     25.9 1992  8 29 17  4 29.020 1.6   1
   314921  37.300964 -121.668685     3.779      142.0     1215.0      184.2      8.4     28.1     77.7 1992  9 11  1 22 13.650 1.1   1
   331635  37.302384 -121.671346     3.488      -93.5     1372.8     -107.1     15.8     13.4     34.2 1993  1 10 22 13  9.440 1.2   1
   389286  37.300142 -121.668929     3.491      120.7     1124.1     -103.9      7.8      8.4     18.3 1993 12 20 22 35  7.800 1.8   1
   399980  37.300936 -121.670687     3.534      -35.7     1211.9      -60.8     21.1     16.7     45.3 1994  4  6  4 11 34.960 1.4   1
 30062741  37.301318 -121.669466     3.720       72.6     1254.7      124.5      8.3     24.1     64.2 1994 11 16 16 50 58.150 2.0   1
 30062748  37.301599 -121.669865     3.694       37.7     1285.6       98.7      9.4     31.0     83.1 1994 11 16 18  3 42.360 1.3   1
 30069218  37.300822 -121.668538     3.697      155.0     1199.5      101.7      8.2     26.4     72.2 1995  3  3  9 38 49.200 1.2   1
 30069222  37.300899 -121.668571     3.744      152.2     1207.8      149.0      8.2     23.9     63.7 1995  3  3 12 30 15.850 1.8   1
 30069457  37.300220 -121.668726     3.558      138.9     1132.4      -37.4      8.1      8.8     19.2 1995  3  7 13 19 41.960 1.3   1
 30092060  37.300407 -121.668994     3.512      114.9     1153.3      -83.5      7.7      8.5     18.5 1995 12 15 18 53 39.820 1.8   1
