    17842  37.300260 -121.668571     3.500      152.1     1137.2      -95.5     20.1     22.4     28.1 1984  4 25  4 35 19.170 1.9   1
    81017  37.302844 -121.671883     3.520     -141.2     1424.1      -75.5     18.2     24.1     23.5 1986  9  2  7 24 15.870 0.8   1
    82606  37.302559 -121.670882     3.480      -52.6     1392.4     -115.2     16.6     16.4     24.5 1986  9 15 20 17 49.920 2.7   1
    83805  37.301969 -121.670524     3.482      -20.6     1326.6     -113.5     14.3     13.5     20.1 1986  9 25 12  1 52.830 1.4   1
    88698  37.302718 -121.670890     4.317      -53.6     1410.1      722.3     24.7     26.1     73.0 1986 11 25 13  0 35.660 1.0   1
   101361  37.301176 -121.669173     3.515       99.0     1238.9      -80.0     17.2     16.1     24.1 1987  6  3  6 56  7.740 1.9   1
   101362  37.300273 -121.669059     3.413      108.6     1138.3     -181.8     15.9     14.3     21.8 1987  6  3  6 58 51.320 1.7   1
   103138  37.300387 -121.669417     3.447       77.1     1151.1     -148.4     13.5     12.1     18.8 1987  7 14 19  2 57.020 1.7   1
   110939  37.301331 -121.670646     3.246      -31.9     1255.7     -349.6     19.1     17.2     27.4 1988  1 15  1 56 42.310 1.4   1
   112868  37.303699 -121.671069     4.364      -69.2     1518.6      769.0     19.4     20.2     44.5 1988  2 25 10  0 17.780 0.9   1
   120788  37.301506 -121.670841     3.479      -49.3     1275.4     -116.4     17.2     14.7     21.7 1988  7 23 10 42 21.740 1.5   1
   126189  37.300334 -121.670190     3.520        8.4     1145.1      -75.4     17.2     14.7     22.6 1988 11  2  3  9 12.610 1.9   1
   126292  37.300631 -121.668815     3.385      130.6     1178.3     -210.2     13.1     14.9     18.4 1988 11  3  1 30  4.280 1.7   1
   126389  37.299801 -121.669499     3.526       69.6     1085.9      -69.4     15.7     15.3     22.4 1988 11  4 13 34 34.720 1.9   1
   148939  37.300623 -121.668758     3.509      135.9     1177.4      -86.2     16.9     18.3     26.4 1989 12 13  5 33 46.080 1.6   1
   158154  37.302653 -121.671842     3.633     -138.1     1402.8       37.8     18.4     21.9     30.1 1990  5 23 11 11 37.580 1.0   1
   160503  37.301156 -121.669344     3.545       83.5     1236.4      -50.4     13.3     15.0     18.1 1990  7  5 20  4 42.800 1.7   1
   205031  37.301530 -121.669482     3.282       71.6     1277.8     -312.6     19.9     13.8     21.9 1991  1 20  5  0 30.930 1.2   1
   215747  37.299976 -121.668905     3.474      122.7     1105.6     -120.6     15.5     17.1     21.2 1991  5 29  9 45 22.620 1.8   1
   227435  37.300732 -121.670907     3.362      -55.1     1189.3     -233.4     23.0     24.4     25.1 1991  8 10 17  6  5.760 1.2   1
   238704  37.301070 -121.669165     3.494       99.6     1226.9     -101.2     11.6     11.1     16.3 1991 12  3  5 24 24.980 2.0   1
   238790  37.300675 -121.669189     3.547       97.3     1183.0      -48.2     13.3     12.8     18.7 1991 12  4  0  8 49.550 1.9   1
   261841  37.302808 -121.670882     3.518      -52.4     1419.8      -77.3     20.5     22.8     39.3 1992  4  6  9 39 49.410 0.9   1
   312743  37.301648 -121.671094     3.563      -71.6     1290.9      -31.8     18.1     20.0     23.8 1992  8 29 17  4 29.020 1.6   1
   314921  37.298857 -121.668636     3.616      146.1      981.4       21.2     16.5     14.7     25.3 1992  9 11  1 22 13.650 1.1   1
   331635  37.301717 -121.672209     3.450     -170.5     1298.9     -145.3     28.7     22.2     26.6 1993  1 10 22 13  9.440 1.2   1
   389286  37.299752 -121.669035     3.430      111.3     1080.8     -165.6     16.2     17.8     21.9 1993 12 20 22 35  7.800 1.8   1
   399980  37.301176 -121.670394     3.330       -9.1     1238.7     -265.3     17.4     19.0     23.7 1994  4  6  4 11 34.960 1.4   1
 30062741  37.301082 -121.669938     3.377       31.2     1228.2     -218.2     14.9     12.9     20.2 1994 11 16 16 50 58.150 2.0   1
 30062748  37.301188 -121.669572     3.521       63.2     1240.0      -74.1     24.0     24.5     23.6 1994 11 16 18  3 42.360 1.3   1
 30069218  37.300094 -121.668831     3.686      129.2     1118.7       90.9     16.7     20.8     24.7 1995  3  3  9 38 49.200 1.2   1
 30069222  37.300488 -121.668823     3.538      129.6     1162.3      -57.0     16.5     17.3     21.6 1995  3  3 12 30 15.850 1.8   1
 30069457  37.301078 -121.668669     3.363      143.8     1227.9     -232.4     26.7     22.0     27.7 1995  3  7 13 19 41.960 1.3   1
 30092060  37.300545 -121.669035     3.424      111.2     1168.5     -171.2     13.6     15.1     18.3 1995 12 15 18 53 39.820 1.8   1
