    28475  37.290023 -121.670768     3.017      -39.7      -31.5     -570.8      2.5     20.3      1.3 1984  9 23  8 43 14.720 1.1   1
    32049  37.288969 -121.670321     3.425        0.0     -148.5     -161.9      2.1     13.9      7.1 1984 11 18  0 28 55.240 1.7   1
    35109  37.291801 -121.670614     3.654      -26.1      165.5       67.0      2.8     19.3      9.6 1984 12 22  4 43 44.710 1.6   1
    57770  37.289478 -121.671696     3.364     -122.0      -92.3     -223.5      1.9     16.3      7.0 1985 10 28  3 55 38.130 1.3   1
    83805  37.291329 -121.669881     3.566       39.0      113.4      -21.1      3.0     20.6     10.0 1986  9 25 12  1 52.830 1.4   1
    88698  37.293717 -121.669906     4.331       36.8      378.3      743.6      3.4     23.1      0.7 1986 11 25 13  0 35.660 1.0   1
   101362  37.290226 -121.669897     3.703       37.5       -9.2      115.9      2.1     13.9      7.1 1987  6  3  6 58 51.320 1.7   1
   102776  37.291402 -121.672388     3.398     -183.0      121.3     -189.6      3.8     28.6     14.3 1987  7  7  1 44 26.990 1.0   1
   110939  37.289502 -121.673022     3.310     -239.7      -89.5     -277.3      2.0     15.3      7.8 1988  1 15  1 56 42.310 1.4   1
   120788  37.291439 -121.671598     3.637     -113.4      125.6       49.9      2.7     23.8     10.1 1988  7 23 10 42 21.740 1.5   1
   126189  37.291154 -121.670215     3.782        9.4       94.1      195.0      2.2     18.0      7.8 1988 11  2  3  9 12.610 1.9   1
   126292  37.289360 -121.669596     3.610       64.3     -105.4       23.1      2.2     14.1      7.2 1988 11  3  1 30  4.280 1.7   1
   148939  37.289876 -121.667676     3.673      234.5      -48.1       85.5      2.4     14.2      7.2 1989 12 13  5 33 46.080 1.6   1
   160503  37.290605 -121.669222     3.700       97.4       32.9      112.2      2.3     15.0      7.4 1990  7  5 20  4 42.800 1.7   1
   205031  37.289709 -121.670728     3.418      -36.0      -66.4     -169.4      2.3     15.6      7.9 1991  1 20  5  0 30.930 1.2   1
   227435  37.289677 -121.669979     3.472       30.3      -70.1     -115.0      2.4     15.7      7.9 1991  8 10 17  6  5.760 1.2   1
   331552  37.292212 -121.670866     3.620      -48.1      211.2       32.9      2.6     18.3      9.1 1993  1  9 17 48 38.720 1.0   1
   389286  37.289681 -121.668905     3.455      125.4      -69.6     -132.3      2.3     14.4      7.4 1993 12 20 22 35  7.800 1.8   1
   399980  37.290222 -121.670703     3.462      -34.2       -9.4     -125.2      2.2     14.8      7.6 1994  4  6  4 11 34.960 1.4   1
 30069222  37.289937 -121.669214     3.738       98.4      -40.9      151.1      3.1     19.8     10.1 1995  3  3 12 30 15.850 1.8   1
 30073191  37.292204 -121.671899     3.533     -140.0      210.6      -54.4      3.0     22.1     11.0 1995  5 14 11 18 47.000 1.0   1
