    28475  37.290503 -121.670711     3.021      -34.3       21.8     -566.7      0.8      7.0      0.4 1984  9 23  8 43 14.720 1.1   1
    35109  37.291699 -121.670630     3.659      -27.2      154.3       71.6      0.7      5.9      2.1 1984 12 22  4 43 44.710 1.6   1
    57770  37.289811 -121.671655     3.351     -118.5      -55.2     -235.9      8.9     94.8     33.1 1985 10 28  3 55 38.130 1.3   1
    83805  37.291431 -121.669865     3.562       40.3      124.8      -25.0      0.7      5.2      1.9 1986  9 25 12  1 52.830 1.4   1
    88698  37.293018 -121.669995     4.329       29.2      300.9      741.9      0.8      7.4      0.2 1986 11 25 13  0 35.660 1.0   1
   110939  37.289771 -121.672998     3.300     -237.1      -59.6     -287.3      8.3     94.8     33.2 1988  1 15  1 56 42.310 1.4   1
   120788  37.291650 -121.671574     3.629     -111.0      148.8       41.8      0.7      5.8      2.1 1988  7 23 10 42 21.740 1.5   1
   126189  37.290824 -121.670256     3.796        5.8       57.1      208.7      4.5     48.9     16.8 1988 11  2  3  9 12.610 1.9   1
   148939  37.289917 -121.667668     3.671      235.2      -43.2       84.2      5.4     48.0     17.7 1989 12 13  5 33 46.080 1.6   1
   331552  37.292000 -121.670890     3.629      -50.4      187.7       42.1      0.7      5.4      2.0 1993  1  9 17 48 38.720 1.0   1
   389286  37.289299 -121.668962     3.471      120.7     -111.9     -116.1      5.1     48.2     17.5 1993 12 20 22 35  7.800 1.8   1
 30069222  37.290222 -121.669173     3.728      101.7       -9.5      140.6      4.7     48.9     16.7 1995  3  3 12 30 15.850 1.8   1
