    21644  37.291528 -121.670768     3.600      -39.5      135.6       12.7      3.6     23.4     12.2 1984  6 27 14 50 38.140 1.6   1
    22280  37.288652 -121.671134     3.441      -71.8     -183.8     -146.3      3.0     19.0     10.1 1984  7  7  2 35  4.060 1.5   1
    28475  37.290027 -121.670768     3.017      -39.7      -31.2     -570.8      2.9     22.3      1.6 1984  9 23  8 43 14.720 1.1   1
    32049  37.288973 -121.670321     3.425        0.1     -148.1     -162.2      2.3     14.2      7.6 1984 11 18  0 28 55.240 1.7   1
    35109  37.291793 -121.670614     3.655      -26.2      164.9       67.3      2.9     18.9      9.9 1984 12 22  4 43 44.710 1.6   1
    57770  37.289478 -121.671696     3.364     -122.0      -92.3     -223.5      2.1     17.4      7.8 1985 10 28  3 55 38.130 1.3   1
    83805  37.291329 -121.669881     3.566       39.0      113.4      -21.2      3.2     19.8     10.4 1986  9 25 12  1 52.830 1.4   1
    88698  37.293717 -121.669906     4.331       36.8      378.2      743.6      4.0     25.1      0.8 1986 11 25 13  0 35.660 1.0   1
   101362  37.290230 -121.669897     3.703       37.5       -8.6      115.6      2.3     14.2      7.6 1987  6  3  6 58 51.320 1.7   1
   102776  37.291398 -121.672388     3.398     -183.0      121.1     -189.5      4.4     30.9     16.3 1987  7  7  1 44 26.990 1.0   1
   110939  37.289502 -121.673022     3.310     -239.7      -89.4     -277.3      2.3     16.4      8.8 1988  1 15  1 56 42.310 1.4   1
   120788  37.291451 -121.671598     3.637     -113.2      126.8       49.3      2.7     22.8     10.1 1988  7 23 10 42 21.740 1.5   1
   126189  37.291138 -121.670215     3.783        9.1       92.0      195.9      2.4     18.4      8.2 1988 11  2  3  9 12.610 1.9   1
   126292  37.289364 -121.669596     3.610       64.4     -104.7       22.7      2.4     14.4      7.7 1988 11  3  1 30  4.280 1.7   1
   148939  37.289864 -121.667676     3.673      234.3      -49.1       86.0      2.6     14.5      7.7 1989 12 13  5 33 46.080 1.6   1
   160503  37.290601 -121.669222     3.700       97.3       32.4      112.5      2.6     15.4      8.2 1990  7  5 20  4 42.800 1.7   1
   205031  37.289709 -121.670728     3.418      -36.0      -66.4     -169.4      2.6     16.7      8.9 1991  1 20  5  0 30.930 1.2   1
   227435  37.289677 -121.669979     3.472       30.3      -70.0     -115.0      2.7     16.7      9.0 1991  8 10 17  6  5.760 1.2   1
   331552  37.292208 -121.670866     3.620      -48.1      211.1       32.9      2.9     18.8      9.9 1993  1  9 17 48 38.720 1.0   1
   389286  37.289685 -121.668905     3.455      125.4      -69.3     -132.5      2.5     14.8      7.9 1993 12 20 22 35  7.800 1.8   1
   399980  37.290222 -121.670703     3.462      -34.2       -9.5     -125.2      2.5     15.9      8.5 1994  4  6  4 11 34.960 1.4   1
 30069222  37.289945 -121.669214     3.738       98.5      -40.2      150.7      3.3     19.8     10.6 1995  3  3 12 30 15.850 1.8   1
 30073191  37.292204 -121.671899     3.533     -140.0      210.4      -54.3      3.2     22.0     11.7 1995  5 14 11 18 47.000 1.0   1
