    28475  37.290503 -121.670711     3.021      -34.3       21.8     -566.6      0.9      8.3      0.4 1984  9 23  8 43 14.720 1.1   1
    35109  37.291699 -121.670630     3.659      -27.2      154.3       71.6      0.8      6.9      2.5 1984 12 22  4 43 44.710 1.6   1
    57770  37.289819 -121.671655     3.351     -118.4      -54.2     -236.2     10.6    111.9     39.1 1985 10 28  3 55 38.130 1.3   1
    83805  37.291431 -121.669865     3.562       40.3      124.7      -24.9      0.8      6.1      2.3 1986  9 25 12  1 52.830 1.4   1
    88698  37.293018 -121.669995     4.329       29.2      300.7      741.9      1.0      8.7      0.3 1986 11 25 13  0 35.660 1.0   1
   110939  37.289795 -121.672990     3.299     -236.8      -56.9     -288.2      9.9    111.8     39.5 1988  1 15  1 56 42.310 1.4   1
   120788  37.291650 -121.671574     3.629     -111.0      149.0       41.7      0.8      6.7      2.4 1988  7 23 10 42 21.740 1.5   1
   126189  37.290849 -121.670256     3.795        6.0       60.0      207.7      5.4     56.9     20.0 1988 11  2  3  9 12.610 1.9   1
   148939  37.289917 -121.667668     3.672      235.2      -43.3       84.2      6.4     56.4     20.8 1989 12 13  5 33 46.080 1.6   1
   331552  37.292000 -121.670890     3.629      -50.4      187.8       42.1      0.8      6.3      2.4 1993  1  9 17 48 38.720 1.0   1
   389286  37.289294 -121.668962     3.471      120.7     -112.3     -116.0      6.0     56.6     20.5 1993 12 20 22 35  7.800 1.8   1
 30069222  37.290169 -121.669181     3.730      101.1      -15.5      142.7      5.6     57.1     19.8 1995  3  3 12 30 15.850 1.8   1
