 % This stores fret (the f-value) and iter (number of iterations to converge)
  -2690.13740936919        190.000000000000     
  -2690.13740935614        395.000000000000     
  -2690.13740936964        255.000000000000     
  -2690.13740936718        455.000000000000     
  -2690.13740936620        168.000000000000     
  -2690.13740936875        203.000000000000     
  -2690.13740936655        314.000000000000     
  -2690.13740936175        233.000000000000     
  -2690.13740936838        255.000000000000     
  -2690.13740936930        267.000000000000     
  -2690.13740936737        158.000000000000     
  -2690.13740936646        402.000000000000     
  -2690.13740936803        348.000000000000     
  -2690.13740936540        222.000000000000     
  -2690.13740936908        348.000000000000     
  -2690.13740936951        321.000000000000     
  -2690.13740935828        427.000000000000     
  -2690.13740936383        281.000000000000     
  -2690.13740934129        124.000000000000     
  -2690.13740936622        251.000000000000     
  -2690.13740935551        426.000000000000     
  -2690.13740936744        228.000000000000     
  -2690.13740936607        242.000000000000     
  -2690.13740936880        279.000000000000     
  -2690.13740936151        272.000000000000     
  -2690.13740936278        251.000000000000     
  -2690.13740936832        244.000000000000     
  -2690.13740936360        346.000000000000     
  -2690.13740937016        228.000000000000     
  -2690.13740936719        304.000000000000     
