   8.1709084e+00   9.4651508e+01   2.6204426e+01   2.8387076e+01   1.5621494e+01   5.2890362e+01   6.6369813e+01   9.6317584e+00   8.2966875e+01   1.0921608e+01   9.1696934e+01   3.3924270e+01   1.1302142e+01   9.1170493e+01   2.1938956e+01   5.6606542e+01   5.2709747e+01   7.2804379e+01   8.7760422e+01   3.8837887e+01   3.3878163e+01   3.6491500e+01   2.6249318e+01   4.3198281e+01   1.1536916e+01   2.3413291e+01   1.6848081e+01   4.1790715e+01   5.3010434e+01   6.9217934e+00
   2.6013170e+01   3.5891573e+01  -4.5258533e+01   7.1657517e+01  -2.2197258e+01  -8.2202063e+01  -3.7494992e+01   1.1642628e+01  -4.2201356e+01   7.4504904e+00  -9.5199238e+01  -9.9100245e+00  -5.5268908e+01   2.4850984e+01   3.8648723e+01   5.0464524e+01   5.2195511e+01   6.4371963e+00   2.4175055e+01   1.5049101e+00  -1.2688653e+01  -8.9677635e+01  -7.8992289e+01   4.1979714e+01  -2.9818478e+01  -9.1161221e+01  -6.5071242e+00   8.8213413e+01  -6.7050535e+01  -1.4761914e+01
   6.1923964e+01   2.8268358e+01   1.6817690e+01   5.7144083e+01   1.0697489e+01   6.3286279e+00   5.1006040e+01   3.0201643e-01   2.2354830e+01   7.0662855e+01   6.6738016e+01   4.1119015e+01   4.8776578e+01   8.1034184e+01   3.6554269e+01   1.9229010e+01   2.3367216e+01   7.6264258e+01   9.4055817e+01   7.7833671e+01   8.8018327e+01   2.9395687e+01   3.3968150e+01   9.1266240e+01   2.8757514e+01   4.3330523e+01   6.3127144e+00   1.4168743e+01   7.0267768e+01   7.9767224e+01
   1.2161326e+00  -9.8916396e+01   9.1049649e+01   4.1520142e+01   6.5477514e+01  -1.8520395e+01   2.9750161e+01   3.0788044e+01   7.9194752e+01  -3.2287203e+01   4.1310150e+01  -5.0058765e+01   6.3800787e+01  -3.3245688e+00   6.3827999e+01  -6.0932768e+01  -3.9024490e+01   5.5888189e+01  -7.6109326e+01  -5.8759215e+01   7.7561707e+01   7.3549615e+01  -9.7951244e+01  -7.3979025e+01   1.2984351e+01   7.7190960e+01   1.1944858e+01  -4.8828482e+01  -5.5232009e+01   1.2379642e+01
  -3.6793975e+01  -1.5781830e+00  -6.0556104e+01  -2.5250770e+01  -6.8886611e+01  -3.1787423e+00  -7.7971655e+01   9.9255987e+01   4.7958306e+01   9.0752931e+01   8.3671084e+01  -2.3821859e+01  -5.3760229e+01  -5.0471310e+01  -1.7357120e+01  -4.3529329e+01   4.7282987e+01   3.6480993e+01  -8.2005875e+01   2.8239471e+01  -1.1799243e+01  -5.6574576e+01   6.0591152e+01   2.7314659e+00   9.9256621e+01   9.3885842e+01  -3.8086231e+01   6.3467064e+01  -1.1662257e+01   2.1806968e+01
   5.9165918e+01   9.9534099e+01   5.3213352e-01   6.0065068e+00   2.4681571e+01   4.3570319e-01   2.1183681e+01   1.5896488e+01   1.2125933e+01   5.1528073e+01   3.1867162e+01   1.4204611e+01   4.3918837e+01   6.6077303e+01   1.8651712e+01   9.0995461e+01   3.3710358e+01   8.0680170e+01   9.2106282e-02   1.9520934e+01   4.7980994e+01   5.0111949e+01   2.6129766e+01   9.0825633e+01   4.6610331e+01   1.5998053e+01   7.9203494e+01   4.2246163e+01   6.4374242e+01   5.8468598e+01
   9.6325585e+01  -8.9293257e+01  -1.9654146e+01   1.7602394e+00  -7.4172683e+01   8.8539583e+01   3.5711419e+01   2.8719872e+01  -1.1371006e+01  -9.5853601e+01   1.6362852e+01  -3.5564258e+01   5.4526167e+01   8.4344134e+01   1.1882239e+01   3.4816320e+01   4.1965596e+01  -5.9081815e+01   8.0432472e+01   4.4181186e+01   9.4597992e+01   9.8226351e+01   4.7319736e+01   9.6665464e+01   7.9129567e+01   5.6754681e+00  -2.6459558e+01   8.9618448e+01   2.7886453e+01   9.3015044e+00
   7.2448602e+01   3.5665865e+01  -9.1948899e+01  -6.2836169e+01   4.7187809e+01  -3.9249124e+01   3.2483783e+01   1.8157597e+01   8.1177362e+01   7.9428736e+01  -6.8118311e+01   4.3238388e+01   6.6223987e+01   4.2626117e+01   7.9781730e+01   8.1211394e+00  -6.6575271e+01   1.6706456e+01   2.1203949e+01  -7.2415876e+01  -5.3537453e+01  -5.0324518e+01  -6.9898273e+01   3.9338222e+00  -9.6273620e+01   4.9027540e+01  -8.0072972e+01   9.7829847e-01   1.4085170e+00   8.8932059e+01
   5.5400886e+01  -3.6400117e+01   4.2256513e+01   7.4028578e+01  -1.8573417e+01   8.2432520e-01  -6.3045761e+01   3.8220817e+00  -4.5117004e+01   6.7834288e+01  -7.8163332e+01   9.4985013e+01  -7.7726739e+01  -6.1890605e+01  -3.3636794e+01   9.7538886e+01  -8.2300365e+01  -4.8469938e+01   6.5539348e+01  -2.9045257e+01   7.0604703e+01   9.8057930e+01  -4.5394102e+01   1.8615415e+01  -7.1045187e+01   1.6804591e+00   5.9137057e+00   1.3379607e+01   2.8669747e+01  -2.1685339e+01
  -2.1241739e+01   7.9967553e+01  -5.9440848e+01   4.2136553e+01   4.5101364e+01  -3.4188234e-01  -3.8222921e+00  -2.4368070e+01  -8.8973474e+01   6.5880180e+01   4.1635559e+00  -9.0779333e+01   6.8667935e+00   7.6313684e+01   7.2340238e+01   5.7596804e+01   8.5933966e+01   5.6006756e+01  -4.3721477e+01  -8.4171136e+01  -1.4700356e+00  -4.8490227e+01  -9.9530282e+01  -4.2867989e+01   1.7316438e+01  -7.4307071e+01  -2.5765117e+01  -2.0124822e+01   7.3255227e+01   3.9418350e+01
   2.7848361e+01  -5.4676966e+01  -8.8516507e+01  -5.2611528e+01   5.3023367e+01  -5.2745974e+01  -5.6435803e+01   7.1538749e+00  -1.5045390e+01   2.6052952e+01   6.7735763e+01   2.0211062e+01   2.0664525e+01   4.4902031e+01  -4.5154703e+01   7.7718690e+01  -1.1306517e+01   3.2836257e+01   5.6008143e+01   5.7397174e+01  -8.6263935e+01   8.1121071e+01  -3.6568047e+01  -4.2878970e+01  -7.0493094e+01  -9.2109806e+01   5.9231786e+01  -1.9993857e+01  -3.9785003e+01   3.4261463e+01
  -2.9234430e+01  -6.0708184e+01   4.6881684e+01   9.3137339e+01   5.6669750e+01   7.6213373e+01  -4.0693168e+01  -2.8408288e+01  -5.0556855e+01   2.3430494e+01   3.8359358e+01  -4.8447718e+00   9.7382442e+01   3.6663541e+01  -8.8723852e+01   9.2962785e+01  -8.9523195e+01   2.7277309e+01   6.8637485e+01   2.8141113e+00   8.0593576e+01   6.0957247e+01   8.7727946e+01  -1.6125277e+01  -7.3638941e+01  -7.9764428e+00  -4.9290018e+01  -4.8754888e+01   4.8048023e+01   5.1243556e+01
  -7.1646305e+01  -5.8554951e+01  -9.4719738e+01  -5.2480302e+01  -9.2271742e+00  -2.0719588e+00  -8.9718165e+00   1.0490163e+01   4.4828361e+01   4.2274141e+01  -4.6861712e+01   5.9628271e+01  -1.8817360e+01  -7.9408895e+01  -1.3261902e+01  -4.8657795e+00  -2.8692513e+01  -1.1758791e+01   9.2530974e+01  -8.0283554e+01  -6.4771085e+00   5.7383140e+01   6.8230056e+01   5.5720785e+01   8.1615554e+01  -6.3127022e+01  -2.3094625e+01  -4.8993536e+01  -5.4195578e+01  -1.7262360e+01
   7.8695470e+01   6.1279353e+00  -5.5659896e+01  -2.8032663e+01  -3.5094677e+01   5.5578634e+01   6.1691913e+01   4.8143619e+01   7.3503435e-01  -9.0396424e+01  -7.6695810e+01  -6.2927564e+01  -7.3530887e+01  -3.5736594e+01   7.6334994e+01   3.4865088e+00  -6.5314059e+01  -7.1577527e+01  -7.1350789e+01   7.7659673e+01   1.5750131e+01  -6.4559590e+01   6.3250697e+01   9.9575937e+00   3.0968186e+01  -4.0561174e+01  -4.8302613e+01  -7.7860892e+01  -4.1091551e+01   7.2666293e+01
   1.0836667e+01   2.6106465e+01  -3.2440244e+01  -7.2805978e+01  -8.9647155e+01  -2.8984185e+01   8.4346765e+01  -7.4433279e+01  -7.4562487e+01   2.6970854e+01   6.1813521e+01  -3.9394997e+01  -7.0271561e+01  -1.8144853e+01  -3.5500462e+01  -8.8705010e+01  -8.5575124e+01  -4.2646734e+01   6.6012385e+01  -2.0078858e+01  -2.0981029e+01  -7.3532370e+01   7.2723021e+01   3.3283110e+01  -9.3583172e+01  -8.6749240e+01  -2.9140117e+01  -5.7901466e+01  -2.5091832e+01   4.3226935e+01
  -1.3044852e+01  -4.7826273e+01  -5.7038887e+01  -4.0220789e+01  -4.7873103e+01   6.7328312e+01  -7.7342039e+01  -7.0453264e+01   2.4372987e+01  -7.8380268e+01  -9.9426725e+01   2.0681919e+01  -2.6428737e+01  -6.9036859e+01   6.2531253e+01   8.7340097e+00  -9.1012306e+01  -4.5349641e-01   2.2353695e+01   6.4878958e+01  -9.1637370e+01  -9.8407492e+01   6.3897769e+01  -4.8351229e+01  -8.2185910e+01   8.5585279e+01  -8.9546882e+01  -2.5339012e+01   9.5098772e+01  -6.6847048e+01
   9.4895191e+01  -6.1276808e+01  -2.5465734e+01   6.5552069e+01   5.7423810e+01  -5.3808764e+00   4.0940978e+01   1.1306477e+00  -1.2853970e+01  -5.5140279e+01   1.4341337e+01  -1.5930473e+01   6.5633922e+01  -7.0803645e+01   8.8093819e+01   3.5599609e+01  -6.5502118e+01  -3.5638012e+01   6.4801572e+01   7.5308458e+01  -6.7570283e+01  -5.5055022e+01   4.6116081e+01  -2.5581565e+01  -3.1457763e+01  -1.8014304e+01   4.3080351e+01  -1.3873038e+01  -9.7001390e+01   4.7262881e+01
  -8.7372287e+01  -9.4987198e+01   6.7858189e+01  -7.1846052e+01  -7.4429596e+01   9.6243667e+01  -6.6211611e+01   9.6946173e+01  -4.5849339e+01  -7.0709365e+00   1.3947504e+01   1.3817384e+01  -5.7654284e+01   6.0044174e+00   6.4853707e+01  -6.6980317e+01  -8.5219765e+00   7.4576303e+01  -9.5082103e+01   3.2372253e+01  -5.3685475e+01  -5.5939085e+01  -4.1468557e+01  -6.0503670e+01   5.4587011e+00   2.0477782e+01   7.5928884e+01  -8.7159013e+01  -7.9113187e+00   4.7068731e+01
   2.6191169e+01   6.6062794e+01  -4.0348878e+01   2.0551022e+01   6.8141889e+01   9.0835649e+01  -9.7803005e+00   1.0529320e+01   7.3127329e+01   8.2611841e+01   4.5101420e+00  -6.3182181e+01   2.1056974e+01  -3.3802216e+00   9.7757441e+01   7.0810939e+01   4.0322712e+01   9.6506829e+01  -9.7990020e+00  -1.9142103e+01  -2.3339301e+01  -7.9296841e+01   8.8103091e+01   9.7801458e+01   8.7890483e+01  -8.3107747e+01   5.6280845e+01  -8.4971634e+01   2.0245649e+01  -5.1578263e+01
  -2.2472034e+01   6.4329266e+01   4.5002755e+01   1.8275257e+01   8.7805897e+01   3.0981970e+01   2.7198603e+01   9.7112035e+01   4.4430336e+01  -4.7343991e+01  -2.8230330e+00  -1.4967983e+00  -3.5035583e+01  -7.6767923e+01  -8.4309732e+01  -3.6887630e+01  -4.5616089e+01  -4.6667108e+01   4.5329597e+01   4.5815394e+01  -3.7084731e+01   9.7304450e+01  -4.2280615e+01  -4.1174480e+01  -5.6404787e+01  -5.3697257e+01   7.7785343e+00  -5.0653238e+01  -4.3973115e+01   9.8560531e+01
   5.1667648e+00  -7.7123096e+01  -2.6909443e+01  -8.6753666e+01   4.4110637e+01   3.1691278e+01   3.3841183e+01   8.8506623e+01  -3.2705206e+01   8.7550035e+01  -3.4829370e+01   1.0957797e+01  -1.4454855e+01   8.8131663e+01  -9.5739602e+01   6.9079444e+01  -9.7843831e+01  -2.0632130e+01  -8.5898065e+01  -1.5977934e+01  -8.2184315e+01   2.5130378e+01  -7.0004571e+01   4.4805669e+01  -7.0007890e+01  -4.8610359e+01  -5.5334285e+00   1.5506294e-01   9.7147349e+00   8.8024221e+01
   4.1871424e+00  -5.5138815e+00  -4.6285010e+01   6.7665644e+00  -5.5970104e+00  -2.0296677e+01  -2.5790896e+01   8.5186211e+01   9.1098667e+01  -6.8092687e+01  -5.6063511e+01   7.9981671e+01  -2.9906825e+01  -2.7192944e+01  -6.6593727e+01   2.8761534e+01  -8.8492275e+01  -5.6674497e+01   3.9427502e+01   8.3128989e+01   8.1922536e+01   9.8427649e+01   2.7221312e+01   3.6199988e+01   4.5551817e+01   2.9257583e+00  -2.5846729e+01   9.4697698e+01   7.3708040e+01   8.4273360e+01
   4.2522786e+01  -2.8297568e+00  -4.3756726e+01   2.8980097e+01   9.1637762e+01  -9.6285054e+01   1.7605466e+01  -4.4857949e+01  -2.5949690e+01  -1.2821272e+01  -9.1869538e+01   5.7659214e+01  -8.0445019e+01  -3.0928732e+01  -7.2318259e+00   5.3810746e+00  -8.9636333e+01  -6.8602987e+01   5.2391902e+01   4.4414501e+01   5.1935594e+01  -4.7305752e+01   4.2736458e+01  -6.4488854e+00  -3.8110696e+01   6.0285141e+01  -2.9454754e+01  -5.2780732e+01   5.0246602e+01   4.3083716e+01
   9.5167551e+01   9.9834675e+01   1.3014302e+01   7.5625477e+01  -5.9507414e+01   5.7802084e+01  -9.6221613e+01   4.5116530e+01   9.6268542e+01  -7.8133849e+01  -5.9973902e+01  -1.1598053e+01  -9.8879169e+01   8.4365247e+01   3.4437907e+01  -6.7881259e+01   7.0489295e+01  -9.4790078e+01   9.7279049e+01  -3.7700409e+01   3.2478369e+01   2.5459412e+01  -2.3907786e+01   7.7302355e+01   8.8772839e+01  -9.4229643e+01   5.6195661e+01  -5.6773160e+01   8.8778778e+01  -5.0920188e+01
   5.5904454e+01  -6.6507701e+01   9.9886469e+00   4.9653208e+01   4.9397379e+01  -7.5008643e+01   9.7085590e+01   9.8368340e+01  -3.9859379e+01  -5.7591378e+01  -2.0603149e+01   8.5148723e+01   6.1254995e+01   9.1155972e+01   7.4957300e+01  -5.0521985e+01  -5.6317621e+01   7.7145367e+01  -8.8063008e+01  -1.4403407e+01  -1.6960866e+01  -1.5581710e+01  -2.0818371e+01   5.8438153e+01  -3.5663409e+00   9.7877951e+01  -1.3934900e+01  -2.2636812e-01  -8.1340702e+01   8.4432460e+00
  -6.0994908e+00   3.4404767e+01  -7.0304274e+01  -2.0643551e+01  -4.4048224e+01  -4.9857253e+01  -4.6557192e+01  -2.6859337e+01   7.7271999e+01   6.7630941e+01  -1.6214647e+01  -7.4458721e+01  -5.2404585e+01   7.4390222e+00   2.2864943e+01  -3.8810626e+01   3.0874017e+01  -6.1799157e+01  -9.3330786e+01  -7.6660339e+01  -9.1733535e+01  -7.4172355e+01   8.4856900e+01   6.5906943e+01   6.8586414e+01   6.3096631e+01   3.5696412e+00  -6.7158376e+01   4.5170084e+01   9.5145085e+00
   1.8523902e+00   9.4788329e+01   9.1095459e+01   2.7814176e-01  -1.4428040e+01   8.6207255e+01  -6.4479385e+01  -7.2049624e+01   1.6165477e+01   2.5682913e+01  -4.6945880e+01  -1.1453189e+01  -8.5598185e+01   5.4166045e+01  -7.0140161e+00   6.8457821e+01  -3.5574464e+01   6.3094308e+01  -9.7662412e+01  -1.7198830e+01   5.7715545e+01  -8.6945166e+01   1.8734224e+01  -2.8891636e+01   6.3276707e+01   2.4558395e+01  -3.3661806e+01  -7.0253898e+01   2.0734093e+01  -6.9479276e+01
  -6.3675153e+01   2.5331143e+01  -8.1801254e+01   7.4575889e+01  -1.2005976e+01   8.4932925e+01  -8.9926008e+01  -2.7864520e+00  -6.4904366e+01  -8.5415702e+01   5.7519028e+01   1.6286945e+01  -2.4714110e+01   4.6894475e+01  -1.5208135e+01   7.7941109e+01  -8.1227767e+01   5.4096903e+01   9.7766346e+01   8.1237778e+01   8.2413345e+01  -5.1163184e+01  -4.9402660e+01  -1.4945738e+01  -6.3330402e+01   6.4190188e+01  -9.6943498e+01   2.9019674e+01  -7.3323809e+01   3.4050154e+01
  -7.7222195e+01  -7.3837473e+00   1.5592529e+01  -8.1697602e+01   7.4087111e+01  -7.4425050e+00  -7.6409299e+01   5.8831534e+01  -7.3526515e+01  -2.3674654e+00   8.7472610e+01   3.3014238e+01  -5.3183971e+01  -4.7795640e+01   3.6512391e+01  -8.1247939e+01   3.7351426e+01   4.6641526e+01   6.5562240e+01   3.9283248e+01   1.4827476e+01  -6.0069630e+01   1.3390292e+01   7.3139698e+01  -1.9018405e+01  -5.2261290e+01  -7.7861926e+01  -9.1153288e+01   2.6853158e+01   8.1339141e+01
   7.7700693e+01   7.4097780e+01  -4.9867484e+01  -9.3565242e+01   8.0579401e+01  -2.3010743e+01  -7.0479790e+01   3.3939901e+01   4.6151385e+01   8.4112381e+01  -3.9397066e+01   2.8113577e+01   1.8085618e+01   7.4737454e+01   4.5367440e+01  -8.5526234e+01  -8.4263272e+01   8.0185292e+01  -8.9031438e+01   8.9779167e+01   7.2455448e-01  -1.2913105e+01  -6.0571612e+01   5.4748540e+01   8.9271419e+01  -3.0484324e+01  -8.3754957e+01  -7.4137526e+01  -7.4353589e+01  -7.2521400e+01
   3.0865203e+01  -8.3284035e+01   6.6297191e+01  -5.6997253e+01   2.2236972e+01  -6.8915489e+01   8.8322851e+01  -9.0749370e+01  -2.0986660e+01  -1.9126072e+01  -3.6220667e+00  -3.9027887e+01   3.8898952e+01   8.1769121e+00   8.1321310e+00  -6.4393219e+01   3.3101505e+01  -5.3520383e+01  -4.0519735e+01   3.4088220e+01   6.3486406e+00   4.2527383e+01  -9.8911702e+01  -2.7753826e+01   7.5801857e+01   5.3835025e+01   6.9593946e+01  -5.2208692e+01   8.7208790e+01   2.1540059e+01
  -6.9214364e+01  -4.1507963e+01  -2.7274577e+01   1.2738369e+01   6.8371436e+01   2.2946616e+01  -8.4198270e+01  -2.4611748e+01  -6.2326285e+00  -1.8199523e+01   9.4657907e+01   1.7376265e+01  -9.7549253e+01  -2.6195924e+01  -7.6384971e+01   6.2870305e+00  -8.2222111e+01  -4.7689037e+01  -4.9340097e+01  -1.0949648e+00  -8.3080862e+01   9.7863700e+01   2.1605660e+00  -9.7751232e+01   7.6722211e+01   1.0087298e+01  -2.0550080e+00  -2.5792149e+00   3.0120253e+00  -5.1562566e+01
  -5.7026524e+00  -2.8060644e+01  -6.4530634e+01   2.8378193e+01  -1.3006815e+00   5.4052376e+01  -1.4136875e+01  -7.7512611e+01   6.6058555e+01  -4.0305600e+01  -3.3973306e+01  -9.8378109e+01   8.3696361e+00  -3.8891351e+01   9.0951257e+01  -3.6950241e+01  -9.3598750e+01   1.1770631e+01   1.3427201e+01  -6.1102175e+01   9.1693710e+01   7.0526861e+01   4.5976263e+01   6.7728021e+01  -2.0534371e+01   3.1780649e+01   4.1142013e+01   1.0772349e+01   9.9453033e+01  -3.9517277e+01
  -8.2568890e+01   4.8333733e+01  -8.5351404e+01  -7.5881983e+01  -2.2121858e+00   7.5113716e+01  -6.8045123e+01  -1.7159624e+01   5.0331219e+01  -6.2393702e+01  -5.6683726e+01   6.2834626e+01   2.8457926e+01   5.3250406e+01   5.2215132e+01  -1.0845925e+01  -2.3927446e+01  -8.8267998e+01   6.5181617e+01   4.8345010e+01   6.3131220e+01   9.8751777e+01   7.0841905e+01  -7.0841801e+01   2.2131137e+01  -9.4344625e+01  -7.4299969e+01  -6.7733358e+01   2.3969951e+01   4.2257062e+01
   1.1048662e+01  -1.6549465e+01  -6.9199081e+01  -3.4744034e+01  -1.1432637e+01   3.7638261e+01   8.7091942e+01   3.6694685e+00  -1.8664146e+01  -1.8399781e+01  -8.3953077e+01  -1.1703758e+01  -5.7470156e+01   8.0737277e+01  -5.4795998e+01   4.8679401e+01   2.5064447e+01   9.6686604e+01  -7.8830323e+01  -6.1917772e+01  -3.8638475e+01   3.2163891e+01  -8.1407058e+01  -6.7857987e+01   4.8483169e+01  -5.5885258e+01  -6.3014653e+01  -1.1201884e+01  -1.9806307e+01  -2.1859784e+01
   3.8217381e+01   3.2860406e+01   7.2179342e+01   9.6119609e+01  -7.4707392e+01   9.0964795e+01   7.9594303e+01  -7.4264034e+01   6.3651905e+01  -9.6763181e+01  -3.8477729e+01  -3.5459001e+00   8.3121626e+00  -2.5536197e+01   6.1422413e+01   6.5447062e+01   6.9982164e+01  -3.1218000e+00  -9.0540222e+01  -9.1668707e+01   1.4979467e+01  -8.8656716e+01  -5.9151269e+01  -8.8426082e+01   7.8017570e+01   5.0001801e+01   8.3556928e+01  -9.4525242e+01  -8.3095677e+01   3.9260742e+01
  -1.2478915e+01   5.9506870e+01  -9.4415262e+01  -4.0583496e+01  -8.1211077e+01  -5.8964379e+01   4.4338681e+01  -1.6046661e+01  -2.2161252e+01  -6.5067565e+01   1.1778523e+01   4.3699096e+01   6.9834574e+01   1.8965195e+01   9.5071569e+01  -4.7770542e+01  -9.5739419e+01  -4.0435973e+01  -5.5101758e+00  -4.2341128e+01  -5.0865413e+01   2.0054016e-02   5.8887503e+01  -4.7303070e+01   6.2420440e+01   3.7766094e+01   6.4170447e+01  -8.1906358e+01  -6.9950740e+01  -1.1067828e+01
   4.6095206e+01  -6.6836624e+01  -7.5626380e+01  -5.0948891e+01  -4.4235139e+00  -9.9173228e+01  -3.8783036e+01   1.5776629e+01  -8.9577628e+01  -2.9091694e+01  -4.2151934e+01   8.1843673e+01   1.8674153e+01  -7.4095857e+01   4.5161160e+01   9.0790550e+01  -7.0518745e+01   7.3577257e+01   9.3870398e+01  -8.4866767e+01   6.1292829e+01   9.6862678e+01   3.6854902e+00   8.4473430e+01  -2.3137460e+01   2.2933499e+01  -7.0645171e+01   5.9543646e+01   4.2913859e+01   2.4807151e+01
  -1.1127285e+01   6.5725314e+01   4.6127599e+01  -3.7145944e+01   1.7824882e+01   5.5671876e+01  -9.9673806e+01   7.5598017e+01  -3.7786329e+01  -5.7431236e+01   1.1577681e+01  -8.4678371e+01   9.9768547e+01   7.6579517e+01   5.9599561e+01   3.8202952e+01  -2.0044620e+01  -5.4071205e+01  -7.1676256e+01  -7.5115251e+01  -3.4391651e+01   6.8025624e+01   4.1178277e+01   8.1938199e+01  -9.1685988e+01   5.0949434e+01  -2.1151554e+01  -2.5280787e+01   8.4593115e+01  -7.8423416e+00
   4.2990825e+01  -2.7928312e+01  -1.3117697e+01   4.2324321e+01  -7.4108906e+01   3.1964472e+01   7.5501456e+01   1.3166344e+01  -6.0282564e+01   4.7659208e+01  -2.5996049e+00  -3.1095227e+01   8.2575332e+01   1.6840754e+01  -7.2828619e+00   9.1610678e+01  -8.1950336e+01  -8.4250636e+01  -7.0405841e+01   6.6949078e+01  -4.1380140e+01  -1.0718938e+01   6.3699212e+01  -7.3202351e+01   4.7613875e+01  -6.7059305e+01   3.7291121e+00   6.0255852e+01   4.3602395e+01   2.8335616e+01
   5.8320126e+01   8.3809783e+00   8.5755462e+01   8.6576255e+01   1.9889193e+01   5.6120516e+00  -8.8428205e+01   8.9818675e+01  -1.2931389e+01   4.5678459e+01   7.0308383e+01  -5.2585463e+00  -9.0864379e+01   4.5267717e+01   5.2652146e+00  -3.9505375e+00  -9.9028606e+01   3.9202419e+01   9.5548547e+01  -6.2470159e+01  -1.5378319e+01  -2.9018266e+01  -2.6502928e+01   1.4161204e+01  -6.5257420e+01  -9.5651637e+01   4.9349418e+01   2.5820914e+01  -3.0960068e+01   2.7590932e+01
   4.5457439e+01  -5.5299383e+01  -3.2348111e+01  -2.7454466e+01   4.3303734e+00  -7.6084956e+01  -6.9090657e+01  -2.4530908e+01   2.6197674e+01   8.3588820e+01   3.5905286e+01  -5.2518325e+01   1.6606504e+00  -5.7224194e+01   2.2709368e+01   2.7146649e+00  -1.6531518e+00   1.9607183e+01   7.4370367e+01   9.9370494e+01  -9.1782114e+01   5.6867020e+00   4.3157670e+01  -1.6115535e+00   3.1128779e+01   3.9755044e+01   2.9745596e+01   3.6936865e+01  -7.2349645e+01  -1.3955658e+01
  -4.1898327e+01  -4.3547552e+01   3.4786361e+00  -2.5919564e+01  -6.3361403e+01   8.5423771e+01  -9.2802574e+01  -3.3803850e+01   9.7068021e+01  -2.4288468e+01   3.4047446e+01   1.6210721e+01   3.5818669e+01  -8.9855360e+01  -5.3867022e+01   5.1754353e+01  -7.4833209e+01   5.3339943e+01   9.4569865e+01   9.1570727e+01  -2.3717337e+01  -2.3156812e+01   3.0928295e+01  -8.3507566e+01   8.4044841e+01   6.3786321e+01   6.1302718e+01  -6.6619610e+01   1.6961418e+01   4.1943568e+01
  -6.5132683e+01   4.7719442e+01   7.5578414e+01  -2.9810166e+00   5.7259937e+00   4.1387274e+01  -1.3683821e+01  -9.6175350e+01   4.4347451e+01   6.7108813e+01   8.8360472e+01   1.2250559e+01   5.9677486e+01  -2.9317414e+01   4.7474332e+01   6.0126847e+01   6.1199538e+01  -1.6718652e+01   7.1170254e+01  -8.5757128e+01   8.5239882e+01   6.3840448e+01   5.6450699e+01   1.0043419e+01  -1.8477995e+01  -2.1042326e+01  -6.4181024e+01   5.1122680e+01  -4.8884237e+01   8.8608489e+01
   5.6670516e+01  -1.4972914e+01  -7.2595747e+01  -2.5946563e+01   1.9480498e+00  -8.1354398e+01   2.2307601e-01   2.2029629e+01   5.5835435e+01  -7.3594221e+01   3.1175626e+01   8.5983115e+01   6.9309020e+01   7.2290936e+01   5.2429345e+01  -6.0623458e+00   7.9644910e+01  -6.2758814e-01  -7.7329745e+01   4.2122611e+01   1.0271199e+01   9.7087095e+01  -4.1877981e+01   7.4106740e+01   8.9008038e+01  -4.3879797e+01  -5.1000132e+01   2.9929245e+01  -9.6118188e+00  -5.1733554e+01
   3.8057631e+01  -8.3905749e+01   3.5091737e+01   8.2580917e+01   3.1073892e+01   4.9802692e+01   1.9837054e+01  -2.4803440e+00  -2.9660683e+01  -4.4452943e+01   3.1994931e+01  -3.8177756e+00  -5.1011153e+01  -7.9582777e+00  -3.3355230e+01   6.6939710e+01   7.2315783e+01  -8.6688355e+01  -7.5989716e+01   2.1805547e+01   5.5063731e+01   3.2898903e+01  -6.3084237e+01  -5.0247679e+01  -6.9924085e+01  -7.8477830e+01  -7.6053409e+01  -9.7426733e+01   4.4971775e+01  -7.2029003e+00
  -2.3637799e+00  -5.7937171e+01  -9.5338877e+01   8.6020953e+01   4.8288837e+01   6.0816772e+01   3.3458697e+01  -3.7298888e+01   3.7800821e+01   5.9251035e+01  -4.8771471e+01  -7.3000069e+01   3.5586380e+01  -2.5665969e+01   8.6161211e+01   9.1837586e+01   5.7699735e+01   6.0350691e+01  -7.3429378e+01  -5.8580479e+01   2.4559585e+01   7.8084344e+01  -2.1828661e+01  -7.9108865e+01   4.0490212e+01   9.4351441e+01  -3.9976676e+01  -2.0959208e+01   5.7128188e+01   4.4672323e+01
  -4.9689924e+01  -4.0130642e+01   6.8418228e+01   3.1490785e-01   4.8376200e+01  -4.3808692e+01   1.1403812e+01  -9.4712735e+01  -3.1151666e+01   6.8765236e+01  -4.4342036e+01   2.4131425e+01   7.1679208e+00  -8.7385605e+00   9.3037460e+01   9.6150629e+01   2.9183296e+01   3.2837595e+01  -8.4183666e+01   3.0627044e+01  -7.3100528e+01  -7.8756498e+01   1.3120020e+01  -1.9951843e+01  -6.7060501e+01   8.9441117e+01  -7.5227494e+01  -4.9465944e+01  -6.1590242e+00   6.4653722e+01
  -6.4495012e+01   4.0499015e+01   5.6462058e+01  -4.3170809e+00   2.2531199e+01  -6.5337326e+01  -2.0323276e+01  -7.3344720e+01  -6.2202376e+01   6.4349725e+01   7.0082488e+01   4.3456158e+01  -1.7597621e+01  -9.7404797e+01  -8.9745194e+01  -6.1498402e+01  -2.7875636e+01   7.0154332e+01  -1.9845534e+01  -1.1005205e+01   7.9955311e+01   4.9139530e+01  -8.2860308e+01   5.1089088e+01  -9.5020226e+01   2.4654478e+01  -7.7001947e+01   5.1806257e+01   5.5117460e+00  -6.3153833e+01
  -8.8503118e+01  -4.2620141e-01   9.2623822e+01  -1.2089481e+01   8.7755357e+01   5.7870974e+01  -6.9634355e+01   1.9663042e+01  -8.5005302e+01   2.4301894e+00   8.7745388e+01  -8.2476169e+01   9.3802447e+01   1.2385731e+01   5.3143924e+01   8.2179694e+01   3.1520849e+01  -9.3372196e+01   5.6529686e+01   2.9166652e+01  -6.8229068e+01   8.2982600e+00   5.4012659e+00  -9.7926871e+01   5.2757627e+01  -2.6269689e+01  -3.4137730e+01   7.6167865e+01  -4.2017195e+01   5.5705210e+00
  -7.6887962e+00   9.1327162e+01  -3.4180929e-01  -4.9781577e+00   5.3728547e+01   5.5021859e+01  -6.6495594e-01   2.1939238e+01  -1.3085347e+01   8.0886997e+00  -9.4432130e+00   7.7478630e+01  -2.9742705e+01  -3.6697321e+01  -1.0160505e+00   1.3109707e+01  -8.7402906e+01   7.9463436e+01   8.1910065e+01   6.0877155e+01  -2.6877800e+01  -8.7157354e+01   7.6687649e+01  -4.2242912e+01  -3.9632316e+01  -8.4150591e+01   1.9134304e+01  -2.3004637e+00  -7.5142607e+01  -2.5621084e+01
  -3.3186913e+01   7.6098819e+01  -3.1962445e+01   7.7126357e+01  -5.3225444e+01  -5.2097061e+01  -4.3935204e+01   5.5635308e+00   1.2789881e+01  -6.0727350e+01   3.6799611e+01   8.5488487e+01   5.8134616e+01   6.0396073e+01   3.2311488e+01   8.1361039e+01  -1.0841589e+01   9.5178277e+01  -4.5864271e+01   3.8436374e+01  -1.6468024e+01   5.8488874e+01   3.9103706e+01   6.9234938e+01  -6.0686069e+01   1.4588608e+01  -2.3434488e+01  -1.8573410e+01  -4.4207391e+01  -6.8967029e+00
   5.2547431e+01   2.8805477e+01  -4.5321416e+01  -9.0206190e+00   9.0876257e+01  -9.8868102e+01  -9.0646855e+01  -9.8038549e+01   6.9106465e+01   8.6851968e+01  -1.6398204e+01   3.7114862e+01   7.1288880e+00  -1.3806965e+01   7.6908041e+01   7.3219766e+00  -9.1269383e+01   3.3737504e+01  -3.4807687e+00  -3.3818057e+01   2.2534229e+01  -3.8268531e+01   1.6012792e+01  -3.4915799e+00  -2.4766352e+01  -5.4743866e+01  -6.7380758e+01  -3.1315733e+01  -4.0595722e+00  -5.1439724e+01
   1.1233296e+01  -1.1229300e+00   7.2695418e+01  -5.0958919e+00   7.5911868e+01   7.9047341e-01   8.2852489e+01   6.7823188e+01  -8.6058083e+00   8.3545755e+01   9.8966818e+01   4.3756641e+01   3.9437614e+01  -4.6140476e+01  -9.1661049e+01  -8.7075571e+01  -2.9044967e+01  -7.2174748e+01  -6.5940121e+01  -9.4743894e+01  -7.2114243e+01  -2.9094584e+01   6.6790313e+01   7.0007449e+01   1.3853887e+01  -7.8466642e+01   6.5050604e+01  -7.3591978e+01   2.8659439e+01   3.8857690e+01
   4.8275899e+01  -1.2957412e+01  -5.3603039e+00   5.4325066e+01  -7.8641328e+01  -8.1435968e+01   8.1340311e+01  -7.2389992e+01  -3.6076198e+01  -6.5687261e+01  -7.0109881e+00  -3.0982601e+01   5.8571077e+01  -9.1157935e+01  -1.1110729e+01  -2.5322938e+01  -8.6763812e+01   4.8517670e+01   7.5816104e+01  -4.6447368e+01   7.9935295e+01   7.6688210e+01  -3.4387045e+01   5.4993286e+01   1.2553472e+01  -6.5703035e+01   4.2707984e+01   5.4305443e+00   1.8625102e+01   9.7913519e+01
   8.4017369e+00  -2.6219752e+01   8.1350816e+01   8.1796288e+01  -5.2670674e+01  -2.6240028e+01  -3.3033322e+01   6.9835645e+01  -6.2203215e+01   1.0354054e+01   1.3279453e+01  -1.9878160e+01   5.5020971e+01  -7.2797615e+01   6.7705410e+01   2.9015695e+01   5.3963003e+01   1.1677767e+01   7.3155072e+01  -2.9198949e+01   8.3353106e+01  -1.2483474e+01  -9.5768445e+00   2.7982150e+01   3.7319663e+01   6.1313508e+01  -7.2170625e+01   5.2563825e+01  -4.4108379e+01   7.7010322e+01
  -1.3289134e+01  -2.4575233e+01  -5.4668187e+01   6.1501814e+01   5.7650353e+01  -3.2592030e+01   7.7848875e+01   5.3468912e+01   5.5151485e-01  -4.6593258e+01  -6.2897750e+01  -6.3393731e+01  -4.3186758e+01   3.1529901e+01   3.7321896e+01   7.9835116e+01  -2.0229746e+01   3.5439989e+01   4.9263569e+01  -7.4136913e+00  -5.4010903e+00   8.5945886e+01   9.8816640e+00  -9.4634696e+01  -3.3534214e+00  -9.1483586e+01   5.4879997e+01   1.6318069e+01  -9.3999157e+01   7.6909288e+01
   3.1541135e+01   9.7821943e+01   5.6501872e+01   3.3564430e+01   2.8465507e+01  -5.8943695e+01   5.1726818e+01   9.4220083e+01   6.2317241e+01  -4.8446104e+01   9.8826796e+01   1.3176044e+01   5.6324744e+01  -4.2180716e+01  -6.6504910e+01   5.2893284e+01   5.3260118e+01   8.7487774e+01  -4.0617247e+01  -6.4934252e+01  -1.7111559e+01  -9.4934729e+01  -4.3474519e+01  -5.2248692e+01  -8.8991243e+01  -1.7458402e+00   2.7507478e+01  -6.7850923e+01   9.6929650e+01   2.9703361e+01
   1.6926542e+01  -1.5729166e+01  -6.2271210e+00  -7.5115667e+01   6.0255491e+01   5.5730927e+01   5.2503425e+01   6.2326184e+01   1.6199625e+01  -1.5457519e+01   8.1924420e+01   4.5577880e+01   3.3613293e+01   3.6824783e+01   6.2784527e-01   1.0309742e+01  -3.5395233e+01  -8.6379334e+01   9.2984069e+01  -1.4286909e+01   6.7405625e+01  -8.4490048e+00  -1.4996810e+01   2.9313534e+01   7.2742863e+01   6.9644511e+01   9.0134514e+01  -8.1327855e+01  -5.2456797e+01   2.9451974e+01
   6.8105475e+01   8.7311890e+01  -7.8097574e+01   9.6748594e+01   9.8834228e+01  -8.3934186e+01  -7.6934718e+01  -4.1298830e+00  -7.8666906e+01  -4.6318092e+01  -4.0923402e+01  -7.3408737e+01   2.1662246e+01  -7.4825073e+01   6.5680597e+01  -9.3356145e+01  -5.0218124e+01  -3.7259262e+01   5.7244333e+01   1.4656581e+01  -6.8329761e+01   3.7145490e+01   2.8878589e+00  -3.3012924e+00   7.6434639e+01  -9.0246853e+01  -6.1494591e+01   1.3151195e+01   4.8003510e+01  -1.8656965e+01
  -9.5049268e+01  -4.7666739e+01  -9.3472933e+01   8.6512164e+01  -4.7376778e+01  -1.3575098e+01  -4.9302300e+01   2.8824579e+01  -8.5112675e+01   4.1290864e+01  -1.1490098e+01  -4.6433757e+01   3.6285063e+00  -5.4550842e+01   7.5689340e+01  -8.9512924e+01  -8.4031030e+00  -5.1836511e+01  -2.4755328e+01  -9.0918854e+01   4.8527824e+01  -6.4330384e+01  -3.5585645e+01  -7.7150952e+01  -2.6768003e+01   5.2675958e+01  -2.8552831e+01  -9.2821137e+01   5.2056173e+01  -7.9933982e+01
   6.1674343e+01   1.4176484e+01  -1.8156139e+01   8.2704431e+01   9.8163921e+01  -9.2532478e+01   9.8270887e+01  -1.3184353e+01   3.4168107e+01  -8.3037015e+01   1.0343641e+01  -3.3241330e+01   7.6132061e+01  -2.9783876e+01  -5.2957198e+01  -6.0380661e+00   6.5954946e+00  -1.5720160e+01   8.3756363e+01  -7.9290381e+01   3.8360532e+01   9.6224431e+01  -8.5252404e+01  -5.4034162e+01   6.4632131e+01  -4.1067061e+01  -7.7187770e+01   9.8028825e+01   3.4795357e+01  -9.7072284e+01
   9.8940216e+01  -1.0814535e+01   5.1575068e+01   5.8494750e+01   6.8602101e+01  -2.1062029e+00  -3.2920603e+01   2.2498076e+01   4.5318013e+01  -3.2384001e+00  -7.0944067e+00   3.3703945e+01  -7.3048461e+01   7.4097799e+01  -5.7376974e+00  -2.4548787e+00   8.0856156e+01   5.6976635e+01   1.6628705e+01   2.7396779e+00  -9.7006152e-01   9.5400699e+01   3.8047108e+01   8.7945235e+01  -4.1618083e+01   7.6605245e+01  -2.2283023e+01   2.6150119e+01  -2.3849192e+01   8.3764573e+01
   2.3561577e+00   4.1005469e+01  -7.9500468e+01  -2.6678094e+01  -1.1819542e+01  -9.2722793e+01  -7.5581350e+01   7.0531659e+01   6.9019621e+01  -4.4365783e+01  -4.0896458e+01  -2.1982602e+01   3.9280355e+01  -7.9222017e+01   4.8314826e+01  -4.1514888e+01   9.7669785e+01   2.5696824e+01  -4.6006314e+01   3.4789980e+01   2.1806386e+01  -7.1427025e+01  -3.1178305e+01  -9.2295338e+01   7.0797349e+01   6.8364875e+01   6.7155625e+01  -1.0480751e+01   4.7410055e+00   9.0702525e+01
  -6.7405248e+01  -1.4022569e+01   2.6513280e+01  -9.8081735e+01   7.8631173e+01  -1.0391910e-01  -3.9374933e+01  -2.4352969e+01  -1.9614919e+01   5.0866157e+01   9.8552814e+01   4.4808270e+01   5.1050864e+01   9.7518819e+01  -6.0755094e+01   2.4388035e+01  -3.3952789e+01   6.9813836e+01  -5.9705462e+01   4.2411920e+01  -7.4625932e+00  -8.8611539e+01  -9.9355058e+01  -7.4419672e+01  -9.0757113e+00   4.3538667e+01   8.6751091e+01  -1.6581392e+01  -8.3682785e+01   3.6666890e+01
  -7.2778749e+01   5.6886898e+01   1.7876879e+01   7.6257617e+01   1.5340196e+01   7.4732981e+01  -1.7925684e+01   1.0705236e+01   2.3481427e-01   3.6201741e+01   7.6769369e+01   7.5827386e+00   9.5340641e+01   8.5395915e+01  -1.6286622e+01  -4.6303777e+00   7.1432113e+01  -4.0945524e+01  -1.7568559e+01   5.4502157e+00  -2.7393758e+01  -1.7455034e+01   5.2576498e+01   9.4600470e+01  -7.2487702e+01  -1.7810147e+01   4.7811719e+01  -6.1751606e+01   5.7516118e+01   1.3559511e+01
   6.1170672e+01  -6.3748561e+01   8.0247911e+01  -8.6340545e+01  -6.2588024e+01  -7.1783656e+01  -9.8596759e+00   1.4521329e+01  -8.8776253e+01   3.2405451e+00  -3.1778169e+01  -4.7643133e+01  -5.4588587e+01  -4.8670371e+01  -8.2789315e+00   3.6389973e+01  -2.3346870e+00   1.4668358e+00   9.5258590e+01   2.6904139e+01  -6.3375965e+01   4.3405064e+01   6.7558350e+01   8.9922034e+00   7.2748262e+01   8.3775082e+01   4.7866666e+01  -5.9606990e+01  -5.6011264e+01  -9.8208411e+01
   3.7892281e+01   8.9113875e+00   7.9426101e+01  -7.9525827e+01  -9.7641753e+01   2.4642436e+01  -5.5573560e+01  -5.5951761e+01  -3.2292208e+01  -8.3319955e+01   8.1632719e+00   9.3655465e+01  -9.7038721e+01  -4.0616997e+01  -5.2993357e+01  -5.5935713e+01  -8.5161491e+01  -4.4143461e+01   3.3070765e+00  -3.6405298e+01   2.1770457e+01  -5.1085859e+01  -2.4526840e+01  -8.4771249e+01   2.9545456e+01  -8.9552558e-01  -5.5612091e+01  -4.2463772e+01  -2.2489475e+01   1.8838919e+01
   4.4431654e+01  -2.3350750e+01  -7.9439265e+01   4.5384959e+01  -7.5370464e+01   2.3083695e+01   9.2721701e+00   4.7557688e+00  -2.2122180e+01  -1.7197127e+01   8.4854545e+01  -6.8337440e+00  -2.4167509e+01  -7.1314165e+01   7.8768773e+01  -6.3574934e+01   1.7413495e+01   9.1659157e+01   7.9054520e+01  -7.1205453e+01  -1.0586961e+01   8.0185260e+01  -1.7262352e+01  -8.7659945e+01  -9.0738473e+01   2.8173893e+01  -8.4614922e+01   2.3169859e+01  -3.8841409e+01   3.7946380e+01
   5.3792175e+01  -5.2776167e+01   7.5292800e+01   8.1079622e+01   9.8121689e+01   2.8876971e+01   4.0018083e+01  -5.8442869e+01   6.5110663e+01  -6.9852240e+01  -6.3160159e+01  -5.4671856e+01  -4.1123738e+01  -4.2094233e+01   9.2470691e+01  -4.4919481e+00   9.9361767e+01  -7.0835686e+01  -8.4514256e+01   8.5786941e+01   6.0045051e+01  -5.7588447e+01  -1.0170501e+01  -9.0869312e+01   4.6088730e+01   8.4102780e+01  -8.3009789e+01   3.9311293e+01   6.3007623e+01  -4.4943197e+00
  -1.5874571e+01   4.9177044e+01  -5.9702370e+01  -4.7968816e+00  -5.6481497e+01  -5.8370721e+01   2.4423857e+01   5.0360381e+00   6.0484646e+01  -1.6047371e+01  -5.9310886e+01   9.4923139e+01  -9.8793943e+01   1.3522241e+01   6.0782852e+01  -2.5963321e+01   2.4376524e+01  -7.2342513e+00  -4.7020805e+01  -7.1513648e-01   6.3095003e+01  -1.5079987e+01  -2.6467679e+01  -4.9259776e+01  -4.9493855e+01  -2.0484240e+01   9.6567870e+01  -8.4923133e+01   3.7799354e+01  -4.8877646e+01
   6.0081906e+01  -5.5074248e+01   4.7842137e+01   9.4970872e+01   9.1763148e+01  -3.4722221e+00  -7.7947917e+01  -8.2129726e+01  -9.2997544e+01  -8.5965043e+01   8.1266519e+00  -2.0712282e+00   6.9134386e+01   2.9624051e+01  -6.7993162e+01  -2.2697543e+01  -5.3521147e+01   7.0875186e+01   7.6438903e+01   6.1901704e+01   1.0203545e+01   9.7144655e+01   8.0535688e+01   4.9954927e+01  -4.6587248e+00   7.1752844e+01   3.4253451e+00  -3.4594768e+00   3.8911021e+01   4.8265796e+01
   3.8625047e+00  -6.6222868e+01  -7.2761975e+01   8.0470765e+00   4.9023922e+00   5.6999940e+01  -4.4858618e+01   1.1703136e+00   9.0417839e+01   6.2482951e+01  -7.3696939e+01   2.3494857e+01  -4.8177204e+00  -9.5283936e+01   7.5053985e+01  -8.0790243e+01   9.5703710e+00  -8.5076114e+01   9.0841365e+01  -4.9673215e+01   6.9657031e+01  -2.2321076e+00  -1.4790132e+01   1.2183304e+01   3.4593391e+01  -7.7945416e+01   5.2284784e+01  -1.7629927e+00   6.2867522e+00   1.9651882e+01
   1.5472426e+00   1.7848749e+01  -8.5958160e+01  -9.2272497e+01  -2.4230614e+00  -3.9960023e+01  -9.2833546e+01   5.8670158e+01   1.6649853e+00  -9.6702593e+01  -1.1204869e+01  -1.1535696e+01   3.6814224e-04  -9.3491177e+01  -9.6084593e+01  -4.1369356e+01  -8.8833269e+01   4.4152191e+01   6.8571983e+01   8.8331068e+00   7.0143293e+01  -7.4415979e+01  -9.3274711e+00   2.4494592e+01  -1.6497271e+01   3.4038360e+01  -8.3607108e+01   7.4495073e+01  -1.6948456e+01   1.1318209e+01
   1.1543653e+01  -5.8214087e+01  -2.7863488e+01  -8.4226448e+01   5.9402761e+01   3.2169092e+01  -4.3178102e+01  -8.5843830e+01   1.1999655e+00   8.1468461e+01  -6.0893039e+01  -4.1312161e+01  -5.7758631e+01  -8.7346886e+01   8.0548562e+01  -2.8066395e+01   1.8269966e+01  -7.6580979e+01  -1.4085626e+01   4.4887393e+01   1.5186917e+00  -6.0510014e+00   3.5116292e+01  -4.0550274e+00   6.5606521e+01   4.6056718e+01  -4.3410842e+01   2.3373259e+01   5.7916632e+01   3.1907456e+01
  -6.8119899e+01  -6.0050097e+01   7.2539773e+01   9.8079897e+01   6.1645417e+01   3.3699923e+01   5.7620078e+01   5.5766217e+01   5.1254481e+01   4.8170342e+01   2.9150744e+01   4.6023465e+01   1.9642898e+01  -6.3861156e+01   8.3694411e+01   8.7307365e+01   6.9780045e+01   8.8606327e+01   7.7113542e+01   7.2926291e+01  -3.3770675e+01  -7.5170618e+01   5.2076314e+01  -3.2213197e+01   4.7734267e+01  -1.9008042e+01  -6.2798134e+01  -2.0595044e+01   9.6749756e+01  -7.7395476e+01
   7.5698996e+00  -2.7181495e+01   9.2854460e+01  -5.2762621e+01  -5.9932315e+01  -1.4395100e+01  -5.9640744e+01   9.7140403e+01  -3.1162365e+01   8.7888898e-01   8.2175988e+01  -2.1602440e+01  -6.9361255e+01  -2.7834981e+01   5.7283559e+01   8.5412737e+01  -3.1398252e+01  -9.9185516e+01  -8.3117067e+01   8.3482958e+01  -8.9969174e+01   9.7877271e+01  -6.2717758e+01  -6.5705146e+01   3.9390726e+01   3.8960042e+01   7.6451828e+01   6.6056897e+01   7.9042616e+01  -2.3171928e+00
   1.1573491e+01   9.1320737e+00   6.6640733e+01   1.0609308e+01  -8.8153752e+00   5.7664890e+01  -1.8610751e+01  -7.4103895e+01  -2.9849587e+01   6.8252827e+01  -2.4146999e+01   2.9984577e+01  -3.8375450e+01  -1.7004790e+01   8.7843893e+01  -4.1470624e+01   6.5161268e+01   7.2480916e+01   3.5044903e+01  -8.7900996e+01  -5.7845612e+01   1.9955829e+00   6.5621101e+01   4.0019964e+01  -3.0976550e+01  -4.0412066e+01  -4.4930391e-01   8.8339621e+01   1.9856795e+01  -5.2266853e+01
  -8.9600895e+01   5.9385605e+01  -1.8029878e+01  -3.5221522e+01   4.4785947e+01  -1.8166397e+01   2.2429172e+01   4.2628248e+01   3.5922692e+00  -1.1570570e+01   4.5257950e+01   7.4057548e+01   8.0959946e+01  -9.2737352e+01   9.1248149e+01   6.7598809e+01   1.2064604e+01  -5.0831849e+01  -9.3130855e+01  -4.5433736e+01   6.3321374e+01   4.7390448e+01  -5.2653933e+01  -2.1077716e+01  -8.0245670e+01  -8.1880177e+01   3.2803135e+01   5.0205801e+01   2.3166797e+01   8.7761652e+01
   7.0518771e+01   4.8039277e+01   3.2311873e+01   5.7545310e+01  -5.6652480e+01   2.1552776e+01   5.8944581e+01   3.0905793e+01   5.6242511e+01  -8.5526099e+00   3.2876255e+01  -9.8987801e+01   6.6712843e+01  -5.7900219e+01  -4.7307603e+01   3.9994002e+01   2.7693900e+01   5.9437630e+01  -9.7926342e+01  -7.9722814e+00   3.2327097e+01  -7.1078421e+01   4.4124397e+01  -3.8394326e+01   8.9469268e+01  -4.1743629e+01   9.1692060e+01  -2.5041138e+01  -6.1647111e+01  -8.0994983e+01
  -9.7762058e+01  -5.2893771e+01   9.1572694e+01  -3.2804681e+01  -6.2790413e+01   1.4858579e+01  -2.4963590e+01  -7.8518392e-01   5.3870939e+01   3.2152614e+01  -9.9868987e+01   6.9262177e+01  -8.6192039e+01  -7.6926268e+00  -3.6113558e+01  -4.4894669e+01   3.9451252e+01   5.8960159e+01  -5.5345283e+01   7.6132177e+01  -5.0513328e+01  -9.7952227e+01   8.2960572e+01  -7.9597601e+01   5.5155544e+01  -7.9564345e+01  -7.3604923e+01  -4.0547488e+01   7.1218090e+01  -9.6726780e+01
   9.6410134e+00   5.5441423e+01   6.3736457e+00   3.0868151e+01  -8.2369603e+00  -1.6192031e+01   9.2823853e+01  -8.4283553e+01  -3.5291360e+01  -1.8694504e+01  -2.0142947e+01   8.2625925e+00  -1.7902802e+01   1.4786984e+01   7.5821761e+01  -2.8792442e+01   8.9629169e+01  -2.9750550e+01   7.2489606e+01  -1.6697667e+01  -1.0202161e+01   5.7241928e+01  -3.3877975e+01   9.3143907e+01  -8.9511141e+01  -9.2899936e+01   4.4806272e+01  -7.6997461e+00   7.0619600e+01   2.6277361e+01
  -2.6741993e+01  -6.1430887e+01   4.8766356e-02   3.0160244e+01  -6.9617602e+01  -6.4495299e+01   8.2072539e+01   6.3982678e+01   6.9052650e+01  -8.7782228e+01  -1.9094857e+01   1.4583557e+01  -9.2465296e+01   1.1538079e+00   7.5478918e+01   8.8769883e+01   9.6305765e+01   1.0750423e+01  -7.9189650e+01  -7.2443781e+00  -1.6746574e+01  -9.8564215e+01  -9.1112648e+00  -1.6992336e+01   5.5471369e+01   2.4337761e+01   2.4829703e+00  -3.7992488e+01   3.2879081e+00  -7.9848171e+01
  -1.9571464e+01  -6.8682884e+00  -8.2637825e+01  -8.9840705e+00   7.0227745e+01  -4.4205318e+01   4.5627544e+01  -4.5945476e+01  -9.8269472e+01  -1.6921401e+01   8.0773474e-01   7.5919384e+01   1.3284403e+01   8.0773059e+01  -6.9583899e+01  -5.3674663e+01  -6.8167752e+01  -8.4088078e+01   2.0667995e+01  -9.0562912e+01   3.0071853e+01   8.7472714e+01  -4.2044001e+01   6.5859423e+01  -9.2109716e+01   6.0141139e+01  -8.6494135e+01   6.6088195e+01   8.8851381e+01  -9.4418731e+01
  -5.8928651e+01  -1.9620546e+01  -2.1248385e+01  -1.8470180e+01  -8.9387698e+01   3.4733837e+01   4.0408465e+01   2.1534650e+01   1.7746509e+01  -4.1095135e+01  -3.5560298e+01   9.3176048e+01  -9.4392727e+01  -1.8722562e+01  -5.8099738e+01   1.7864351e+01  -9.9967249e+01   5.9741849e+01   7.3028023e+01   5.6075315e+01  -9.7591808e+01  -2.1696743e+01   5.5846040e+01   7.4688978e+01  -6.6982508e+01  -4.8235505e+01  -7.4435378e+01   8.2435115e+01   2.5352375e+01  -2.0762043e+01
  -3.5698168e+01  -3.7221117e+01  -1.1027758e+01   7.5938418e+01   2.6421382e+01  -6.2831715e+01   1.9492941e+01   3.7638124e+01  -1.3724034e+01   2.6244527e+01  -3.8358351e+00  -7.1600215e+01   6.2269968e+01  -4.9918324e+01   1.0322013e+01   4.2607997e+01  -8.2642238e+01  -5.6150784e+01   6.7368971e+01  -7.9488897e+00   6.3507556e+01  -2.2668323e+01   5.0147629e+01   2.4439318e+01   9.1368491e+01   6.7416951e+01  -6.3832698e+01   9.8214080e+00   8.9946870e+01   7.4392036e+00
   7.4432844e+01   5.5319188e+01  -8.5163688e-01   5.4953179e+01  -9.8856516e+01   5.4243063e+01  -3.2212378e+01   7.4663404e+01   9.1060418e+01  -9.7895250e+01  -7.9799679e+01  -7.9859754e+01   1.6908646e+01   9.4622783e+01  -5.2904989e+01  -8.0746846e+01   7.9872448e+01  -7.6154248e+01   3.4726207e+01   8.8972749e+00   5.8377515e+01  -8.6069151e+01  -5.6369442e+01   9.4761803e+01  -9.1503083e+00  -8.4607608e+01  -4.5824867e+01  -7.0212872e+01   3.9796206e+01   3.6377569e+01
  -6.3849621e+01   3.6527424e+01  -2.9053972e+01   8.7053112e+01   3.2744166e+01   3.6785234e+01  -1.5531900e+01   6.0452694e+01  -4.0870152e+01  -6.7367282e+01  -7.9665680e+01   9.9924151e+01  -8.5662122e+01  -8.3461316e+01  -3.1926219e+01  -8.9487347e+01   2.1027831e+01   9.4183355e+01  -2.2438837e+01   3.7774484e+01  -2.4637249e+01   9.9947595e+01   4.3305296e+01  -7.2943719e+01   6.1915756e+01  -1.6644464e+01   6.9392985e+01   9.8290649e+01  -6.9607385e+01   2.7234009e+01
  -2.1523478e+01  -4.5329401e+01   9.8924242e+01  -5.7464475e+00  -9.8578871e+01   9.8250151e+01   9.9719508e+01  -5.9343018e+01   6.6020190e+01   3.3291654e-03  -7.7118481e+01  -2.9805028e+01  -1.9700845e+01  -2.8997670e+00   2.4983999e+01  -5.4814942e+01  -7.3490153e+01  -5.2867451e+00   5.6708473e+01  -6.8497115e+01   4.4466486e+01   8.1546249e+01   6.5531963e+01   2.9568970e+01   7.0790214e+01  -5.4830519e+01  -6.1822709e+01   4.9433053e+01   9.2188346e+01   9.8750283e+01
  -2.6224675e+00  -6.0373327e+01   3.1417837e+00  -5.9068659e+01   9.7172458e+01   7.5093743e+01   4.0878266e+01  -7.7790790e+01   2.6040866e+01  -5.5540447e+00   1.2173637e+01  -8.6131425e+01  -3.1068925e+01  -9.8114893e+01   9.7550998e+01  -4.0284215e+01  -1.2185325e+01   2.6477136e+01   2.9560682e+01  -6.9639046e+00  -6.1369973e+01   3.8004543e+01  -1.5069334e+01   1.5264236e+01   5.5609070e+01  -9.0521078e+01   6.4814585e+01   9.5628573e+01  -5.3585742e+01   2.3973507e+01
   2.1895384e+01   1.6701740e+01  -4.8561921e+01   3.1373170e+01  -2.1521366e+01  -8.6127763e+01  -4.5012949e+01  -1.9616212e+01   3.2535663e+01   4.3516935e+01  -5.9225731e+01  -2.4658128e+01  -6.5016776e+00  -3.2864345e+01  -4.1365652e+01   8.6356128e-01   7.9561738e+01   9.3554681e+01   6.0727803e+01  -7.8353705e+01   8.6840311e+01  -7.8729245e+01  -8.0123589e+01   9.3922516e+01  -3.5041446e+01  -1.2551925e+01   6.6167851e+01  -8.5662290e+01  -6.0472797e+01  -3.9139847e+01
   5.1451648e+01   7.5395717e+01   6.2507884e+01   3.6605926e+00   9.1931711e+01   9.2839004e+01   7.6470169e+00  -8.6973509e+01  -6.0857265e+01   8.2417518e+01   9.4470001e+00   5.0035188e+01   1.2334897e+00   7.9539623e+01   5.4908269e+01  -6.9821143e+01  -7.0745760e+00  -8.8570213e+01   5.8079304e+01  -9.1112925e+01   6.2870326e+01  -6.3475203e+01   8.0460220e+01  -3.1693616e+01   6.9430605e+01   1.8775527e+01  -4.0068666e+01   7.2480076e+01   8.1580614e+01  -3.3099586e+01
   5.0131905e+01  -1.3747865e+01   5.7377788e+01  -1.7353038e+01  -4.6766224e+01  -4.2759799e+01   4.3623719e+01   3.8480091e+01  -2.6499730e+01   3.0756420e+01   1.2380981e+01   6.2527233e+01   5.7727633e+01  -9.6991823e+01   2.2190612e+01   3.4863996e+00  -3.1932912e+01   8.3104117e+01   3.8754415e+01  -8.2150971e+00   3.9869515e+00  -7.3145568e+01   4.9593080e+01  -6.3405835e+01  -7.3180821e+01  -7.1338133e+00  -2.6244691e+01   4.9153951e+01   4.2796860e+01   4.8360465e+01
  -2.6892970e+01   2.9199300e+01   8.6462023e-01  -1.1738997e+00  -9.3228818e+01   3.7055025e+01  -1.5468558e+01   8.8375760e+01   5.6034004e+01   4.8818850e+01   1.8067351e+00   3.5966450e+01   9.4342687e+01   5.4336327e+00  -9.1278499e+01  -2.5631010e+01   2.7083737e+00   9.9795505e+01  -7.5609194e+01   3.1287601e+01   7.8636099e+00   7.1892924e+00  -1.7837387e+01   9.2279102e+01  -5.4079666e+01   9.8090732e+01  -1.3558328e+01  -9.0363534e+01   3.6914696e+01  -4.9013653e+01
   5.2260602e+01   2.7813456e+01   5.1943684e+01  -2.1350748e+01   1.1983530e+01   1.4575181e+01  -9.3321858e+00   4.5291259e+01  -3.3877496e+01  -6.8706785e+01  -5.0810016e+01  -2.1005869e+01  -8.8197355e+00  -9.1217745e+01   2.1878747e+01  -2.0671457e+01   3.9696648e+01   3.2371488e+01   9.2654093e+01  -5.6997831e+01   7.5607624e+01  -8.8325022e+01   9.7796757e+01   4.4886948e+00  -2.2467061e+01  -1.8149579e+01   1.5904005e+01  -9.7656409e-01  -6.7661266e+01  -6.5743562e+01
  -7.6783679e+01  -2.9378334e+01  -5.5175065e+01   8.8343600e+01   9.5323234e+01   2.6615837e+01  -7.6785661e+01  -9.2076750e+01  -8.5637433e+00  -8.5614543e+01  -6.4128995e+01  -4.1143459e+00   4.4068570e+01   5.2088470e+01  -5.7366514e+01  -2.9594749e+01   5.9853124e+01   5.0513289e+01  -8.7723992e+01  -2.0924092e+01  -4.9271534e+01   2.0615160e+01   3.3479085e+01   8.9999080e+01  -1.6989201e+01  -1.8403230e+01  -8.3317656e+01  -6.0915676e+01  -7.2687915e+01   8.4311899e+01
  -3.2195324e+00   6.5345501e+01   1.2631640e+01   1.0121392e+01   8.8681218e+01   1.2079304e+01  -5.4303452e+01  -5.8512475e+01   2.5039137e+00  -4.9195252e+01   6.3917867e+01  -4.3879860e+01  -8.8582718e+01   4.9351761e+00   7.8517981e+01   8.1951536e+01  -3.7512341e+00  -2.3155731e+00  -4.3887400e+01  -9.5862296e+00   9.0454622e+00  -5.3154785e+01  -1.8416775e+00  -2.5009706e+01   9.1250841e+01   9.4209787e+01   2.5166407e+01  -1.9732542e+01   9.8014482e+01   5.9811405e+01
   8.0143279e+01   6.0677708e+01  -3.9674880e+01  -8.8061888e+01  -8.5347899e+01   8.9979285e+01  -3.2104825e+01  -8.5845627e+01  -8.4550903e+00  -1.1375733e+00   5.9333203e+01  -9.3211352e+01   5.3131542e+01  -5.2938529e+01  -6.3744303e+01   5.9236615e+01   4.7580975e+01   4.3049696e+01  -7.2712659e+01   1.6438720e+01  -9.5402360e+01  -2.9453476e+01  -1.1067661e+00  -8.3328212e+01   7.7324464e+01  -4.5686408e+01  -4.1638542e+01  -5.6430043e+01  -5.2190363e+01  -4.6574816e+01
  -7.4716349e+01   8.6968703e+01  -4.2099163e+01  -7.8126336e+01  -5.3218897e+01   5.9072814e+00  -5.3954606e+01  -1.1414669e+01  -2.3361566e+01  -6.6644882e+01   4.7033464e+01  -7.4423302e+01  -1.2527631e+01  -9.0344941e+01   7.8087971e+01   7.2589361e+01  -2.4268335e+00   6.9541863e+01   9.7550072e-01  -8.7614476e+01  -4.0068973e-01   5.4782683e+01   6.7033932e+01   9.4174010e+01  -1.3254856e+01   5.9854488e-01  -4.9145648e+00   4.7989903e+01   9.7743824e+01  -1.9987408e+01
   3.6085613e+01   8.1863296e+01   1.5168044e+00   7.8947392e+01  -1.1489661e+01  -3.3604875e+01  -8.6503225e+01   1.9261221e+01  -6.6708421e+01  -6.1021713e+01   4.3724029e+01   4.9031595e+01   9.5970318e+00  -4.7383352e+00   9.9571389e+01   1.8878008e+01  -4.6736117e+00  -8.1445371e+01  -2.5805144e+00  -6.9742265e+01  -4.7760927e+01   3.6696416e+01   5.8181383e+00  -6.0394961e+01  -7.9755794e+01   1.6001470e+01   6.1459824e+01  -6.7085182e+01  -2.6151766e+01  -3.0964535e+01
   4.3060095e+01   1.9398173e+01  -7.8449710e+01   8.1464600e+01   2.2869827e+01  -8.7723958e+01   1.2702057e+01  -1.4808844e+01  -8.4698682e+01  -7.7701091e+00   6.9245768e+01   6.0684728e+01  -9.4071614e+01   2.3089518e+01   6.6967748e+01  -3.1486170e+01   9.6826629e+01   8.4091766e+01   6.0203324e+01   6.1309613e+00   4.9479457e+01  -4.3933583e+01  -7.7273442e+01   5.1975171e+01   8.4065897e+01  -6.6799635e+01   6.6276103e+00   3.0630345e+01   7.3104435e+01   5.9280539e+01
  -6.8931783e+01   7.6275661e+01   8.6502643e+01   6.4265848e+00   4.7947207e+01   1.8341246e+01  -3.5333868e+01  -6.6955107e+01  -9.9523915e+01   1.2627916e+01  -7.0797524e+01   4.6222016e+01   9.9374284e+01  -6.4094068e+01  -6.2053138e+01   5.8559287e+01  -2.9129397e+01   5.1018511e+00   8.2444824e+01  -8.3475465e+01  -5.8758177e+01   2.8889963e+01   2.5049762e+01  -9.8749200e+01  -5.7853027e+01  -3.0270678e+01   5.5497869e+01  -2.8595443e+01   3.6417880e+01   8.9354195e+01
  -1.3784527e+01  -2.0076660e+01   6.5615184e+01  -4.2446912e+01   7.3919371e+01  -9.9926310e+01   3.0538372e+01  -4.4257216e+01  -6.0487296e+01   4.8619278e+01  -2.6570632e+01   5.3353721e+01   1.3837716e+01   8.6406545e+01   9.8898715e+01   9.3694600e+01   5.7320829e+01   2.5175339e+01   7.7153678e+01  -2.8081110e+01  -7.0831163e+01  -3.9829077e+01   9.0669590e+01  -8.9580619e+01  -4.5509002e+01  -2.1294834e+01   6.3966327e+01  -5.4316427e+01  -3.6752780e+01  -4.2775620e+01
   3.0901538e+01   6.4558625e+01  -7.0887322e+01   1.1755094e+01   8.3159169e+01   9.2611189e+01   7.2068413e+01  -7.2584406e+01   6.1791375e+01  -4.2612747e+01  -4.9330185e+01   6.9140545e+01   6.5560743e+01   6.4791415e+01  -9.7619930e+00   1.2816573e+01  -7.1059480e+01   1.9552046e+01   6.1113722e+01  -4.7396510e+01   9.6659818e+01   1.4653993e+01  -9.9641612e+01   8.0456312e+01   8.6344879e+01  -3.6559868e+01  -7.7885518e+01  -8.2748755e+01   9.6126391e+01  -2.7498062e+01
  -9.2381486e+01   5.6907225e+01  -8.3126344e+01   8.3874628e+01   3.3838706e+01   4.8129760e+01  -4.4113498e+01   7.0647888e+01   9.7793670e+01  -8.1205860e+01   2.8813005e+01  -9.7282513e+01  -2.0521587e+01   9.2048487e+01  -4.3284792e+01  -1.1453822e+01   1.1794859e+01  -7.6569138e+01   8.0605636e+01   9.1776789e+01   1.7342802e+01  -2.4802832e+01  -1.6405691e+01   5.0717379e+01  -3.8138741e+01   8.0869314e+01  -9.5642445e+01  -1.7284064e+01   2.5008654e+01  -9.8489308e+01
   2.6655464e+01  -9.5697287e+01   9.8417136e+00   8.1473224e+01   3.6962767e+01  -1.6235365e+01  -6.5481614e+01  -8.9391778e+01  -9.4825726e+01   1.2339600e+01  -5.7832841e+01   8.3748978e+01  -3.3251701e+01  -4.3676390e+01   5.7310495e+01  -4.9104409e+01   1.1903776e+01   7.6050544e+01   3.4853503e+01   1.8129196e+00  -6.7240500e+01  -7.3025932e-02  -5.1375494e+00   5.0290211e+01  -8.5765969e+01   1.7298031e+01   6.5348079e+01   2.3870328e+01   7.5083490e+01  -8.2864098e+01
   1.6521323e+01   3.3301303e+01   9.9962235e+01  -7.0645920e+01  -3.3696041e+01   9.8035405e+00  -4.7250950e+01  -1.4544725e+01   3.8265964e+01  -5.0902385e+00  -7.3108345e+01   7.9888427e+01   1.6411281e+01  -4.0705590e+01  -9.9859066e+01  -3.1371988e+01   4.0456033e+01  -2.6352238e+01   8.8084317e+01  -8.2980361e+01  -2.5033454e+01  -2.9487134e+01   9.1668386e+01   7.8027293e+01   3.8043903e+01   5.2406933e+01   7.3357650e+01  -3.8454081e+01   2.5857813e+01   9.0598213e+01
   4.7530772e+01   9.0752824e+01   3.4721008e+01  -8.8584307e+01  -5.8046834e+01  -9.9249727e+01   7.0881869e-01  -1.2034452e+01  -8.3440530e+00   9.8827555e+01  -2.6302621e+01   1.1081436e+01  -6.1446726e+01  -8.2094863e+01   1.1398468e+01  -1.3874362e+01  -7.5654672e+01   7.0470841e+01  -7.2751576e+01   6.8027554e+01  -2.9801032e+01   5.8793334e+01   7.0765524e+01   3.3140659e+01   7.3590716e+01  -1.9655199e+01   5.2037292e+01   2.5779597e+01  -2.6842106e+01   1.9366421e+01
  -6.8175609e+01   2.7594834e+01  -2.5757855e+01  -2.3862984e+01   3.2007658e+01  -3.0309848e+01  -5.3709187e+01   6.2646944e+01  -2.7774204e+01  -4.4434770e+01  -6.5692754e+01  -9.9010541e+01   3.1912395e+01   2.2009143e+01   7.5090988e+01  -9.3218407e+01   9.8575962e+01  -7.7678627e+01  -2.4329917e+01   9.6063458e+01   4.7900100e+01   4.1462548e+01   9.5892789e+01  -7.6429914e+01  -5.9054974e+01  -7.7195656e+00  -6.7845090e+01   4.6958510e+00  -5.6008346e+01   3.0552562e+01
  -5.2163528e+01  -3.7384004e+01  -6.1813845e+01  -4.8264915e+01  -9.6555828e+01   8.9501622e+01   2.3807116e+01  -9.2828978e+01  -5.3614510e+01   7.1895889e+01   7.4613570e+01   9.0476761e+01  -8.6314575e+01   8.0003636e+00  -8.5143155e+01   2.7973808e+01  -8.1941915e+01  -6.1444078e+01  -5.6568117e+01  -6.7171161e+01  -5.5806703e+01   6.5482935e+01  -4.2022550e+01   8.5041503e+01  -5.8151727e+01  -4.7427410e+01  -3.1740214e+01   7.0732937e+01   2.8400801e+01  -9.9397178e+01
   4.8317046e+01  -6.6059278e+01  -2.6024860e+01   8.0423583e+01  -3.6057494e+01   6.3687752e+01  -5.7176460e+01   8.7174250e+01  -1.7106187e+00   1.8656361e-01  -6.1296119e+01   2.6842748e+01   3.9732837e+01  -9.3190738e+01  -5.4580763e+01   5.8292745e+01  -7.5839074e+01  -1.5973399e+01  -4.6402001e+01  -2.6982029e+01   6.1862866e+01  -4.7899932e+01   1.8679806e+01   3.4089711e+01  -6.6833506e+01  -2.2761352e+01  -6.3501547e+01   5.2098324e+01   1.7786969e+01   3.6777778e+01
  -1.2062838e+01  -6.8824123e+01  -7.6471922e+01  -5.6426195e+01  -9.9106032e+01  -6.8884358e+01  -3.1966787e+01  -5.8147789e+01  -2.3293999e+01   5.1218939e+01   9.7600729e+01   7.1805116e+01   8.5490820e+01  -9.2736319e+01   1.8350634e+01   5.4004092e+01   1.9898652e+01   4.8157384e+01   8.2800012e+01  -2.6580105e+01   1.3688273e+00   1.5099130e+01   5.3973004e+01   5.9198772e+01   9.8927198e+01  -8.1896638e+01   6.2677141e+01  -4.7770609e+01  -1.9636590e+01   9.9869117e+00
   2.5998816e+01  -7.4026141e+00  -3.7515130e+01  -3.0298408e+01  -5.3538165e+00  -6.1014001e+01   5.8291565e+01  -5.2689521e+01   1.8583211e+01   5.9027923e+01  -4.6809500e+01   8.5595203e+01   8.6514267e+01   2.2281608e+01   4.4422767e+01  -4.7821796e+01  -8.9845478e+01   2.2251351e+01  -9.2136974e+01   1.7866471e+01  -1.6167561e+01   4.9381417e+01  -5.6417023e+01  -6.2018915e+01   8.9886200e+01  -2.0160019e+01  -2.4919312e+01   7.4836341e+00   4.8023744e+01  -9.4536828e+01
   8.0588363e+01  -5.7267874e+01  -6.4169057e+01   4.1406981e+01  -8.1435695e+01  -5.5390401e+01  -7.0746310e+01  -7.8702676e+01   2.4769190e+01   8.6390268e+01   7.0418067e+01  -6.1987120e+01  -4.1592317e+01  -8.4493505e+01   7.5721414e+01   9.8602691e+01  -1.1718932e+01   5.3180078e+01  -1.5556705e+01   4.6308164e+01  -2.2313686e+01  -9.3185352e+01  -2.9580035e+01   3.5048219e+01   1.2394140e+01  -1.4692716e+01   7.3274764e+01  -7.9863156e+01  -3.7349835e+01   9.0493428e+01
   2.9205210e+01   2.8877810e+00  -7.4950266e+01   3.0447500e+01  -2.6512212e+01  -3.0043757e+01   6.3235541e+01   1.5033695e+01   2.0872753e+01   3.0945642e+01  -6.4081327e+01   7.6967280e+01   9.0917361e+00  -3.8309957e+01  -1.9421851e+01  -3.8756116e+01  -3.1228434e+01   8.2748177e+01   6.2863075e+00  -5.5769283e+01   3.7438287e+01  -5.6500535e+01   1.2924228e+00  -3.9092821e+00   9.6591026e+01  -9.9855251e+01   6.4473509e+01   8.9881490e+01   4.5276601e+01   5.5813856e+01
   2.8639326e+01   7.5112855e+01  -1.6850743e+01  -4.7099047e+01  -5.5350085e+01   9.1723549e+01   1.2415594e+01   1.7383645e+01   6.1319763e+01  -8.6645688e+01  -3.2017476e+01  -1.5538783e+01  -1.4782613e+01  -1.5323396e+01   3.1974437e+01   9.5973118e+01   6.2511926e+00  -8.1747650e+01   5.9808235e+01  -8.8500165e+01   4.4529467e+01  -5.1014105e+00  -3.5367836e+01   6.9523248e+01   5.0927981e+01   8.5079716e+01   8.2992745e+01   5.7076754e+01  -7.6373554e+01   5.9937666e+01
  -4.4021833e+00   5.2083523e-01   9.0776777e+01   4.9919599e-02   9.5256810e+01   6.4590795e+01   1.5576603e+01  -4.5989376e+01   9.2337894e+01  -5.1883172e+01   1.8749194e+01  -8.1416887e+01   1.7555789e+00   7.1655176e-01   9.2176555e+01   8.7209746e+00  -6.2200600e+00  -6.3030536e+01  -7.3285399e+01  -6.4133767e+01   3.1214818e+01   5.2503330e+01   9.9593926e+01  -5.1872922e+01  -7.3011956e+01   4.9981517e+00  -8.2702850e+01   5.1670395e+01   2.9771388e+01  -4.0586376e+01
   1.6542600e+01   2.1681146e+01  -2.8355841e+01   7.6729226e+00  -2.9361504e+01   1.1137925e+01  -9.1941038e+01  -5.9848511e+01  -9.6816254e+01   6.6323491e+01   2.5782930e+01   8.7255056e+01   6.3297858e+01  -5.5085491e+01  -7.7343287e+01   6.1257725e+01  -5.4464224e+01   1.0319653e+01   6.6596501e+01  -1.1592405e+01   3.1353113e+01   5.9044807e+00   4.1402291e+01   2.9261887e+01  -3.9374252e+01   7.3355899e+01   8.2076167e+01  -5.2034441e+01   5.7075813e+01  -1.4741142e+01
   8.1698786e+01   1.4102444e+01  -8.3095654e+01   5.3745722e+01  -3.4013048e+01   4.6130254e+01   2.7421500e+01  -8.2383187e+01  -7.7447771e+01  -4.9607655e+01  -3.8734861e+01  -2.6378392e+01   7.3238094e+01   1.7422116e+01  -4.4353234e+01   9.0793968e+00  -5.8084596e+01   7.6525570e+01   9.0691392e+01  -2.3220736e+01   1.2344924e+01  -8.9475129e+01   2.9341002e+01   8.0037791e+00   3.6802228e+00  -5.0186398e+01   9.7413968e+01  -6.2983935e+00  -6.3383359e+01   8.3898280e+01
  -2.9247984e+01   2.4924612e+01  -9.9968671e+01   3.7577244e+01   3.9426643e+01   7.4658424e+00  -3.3483639e+01   8.4072002e+01   5.9290282e+01   4.7587341e+01  -2.9276302e+01  -3.3142031e+01  -2.5365191e+01   4.9058176e+01  -3.2917339e+01   9.6795252e+01  -7.9477985e+01   7.2838850e+01  -6.9789479e+01  -4.3794177e+01   5.6359262e+01  -9.0486535e+01  -7.3699282e+01  -2.1107085e+01  -9.2593824e+01   5.4888659e+01   1.0844100e+01  -8.0124731e+01  -7.2508730e+01   4.3882042e+01
   1.8748765e+01   7.8200180e+01  -3.3882249e+01   6.4463198e+01  -3.0736104e+01   6.1417665e+01  -2.8861007e+01  -7.9141420e+01  -4.6145851e+01   2.4635822e+01  -4.8252658e+01   3.2318049e+01  -5.7708666e+01   2.4524223e+01  -4.8549729e+01   6.2949439e+01  -8.1182928e+01  -9.2054590e+01  -4.8220533e+01   9.6311035e+01   8.5625534e+01   4.1926311e+01   8.8590761e+01  -7.6686642e+01  -9.1984209e+01  -8.8404580e+00  -4.0807321e+01   1.0284287e+00  -3.2599239e+01   8.3333045e+01
   7.2580056e+00   6.2563035e+01   2.5343764e+01  -5.0303939e+01   3.3162221e+01   2.9768989e+01  -2.8318228e+01   8.4648874e+01   6.2540783e+01   2.3788623e+01   1.2712430e+01  -3.2520086e+01   2.3934464e+01  -8.3605824e+00   5.1098525e+01   5.3240913e+01   6.4679369e+01   8.7580226e+01   3.4710759e+01   3.6984918e+00   4.1908477e+01   3.9370597e+01  -3.1981624e+01   9.3391228e+01  -8.1813084e+01  -8.2055948e+01  -6.7578890e+01  -3.3597578e+01  -4.3237889e+01  -9.4796236e+01
   4.5500451e+01  -6.0522159e+01   3.9719486e+01  -6.6627511e+00  -4.0063539e+01  -1.9568072e+01  -1.9827022e+01  -1.0514157e+01   2.4476999e+01  -3.5837434e+01  -9.4876357e+01  -8.0532905e+01   7.8933065e+01  -5.2331180e+01   6.6137685e+01   7.8848676e+01  -3.3873524e+01   4.1678073e+01   2.9827733e+01   2.9900236e+01  -9.4230874e+01  -3.3266731e+01   6.8320710e+01   3.4146462e+01  -1.5684292e+01   4.6403535e+01   4.0255666e+01   9.9338230e+01  -2.2574078e+01  -9.7795973e+01
  -3.9777101e+01   2.3976062e+00   6.6809195e+01   8.8335092e+01   3.9458130e+01   5.2343578e+01   9.4804924e+01   7.4998282e+01   6.2633043e+01  -1.1478171e+01  -8.0036805e+01  -3.3113668e+01   1.4282635e+01  -7.7521790e+01  -9.1806676e+01  -4.3094709e+01   8.4608764e+01   7.4580570e+01   4.7468514e+01   2.7094548e+01   2.9232755e+00   4.9889730e+01  -2.8054977e+01   8.5574998e+01   4.4380824e+01   8.5138711e+01  -9.1702940e+01  -8.0167910e+01  -7.9581676e+01  -6.4581551e+01
   8.2481460e+01  -5.8754588e+01   9.1692491e+01   6.8767549e+01   4.1436548e+01   9.8931042e+01   4.1885075e+01   4.2871425e-01   5.0116795e+01  -5.6247379e+00  -9.5347070e+01  -7.6733893e+01  -1.1830877e+01   2.7714120e+01   9.2860960e+01  -4.5839671e+01   6.3096264e+01  -2.3754192e+00   4.1850929e+01  -2.7357826e+01  -7.0293140e+01   8.3310824e+01  -6.4988786e+01  -9.2087241e+01  -5.3434912e+01  -2.4919488e+01   4.9982098e+01   4.4361377e+01   6.0728475e+01   4.8431901e+01
   5.3584603e+00   3.7660753e+01  -4.4363658e+00  -8.9324805e+01   2.2095952e+01  -4.9581971e+01   2.1496514e+01  -3.7391885e+01   9.3953422e+01  -1.3569148e+01  -2.1707206e+01   7.6971954e+01  -3.2768570e+01   5.9412698e+01  -9.3477439e+01  -3.0937648e+01  -4.0501965e+01  -8.8461055e+01  -6.8765194e+01  -8.2472242e+01  -2.4210829e+01  -6.1041465e+01   4.7195934e+01  -8.7236950e+01   8.1654810e+01   5.4653326e+01   7.2311575e+01   6.8234953e+01   1.2464129e+01   9.8088642e+01
  -6.2733724e+01   7.1411967e+01  -6.4739299e+01  -4.5052056e+01   6.1496796e+01   1.7319775e+01  -1.7556640e+01   3.1641079e+01   6.0987021e+01  -1.4056337e+01  -7.6067897e+01   6.8734013e+01   8.9197027e+01  -5.7942075e+01  -7.3873747e+01  -8.4817573e+01  -4.3499228e+01  -8.0345507e+01  -2.8115497e+01   8.7583176e+01   1.7310341e+01   9.9257665e-01  -1.5030405e+00  -6.9639103e+01   1.8806457e+01  -1.2639628e+01  -4.1009019e+01   9.8358103e+01   5.2364273e+01   6.1008067e+01
   1.9602553e+01  -8.3844522e+01  -6.5238605e+01  -6.7264095e+01   8.5206213e+01  -6.1478702e+00   6.6560898e+01  -4.5709864e+01   1.2053098e+01  -7.3838491e+01   3.0097087e+00   5.2566411e+01   1.6945985e+00   9.6634749e+01  -8.1391473e+01   6.9485962e+01  -7.5780473e+01   3.0685095e+01   1.9280525e+00  -7.7371154e+01  -2.8594901e+01  -6.1153259e+01  -5.5467961e+01  -4.5568855e+01   7.2795872e+01   9.9688014e+01  -5.8049272e+01  -9.1714525e+01  -9.9257340e+01   9.2421185e+01
   2.6848109e+01  -1.6971905e+01  -8.8243281e+01   4.8763140e+01   4.1369319e+01   6.5469574e+01   2.2360224e+01  -5.7825146e+01  -2.6054566e+01  -7.3233116e+01  -1.5544331e+01  -3.7360160e+01   5.3473441e+01  -1.7896065e+01  -5.9023020e+00   2.9642847e+01   3.2387714e+01  -7.3943381e+01   9.1958310e+01   1.7941260e+01  -7.6227253e+01  -4.9509174e+01   6.0333800e+01  -5.7413991e+01   8.1026771e+01  -2.4375077e+01   5.4902753e+01  -2.2772021e+01  -2.9350863e+01  -5.7146324e+01
   3.6150608e+01  -6.5506344e+01  -1.1614100e+01   3.3725101e+01  -1.2592072e+00   3.8391495e+01  -4.4699608e+01   1.3444408e+01  -1.9125882e+01   2.5626064e+01  -8.4801829e+01   1.5994991e+01   1.4173381e+01  -1.1889025e+01  -6.0771561e+01  -6.1545545e+01  -3.8379460e+01   6.6716166e+01   8.9756937e+00  -3.3887648e+01  -6.7344700e+01  -9.7359728e+01   1.4153664e+01   2.7074338e+01   7.9089531e+00  -8.6479838e+01  -9.7005615e+01  -3.6146605e+00  -4.2427755e+01  -2.7062359e+01
  -3.2497983e+00  -9.5827969e+01  -2.1310511e+01   2.0835957e+01   7.3340981e+01  -2.7508155e+01  -7.9606116e+01  -9.6469491e+01  -7.4465857e+01  -2.6256924e+01   8.0804175e+01  -8.7018015e+01  -7.3271182e+01   9.0153168e+01   5.1085117e+01   1.5649779e+01  -1.5989193e+01  -5.9587527e+01  -8.1372403e+01  -6.3303487e+01  -4.8979056e+01   8.5530380e+01   1.9675070e+01  -8.1957752e+01   7.8203020e+01  -3.5395975e+01  -2.4183335e+01  -3.8400608e+01  -2.0901535e+01   1.6487967e+00
  -3.5668692e+01  -1.9171455e+01   8.0548141e+01   2.1752563e+01   4.1967447e+01   7.9570090e+01   2.9572263e+01   1.3979870e+01  -9.4171310e+00  -6.8205917e+01   7.8471812e+01  -8.6303926e+01   1.4078881e+01   8.4361700e+01   4.0990569e+01  -4.5100570e+01  -2.1137225e+01   7.4261450e+01   9.6484566e+01   2.5703729e+01  -6.1232349e+01  -1.8874449e+00   1.2081681e+01   1.5869800e+01  -7.0444123e+00  -4.3004414e+01   5.5863086e+01   1.1373010e+01  -6.2196628e+01   5.1091911e+01
  -1.9716342e+01  -6.3599976e+01  -2.1705213e+01   3.7046235e+01  -9.6589570e+01  -1.3686680e+00  -2.7434805e+01  -2.5739002e+01   6.6754310e+01  -5.4416126e+01  -5.4058104e+00  -9.4270947e+01   3.8289655e+01   9.8078081e+01   4.3911790e+01   1.9319488e+01  -6.7678857e+01  -7.8961443e+01  -9.4125918e+01   9.1777739e+01  -6.8194647e+01   6.2005155e+01  -8.1223435e+01  -5.6993001e+01  -9.6619505e+01  -3.8782063e+01  -5.8446126e+01  -1.8368944e-01  -9.0779367e+01   8.5509165e+01
  -4.3582899e+01   9.1911973e+01   6.3970833e+00  -3.1902842e+01   5.6631297e+01  -4.1507248e+01   2.7443228e+01  -9.1536025e+01  -7.1210679e+01  -1.4995291e+01  -3.0908269e+01   2.6585440e+01   3.8770252e+01   2.1492176e+01   5.0658990e+01  -3.7712865e+01   1.9682636e+01  -6.5985976e+00  -9.6359653e+01   3.1196800e+01   3.4045537e+01  -2.3167908e+01   8.0578506e+01   1.1183491e+00  -5.8667912e+01   6.1376784e+01  -8.8035029e+01  -5.4870807e+01   8.8810616e+01  -2.7061422e+01
   7.4109191e+01  -6.1453322e+01   1.8534393e+01   1.1752661e+01   9.5231380e+01   3.1383588e+01   4.8362813e+01  -4.5060032e+01  -5.1335758e+01   1.4928117e+01  -3.9941123e+01   6.0533528e+01  -9.0173529e+01  -4.7999712e+01  -8.8019030e+00   8.9989508e+01   2.0933073e+00   3.3852207e+01  -1.7378409e+01  -1.9116311e+01  -2.4272194e+01  -1.7442391e+01   7.9443701e+01   2.4516118e+00   8.1456766e+00  -1.5020702e+01   3.4650071e+01  -9.4637525e+01   3.2941756e+01  -8.6670455e+01
   7.5123770e+01  -1.2156049e+01   5.2998109e+00   4.0184483e+00  -2.9759411e+01  -5.0263784e+00  -4.2899188e+01  -5.3638736e+01  -4.1530558e+00   9.5525537e+01  -1.7524706e+00   7.2546865e+01  -3.8810996e+01  -4.4838781e+01  -8.6918358e+01  -5.7753868e+01  -7.5349854e+01  -8.5821021e+01   4.5441104e+01   2.5800366e+00   2.6188463e+01  -8.9424195e+01   9.7211391e+01   4.8648548e+01  -5.4707838e+00   7.3030142e+01  -9.3225579e+01  -4.5057357e+01   2.3851462e+01  -4.6376159e+01
  -7.0763809e+01  -8.1818955e+01  -6.1257881e+01   3.2616996e+01   3.8321718e+01   6.2959148e+01  -2.0654053e+01  -2.0003123e+01  -4.5571793e+01  -9.2025357e+01  -6.7283032e+01  -6.8557087e+01   5.2615688e+01  -9.3073559e+01  -6.6687458e+01   8.0087156e+01  -7.9209611e+01   5.4908800e+01  -3.1122694e+01   1.2563147e+01  -4.9771917e+01   9.6244095e+01  -3.3179080e+01  -6.1807111e+01   3.9221531e+01  -1.2453043e+01   6.1906436e+00   7.1350526e+01   2.7375407e+01   5.7175531e+00
   5.9754081e+01  -9.9576909e+01   9.3513773e+01  -4.5662416e+00  -9.5838179e+01   7.6325878e+01   2.3189649e+01  -5.1789778e+01   1.9741974e+01   7.9078307e+01   2.0990605e+01   4.0170512e+01   1.9214298e+01   7.4872775e-01   1.3476171e+00  -7.4741625e+01  -3.9847415e+01  -4.5281441e+01   8.4636936e+01   6.7840232e+01  -1.4886003e+01  -5.1192952e+01   6.2973940e+01   8.6829244e+01   7.7804688e+01   7.0963428e+00  -5.7019253e+01   4.9622688e+01  -2.3291878e+01   2.9122491e+01
  -2.1131272e+01   8.8665110e+01   3.8679664e+01   2.6046081e+01  -3.6720138e+01  -7.6659087e+01  -8.6903340e+01   3.2030066e+01   3.1646194e+01  -9.6537384e+01  -4.4625627e+01   8.2572003e+01  -5.3989076e+01  -3.1721208e+00  -8.5308986e+01   2.0228496e+01   3.1664554e+01   5.0987866e+01   8.1053852e+01  -1.4337636e+01   1.2195692e+01  -6.7349558e+01   9.7080559e+01   4.5988048e+00   5.8674737e+01   7.8880790e+01  -1.6742474e+01   1.9585031e+01   5.2196595e+01  -9.0607914e+01
  -6.3651583e+01  -8.8862656e+01   9.4801444e+01  -8.3777774e+01   8.2622668e+01  -8.4257403e+01   1.7766310e+01  -3.0423670e-01   5.4563147e+01  -3.6315616e+01   2.3143981e+01   3.0715519e+01  -6.4169992e+01  -5.9364688e+00  -8.2480006e+01  -5.6042782e+01  -8.4710853e+01  -7.3936213e+01  -1.2741163e+01   8.8903341e+01   4.4601388e+01   8.2010281e+01   3.9289000e+00   8.6740347e+01   5.2155982e+01  -4.0930857e+01  -9.3518510e+01  -9.0470412e+01  -8.8907273e+01   9.6944828e-01
  -4.9721473e+00  -2.3827836e+01   8.0776869e+01  -5.0195667e+01  -4.1190091e+01   8.4934727e+01  -2.6045846e+00   6.1024484e+01  -8.1204130e+01   4.9157416e+01   7.1184150e+00  -3.1418746e+01  -5.0145145e+01  -6.6197594e+01   1.8201367e+01   1.8345440e+01  -1.0136871e+01   6.9186384e+00   4.6002217e+01  -9.0555125e+01   6.6378549e+01  -7.2974030e+01  -5.5807665e+01  -4.0058625e+01  -5.8737796e+01  -6.4887816e+01  -7.8072928e+01  -1.3627820e+00  -5.2713651e+01  -8.9071934e+01
  -7.9463948e+00   7.2530118e+01   3.7463208e+01   2.0372449e+01  -2.5670058e+01  -3.9481720e+01  -2.7648776e+01   5.6795585e+01   3.9521861e+01  -5.8431562e+01   5.5964593e+00  -1.8330630e+01   9.2155529e+01  -4.9081677e+01   2.2939685e+01  -4.5914419e+01  -3.4718915e+01   1.8730924e+01  -7.4976729e+01  -1.0945583e+01  -6.6484859e+01   5.2593379e+01   3.3944555e+01  -7.0620993e+00  -1.8404063e+01  -8.5878254e+01   3.1774373e+01   6.0922588e+01   1.4399825e+01   8.7142354e+01
  -7.3182220e-01   3.0714963e+01   3.6701732e+00   9.0879164e+00  -3.5573264e+01   8.4570019e+01  -7.3608412e+01  -5.1357878e+01  -2.4583640e+01  -4.3485087e+01  -4.3981629e+01  -5.1744451e+01   7.0915437e+01   8.3976881e+01  -5.6491436e+01  -3.2107788e+01   6.0920730e+01  -3.5647026e+01  -6.4140474e+01  -3.0826794e+01  -9.2586383e+01   2.5784984e+01  -5.7053820e+01   4.2866711e+01   3.2980291e+00   2.9229065e+01  -6.6108519e+01  -5.7896092e+01  -9.9753820e+01   7.9657827e+00
   4.2937979e+01  -7.9939065e+01  -3.9784075e+01   5.9896826e+01  -8.0373183e+01  -7.4021098e+01   2.7901524e+00   8.1657897e+01   8.3170531e+01  -1.8047101e+01  -2.7309513e+01  -1.1847605e+01  -9.3234840e+01  -5.4158894e+01   9.3116293e+01   8.8654264e+01   5.3254487e+01  -5.3884646e+01   8.9548804e+01  -3.0669260e+01  -3.9179931e+01  -4.9548007e+01  -9.8132250e+00  -7.9203756e+01   8.8222207e+01  -5.3315011e+01  -2.7739089e+01  -8.0093222e+01   1.8199854e+01   5.6085966e+01
