    17842  37.277030 -121.574438     3.070     8503.1    -1473.5     -517.5  15917.7   1805.7    965.6 1984  4 25  4 35 19.170 1.9   1
    16751  37.281470 -121.580599     3.744     7956.1     -980.7      156.8  58556.0   4382.8    899.7 1984  4 27  7 48 23.500 1.0   1
    21644  37.269450 -121.428963     3.283    21404.9    -2314.7     -304.7  35848.2   3287.5    579.3 1984  6 27 14 50 38.140 1.6   1
    22271  37.282027 -121.560474     3.748     9740.7     -918.8      161.1  53553.2   4228.1    493.0 1984  7  7  0 17  9.970 2.7   1
    22280  37.340267 -122.410441     4.850   -65606.6     5544.8     1262.7  64044.7   5981.9   1308.0 1984  7  7  2 35  4.060 1.5   1
    23190  37.295325 -121.790413     3.804   -10648.4      556.6      217.1  59887.2   5842.1   1730.9 1984  7 17 16 24 49.440 1.9   1
    25096  37.291317 -121.749325     3.480    -7005.1      111.9     -107.3  57391.5   5091.3    592.7 1984  8  7  9  7  6.330 1.2   1
    28475  37.271749 -121.470597     2.841    17712.0    -2059.7     -746.7  48476.0   3892.5   2637.1 1984  9 23  8 43 14.720 1.1   1
    32049  37.221517 -120.858700     1.135    72000.9    -7634.7    -2452.2  56895.4   5743.7   1881.9 1984 11 18  0 28 55.240 1.7   1
    35109  37.261707 -121.326847     3.000    30462.3    -3174.3     -587.1  51762.2   4703.3    861.1 1984 12 22  4 43 44.710 1.6   1
    42349  37.246436 -121.129631     2.436    47958.2    -4869.0    -1151.7  44135.5   4459.2   1351.2 1985  2 28  1  9 58.300 0.8   1
    42555  37.340214 -122.257894     6.812   -52084.0     5538.8     3224.9  54758.1   6235.9   3356.6 1985  3  2  6 53 56.010 1.7   1
    42559  37.310645 -121.967033     4.414   -26306.7     2257.1      827.0  38635.1   3808.7   1233.7 1985  3  2  8 55  3.470 1.9   1
    42643  37.263493 -121.413704     2.211    22758.6    -2976.2    -1376.6  25759.2   3025.0   1516.6 1985  3  2  8 55 29.590 2.1   1
    42560  37.265987 -121.394466     2.963    24464.3    -2699.0     -624.1  45728.4   4350.2   1342.5 1985  3  2  8 58  0.480 1.2   1
    49626  37.293693 -121.748674     3.891    -6947.8      375.9      303.5  53882.8   4803.1    713.5 1985  6 15  1 38 57.380 0.9   1
    54084  37.285506 -121.658008     3.469     1091.5     -533.0     -118.3  30080.1   3087.0   1028.9 1985  8 28 20 35 10.100 1.6   1
    57770  37.315230 -122.101383     3.566   -38216.7     2765.8      -21.0  40186.9   3442.7    177.4 1985 10 28  3 55 38.130 1.3   1
    62514  37.264274 -121.420052     2.404    22195.5    -2889.4    -1183.3  31333.2   3401.0   1626.4 1985 12 31 15 50 52.230 1.7   1
    62520  37.272062 -121.477775     3.219    17075.4    -2025.0     -368.7  32058.9   3030.3    801.2 1985 12 31 18  3  3.480 1.6   1
    67820  37.315104 -122.054940     4.170   -34099.6     2752.1      583.2  34806.0   3081.9    633.7 1986  3  8 10 32  4.410 1.6   1
    73786  37.498954 -121.539046     5.670    11624.4    23156.5     2082.3  24364.5  23735.8   3113.3 1986  6  1 10 51 31.460 1.2   1
    77218  37.307471 -121.960840     3.861   -25757.9     1904.9      273.7  34617.4   3123.7    417.8 1986  7 25  9 22 50.290 2.3   1
    77296  37.280725 -121.578646     3.697     8129.9    -1063.4      109.9  24466.0   2080.9    250.4 1986  7 25 16  1 52.100 1.1   1
    81017  37.295760 -121.824886     3.397   -13705.0      605.2     -190.5  35586.6   2605.4    485.6 1986  9  2  7 24 15.870 0.8   1
    82606  37.291219 -121.685636     3.478    -1358.1      101.0     -109.0  22813.4   1556.7    578.5 1986  9 15 20 17 49.920 2.7   1
    83805  37.290299 -121.715202     3.701    -3979.8       -0.8      113.3  21351.4   2294.6    752.5 1986  9 25 12  1 52.830 1.4   1
    88698  37.273649 -121.448071     3.697    19709.4    -1848.9      109.2  30917.9   2726.5   1012.1 1986 11 25 13  0 35.660 1.0   1
   101361  37.286552 -121.650090     3.252     1793.8     -417.0     -335.8  11333.3   1155.9    571.8 1987  6  3  6 56  7.740 1.9   1
   101362  37.295638 -121.783822     3.882   -10063.8      591.4      294.6  23061.4   2232.1    747.1 1987  6  3  6 58 51.320 1.7   1
   102776  37.291081 -121.733105     3.573    -5567.3       85.6      -14.4  11053.6    944.5    112.7 1987  7  7  1 44 26.990 1.0   1
   103138  37.306234 -121.902775     4.541   -20610.2     1767.5      953.3  28993.8   3190.6   1423.4 1987  7 14 19  2 57.020 1.7   1
   110939  37.297319 -121.866154     3.005   -17364.2      778.2     -582.3  11924.3    795.7    273.7 1988  1 15  1 56 42.310 1.4   1
   112868  37.296855 -121.794580     4.141   -11017.6      726.6      554.0  22940.9   1812.3    444.0 1988  2 25 10  0 17.780 0.9   1
   120788  37.282963 -121.618896     3.507     4560.5     -815.2      -80.0   6351.5    699.1     72.5 1988  7 23 10 42 21.740 1.5   1
   126189  37.290226 -121.705941     3.704    -3158.4       -9.0      116.8   5099.3    532.7    148.7 1988 11  2  3  9 12.610 1.9   1
   126292  37.281755 -121.622135     3.302     4273.1     -949.1     -284.9   4852.3    544.1    194.7 1988 11  3  1 30  4.280 1.7   1
   126389  37.286580 -121.648096     3.346     1971.0     -413.7     -241.4   4619.3    490.1    234.7 1988 11  4 13 34 34.720 1.9   1
   148939  37.291720 -121.723535     3.907    -4719.0      156.5      319.3   5409.5    924.9    441.7 1989 12 13  5 33 46.080 1.6   1
   158154  37.289469 -121.688289     3.706    -1593.3      -93.2      118.9   6586.9    451.6    143.4 1990  5 23 11 11 37.580 1.0   1
   160503  37.285148 -121.646061     3.522     2150.9     -572.7      -65.8   6997.4   1003.1    377.3 1990  7  5 20  4 42.800 1.7   1
   205031  37.287606 -121.685376     3.448    -1334.9     -299.8     -138.9   5864.3    571.6    147.6 1991  1 20  5  0 30.930 1.2   1
   208364  37.283773 -121.623665     3.489     4137.3     -725.4      -97.9   6862.7    766.0    220.4 1991  3 22 11 23 27.560 1.0   1
   215747  37.285852 -121.659969     3.525      917.6     -494.7      -62.1   4909.7    717.2    197.5 1991  5 29  9 45 22.620 1.8   1
   227435  37.284233 -121.643286     3.366     2397.3     -674.1     -221.5  10144.1    976.5    382.4 1991  8 10 17  6  5.760 1.2   1
   238704  37.287382 -121.669808     3.573       45.6     -324.8      -14.2  15100.9   1335.5    378.9 1991 12  3  5 24 24.980 2.0   1
   238790  37.289343 -121.696151     3.709    -2290.5     -107.2      122.0  14136.0   1615.9    571.4 1991 12  4  0  8 49.550 1.9   1
   261841  37.290715 -121.745451     4.786    -6662.1       45.0     1198.9   5197.2    431.7    457.2 1992  4  6  9 39 49.410 0.9   1
   312743  37.280229 -121.604061     3.027     5875.8    -1118.8     -560.5  10110.9   1371.0   1062.2 1992  8 29 17  4 29.020 1.6   1
   314921  37.283651 -121.638932     3.468     2783.6     -738.6     -119.5  11848.2   1658.1    853.5 1992  9 11  1 22 13.650 1.1   1
   331552  37.291935 -121.727970     3.788    -5111.5      180.6      200.5   5082.4    556.2    110.0 1993  1  9 17 48 38.720 1.0   1
   331635  37.288485 -121.686694     3.580    -1451.9     -202.2       -7.0   5598.8    650.2    137.2 1993  1 10 22 13  9.440 1.2   1
   352620  37.270630 -121.524089     2.368    12968.4    -2183.7    -1219.8  18206.5   2709.0   1816.8 1993  6  8  9 15  1.380 0.8   1
 30036393  37.292700 -121.724333     3.680    -4789.4      265.7       92.5   8468.8    806.3    194.3 1993 12  1  0 25 49.530 1.0   1
   389286  37.284229 -121.641374     3.416     2567.0     -674.6     -171.2   4638.6    579.5    236.2 1993 12 20 22 35  7.800 1.8   1
   399980  37.285604 -121.651481     3.431     1670.7     -522.1     -156.3   4759.7    619.5    117.7 1994  4  6  4 11 34.960 1.4   1
 30062741  37.284530 -121.621004     3.508     4373.0     -641.5      -79.8   6418.7    775.7    239.3 1994 11 16 16 50 58.150 2.0   1
 30062748  37.292082 -121.733602     3.873    -5611.0      197.1      285.4  10632.8   1305.3    602.8 1994 11 16 18  3 42.360 1.3   1
 30069218  37.290153 -121.701668     3.901    -2779.8      -17.2      313.3   6021.4    549.6    338.9 1995  3  3  9 38 49.200 1.2   1
 30069222  37.289681 -121.708732     3.759    -3405.9      -69.7      171.4   5652.7    659.8    255.8 1995  3  3 12 30 15.850 1.8   1
 30069457  37.284937 -121.667033     3.432      291.7     -596.1     -154.9   7653.9   1032.2    567.0 1995  3  7 13 19 41.960 1.3   1
 30073191  37.286060 -121.641813     3.682     2528.2     -471.7       94.2   3405.2    524.2     65.6 1995  5 14 11 18 47.000 1.0   1
 30092060  37.291374 -121.722974     3.795    -4668.6      118.3      207.4   9820.8    957.1    477.6 1995 12 15 18 53 39.820 1.8   1
