 % This stores fret (the f-value) and iter (number of iterations to converge)
  -3023.11331563696        309.000000000000     
  -3023.11331564556        230.000000000000     
  -3023.11331564028        183.000000000000     
  -3023.11331563867        226.000000000000     
  -3023.11331564077        521.000000000000     
  -3023.11331564291        140.000000000000     
  -3023.11331563341        148.000000000000     
  -3023.11331564420        162.000000000000     
  -3023.11331562595        171.000000000000     
  -3023.11331561740        383.000000000000     
  -3023.11331563992        159.000000000000     
  -3023.11331563098        375.000000000000     
  -3023.11331563259        233.000000000000     
  -3023.11331563248        436.000000000000     
  -3023.11331564441        182.000000000000     
  -3023.11331564327        207.000000000000     
  -3023.11331562516        303.000000000000     
  -3023.11331564324        269.000000000000     
  -3023.11331564359        211.000000000000     
  -3023.11331564213        265.000000000000     
  -3023.11331563936        376.000000000000     
  -3023.11331564265        265.000000000000     
  -3023.11331564570        135.000000000000     
  -3023.11331564426        329.000000000000     
  -3023.11331563352        245.000000000000     
  -3023.11331564017        295.000000000000     
  -3023.11331564528        227.000000000000     
  -3023.11331564465        181.000000000000     
  -3023.11331564273        228.000000000000     
  -3023.11331564245        252.000000000000     
