   4.5661253e+01   8.3287517e+01   3.6207548e+01   2.4669394e+01   8.3708719e+01   7.3523622e+01   6.3113628e+00   3.6393309e+01   6.1609695e+01   1.9025821e+01   1.8440185e+01   7.0135264e+01   6.5159815e+01   7.9877554e+01   7.0327619e+01   3.7346359e+01   4.5407741e+01   4.4378988e-01   8.1311128e+01   9.1118180e+01   7.2124323e+01   3.3965301e+01   5.9445610e+01   6.4183785e+01   7.4161952e+01   5.0189236e+01   6.8378772e+01   8.2486031e-01   4.3734537e+01   9.8818235e+01
  -3.6700273e+01  -7.1451970e+01   6.6227409e+01   6.6382414e+01  -4.8344162e+01   7.6750444e+01  -1.0727913e+01   9.8249799e+01  -1.9908221e+01   1.8928850e+00  -3.5188358e+01   8.8266741e+01  -5.4491815e+01   3.5295158e+01   9.7384258e+00  -9.9599473e+01   2.1236593e+01  -1.5147726e+01   7.7051503e+01   1.4402757e+01  -6.2343580e+01   3.3216406e+01  -7.4320361e+01   3.4390749e+01  -2.7717296e+01  -5.0768082e+01  -4.1043148e+01   6.7868421e+01   3.6072935e+00   2.9935294e+00
   8.8940414e+01   7.3293024e+01   4.9634237e+01   3.9610889e+01   8.8025855e+01   9.9572068e+01   7.8666565e+01   9.5423492e+01   2.6731097e+01   3.3660014e+01   5.5994424e+01   7.0099470e+01   6.3406865e+01   7.4974008e+01   3.3458229e+00   6.6048935e+01   7.6101448e+01   3.9327071e+01   8.3828100e+01   9.9893157e+01   5.3437117e+01   2.0502686e+00   3.0472321e+01   8.3826243e+01   3.1725431e+01   2.7523373e+01   4.5998464e+01   8.9705554e+01   6.2596711e+01   5.2941279e+01
   4.1335019e+01  -1.6489447e+01   3.9425732e+01   5.6528545e+01  -8.6033341e+01  -9.5807223e+01   4.9003948e+01  -2.7246310e+01  -5.9482901e+01   6.5640274e+01   2.3062135e+01   8.4173971e+01  -9.8138757e+01  -5.6556802e+01  -7.1634788e+01   9.8697072e+01   5.3590920e+01  -6.7046938e+01  -5.2828051e+01   2.9351379e+01   5.9060681e+01  -9.8374585e+01  -1.7795723e+01   3.7687677e+01   2.3802461e+01   9.0531031e+01   3.1048140e+01   5.4518300e+01   5.4633100e+01  -1.1911620e+01
   5.3184362e+01  -5.2158003e+00   3.5635295e+01  -1.4590654e+01  -9.3033032e+01  -2.5536907e+01  -7.3570927e+01  -8.1419647e+01  -5.2366734e+01   8.1479202e+01  -1.9079499e+01  -7.3570290e+01  -8.0070567e+01   9.3786544e+00   5.6475329e+01  -5.8947312e+01  -2.6507790e+01   7.8710712e+01  -6.1848743e+01   5.0143674e+00  -2.8866075e+01  -8.0741764e+01   2.3275754e+01  -2.5136074e+01  -5.5452209e+01   5.3977173e+01  -5.1995214e+01   5.4744875e+01   7.3762831e+01   2.5382217e+00
   8.9816689e+01   6.8157488e+01   4.4581917e+00   6.3241270e+01   3.1963841e+01   1.6869820e+01   1.8634130e+01   9.5139776e+01   6.8386101e+01   4.0442393e+01   3.5292575e+01   2.5074430e+01   5.3246821e+01   1.7396261e+01   2.5411308e+01   8.6842678e+01   5.7258754e+01   6.2684797e+01   4.6116418e+00   6.3582191e-01   7.3438206e+01   4.8941110e+01   4.4450847e+01   2.2144609e+01   1.4882406e+01   1.9266327e+01   3.0166968e+01   8.6295811e+01   1.0108852e+01   7.8680403e+01
  -6.3180203e+01   9.6794994e+01  -3.1759694e+01  -5.7539545e+01   9.5599470e+01  -3.3094096e+01   2.6356617e+01   7.5331288e+01  -5.9600788e+01   2.2739541e+01   5.7494432e+01  -1.2841068e+01   1.6544164e+00   9.6101736e+01   1.0997397e+01  -8.3546137e+01   2.6516724e+01   6.8391653e+01  -2.5709301e+01  -4.7058433e+01   3.4037309e+01   3.7928302e+01   9.7710648e+01   2.0536201e+01   6.1213085e+01   5.4615350e+01   8.9669586e+01   1.3686192e+01  -1.7101516e+01  -4.2467374e+01
  -2.7398098e+00  -6.4270818e+00   5.7539351e+01   8.1410488e+01   8.3535657e+01   1.3169258e+01   3.0787145e+01   2.5778604e+01  -1.6016640e+01  -1.1434045e+01   6.6827512e+01   7.6047714e+01  -1.0912869e+01  -4.3275616e+01   6.4436937e+01  -2.4773219e+01  -1.9286171e+01   3.2534433e+01  -7.9699514e+01  -8.3996783e+01   5.9165006e+00  -4.7427077e+01   3.0664553e+01  -8.2243433e+01  -3.8903755e+01  -7.8824925e+01  -5.1338005e-01  -8.6959710e+01  -8.6726428e+01  -8.7274557e+01
  -5.8663192e+01  -3.8627097e+01   7.0564617e+01   8.6915652e+01  -8.1703340e+01   7.3516964e+01  -7.6821281e+01   7.6312118e+01   6.4200025e+01   4.0428568e+01   5.8227907e+01  -8.4936409e+01   4.9715692e+01   2.9104093e+01  -5.2476253e+01  -1.5449623e+01   1.7925929e+01  -9.6549061e+01   1.3968403e+01   6.9632119e+01  -4.7467425e+01  -4.4173446e+01   2.8861476e+01   7.1952522e+00   3.8722364e+01   5.7747892e+01  -8.7341285e+01  -4.3249476e+01   5.7482373e+01  -6.4195308e+01
  -8.5570671e+01   7.0156503e+00   4.3121978e+01  -4.4692507e+01  -9.8607621e+01  -8.0065134e+01   7.9739632e+01  -8.2761829e+01   4.1325387e+00   4.9564327e+01   3.9375513e+00   1.4854876e+01   3.9507850e+01   8.6742933e+01   3.6110894e+01   4.0857358e+01  -3.8765515e+01   3.5213529e+00  -3.9617434e+01   3.1824465e+01  -4.6072220e+01  -5.6932980e+01  -5.7685533e+01   1.6879272e+01  -1.6884014e+01   6.5438156e+01   8.8466494e+01   9.7446609e+01   2.1139616e+01   1.5878372e+01
   2.2210902e-01   4.8340868e+01  -3.1728552e+01  -4.7879005e+00  -8.6575579e+01   2.8428415e+01   4.9645306e+01  -9.4638602e+01   3.0272146e+01   4.8577115e+01  -9.2864122e+01  -9.0348471e+01  -1.5608451e+00  -5.0172610e+01   7.7188546e+01  -5.0667378e+01   9.2086833e+01   2.8738548e+01  -3.6355499e+01   5.9885240e+01   3.9960860e+01   2.6086817e+01  -8.0601639e+01  -7.6373165e+00   7.3885354e+01   4.3905182e+01   3.2421267e+01  -6.6852756e+01  -9.7012391e+01  -4.1709155e+01
   7.9516409e+01   9.6053141e+01   5.9803499e+01   4.4070434e+01  -8.4645765e+01   5.5639395e+01  -9.7635242e+01  -8.9519142e-02   9.4627256e+01   7.5509072e+01   3.7066416e+01   1.1095295e+01   8.8237580e+01  -8.5234469e+01  -8.1270768e+01  -2.0822043e+01  -4.3531363e+01  -9.3236409e+01  -3.9083464e+01  -2.2291686e+01  -6.3000238e+00  -9.9370036e+01  -7.4072859e+01   4.0539538e+01   2.8080772e+01  -8.1139730e+01   8.6583921e+01   1.3724791e+01   3.9499674e+00  -1.2245766e+01
   6.3089053e+01  -1.4253405e+01   9.6953299e+01   3.8706905e+01   8.2732294e+01  -2.5410739e+01   8.1652921e+01  -4.8504991e+01   5.0762984e+01   6.5023712e+00  -2.5932593e+01  -5.7518065e+01  -9.0176129e+01  -8.5682822e+01  -2.9848287e+01   3.4146482e+01  -6.2164346e+00   6.1549873e+00   5.6387062e+01  -8.5442033e+01   3.1658646e+01  -5.6593891e+01  -3.8652591e+01  -3.2405815e+01   9.5818306e+00  -1.4562873e+01  -5.5907349e+01   6.2151119e+00  -9.0568035e+01  -2.9270723e+01
   5.1631163e+01  -4.4421542e+01   8.2191659e+01   5.9528437e+01  -9.4747834e+01  -1.0887628e+01   3.0776395e+01  -8.9223339e+01   2.9539801e+01   9.6793349e+01   4.7266988e+01   6.7312664e+01  -6.3616871e+01   9.0266000e+01   5.5042665e+01   1.8485205e+01   2.8555571e+01   5.6479385e+01   8.6220679e+01   5.1200835e+01   9.0079080e+01  -3.5516736e+00  -1.7743667e+01   1.7667549e+01  -7.0135240e+01   1.2968910e+01  -1.2465855e+01  -3.4131656e+01   5.5316807e+01   9.1985751e+01
   5.6399084e+00   3.2198355e+01  -8.7043570e+01   5.6557045e+01  -4.7805530e+01   4.7200364e+01  -6.8575062e+01   6.9967600e+01  -4.0298530e+01  -5.4343792e+01   5.8581623e+01  -8.6064503e+01   7.9990157e+01   2.0401089e+00   2.2406062e+01  -5.0609192e+01   4.2743871e+01  -3.9695044e+01   1.3496591e+01  -1.9916417e+01  -3.1683757e+01  -9.5851112e+01   5.7686733e+01   2.6172578e+01   1.5201724e+01  -8.2490297e+01   9.7213616e+01  -5.2362783e+01  -8.3291173e+01  -6.2721393e+01
  -5.3513926e+01  -9.9321021e+01   3.7736494e+01   3.4454929e+01   1.8548008e+01   8.1367283e+01   4.3631989e+01  -2.7719966e+01   3.1822096e+01  -3.7253955e+01  -4.9970066e+01   9.1201031e+01   2.9086914e+01  -5.2654968e+01  -3.6698249e+01  -9.2291812e+01  -2.7252254e+01  -8.2456413e+01   3.8022942e+00   4.0856125e-01   5.4142585e+01   8.5220195e+01  -1.2026531e+01   3.0089997e+01   2.9312522e+01  -7.4743157e+01  -7.0293871e+01   9.7967920e+01  -1.2174014e+00  -1.2716020e+01
   5.5153224e+01   7.5371074e+01  -4.7839791e+01  -8.9523314e+01   4.2029528e+01  -5.2133692e+01   1.3916725e+01   9.7334095e+01  -1.8362743e+01   1.5550938e+01  -6.9907401e+01  -8.3710284e+01   6.5668248e+01  -1.3769061e+01  -6.7733119e+01   5.5204402e+01  -3.5204545e+01  -4.0299153e+01   3.1761615e+01  -8.5313508e+00   3.1899159e+01  -6.3866607e+01  -9.7720308e+01   4.7335648e+01   6.2284787e+01   9.4913267e+01   9.7429734e+01   6.7340223e+00   9.0488916e+01  -8.7295845e+01
   3.3835886e+01  -4.9736923e+00  -3.2768177e+01   4.2328155e+01  -1.0812743e+00   7.9288536e+01   4.8181340e+00   4.3320703e+01   3.9010685e+01  -5.8162596e+01  -6.7612166e+01   9.5361336e+01  -4.1197634e+01  -7.2981389e+01   9.7419476e+01   5.4566447e+01   9.3615770e+01   3.4590673e+01   8.3542724e+01   4.0527409e+01   4.7410275e+01  -4.0795889e+01  -3.6651393e+01  -6.3668399e+01   7.2065538e+01   7.2758171e+01   8.2846631e+01   6.4153321e+00  -1.6029469e+01   1.6570419e+01
  -8.4384084e+01   6.8316468e+01  -6.0173747e+01   9.7668629e+00  -3.7333858e+01   8.5265009e+01  -5.2811546e+00  -4.7440305e+01   5.6210794e+01  -2.0424507e+01  -6.7227414e+01   6.3103998e+00  -7.6571426e+00   8.9291818e+01  -7.1550308e+01   8.6887780e+00   7.7738783e+01   2.2162550e+01   5.1382595e+00  -9.7570858e+01   3.3499559e+01   2.4247232e+01   4.7432836e+01   1.0962224e+01   3.3925132e+01  -3.3191818e+01   8.8498825e+01   4.7480723e+01  -7.0462808e+01   1.8022485e+01
  -2.4564141e+01   1.5158570e+01  -6.1835068e+01  -1.4998884e+01  -1.2759369e+01  -9.2573580e+01  -2.6350071e+01  -7.0538753e+01   7.1009468e+01  -4.2391003e+01  -2.8632516e+01  -4.5136093e+01  -3.6672877e+01   5.7653328e+01  -3.2526298e+01   7.5257830e+01  -1.9050906e+01  -1.6102011e+01   1.9910550e+01  -3.0704259e+00   2.6295699e+01   6.0144456e+01  -7.9510554e+01   4.3920097e+01   9.1749513e+01   1.6969579e+01   1.4877533e+01  -6.9206252e+01   1.7440327e+01  -5.8425525e+01
  -5.9945024e+01  -7.8203893e+01   1.6837582e+01  -3.3127942e+01   7.5372247e+01  -9.7941638e+01  -7.5219695e+01  -6.3363737e+00  -8.7594282e+01   3.9473231e+00   3.7207628e+01   3.1004044e+01   8.7708216e+01   4.8918713e+01   1.4357684e+01   7.3743300e+01   8.3273481e+01  -9.0320034e+01  -1.0699295e+01  -7.3224406e+01  -6.5205973e+01  -4.7510385e+01  -5.5418719e+01  -4.9253873e+01  -1.3076739e+00   5.3630386e+01  -3.6039675e+01   5.3130660e+01  -2.6417910e+01  -5.0968237e+01
   3.0137240e+01  -6.9769739e+01  -7.4894268e+01  -1.7211804e+00   6.9110121e+01  -2.1929907e+01   9.6329360e+01   1.7167115e+01  -4.9187280e+01  -9.8637939e+01   4.4855716e+01   8.5603478e+01  -8.2453609e+01   5.1217753e+01  -7.8510762e+01   1.0237523e+01   9.4003109e+01  -6.8838521e+01  -7.1137348e+01   9.1264852e+01   9.2666835e+01   2.0492843e+01   5.9725880e+01  -4.1022612e+01  -4.5338953e+01  -1.5097443e+01   1.8232791e+01   1.5820460e+01   2.2885118e+01  -9.0711060e+01
   6.9622670e+01   9.9456756e+01   7.6654821e+01   3.2458237e+01   4.8886045e+00  -8.8242200e+01  -4.9601596e+01   9.8237856e+01  -1.2701277e+01   8.3359103e+01   5.0715542e+01   6.0849164e+01  -9.0900263e+01   3.6044048e+01  -3.0708054e+01   2.1324780e+01  -5.1724768e+01  -7.4625474e+01   3.9239750e+01   2.3525997e+01   1.0443797e+01  -3.1548246e+01   3.7178292e+01  -9.6834808e+01  -9.2010636e+01  -2.2474055e+01  -2.0223424e+01   9.1166012e+01  -5.9811718e+00   2.1176463e+01
   8.7137445e+00   9.6586778e+01   9.1095482e+01   8.0980789e+01  -8.6095041e+01   8.8308965e+00  -7.3884020e+01  -4.0605935e+01  -3.8799130e+01   4.5681319e+00  -2.8766264e+01  -4.5989431e+01  -7.4823134e+01   8.6087778e+01   7.0900379e+01  -8.3646292e+01  -1.7912680e+01   8.9516736e+00   2.0854276e+01   5.3170535e+01  -2.9754162e+01   4.6923154e+01  -7.0138620e+01  -8.0751301e+01  -3.4083408e+01  -1.5893604e+01  -7.9313916e+01  -5.5044860e+01  -1.4440554e+01   3.4092460e+01
   3.4246709e+01   2.3443341e+00   6.4428161e+01   7.4664472e+00   8.6720992e+01   9.5487649e+01   4.3096503e+01   3.4368233e+01   6.7773197e+01  -8.2388110e+01   3.0955220e+01  -8.1285040e+01   4.2165379e+01  -1.8234638e+01   7.1301540e+01   3.1196395e+01   1.0084735e+01  -2.1280266e+01   1.0725738e+01   1.9303094e+01   9.8815393e+01   7.4535023e+01  -7.8951791e+01   4.1472822e+01  -1.6962394e+01  -9.4123929e+01   9.5901849e+01  -7.4140469e+01  -5.7935389e+00   1.4265524e+01
  -1.1011778e+01  -8.2254336e+01   2.5344659e+00  -7.2227971e+01  -5.0113699e+01  -5.5010489e+01  -6.5688914e+01  -1.8957303e+00   7.8854717e+01   2.1967144e+01   4.5558179e+01  -7.7092127e+01  -2.5301347e+01  -7.3443403e+01  -4.1944414e+01  -4.7884400e+01  -3.3723638e+01  -1.4260853e+00  -2.3737752e+01  -4.9777553e+01   4.7021359e+00  -5.7437754e+01   3.0952799e+01  -5.2040994e+01  -2.2312367e+01   5.1489271e+01   2.0701896e+01   4.2843078e+01  -5.5399261e+01   7.4007359e+01
  -1.8928163e+01  -5.1971659e+01   3.5257973e+01   3.6800000e+01  -2.2078166e+01  -2.8655594e+01   7.2587413e+01  -9.7578606e+01  -4.9495719e+01  -2.1223191e+01  -7.8386347e+01  -8.9286729e+01  -8.2485321e+01   7.5998391e+01  -1.8897251e+01  -1.4590854e+01   2.5803128e+01  -3.9508679e+00   4.7158614e+01  -6.8062244e+01  -6.7658096e+01  -9.0682896e+01  -5.2152504e+01   7.2335938e+01  -6.5375456e+01   2.2169589e+00   3.2682810e-01  -8.0743308e+01   6.1433696e+01   9.0485153e+01
   2.3783814e+01   8.4399560e+01   7.7011281e+01  -6.7552686e+01  -6.8305832e+01  -8.6066317e+01   2.1393479e+01   6.1214567e+01   1.8330592e+01   1.0786948e+01   4.7895871e+01  -5.8971208e+01  -2.5744112e+01   1.3959469e+01   9.2458904e+01   9.2898030e+01  -9.5990822e+01   2.0721322e+00   2.2137548e+01  -3.2063926e+01  -1.0459072e+01   3.7212534e+01  -2.5428017e+00  -1.6832131e+00  -6.9924956e+01  -9.5941802e+01  -8.1406245e+01   1.9162845e+01  -5.1525409e+01   3.5640852e+01
   2.5561435e+01  -7.1022586e+01  -5.0920260e+01  -9.5763922e+01   7.9050527e+01   8.9315876e+01  -6.3682302e+01  -8.7046492e+01   4.3327887e+01   3.8339665e+01  -4.8180001e+01  -6.5735431e+01   9.0737659e+01  -8.4600129e+01  -2.0573424e+01  -1.0724426e+01  -1.8581173e+01  -2.2563595e+01  -1.9617210e+01   3.2505681e+00  -2.6566789e+01  -1.3548401e+01  -3.1934520e+01  -6.1293819e+01  -6.2178460e+01   2.4964027e+01  -3.3943866e+01   5.3149709e+00  -1.6951083e+01  -5.0462118e+01
  -4.2751926e+01   3.0714507e+01   3.2260385e+01  -9.1250170e+01  -2.6607717e+00  -2.3104218e+01   9.0703793e+01  -3.7449138e+01  -6.8707270e+01   2.5861592e+01  -6.4225216e+01   1.0635881e+01  -7.8662531e+01  -4.8157311e+01  -3.4171094e+01   3.8021235e+01   4.9383994e+01   7.5245171e+01  -3.1584346e+01  -8.0464725e+01  -8.5797667e+01   1.8396924e+01  -9.5898758e+00  -2.8727341e+01  -4.6254801e+01  -6.9579292e+01  -8.2991746e+01  -6.1801040e+01   5.4313535e+01  -6.6888925e+01
  -4.5993802e+01   3.5986879e+01   1.5574064e+00  -9.5220090e+01   6.4895282e+01  -2.5533509e+01  -3.6963747e+01   4.9959351e+01  -7.3559672e+01  -8.1531709e+01  -8.8537225e+01   5.7242875e+01   5.8233974e+01  -9.8576022e-01   1.7898663e+01   6.0254945e+01   6.3136633e+01  -7.0239046e+01   9.2817967e+01   5.1044642e+01   8.4441614e+01   5.6447193e+01   3.1964438e+01   9.2935270e+01  -4.8545874e+01   8.8372940e+01   1.3670627e+01  -5.4864903e+00   5.1004154e+01  -2.4686175e+01
   7.1648230e+01   6.2201576e+01  -8.7996517e+00  -1.6401368e+01  -9.8724260e+01   3.3243549e+01  -8.8288183e+00   5.5673526e+01   4.0867994e+01   8.7188565e+01   5.4824886e+01   6.4502089e+01  -8.1286236e+01   5.5018864e+01  -2.7143702e+01   9.9354737e+00  -4.0115467e+01   2.1030259e+01   5.9464327e+01   3.8625300e+01  -5.8878359e+01  -5.5778426e+01   8.1967045e+00   9.0316240e+01   6.3655176e+01   2.3844355e+01   7.0490034e+01   1.1620752e+01   9.9050260e+01  -7.4632128e+00
  -1.1954625e+01   7.1880583e+01   4.6612913e+01   9.7386231e+01  -8.8631988e+01  -9.7845744e+01  -7.5591480e+01  -1.7497251e+00  -1.1480975e+01   5.6033166e+01   9.0886856e+01  -9.1831623e+01   5.9549856e+01  -4.4061777e+01   7.2163511e+01  -6.3782041e+01  -5.1154157e+01   3.5260742e+01   1.2994264e+01   6.7354921e+01  -3.2555746e+01   4.2750181e+01   7.7822076e+01  -5.1713954e+01   7.7330385e+00   6.9781885e+01  -3.9884067e+01   2.4078467e+01  -2.6304260e+01  -4.4559420e+00
  -5.7371802e+01   4.5282214e+01  -3.2608853e+01   1.8848258e+01   7.1296759e+01   9.6033988e+01  -4.9179261e+01   9.1363511e+01  -5.5189234e+00  -5.1724363e+01   1.9664631e+01  -1.6312326e+01  -9.8550346e+01  -4.4379408e+01   8.0419565e+01   6.5820921e+01  -9.7019127e+01  -1.4153032e+01  -4.0544717e+01   2.4114838e+00  -6.1199657e+01  -5.8140827e+01  -1.9991894e+01  -9.3385283e+01  -8.4430565e+01   5.4716083e+01  -4.9218310e+01   1.3668445e+01   7.8683597e+01   1.0468115e+01
   3.1028213e+01  -8.0160669e+01  -1.5376967e+01   4.5091889e+01   7.7447384e+01   9.0036881e+01   3.7555786e+01   4.8481377e+01   8.0420960e+01   4.1285029e+01  -6.2403830e+01  -9.5533307e+00   3.2550706e+01  -8.2629301e+01  -9.7478724e+01  -9.2604190e+00  -5.0138708e+01  -2.2272992e+01   4.8884091e+01  -1.0605543e+01   4.4847268e+01   2.0885344e+01  -4.1463562e+01  -9.2669402e+01  -6.0025928e+01   4.7833448e+01  -8.2622131e+01   2.5713845e+01  -9.5205664e+01  -9.1318630e+01
   1.4028778e+01   3.3039078e+01  -5.5493919e+01   9.9038792e+01  -6.3025131e+00  -7.3408999e+01   9.9119330e+01  -8.8065545e+00   8.5519889e+01   4.8670656e+01   1.1419449e+01  -8.9389485e+01  -2.7987553e+01   1.4258151e+01   6.2268302e+01   7.5713579e+01   4.2924156e+01  -2.1829546e+01  -9.2912657e+01  -8.3241286e+01   2.9793617e+01   5.3169765e+01  -2.8332371e+01   4.5382803e+01   9.4583808e+01   1.5493374e+01   1.5848687e+01  -7.2669212e+01  -6.1535365e+01  -1.4070077e+01
  -1.2136065e+01   2.2104337e+01  -1.5853818e+01  -8.7934343e+01   1.1427513e+01  -5.4425036e+01   5.4230273e+01   8.1756969e+01   7.6045350e+01   8.6804956e+01   3.7976981e+01   2.9161599e+01  -3.2045367e+01   1.9917333e+01  -9.0176417e+01   2.7507126e+01   4.6315338e+01  -9.0626590e+00  -7.3558484e+01  -1.7463080e+01   7.2991114e+01  -8.9462953e+01  -8.7316145e+01   2.3464140e+01  -3.2757358e+00   6.8374177e+01   3.6693434e+01   7.3086420e+01  -5.6019223e+01   7.2897535e+01
  -5.8115708e+01  -1.4754145e+00   2.3541259e+01  -5.3816981e+01  -3.3855094e+01  -2.4750057e+01   5.2849874e+01  -7.6925195e+01  -7.7263175e+01  -8.7336282e+01  -5.8007700e+01   6.0817952e+01  -6.5818966e+01  -2.6574813e+01  -9.3030666e+01  -9.8271727e+01  -5.0365686e+01   1.8895953e+01   6.6032910e+00   3.0326013e+01  -7.6744576e+01   7.5051833e+01   1.5164486e+01  -5.7591948e+01   4.6950921e+01  -1.8380397e+01  -7.8383999e+01   9.5802127e+01   9.2262016e+00  -5.1090709e+01
  -2.0615052e+01   1.9341008e+01   5.9362308e+01  -7.2989140e+01  -2.5506351e+01  -5.7696010e+01  -1.7405580e+01  -7.8778848e+01  -6.8477195e+01   4.7194732e+00  -1.1374133e+01  -8.6613628e+01  -4.8304106e+01  -3.5906285e+00  -6.9313692e+01   2.3264136e+01  -1.0409246e+01  -9.5053819e+01   5.7181633e+01   1.3481067e+01   2.2072386e+01  -8.8421948e+01  -9.3731353e+01   5.0897173e+01  -3.2767226e+01  -4.5391611e+01  -9.9904223e+01  -3.8120339e+01   3.4625988e+01  -4.0856264e+01
  -2.9358591e+01  -8.0104807e+01   1.9071738e+01   3.2444546e+00   6.3178518e+01   2.7712662e+01   8.1063384e+01  -8.4709371e+01   4.0615856e+01  -8.6644983e+01   9.9039153e+01  -7.8017056e+01   6.2031587e+00   5.2555593e+01   8.2739961e+01   4.3473943e+01  -2.6057084e+01   5.5702356e+01   9.5694897e+01  -8.8447882e+01   6.7592110e+01   5.6643254e+00  -5.9296192e+01  -8.6808321e+01  -1.5737701e+01   3.0069629e+01   9.2100144e+01  -2.1921498e+01  -1.2121791e+01  -6.5953402e+01
  -6.3252966e+01  -8.3502639e+01  -7.6164653e+01   2.7028121e+01  -8.4607085e+01  -6.1182380e+01  -1.3983322e+01   9.9511709e+01  -2.2779613e+01   1.0340868e+00   6.9702056e+01  -1.2913331e+01  -5.1996901e+00   1.3864792e+01  -6.8562250e+01  -8.4189935e+01  -9.0866967e+01  -4.4286080e+01   1.2737513e+01   2.5391534e+01  -3.3015429e+01  -1.7110231e+01  -8.4370652e+01   1.7650206e+01   4.5140257e+01  -4.5344869e+01  -9.1357821e+01   8.8714542e+00   2.6023546e+01  -7.4863856e+01
   4.2055146e+01   8.5737423e+01  -7.7947661e+01  -8.0989529e+01  -8.3864682e+01  -4.6257311e+01  -5.9054408e+01   8.3252919e+01   1.1579463e+00   3.8145494e+01  -9.0592938e-01   2.6853919e+01   4.7324962e+01   5.6776143e+01   8.1857341e+01  -3.6189793e+01  -1.1260293e+01  -6.1560707e+01   2.9703894e+01   7.2119089e+01   2.1024272e-01   9.6717767e+01   1.5195591e+01   3.3519799e+01   8.3680044e+01   1.9385454e+01   2.5532162e+01   6.3527096e+01   4.2467356e+01  -5.0048214e+01
   9.4260647e+01  -7.3693332e+00  -2.6515971e+01   6.7552128e+01  -1.8103021e+01  -5.8575165e+01  -7.9336170e+01  -3.9318536e+01   1.0233333e+01  -9.3834786e+01   8.4490170e+01  -1.8990630e+01  -3.6577672e+00  -6.7153374e+01  -7.7640536e+01   1.5869100e+01   4.3139813e+01  -4.0802572e+01  -1.9791234e+00  -2.7772522e+00   9.1252740e+01  -1.7934320e+01  -5.8342144e+01   8.2352211e+01   5.0329638e+01   2.9630921e+01   3.6256651e+01  -5.7147662e+01  -2.0770866e+01  -6.2605377e+01
   5.7612422e+01  -5.4474286e+01   6.4919828e+01  -5.7280876e+01   3.1106258e+01  -9.4230787e+01   3.3695771e+01   7.6551252e+01   5.2031621e+00   6.3767387e+01  -8.3653537e+01  -8.8572586e+01   9.5409690e+01  -2.7775024e+01  -8.1460921e+01   9.4584626e+01  -1.7873978e+01  -3.0684495e+00  -5.7977969e+01   5.4328324e+01   5.8053846e+01  -2.9422513e+01  -1.7188415e+00  -6.7596476e+01   8.5506088e+01  -7.9044999e+01   2.9843756e+01  -2.7476159e+01  -8.4493069e+01   1.4051479e+01
  -9.7870116e+01   8.1408320e+01   1.1555081e+01   4.2790326e+00   3.5353239e+01   5.0090945e+00   8.8875593e+01   9.1312366e+00   6.1441342e+01   2.6381503e+01   8.0213854e+01   3.4679087e+01  -8.8323611e+01   8.0871286e+01   2.7279245e+01  -5.5770865e+00  -8.5786335e+01   4.9963387e+01  -4.5167721e+01   3.3262140e+01   2.3233569e+01   1.0079087e+01   3.6222011e+01   3.8544770e+01   9.2189711e+01   6.6965873e+01   3.4316668e+01  -7.9359646e+00  -5.4220111e+01   2.4539256e+01
   6.7683504e+01   5.0771155e+01  -5.2681644e+01  -7.0421922e+01   7.5127344e+01   5.7576339e+01  -7.6139837e+01   5.4825186e+01  -8.1737860e+01  -2.4340432e+01   8.2728874e+01  -2.7581297e+00  -6.8196474e+01   8.5889836e+01   8.2103013e+00   2.1263268e+00  -9.2529696e+01  -8.1384430e+01  -6.7509168e+01  -2.2802470e+01  -1.6907707e+01   9.7669456e+01  -7.7210296e+01  -5.2574049e+00   4.9658356e+01   4.2797581e+01   9.4064729e+01  -9.5116000e+01  -5.4644816e+01   4.7148267e+01
   5.4968141e+01   3.3077938e+01   6.6194291e+01   4.3330186e+01  -7.4675895e+01  -2.9905491e+01  -3.6624950e+01   6.1391571e+01  -1.2048078e+01   1.3402081e+01  -3.4397786e+01  -1.3782271e+01  -5.8344445e+01   1.6821880e+01  -1.8833866e+01  -2.4188783e+00   2.4254449e+01   9.2060945e+01   3.2751457e+01   1.0301418e+01   3.8101838e+01  -8.7933535e+01   8.7316008e+01   9.6464287e+01  -7.4040679e+01  -7.1468402e+00   4.4990166e+01   2.0995046e+01  -5.5381179e+01  -2.5730402e+01
   4.0930536e+01   3.9189357e+01   6.5770182e+01   7.8109279e+01  -8.7466425e+01  -6.4862768e+01  -2.3309675e+00   9.0996491e+01  -3.3357911e+01  -4.3469124e+01  -3.6357198e+01   3.3967335e+01  -2.3298079e+01   4.1749878e+00   6.1358516e+01  -5.5432795e+01  -5.3631339e+01  -3.1358665e+01  -1.1481642e+01   3.5803873e+01   2.9054947e+01  -5.1540305e+01   4.0302556e+00  -2.6919697e+01   3.6117007e+01   2.2564647e+01  -5.7815616e+01  -3.3966957e+01   6.1267648e+01   6.5099127e+01
   9.0323657e+01   3.0021778e+01  -2.7290924e+01   2.8871545e+01  -9.8370546e+01  -8.7517935e+01   1.0382796e+01  -8.4513105e+01  -6.8794607e+01   4.5801899e+01   1.3167817e+01  -7.7714703e+01  -1.6806236e+01   6.7843332e+01  -8.0333751e+01  -1.7543851e+01  -9.5879324e+01  -4.6285406e+01  -9.7359860e-01  -7.9246818e+01   1.2167429e+01   8.1512647e+01  -3.7969158e+00   6.2122920e+01  -8.4220149e+01  -7.7080706e+01  -3.7330788e+01   5.0150153e+00  -7.5497013e+01  -9.1153437e+01
   5.1925429e+01  -7.5594335e+01   5.3289256e+01  -1.5755481e+01  -7.2318045e+01   3.0239924e+01  -7.0759381e+01  -5.1179508e+01  -9.7005409e+00   7.0376133e+01  -2.5754029e+00   8.8277207e+01  -7.0567828e+01  -8.1073675e+01  -1.4171819e+01   7.7850258e+01  -7.9025723e+01   5.2523620e+01  -1.9612926e+01   9.7545263e+01  -3.4519142e+01  -1.5574296e+01  -3.0324207e+01   1.4951818e+01  -2.7597911e+00   4.6694815e+01  -2.1886058e+01  -1.7808496e+01   1.5057082e+01  -7.8758226e+01
   8.5714778e+01   8.7269650e+01   4.5006440e+01  -6.5476332e+01  -7.1745917e+01  -4.6459856e+01   7.7787076e+01   5.4343871e+01  -1.5002269e+00  -8.0778112e+01   7.5491193e+01   6.4490107e+01   7.2173976e+01   1.0085927e+01   7.1672164e+01   1.8006567e+01  -6.5758850e+01   9.3608092e+01  -2.5998055e+01  -6.5067837e+01   4.3415921e+01   4.4459106e+01   9.0236023e+00  -1.6673095e+00   1.0692555e+01   4.4737482e+01   7.5685536e+01   6.2637322e+01  -4.4008503e+00  -3.0511809e+01
  -4.4963460e+01  -9.8368793e+01   8.9659401e+01   6.4925344e+00  -1.7581930e+01   1.9477171e+01   7.0489470e+01   6.7327236e+01   6.9419983e+01   1.8196081e+01   9.4959705e+01   2.4414107e+01  -4.0578817e+01   1.4359440e+01   8.4839519e+01  -2.9077213e+01  -3.8966422e+00  -8.5735832e+01   9.1952778e+01   3.8246744e+01   8.2649705e+00  -2.5878194e+01   8.6379761e+01  -8.1398420e+01  -2.1132624e+01  -2.7194644e+01  -7.7665397e+01  -5.5508583e+01  -4.3866030e+01   1.6007200e+01
   2.5330663e+01  -1.0322505e+01   8.9291110e+01   6.2357875e+01  -8.5118731e+01  -6.2872603e+01  -2.7104343e+01   2.0159052e+01  -4.1906913e+01   4.8672153e+01  -1.6806964e+01   4.5831423e+01   2.1155555e+01  -5.2601836e+01   1.7818564e+01   2.5523271e+01  -5.7593350e+01   4.5865844e+01  -5.2254618e+01   8.3144227e+01  -4.8711434e+01  -4.8493183e+01  -9.7201707e+01   8.6300872e+01  -2.9416511e-01   1.6430699e+01  -8.2044630e+01  -9.7199037e+01   5.2438705e+01   6.5298905e+01
  -1.8403581e+01   6.7424722e+01  -7.5378691e+01   7.6874478e+01  -2.0581921e+01  -3.8113584e+01   7.9790684e+01  -2.0612887e+01  -8.2023181e+01  -3.8985268e+01   3.1147259e+00  -5.8387469e+01  -4.6016583e+00   6.8899832e+01   8.9581692e+01   5.7922412e+01  -5.0490565e+00  -7.3223539e+01  -9.3349679e+00  -4.7282663e+01  -6.2579445e+01  -7.7607373e+01   4.0362243e+01  -6.9306279e+01  -2.9911743e+01   8.8146398e+01   9.4023576e+01  -4.6611142e+01   7.6187542e+01  -6.4125708e+01
   3.4150297e+01  -7.4995593e+01   5.8423675e+01  -2.7145494e+01  -7.4539468e+01  -8.0077054e+01   6.7224696e+01  -4.7272941e+01  -3.0337799e+01   3.6423392e+01  -5.4980145e+01   5.9263799e+01   9.1016505e+01   9.4938270e+01  -2.5720874e+01  -5.6642060e+01   1.4989020e+01   9.9571842e+01   3.4732431e+01   6.7962480e+01  -2.1584223e+01   8.4784595e+01  -4.2933299e+01   4.8192899e+01   1.7358105e+01  -9.5588834e+01  -1.2394383e+00   6.8206345e+01   5.9461708e+00  -8.3331024e+01
  -1.3711808e+01   2.0485808e+01  -6.1404365e+01   5.4723120e+01   7.5823033e+01  -1.6170830e+01   2.2772224e+01   4.3772534e+01   4.9204600e+01   4.0733108e+01   1.4734959e+01   4.1204620e+01  -5.9167092e+01   9.4938746e+01  -1.4478595e+01   1.6733764e+01  -7.5106756e+01  -7.3566810e+01   4.6901109e+01   4.9519162e+01   5.2502132e+01  -5.4676055e+01   9.5654969e+01  -5.4158692e+01   9.9974013e+01  -3.8099354e+01  -3.5126682e+01   5.5134376e+00  -3.5463711e+01   6.3449691e+01
  -7.4960633e+01   8.9326030e+01   7.3934826e+01   4.2296725e+01   4.7640669e+01  -4.2436817e+01   3.8121683e+01   5.1232733e+01   9.9766446e+01   7.3128994e+01   8.5656885e+00   2.5279418e+01  -6.7014451e+01   6.6054322e+01  -4.3536636e+00   5.4335323e+01  -1.2752297e+00   2.6199720e+01   9.1520763e+01   3.2910503e+01  -1.6799820e+01  -9.9731501e+01  -6.5783050e+01  -3.7033505e+01  -1.1841719e+00  -6.3243877e+01  -1.8976921e+01   6.9753372e+01   4.9792401e+01  -9.6959257e+01
   1.2661360e+01   7.9421114e+01   7.2109179e+01  -6.5297285e+01   9.4278622e+01   5.2063657e+01   3.0729732e+01   7.6270103e+01   6.2592242e+01   6.8716308e+01   9.8394706e+01   8.4266213e+01  -9.2231278e+01   3.9173761e+01  -3.6709398e+00   5.8997264e+00   1.6878679e+01  -6.2736518e+01   4.5686138e+01  -4.4636729e+01   1.1233985e+00  -8.3141623e+01   2.2752883e+01  -5.6825726e+01  -1.6781443e+01  -8.0490436e+01  -4.9150612e+00   2.6047569e+01   7.9374635e+01  -7.1763420e+01
   1.7515813e+01   8.7394815e+01  -8.7219386e+01  -3.1199657e+01  -5.8228787e+01  -6.1005075e+01   7.9339045e+01  -7.3330189e+01   7.8067114e+01   8.3903582e+01  -5.2875554e+00   9.2497011e+01  -8.0753224e+01   6.6183376e+01   2.1212360e+01  -9.8742859e+00   8.6901362e+01   6.4135237e+01   4.8133592e+01  -2.8871358e+01   5.5683002e+01  -2.9926196e+01  -6.5642880e+01  -3.7908480e+01  -8.8198451e+00   8.8085464e+01   7.9369249e+01   4.7194876e+00  -8.7146362e+01  -2.8608416e+01
  -2.5747821e+01  -1.5081660e+01  -3.2037424e+01  -1.2304447e+01   6.3543184e+01   2.7912860e+01   6.7276579e+01   1.3648412e+01   8.7067148e+01   8.4643024e+01  -4.1969451e+01   3.9264009e+01  -9.3139742e+01   4.7365030e+01   6.0316402e+01   5.7121100e+01  -8.4068524e+00   4.6258499e+01  -4.5303467e+01  -1.3859189e+01  -1.3127511e+01  -4.4243743e+01  -1.7402270e+01   5.5724811e+01  -4.7115643e+01  -4.3065306e+01  -3.1718394e+01  -2.2611781e+01  -5.2147097e+01   8.1753059e+01
   5.6439496e+01  -3.6198366e+00   1.8165275e+01   2.1250885e+01   3.2180177e+01  -5.7878842e+01   8.4815080e+00  -6.6637013e+01   4.9831725e+01  -6.9978204e+01   7.1707391e+01   3.9111433e+00  -7.6884097e+01   9.8625804e+01   2.2316207e+01  -4.7197308e+01   1.6442472e+01   4.6456164e+01  -3.7143458e+01   1.0860294e+01   3.8378719e+01   8.2419491e+01  -7.2818415e+01  -2.4197466e+01   7.8144061e+01   5.7713246e+00  -4.9240922e+01  -1.1400010e+01  -7.2184722e+01   7.0522466e+01
   9.8221671e+01   6.7788637e+01   6.9633467e+01  -5.1739400e+01  -9.6626649e+01   1.2942957e+01   2.8938751e+01  -9.3059855e+01   4.6217908e+01  -4.3541077e+00  -4.8211951e+01   8.6520758e+01  -3.9535181e+01  -2.2965701e+01   8.0121042e+01   3.8260468e+01  -7.2118765e+01   2.7876829e+01   7.9751520e+01   5.2380064e+01  -5.0415688e+01  -4.9609557e+01   3.7785583e+01  -2.9327016e+01   1.8556803e+01  -3.3653274e+01  -6.7625527e+01  -6.1331524e+01  -3.4926306e+01  -1.1136432e+01
  -2.0072370e+01   3.8973552e+01  -1.4618859e+00   6.3547899e+01   8.1551791e+01   2.1417994e+01   7.4161676e+01   6.9240734e+01  -3.5341019e+01   1.3135896e+01   9.5800908e+01  -4.3128747e+01   5.4786011e+01   5.9894604e+01   1.4830739e+01  -7.1859214e+01   2.5323227e+01   5.8574571e+01  -5.4895664e+01  -3.9152351e+01   8.5991955e+00   7.0950017e+01  -1.8045527e+01  -5.0780018e+01  -4.3336559e+01  -1.9785466e+01  -5.0794878e+01   1.8662950e+01   5.3750698e+01  -6.9742659e+01
  -1.6757404e+01   5.2993509e+01  -8.8435012e+01  -5.6326209e+01   1.7835252e+01   3.4494813e+01   3.8872439e+01   2.7677038e+01   7.1272067e+01  -7.7523340e+01  -3.3895151e+01   8.0810675e+01  -7.8736608e+01   9.3841827e+01  -4.7920405e+01   1.9930540e+01  -6.2536920e+01   1.8187869e+01   2.5510943e+00  -8.8253395e+01   4.7659309e+01   1.0225483e+01  -9.2462347e+01   2.6558391e+01  -3.1284848e+01   6.0274023e+01  -6.5260713e+01   3.3369248e+01   5.3918535e+01   6.1569502e+00
   8.4654014e+01   6.0160012e+01   1.7597178e+01   4.1920738e+01   5.3088516e+01   8.4348953e+01  -2.8547018e+01   3.3043142e+00   1.4090363e+01   1.4154591e-01   6.0777986e+01   9.8977232e+00   8.2134451e+01  -2.5667968e+01   3.0099414e+01   7.3119188e+01  -8.8680789e+00  -3.6437923e+01   8.2838039e+01  -9.7123005e-01  -9.4489249e+01  -1.9259275e+01   2.2588448e+01  -1.1400058e+01  -5.7201144e+01   4.9840950e+00   6.7709173e+01  -9.4407607e+01   8.5871724e+01   4.0347739e+01
   2.6125858e-01   5.1725092e+01  -4.3772727e+01  -9.6168499e+01  -6.5889818e+01   7.1093359e+01   7.0324430e+01  -8.1870306e+01  -7.2633072e+01  -5.4485309e+01   8.6792898e+01   3.2893436e+00   5.6642199e+00  -6.7714147e+00   2.3031603e+01  -3.9960004e+01   7.8574524e+01   2.1771791e+01  -2.8139044e+01  -1.4222442e+01   9.9327498e+01   8.7653965e+00   6.7636566e+01  -5.9433359e+01   3.4789162e+01   7.0293290e+01  -2.2929813e+01   6.9844238e+01   4.7156046e+01   9.1251433e+01
  -2.6662709e+01  -6.3890724e+01   8.4879697e+00  -3.5526429e+01   1.8415255e+01  -8.0061181e+01   4.0782230e+01   9.5283967e+01  -4.1066646e+01   3.3332614e+01  -5.6826083e+01   7.6458709e+01   1.3722066e+01   8.8586970e+00  -7.4626052e+01  -8.9858436e+01   5.7476444e+01  -9.1440972e+00   4.1480309e+01   6.0732305e-01  -6.3380815e+01   9.2575750e+01   3.6150667e+01  -6.3241298e+01  -1.9877179e+01   4.2979006e+01   9.2925062e+00   5.3948773e+01  -1.3940701e+01  -8.0295422e-01
   2.2850894e+01   2.8629436e+01  -8.5670136e+01   7.0843320e+01   5.0294378e+01   8.8496736e+01   5.1703167e+01   2.6442103e+00  -8.4293224e+01   5.0767821e+01   3.4710378e+01  -7.4145267e+01  -2.0005152e+01  -4.4962429e+01   9.2730316e+01  -7.6827401e+01  -9.3656539e+01   6.0580819e+01  -9.7902569e+01   4.8432853e+01   9.4065916e+01   1.5602055e+01  -8.5762631e+01   5.3991552e+01   5.0373423e+01   8.9479670e+01   2.6502765e+01   5.7362707e-01  -7.2445958e+01   6.2812512e+01
  -7.7947705e+01  -8.1186516e+01  -8.5863256e+01   5.2775157e+01  -8.3989874e+00  -2.8587894e+01   6.9723903e+01  -9.5919950e+01  -4.4355143e+01  -8.3090955e+01   4.8973680e+01   5.0511505e+01  -9.3946742e+01  -9.5890438e+01  -4.9864439e+01   1.3405326e+01   2.8106370e+01   6.1602758e+01  -4.8579647e+01   2.9825665e+01   5.4229774e+01  -3.2879659e+00   6.3838725e+01  -6.9755540e+01  -3.1526241e+01   7.3962563e+01   7.6232375e+01   5.6269821e+01  -2.3267362e+01  -1.6415944e+01
  -1.8907221e+01  -2.6085460e+01  -3.1662251e+00   6.6838027e+01   8.2671322e+01   7.8636120e+01  -4.1772315e+01  -8.3230509e+01  -4.8210739e+01   6.0548201e+01  -2.3225132e+01   2.9843344e+01   5.2927301e+01   4.3607236e+01   7.8319818e+00  -4.9884307e+01   7.3051820e+01   2.2181867e+00   6.1641802e+01  -5.9614532e+01  -8.2789588e+01  -7.3899625e+01   1.0148067e+01  -9.6366307e+01   2.6993642e+00   5.6268649e+01  -4.9624168e+01   4.5372685e+01  -2.1840008e+00   4.7327711e+01
  -6.0516080e+01  -4.8655353e+01  -7.0295678e+01   3.3415133e+01  -1.0241709e+00   6.4452615e+01  -8.7194414e+00  -8.5935059e+01  -1.2831104e+01  -5.6391881e+01  -4.9245072e+01   2.9894766e+01   9.1239964e+01  -3.9190367e+01  -4.9781871e+01   1.9976295e+01  -1.3975435e+01   9.2178033e+01  -8.4566026e+01   4.4154103e+01  -4.1272088e+01  -7.0809304e+01   5.0135641e+01  -5.7452269e+01   5.9169191e+00   2.2012814e+01   9.5492265e+01   9.1043780e+01  -9.4666618e+01  -4.7962950e+01
  -2.0686859e+01  -9.4368878e+01   3.0626597e+01   7.7364109e+01   2.4565703e+01   6.5340298e+01   8.9181599e+01   5.7952848e+01  -8.2616705e+01   2.7240046e+01   6.5724608e+01  -5.4398008e+01  -5.8658441e+00   6.6790910e+01   9.8365126e+01   8.4177287e+01  -1.9347080e+01  -3.7217394e+00   3.5199422e+01   5.3034158e+01   8.5614676e+01   1.3232677e+01   8.3158139e+00  -1.2404806e+01   2.5160000e+01   9.0718242e+01  -3.6962409e+01  -1.7009437e+01  -3.2803708e+01   9.3567849e+01
   8.6400794e+01   5.1337068e+01  -8.1694747e+01  -7.7103815e+01  -5.3174293e+01  -1.3982796e+01   9.5461794e+01  -8.9809814e+01  -4.3888482e+01  -6.9768722e+01   5.1209280e+01   3.2764969e+01   8.8924330e+01  -2.0570734e+01   8.5761252e+01   7.3966140e+01   8.3746340e+01  -2.1222081e+01   9.8518799e+01  -7.4256482e+00   1.6682993e+00   1.7680912e+01   4.7775853e+01  -5.9783774e+00  -5.2358221e+00   6.2572611e+01   7.6425556e-01   9.9018131e+01   9.6733459e+01  -3.8254310e+01
   8.5436147e+01  -7.3010997e+01   1.2493131e+01   7.3518182e+01   4.2449273e+01  -9.4388723e+01  -7.1536359e+01  -5.7469328e+00  -8.3489178e+01  -9.5674307e+01   2.0723525e+01   6.8918353e+01  -6.5602654e+01   6.4326980e+00  -6.0361836e+01   7.3222132e+01   3.6251788e+01  -8.0497614e+01   7.0768744e+01  -2.9471597e+01   6.7060150e+01   9.5317094e+01   4.4493995e+01   5.7600644e+01  -3.5902334e+01   3.1905580e+01   6.4838983e+01  -5.7840382e+01  -1.3056165e+01  -1.1949534e+01
   3.0565349e+01  -1.4403044e+01   8.8721949e+01  -9.6710551e+00  -2.5597813e+01   1.6046559e-01  -4.4393822e+01  -8.1538835e+01  -6.8113130e+01   5.5254543e+01   1.2363747e+01  -4.8369454e+01   7.2658987e+01   2.7453978e+01   8.9097866e+00   3.8684865e+01   4.2817419e+01   3.6701749e+01   7.4049512e+01  -5.8087265e+00  -2.6898394e+00   9.2758043e+01   9.5023593e+01  -1.1010641e+01   9.2348268e+00   7.6173619e+01  -7.7130273e+01  -9.9465382e+01  -3.2620055e+01  -1.1741286e+01
  -6.2088815e+01  -8.3928170e+01   8.9890986e+01  -3.3772659e+01   1.1666453e+01  -5.0112069e+01   7.2817668e+01  -7.8094510e+01   8.5140772e+01  -6.6696499e+01  -2.9683412e+00   8.3410710e+01  -2.1861640e+00  -6.9662342e+01   8.6485596e+01   2.5945054e+01  -1.6199309e+01   1.5415486e+01  -7.2114883e+01  -7.5450810e+01  -4.7734275e+01  -1.7185789e+01   4.6601526e+01   3.3322524e+01  -1.4072217e+01   1.8920104e+01  -4.2031082e+01  -4.9262703e+01  -1.0347799e+00   5.4353382e+01
   4.1318353e+00  -2.4905238e+01  -1.6032678e+00   7.8777023e+00   6.4984191e-01   3.0215998e+01  -4.7400292e+01  -6.5170862e+01   3.8848526e+01   1.5417490e+01  -7.1553997e+01  -5.4862726e+01  -6.8024766e+01   2.2661679e+01   9.0184832e+01  -2.2584507e+01   4.2842945e+01  -4.1361299e+01   6.2915026e+01  -2.6000489e+01  -6.6352049e+01   4.7562125e+01  -4.8565068e+01   3.3118854e+01   4.3344652e+01   7.9009242e+01   9.7423526e+01   4.5351999e+01  -4.6227256e+01  -9.4899081e+01
  -5.3246071e+01   9.1569011e+01  -3.5517551e+01  -9.8513427e+00  -7.3434500e+01   9.0277616e+00   9.8410518e+01  -8.6913560e+00  -1.1717269e+01  -3.9336814e+01  -4.5163437e+01  -1.3191770e+01   8.2737941e+01  -6.0460360e+01  -6.2054380e+01  -3.1002088e+01   2.4737072e+01   3.9937192e+01  -5.5213675e+01   9.2752262e+01   8.0666747e+01   7.1322667e+01   2.9355428e+01   5.4038554e+00  -9.1831650e+01   3.7185549e+01  -6.9817726e+01  -7.0736487e+01  -9.5891187e+01  -5.3698168e+01
   3.4392865e+01   5.7190001e+01   2.2009931e+01   4.8298088e+01   6.5076604e+01   7.3146421e+01   7.5401459e+01  -3.0118155e+00   6.9656909e+01  -4.8168488e+01   5.7495808e+01  -9.7804895e+01   8.2663057e+01   3.4088625e+01   8.6675401e+01   9.2298496e+01   9.3362845e+01   1.3897512e+01   8.9612425e+01  -1.3873416e+00   3.3639406e+01  -8.2296878e+00  -8.3420157e+01   9.8779047e+01  -4.7354013e+01   2.3626219e+01   9.0465384e+01   1.0103009e+01   9.9218415e+01  -4.5338980e+01
   8.8541053e+01   6.8742960e+01  -6.2484259e+01   2.9497597e+01   6.0159785e+01  -5.5721735e+01   5.8960413e+01  -8.3249341e+01   1.2590044e+01  -1.1690091e+01   8.1329367e+01  -3.2981240e+01  -9.5733137e+01  -8.3664098e+01  -3.3379495e+01  -8.1348217e+01  -4.1450062e+01  -4.3868093e+01  -1.4244690e+01  -9.9344936e+01   6.8593500e+00  -9.6530396e+01  -9.4964970e+01  -3.9494590e+01  -5.2761571e+01  -7.1701691e+01   8.6284206e+01  -4.6624711e+01   8.8197907e+01  -5.6291447e+01
   5.1976936e+01  -3.4291212e+01   5.3900224e+01  -5.7092165e+01   1.9935415e+01   3.8005862e+00   4.9767089e+01  -6.9519483e+01   2.5572297e+01  -5.0747633e+01   2.5934013e+00   9.4397728e+01  -1.5749507e+01   9.6582366e+00  -9.3904006e+00   7.5493656e+01   9.3769424e+01   6.4633432e+01   9.2491595e+01  -7.0529158e+01  -7.2550989e+01  -7.7825931e+01  -4.0989037e+01   6.3449954e+01  -7.2347310e+01  -6.0239716e+01  -6.1311380e+01  -4.2745234e+01   6.2429301e+01   6.5382356e+01
   5.9182403e+01  -7.3130589e+01   3.6821568e-01  -7.6137783e+00  -1.0676845e+01  -5.0361182e+01   4.4859117e+01   9.8440654e+01  -3.6012123e+01   2.4042750e+01   2.4165335e+01   2.3633843e+01   6.1306444e+01  -7.4757450e+01   6.5044196e+01  -4.3665033e+01  -6.0486710e+01  -9.6292342e+01   9.7704289e+01  -8.8233257e+01  -3.8865186e+01   1.7890973e+01   6.5290920e+01  -8.0861961e+00   4.0910662e+00   6.7489957e+01   4.8811603e+01   9.9332118e+01   1.4294698e+00   9.5165852e+01
   7.0474786e+01   6.6520133e+01  -5.6835792e+01   6.1316926e+01  -6.3774656e+01  -9.9097644e+01   5.5046426e+00   2.9180986e+01  -2.6970500e+00  -9.5657738e+01   9.2578857e+01   8.4816299e+01  -7.5574364e+01   8.2061979e+00  -8.7116645e+01  -9.8577359e+01  -7.5118029e+01   7.9618602e+01   8.3981821e+01   9.3968045e+00   8.8137601e+01  -3.1451360e+01  -7.4067843e+01   3.5454012e+01  -6.3709349e+01   9.3298667e+00   3.7238396e+01  -1.4016468e+01  -2.5117952e+01   1.0233005e+01
  -7.7992792e+01   9.1781967e+01   8.7745822e+01   4.3944311e+00   2.3852320e+01   9.4334992e+01  -5.1910336e+01   1.1055523e+01   8.3748801e+01  -4.6909082e+01   6.5722888e+01  -1.0829746e+00  -7.5775241e+01   5.6084949e+01  -7.2908780e+00   9.4338362e+01   5.3357247e+01   8.5048868e+01   3.1710381e+01   1.4511873e+01   7.8398158e+01  -6.4759826e+01  -4.2970163e+01   9.8052399e+01   4.0292402e+01  -4.7972484e+01   8.2620664e+01   2.3551478e+00   8.2557506e+01   3.9212590e+01
   7.2681100e+01  -8.2845712e+01  -7.3860104e+01   9.3052494e+01  -3.5522925e+01   3.5952227e+01  -4.6739481e+00  -8.3743634e+00  -4.6062803e+00   3.1033371e+01  -8.0475428e+01   2.2087399e+01   3.9079668e+00   2.6663184e+01  -4.7498589e+01  -6.0136590e+01   4.2778904e+00  -8.9755502e+01  -6.8220608e+01  -7.4848173e+01   5.0195164e+01   9.2826450e+01   4.8987944e+00   8.8188559e+01  -7.1629739e+01   9.4398179e+01   5.7041676e+01  -1.0406430e+01   3.9209189e+01   9.7458127e+01
  -7.3944142e+01   5.8205052e+01   9.3445681e+01   6.2882125e+01  -8.5388904e+00  -4.2569935e+01   9.5794229e+01   6.3543947e+01  -8.0108101e+01  -5.7335751e+00  -5.2557887e+01  -4.2808675e+01   9.0036099e+01   4.2839402e+01   1.3683034e+01   9.4967426e+01  -7.7136992e+01   2.1712326e+01   1.4647279e+01   3.5656370e+01  -3.7598677e+01  -7.6648459e+01  -1.1304053e+01   7.1209277e+01   5.1422015e+01  -2.2809238e+01   6.8612631e+01  -2.7952668e+01  -3.0591340e+01  -6.4455070e+01
   5.5062224e+01   1.3056921e+01   6.3480532e+01   7.2352817e+01   5.1850641e+01   9.6166216e+01  -4.6006063e+01  -7.6702763e+01  -4.3100767e+01  -3.7757491e+01  -4.2608475e+01   6.1903094e+01  -4.3777604e+01  -2.5326900e+01  -7.2493779e+01   3.9241378e+01   7.9995410e+01  -5.6447246e+01  -6.8979066e+01   8.6715442e+01   2.7364871e+01   6.8636794e+01  -9.6115076e+01   2.8370998e+01   2.2450615e+01  -7.3023612e+01   9.5584295e+01  -7.7681207e+01  -4.7998557e+00  -5.8861659e+01
   5.6155283e+01   1.5658703e+01  -2.1725391e+01  -1.5418108e+00   7.9715489e+01  -3.2112487e+01   9.1831380e+00   2.1540307e+01  -5.2400497e+01   4.9240666e+01   5.4283861e+01  -8.9524327e+01   3.0084763e+01  -8.7679126e+01  -5.2343301e+01  -3.1821930e+01  -2.6991626e+01   1.3611540e+01   4.6480304e+01   6.6164689e+01  -4.5920485e+01   7.9215410e+01   1.9115251e+01  -5.8636270e+01   2.8800377e+01   5.6627579e+01   1.2474982e+01   3.5681565e+00  -1.7064476e+01  -4.9375632e+00
  -1.0748860e+01   7.7364888e+01   9.7453078e+01  -6.4065517e+01   7.8832240e+01   4.3935594e+01   6.4819044e+01   1.2264331e+01   1.8742782e+01  -9.3167257e+01  -9.4191359e+00  -5.8370287e+01  -7.8809708e+01   8.9549920e+01  -4.2813416e+01  -2.6728054e+01   1.3444989e+01   8.2608892e+01  -9.5078287e+01  -1.5649329e+01   1.3571192e+01  -4.7482008e+01   5.6635818e+01  -6.3110341e+01  -8.2871742e+00  -6.8623745e+01  -9.2500229e+01   5.7943448e+01  -8.9850609e+01   4.3632262e+01
   2.2148620e+01   3.4470129e+01   9.2422201e+01   7.7815487e+01   3.7518937e+01  -5.0667601e+00  -3.0031447e+01   8.9483299e+01   4.2916078e+01   1.3423426e+01  -4.3284280e+01  -3.2394271e+01   1.4674694e+01   4.9440645e+01  -1.1540718e+00   4.4111499e+01  -1.1531085e+01  -1.0904178e+01   6.5580238e+01  -9.7325821e+00   4.8400207e+01  -3.0098222e+01  -7.3772922e+01  -2.6197713e+01   1.4808458e+01   5.6462135e+01   9.3611876e+01   7.4054106e+01   1.6209023e+01   1.4465819e+01
  -3.3555513e+01   3.7254794e+00  -4.6607676e+01  -9.0806675e+01  -4.9274563e+01  -4.2846539e+01   3.8470942e+01  -7.8241444e+01  -2.0897479e+01  -2.3750641e+01  -3.7262780e+01  -1.3159261e+01   4.1674358e+01  -5.0075081e+01   2.5209239e+01  -7.2233786e+01  -8.1437357e+01   5.8926313e+01  -3.9237193e+01   7.8977262e+01  -8.4700299e+01   4.4685676e+01   4.9629186e+01   6.4368933e+01   4.4955556e+01  -3.7586281e+01  -4.5393679e+01   7.1494897e+01   3.1658129e+01  -7.0517768e+01
  -2.8720936e+01   7.4483211e+01   7.4110436e+01   6.4116826e+01   4.9841811e+01  -6.1414596e+00   6.2408010e+01  -9.1414276e+01  -9.8372247e+01  -5.3044707e+01  -4.2768327e+01  -6.1956844e+01  -7.1138429e+01  -2.1553324e+00  -7.5164312e+01  -2.1810269e+01   5.3519554e+01  -5.3578814e+01   7.0316439e+01  -4.2885264e+00  -4.9760974e+01  -3.7454495e+01  -9.6053729e+01   8.2155266e+01  -1.5984006e+01   3.0805281e+01   6.1397532e+01  -7.2313317e+01  -5.6586000e+01   5.2124946e+00
  -8.2232832e+01   7.7388814e+01  -9.1994818e+01   6.4325954e+01   5.0281566e+01   5.2096734e+01  -5.2821245e+01   9.9640749e+01   2.0172180e+01   9.7100058e-01   3.4763733e+01  -1.4733678e+00   3.8011618e+01   6.4479934e+01   3.4470719e+01   5.6413102e+01   3.6985123e+01  -3.7952840e+01   1.4143146e+01   4.9924775e+00   8.7773528e+01   9.4675630e+01   2.8780320e+01   4.1038706e+01   7.1904045e+01   2.3033626e+00  -3.0340639e+01   4.2440101e+00  -9.8418740e+01  -1.8948409e+01
  -6.7639098e+01   9.6384509e+01  -9.4630343e+01  -4.4540368e+01  -3.6737420e+01   2.9691804e+01   7.7187277e+01   2.6945015e+01   7.1439742e+01   8.8493535e+00  -8.1994364e+01   6.5223492e+01  -5.2052770e-01   4.6217020e+00   1.3982521e+01   1.5877934e+01   4.2085717e+01   8.5757041e+01  -9.2448264e+01  -7.8079038e+01  -7.2669129e+00  -3.9786918e+01  -4.8363763e+01  -1.5771118e+01   8.3231829e+01   3.5956735e+01  -8.6237621e+01  -9.9250038e+00  -5.8618009e+01   9.8734917e+01
   5.1362870e+01   1.6746811e+01  -4.3332725e+01   9.7264203e+01  -1.2219219e+01  -3.8891870e+01   3.6114626e+01   4.4053319e+00   3.1437596e+01   6.7806370e+01  -2.0846293e+01  -1.0340030e+01  -7.5799022e+01   4.3136001e+01  -4.4131046e+01   1.4455454e+01  -2.2563829e+01  -6.2211041e+01  -3.3830707e+01  -4.3769092e+01  -5.7905882e+01  -5.3288265e+01  -4.7593043e+01  -4.7367282e+01   4.6680385e+01   4.0316709e+01   9.1819983e+01  -6.4003366e+01   9.9136914e+01   6.9872902e+01
   9.5638986e+00   3.8390998e+01   4.6367957e+01  -1.1913119e+01   7.3425430e+00   8.2254657e+00   8.0095352e+01  -9.0541726e+00  -8.0870250e+01  -8.4408177e+01   6.3416633e+01  -1.1111433e+01   2.5489303e+01   3.2336333e+01   9.5475532e+01   5.2490541e+01  -2.6706906e+01   2.2305540e+01   8.6240068e+01   3.3759200e+01   7.5065787e+01  -8.8703915e+00   4.2089651e+01   3.0337356e+01   5.4240705e+01  -9.0193017e+01   9.5974156e+01  -1.0333790e+01  -1.6282581e+01   9.1201995e+01
  -3.7050060e+01  -1.9272203e+01  -9.5405312e+01   6.2093708e+01  -2.9028905e+00   6.4091175e+01   3.8042283e+01  -3.5683763e+01   7.1075126e+01   6.9039532e+01   9.7699850e+01  -2.7893499e+01  -2.8415531e+01  -9.1747395e+01  -3.5599030e+01  -6.0482967e+01  -4.1124145e+01   5.0721424e+01  -5.8061646e+01   9.5949751e+01   5.1539403e+01   1.2552618e+01   2.4780899e+01   8.3621515e+00  -5.8703163e+01   9.6729182e+01   5.3467584e+01   5.3050047e+01  -9.3271919e+01   8.1404513e+01
  -3.8646242e+01  -5.8545856e+00  -5.0105073e+01  -4.6400949e+01  -5.4929815e+01   6.6210097e+01   6.0311369e+01  -8.1692451e+01  -6.9479039e+01  -3.9140313e+01  -9.9858084e+01  -3.7161541e+01  -4.3049687e+01   9.6037386e+01  -4.8876796e+01  -1.3021150e+01   1.1901683e+01  -5.6957130e+01   3.8577170e+01  -4.9424391e+00   8.7629183e+01  -5.4749111e+01  -7.1660441e-01   5.3094790e+01  -4.5593155e+01   8.7363220e+00   5.8368377e+00   6.4448040e+01  -6.1857245e+01   2.5497135e+00
  -2.0693010e+01  -7.6213077e+00   6.7928611e+01   9.0037044e+00  -6.1204525e+01   4.4431643e+01  -9.7114711e+01   1.4668971e+01  -1.8682829e+01   5.8249222e+01  -2.2628711e+01   5.0647868e+01  -9.3437611e+01   1.6354516e-01  -1.9640185e+01   3.2138588e+00   4.3367254e+01   8.8229609e+01   5.3629834e+01   1.3610822e+01   9.8279141e+01  -6.7974011e+01  -4.7408658e+01   9.8153645e+01  -5.2591815e+01   1.3770260e+01   1.9399112e+01  -1.8688819e+01  -3.3089112e+01  -1.1968596e+01
  -7.3441655e+01  -1.8759903e+01   6.8244614e+01  -6.1720799e+01  -1.7287846e-01   6.3427529e+01   9.8464004e+01  -3.8494320e+01   4.0492981e+01  -4.2990956e+01   5.1579133e+01   2.9113173e+00  -1.2373736e+01   2.6913285e+01   8.9929226e+01  -3.2907806e+01   4.1629686e+01   5.6585850e+01  -1.0292118e+01   2.6522785e+01  -5.5852296e+01  -5.4024457e+01  -9.6417253e+01  -4.4221195e+01   7.2584713e+01  -4.7022381e+01   1.3730857e+01  -8.0692553e+01  -8.5361237e+00  -8.3880292e+01
  -4.8062450e+01   5.1590529e+01   8.5712164e+01   9.6714272e+01   5.8550752e+01  -3.7034933e+01   3.3093808e+01   3.8109808e+00   1.8712676e+00   9.2092846e+01   9.6112858e+01  -6.1642882e+01   8.8655604e+01   8.6589289e+01   6.3517917e+01  -8.0125443e+01   8.9268766e+01  -3.7010413e+01  -4.9829678e+01   8.9588950e+01  -6.9041659e+01   4.2720863e+01  -8.4337052e+01   4.8465585e+00   2.9768274e+01  -1.4546951e+01   3.5205388e+01   9.5335660e+01  -7.1614953e+01   8.5543527e+01
   4.3377733e+01  -8.8879643e+01   2.8317068e+01  -5.2485066e+01  -4.6143620e+01  -9.9881495e+01  -5.9632406e+01   8.5717105e+01  -2.1848359e+01   6.6816130e+01  -1.7376716e+01   2.2589654e+01   2.8906723e-01  -1.8505829e+01   6.5357011e+01   9.5557412e+01   2.2464157e+01   9.6535555e+01   5.5963903e+01   5.8753830e+00   7.1385918e+01   8.6066031e+01  -9.3750683e+01  -1.8472678e+01   4.8024985e+01  -8.9274969e+01   5.5282646e+01   3.2379866e+01   7.6623381e+01   5.4022839e+01
  -8.9581252e+00   3.1054942e+01   9.3525141e+01   6.5450599e+01  -8.6609831e+01   7.5467250e+01  -6.9640331e+01   8.5808614e+01  -9.8654901e+01  -2.2684551e+01  -2.1605924e+01  -1.0033452e+01   5.8229445e+01   2.9152528e+01  -9.8693700e+01  -7.6077919e+01  -5.4763129e+01  -5.0072396e+01  -2.0941599e+01   4.4501662e+01   4.8378495e+01  -4.9897616e+01  -6.1801609e+01  -4.9707331e+01   8.5531157e+01  -2.8751768e+01  -8.5673333e+01   9.7293548e+01   5.2115765e+01  -2.8095409e+01
   3.6901797e+00  -3.8521556e+01   9.9858381e+01  -6.5873202e+01   9.6206630e+01  -4.5913609e+01  -1.7532724e+01  -5.9926130e+01   6.0043393e+00  -9.6713804e+01   9.7960890e+01  -2.4137310e+01   8.6533424e+01  -5.1631470e+01  -1.0341826e+01   2.3080626e+01  -5.7581264e+01   7.5090691e+01   2.0820109e+01   9.3202884e+01  -3.1154761e+01  -1.5327465e+01  -2.3680936e+01  -7.3172306e+00   8.2315729e+01  -2.1529512e+01  -9.6498839e+01  -6.4988912e+01   9.4180113e+01  -8.9649935e+01
   4.3930020e+01  -2.5417091e+01   6.4913740e+00  -8.7914207e+01  -7.0262968e+01   3.2294102e+01   1.4678395e+01   1.1792312e+01   8.1563591e+01   4.9506586e+01  -4.1185095e+01   4.0139485e+01   3.5491113e+00  -8.2677770e+01  -1.5090544e+01  -8.2346893e+01  -5.8370281e+00  -6.6636692e+01   6.5923838e-01  -3.3323055e+01  -5.4974334e+01   3.9778712e+01   3.5391094e+01   8.8162088e+01   7.5689781e+01  -4.7954691e+01  -5.2914075e+01  -1.9348577e+00  -8.8499908e+01  -5.4714136e+01
  -3.3137648e+01  -8.6138395e+01   1.9415019e+01   8.4193694e+01  -2.8024142e+01   9.0166889e+01   4.2957117e+01   4.9372281e-01   9.5101021e+01   9.5630617e+01   9.7256338e+01   6.0488361e+01  -2.5824248e+01   3.5333295e+01  -1.3132720e+01  -3.7685553e+01   9.2082915e+01   6.4269400e+01  -5.0813133e+01   7.0564942e+01  -9.2653172e+01  -9.8598401e+01   5.0133359e+01   4.8746790e+01   2.0125096e+01   9.5862011e+01  -5.1374171e+01   8.4925287e+01   2.6627261e+00  -5.6241579e+01
  -3.4413990e+01   8.6430826e+01  -9.0133719e+01  -7.9856130e+01   7.9062103e+01  -6.1037647e+01  -4.6330701e+01   7.5631572e+01  -6.6754205e+01   3.7646019e+01  -9.3870697e+01   6.2571083e+00   9.5659432e+01   8.9692459e+01  -4.8367847e+01   2.7216340e+00   4.5918006e+01  -5.2007449e+01  -3.8883001e+01  -4.7226616e+01  -2.0149800e+01   6.4158347e+01  -1.4386063e+01   9.4893295e+01  -8.5005049e+01   7.1720008e-01  -6.1617574e+01   9.8704576e+01   3.1907779e+01  -8.0041451e+01
  -7.3873016e+00   5.5543798e+01  -7.4689920e+01  -8.6762442e+01  -4.1964566e+01  -2.3744025e+01   7.3332754e+01   3.5488575e+01  -2.0191686e+01   6.5538806e+01  -9.1212077e+01   3.5201384e+01  -2.3088281e+01  -6.1930103e+01  -8.7258317e+01   9.5371600e+01  -8.6029150e+01  -9.3479296e+01  -9.0430009e+01   5.0850029e+01   9.8519358e+01   5.7256631e+01  -8.6454721e+01   3.1333340e+01   9.7293055e+01  -4.2424982e+01   8.2837827e+01  -1.2328370e+01  -8.3872449e+00   2.1995754e+01
   3.2141583e+01  -4.6366770e+01  -4.7893845e+01   9.4904474e+00  -5.8639855e+01  -1.8158933e+01  -5.9086923e+01  -9.1711022e+00  -5.4586780e+01  -9.7644029e+01  -8.8299319e+01   7.4260439e+01  -6.6609103e+01  -7.1921423e+01  -1.5399590e+01   6.2095940e+00  -2.5754387e+01  -8.2356378e+00   9.4480319e+01  -1.8772266e+01   8.8821999e+01  -7.4019235e+01   2.6577985e+01   1.6689965e+00   8.0967633e+01   9.5860505e+01  -3.1058377e+01   5.1723818e+01  -5.4082957e+01  -5.2279074e+01
   2.6166235e+01  -8.4662970e+01  -4.1084092e+01  -9.0200170e+01  -4.1314909e+00   3.3556995e+01   4.1522116e+01   5.1066512e+01   6.7374824e+01   9.0143958e+01  -9.3086308e+01   3.5610859e+01   9.0979017e+01   3.4564312e+01   4.1040260e+00  -4.8352910e+01  -9.2311516e+01  -9.4422177e+01   5.4222058e+01  -6.7638954e+01   6.2639417e+01   1.1698304e+00  -7.2269359e+01  -1.6100750e+01   4.1413740e+01  -3.2866086e+01   2.0930946e+01   1.2241484e+01   7.5245887e+01   8.3397033e+00
   5.4318252e+01   4.5954448e+01  -2.7678575e+01  -7.1406602e+01  -3.7384690e+01   3.8717196e+01  -5.3032558e+01  -1.5434524e+01   6.5148653e+01   6.7565223e+01  -1.5926934e+01   3.5224271e+01  -5.2663272e+01   6.2117630e+01  -2.9579813e+01   7.8557299e+00  -7.0280476e+01   9.4005431e+01  -5.6683072e+01  -3.4066065e+01  -4.8842664e+01   4.0497829e+01   6.6126758e+01  -4.6228676e+01   6.4639844e+01   4.5989346e+01   4.4979241e+01  -8.8885255e+01  -3.6076020e+01  -6.0811688e-01
  -9.5323975e+01   8.0648707e+01   8.1379588e+01   9.4573910e+01  -2.7701457e+01  -3.5412673e+01   4.4125667e+01   1.3005423e+01   3.0195155e+01   1.2261300e+01  -4.6633300e+01  -6.8299581e+01  -4.6433540e+01   5.1244893e+01   2.2575066e+01   5.0081091e+01  -5.0658106e+01   4.8299026e+00   3.5322650e+00   9.1749636e+01  -1.6935423e+01  -3.6797669e+01   5.9888104e+01   2.3101528e+01  -5.6602747e+00   3.9669079e+01  -1.6283288e+01   8.5678112e+00  -5.5256843e+01  -2.5549776e+01
  -7.0505279e+01  -9.2420141e+00   2.4611365e+01   4.1299904e+01   2.8215760e+01   3.4178234e+01   1.6757155e+01  -8.6600126e+01  -4.2075135e+01  -8.1440534e+01  -4.0359899e+01  -2.7287005e+01   6.1910827e+01  -4.6638224e+01   3.9234943e+01   2.1656983e+01  -6.6520851e+01   4.5389989e+01  -6.7538471e+01   3.7919987e+01   1.2659399e+01   6.7433519e+01   7.5738271e+01   4.1711048e+01  -9.1432774e+01  -7.5430699e+01   7.5830000e+01  -1.5922940e+00   3.4439766e+01   1.7396994e+01
   8.8489726e+01   5.1650970e+00   8.6682950e+01  -6.9764792e+01   9.5190150e+01   4.3292622e+01   7.2959824e+01   8.4821487e+01  -1.6489949e+00   5.0558994e+01   6.3973927e+01   9.2824177e+01   2.2266578e+01  -4.9182963e+01  -7.6687863e+01  -9.6491976e+01  -5.1263208e+01   9.8994303e+00  -7.3282771e+01   9.0251464e+01  -2.3998958e+01   5.6016056e+00  -2.1460680e+01   8.9098761e+01  -2.3235273e+01   7.6881572e+00  -2.6493754e+01  -2.0067898e+01   7.2587574e+01  -6.1439732e+01
  -9.9998944e+01  -5.5957190e+01   4.2852056e+01   4.8974048e+01   8.9339756e+01   8.3179511e+01   5.5659215e+01  -8.1409258e+01   7.6966852e+01  -4.5685128e+01  -4.2564857e+01  -7.7541714e+01   7.1058101e+01  -9.2526082e+01   8.5159267e+01   7.5390576e+01   1.9047426e+01  -6.7843944e+01   3.2748510e+01   1.4929067e+01   5.0089580e+01   2.0277499e+01   4.0231115e+01   4.8384432e+00   9.6888536e+00  -7.0230219e+00   3.6943126e+01   5.4121870e+01   5.8346723e+01  -7.9884298e+00
   7.4335524e+01   5.3434283e+01  -5.0029846e+01  -1.1381642e+01   4.8609699e+01   9.0231434e+01  -5.2308007e+01  -8.2881848e+01   4.8907210e+01   6.9752091e+00  -2.1503215e+01  -3.2052337e+01  -9.3112155e+01  -7.2292352e+01   1.9474337e+01   9.6363347e+01   7.8092589e+01  -7.9515795e+01  -5.7464151e+01  -1.5250104e+01   5.6601583e+01  -6.5767549e+01  -8.2293740e+01   5.5215740e+00  -1.8938187e+01   8.3950722e+01   7.7335837e+01   2.4116056e+01  -8.1382859e+01   9.4186487e+01
   4.9727236e+01   9.4726953e+01   3.1375730e+01  -9.3656316e+01   5.9393357e+01  -1.7539814e+01   4.3424044e+01  -6.4525920e+01  -8.2785803e+01   5.0248261e+01   1.6903536e+01  -9.9364896e+01  -5.7371860e+01   1.3308756e+01   8.0069942e+01   8.4118692e+01   5.6291290e+01  -3.1635639e+01  -4.1513499e+01  -8.6862947e+01  -7.2955060e+01   6.7076442e+01  -2.7017206e+01  -2.1468174e+00  -3.6553629e+01   4.6409379e+01   1.2957930e+01   6.8433535e+01   1.1191807e+00  -3.3926729e+01
  -2.2778957e+01  -6.0653174e+01   9.6992169e+01   7.3121670e+01  -6.5244566e+01  -1.2627858e+01   7.0883835e+01   8.2334714e+01   3.0584341e+00   5.2737721e+01   6.6011719e+01   3.6460983e+01  -4.8636141e+01   4.1993176e+01  -3.2927085e+01   7.0790348e+01  -9.1849603e+01  -7.7792257e+01  -8.5466658e+01   2.5423385e+00   2.6508172e+01  -3.5594954e+01  -9.6729651e+01   4.3999960e+01  -3.8140120e+01   9.7696902e+01   9.0255160e+01  -7.0425472e+00   7.7543417e+01  -5.4911399e+01
  -7.7437640e+01  -1.0426171e+01  -5.4557835e+01   6.8736831e+01  -5.1024255e+01   3.4676110e+01   7.2091309e+01  -7.4308159e+01  -4.8508035e+01   5.8470664e+01  -2.9887550e+01   3.4234334e+01  -1.9925849e+01  -2.7661638e+01  -8.2341296e+01   2.1143260e+01   8.1959925e+01  -5.5648320e+01  -3.7324698e+00  -8.3336917e+01   3.3644285e+01  -2.8071087e+00  -3.2672604e+01   6.7594779e+01  -6.4735669e+01   7.5171904e+01   3.4512053e+01   5.1471441e+01  -8.1005690e+01  -8.8994968e+01
   9.2849186e+01   9.2476128e+01   3.8642020e+01   3.2812629e+01  -5.2076012e+01  -4.8233400e+01  -6.6510081e+01  -5.1360805e+01  -8.5987077e+01  -6.0931346e+01   7.9865162e+00   2.7072932e+01   5.2305668e+01  -3.2815856e+01   1.6112999e-01  -2.3680311e+01  -8.6256337e+01   6.6200998e+01   5.7401760e+01   6.4569780e+01  -1.0424798e+01  -9.3906392e+01  -7.4854946e+01  -7.5851702e+01  -8.4619987e+01  -4.2326173e+01   9.3611343e+01   4.8800312e+01  -5.1275480e+01   9.5886085e+00
  -9.8498543e+01   1.3972483e+01   9.0531822e+01   4.0905909e+01   3.2555026e+01  -9.6166650e+01   3.3444396e+01   6.9749906e+01   1.7810504e+01  -5.1439684e+01   6.6247417e+01  -8.9446557e+01   2.9877010e+01   9.7721718e+01  -9.4752254e+01  -9.8734065e+01  -8.6020450e+01   8.2189261e+00   3.0019910e+01  -4.4422857e+01   6.5865762e+01  -7.9622082e+01   7.4779822e+01  -1.7550326e+01   5.2428486e+01  -2.3991599e+01  -7.0946166e+01   6.6858123e+01  -1.1520073e+01   5.4832431e+01
  -7.0418712e+01  -5.4241139e+00   1.3811221e+01  -6.6310002e+01   7.2702404e+01   8.0969328e+01  -1.6130985e+01   7.1088953e+00  -6.0094554e+01  -1.0504477e+01   7.5781656e+01   1.6781699e+01  -7.3230653e+01  -2.0467315e+01   7.6691121e+01  -7.2700564e+01   8.4160675e+01   4.1921078e+01  -2.8113975e+01  -6.1930529e+01   3.4292033e+01   7.5764748e+01  -3.1714427e+00   8.7624026e+01  -5.4274334e+01   9.8568402e+01   1.5147673e-01  -9.3188405e+01  -7.2923952e+01  -3.4521562e+01
  -6.2710197e+01  -5.3551497e+01  -5.8775008e+01   5.6211228e+01   5.5653447e+01   9.7258212e+01   9.4267344e+00  -5.2860061e+01   6.8849047e+01   6.4936281e+01   3.4082090e+01   4.2159274e+01   5.7366652e+01   2.0237510e+01  -6.7918647e+01  -6.4884253e+01  -2.7412796e+01   8.6476966e+01   5.8652577e+01   9.5748178e+01  -5.2248396e+01   4.8740955e+01  -9.2620978e+01   2.4112997e+01   6.3445586e+01  -5.4415840e+00   9.7895410e+01  -7.9946179e+01  -6.7244862e+01   3.2740423e+01
  -1.5455613e+01  -6.1780675e+01   6.0569588e+01  -8.7693773e+01   2.6824861e+01   5.2798231e+01  -9.9146147e+01  -1.8311109e+01  -2.6048508e+01  -7.8515066e+01   2.9652779e+01  -4.1945914e+01  -7.8606254e+01   1.7789655e+00   9.7955895e+01  -7.4038089e+01  -8.6260461e+01  -4.8631847e+01  -1.4435396e+01  -4.0441359e+01   2.9041469e+01  -6.4304678e+01  -7.4972373e+01   9.6531453e+01  -9.7522140e+01   9.9594303e-01  -2.1847199e+01   4.0827723e+01   7.0746643e+01   8.4147578e+01
  -6.1576471e+01  -2.3064797e+01  -8.9532007e+01  -5.7659979e+01   6.8047774e+01  -7.2012797e+01   4.8613838e+01  -8.9302539e+01   9.4171934e+01   7.5037559e+01  -9.0016409e+01   4.8791794e+01   2.5090122e+01  -3.2572267e+01   2.0981111e+01   4.0180816e+00  -3.5845489e+01   4.7039973e+01   8.5025790e+01   2.6744014e+01  -4.2444464e+01   4.0312861e+01  -1.6828365e+01  -8.2372079e-01  -9.8243951e+01  -3.2296096e-01   6.1515090e+01   3.5918727e+01  -9.9016364e+01  -3.6639634e+01
  -4.9235102e+01  -9.5530234e+01  -7.4329747e+01   9.5342783e+01  -2.2402027e+01   8.5111059e+00  -5.3338307e+01  -1.5305820e+00  -6.4842928e+01   8.5706899e+01   7.3344686e+01   9.3572623e+01   4.3900810e+01   9.7479996e+01   1.9420290e+01  -2.7502999e+00   4.3099666e+01  -6.6144109e+01  -3.2082423e+01  -9.6345812e+01   5.8181664e+01   4.6836828e+01  -6.5269520e+01   2.7947774e+01   8.0520581e+01   9.3476311e+01  -8.4285951e+01   8.2897240e+01   7.3622643e+01  -9.8061728e+01
  -3.6058626e+01   8.2014786e+01  -8.4400036e+01   5.0674801e+00   6.2780593e+01   5.4290044e+01   7.3605463e+01   8.5713814e+01  -7.4606515e+00  -2.0193552e+01   5.3773112e+00  -3.0932066e+01  -7.5411842e+01  -8.3173729e+01   2.9900225e+01  -2.2178268e+01   3.7229347e+01  -8.5894517e+01  -6.5501295e+01   3.3179368e+01  -1.8544781e+01   2.9317400e+01  -2.7373203e+01  -2.2702625e+01  -1.3468952e+01   7.2361415e+01   3.1800761e+01   2.3612456e+01  -9.1581785e+01   9.8969981e+01
   2.2838404e+01  -9.1562452e+01   1.6676234e+00   5.0897815e+01  -7.0391562e-01   2.2342596e+01   7.0459362e+01   6.9347718e+01   6.0251143e+01   7.0893521e+01   1.2878517e+01  -9.1697875e+01  -7.1702530e+01  -5.8123916e+00   1.0038912e+01  -3.4436250e+01   4.5800634e+01   4.4263984e+01  -4.1793900e+01  -6.9155640e+00  -5.7009427e+01   2.1301088e+01  -2.1852026e+01  -8.2270349e+01  -7.2000862e+01  -4.6349547e+01   2.8799344e+00   4.7035130e+01   9.1027858e+01   9.5186589e+00
   5.5764709e+01   2.9900499e+01  -7.4191265e+01   4.1751498e+01   7.2091942e+00   3.3679097e+01  -1.1395927e+01  -2.5479104e+01   7.2046335e+01   9.5894000e+00  -4.3886841e+01  -7.3439848e+01   8.3892086e+01  -8.8771715e+01   3.6646886e+01  -6.8592825e+01  -4.1343096e+01  -4.5816203e+01   3.2463626e+01  -9.2050587e+01   8.6021596e+01  -4.9323076e+01  -9.0791947e+01   9.0610185e+01   7.2015286e+01  -4.0119979e+01   8.4100213e+00  -4.0211696e+01   6.3144602e+01  -7.2474100e+01
   9.4524043e+01  -1.0730934e+01   4.0915315e+01  -7.4259637e+01   8.8799060e+00   9.3146723e+01  -9.1302304e+01  -9.3470033e+01   8.4838307e+01   3.7547245e-01   8.3219935e+01   1.5354596e+01   4.1699515e+01   3.5115333e+01  -2.3908274e+01   8.3296342e+01   4.5555410e+01  -3.5677893e+01   8.5304155e+01  -9.8398364e+01  -8.5732928e+01  -8.4259879e+01  -5.3337039e+01   6.9235470e+00  -3.1510047e+01  -3.3971659e+01  -3.3371135e-02   1.0313656e+01  -3.5618805e+01   5.8979377e+01
  -4.5240280e+01  -2.3313461e+01  -6.9561343e+01  -7.5330941e+01  -6.8517207e+01  -8.4404470e+01   8.0876662e+01   2.7510563e+01   7.9312717e+01   6.7269830e+01  -4.2898059e+01  -9.8245852e+01   2.4433425e+01   3.8738380e+01   6.6247727e+01  -2.7005056e+01  -5.2760488e+01  -9.7822173e+01   7.4538326e+01  -1.0196055e+01  -9.5159209e+01   1.1834958e+01  -7.8473079e+01   2.2168668e+01  -5.8710853e+01  -5.7752353e+00  -3.4363067e+01  -8.4261475e+01   6.4643019e+00   9.9306887e+01
  -3.9243322e+01  -5.5374244e+00   2.9542393e+01   7.0446064e+01  -2.4798556e+01   8.6612483e+01  -5.8513291e+00  -7.8995572e+01  -1.1624754e+01  -5.1210339e+01  -8.9807246e+01  -9.5374198e+01   9.2349597e+01  -7.7704270e+01   2.8475707e+01  -2.3971770e+01   3.3020244e+01   5.3651614e+01   9.1932054e+01  -9.7276407e+01   4.9841645e+01  -9.8878059e+01   5.1029747e+01   9.7317291e+01   3.6815505e+01  -1.1363151e+01  -7.9932195e+01  -9.8851051e+01   7.0581656e+01  -9.7582882e+01
   3.0876223e+01   3.8971437e+01   8.8582345e+01   9.9087791e+01  -2.7531100e+01  -1.7507435e+01   4.0897329e+01  -2.3208912e+01  -7.5902015e+01  -8.4950282e+01   5.9173083e+01  -8.7269838e+01  -1.4742462e+00   7.1368253e+00   5.0577012e+01   7.9701990e+01  -4.9928430e+01   8.5470512e+00   6.5515082e+01   3.8744779e+01  -4.3527553e+01  -6.1642517e+01  -1.2573482e+01  -9.8702824e+01  -1.8749507e+01   5.2522760e+01   4.5276469e+00  -5.8689829e+01   3.7811301e+01  -9.4535161e+00
   6.3297677e+01  -5.4287969e+01   5.2261552e+01   5.6309174e+01  -9.9816596e+01   1.6653143e+01  -1.9776133e+01  -3.5968401e+01   7.0083985e+00   9.2231620e+01  -2.2834893e+01   9.0601299e+01   5.5784925e+01   2.0621462e+01  -9.5273529e+01   8.9482417e+01  -2.4324637e+01   5.2715758e+01  -8.5896106e+01  -9.6062260e+01   1.2972005e+01  -2.0956394e+01  -1.5127644e+01   4.8500758e+01   4.6580195e+01   1.6170910e+01   7.1506656e+01  -9.5307451e+01  -6.2316272e+01   9.3010309e+01
   5.4874287e+01  -9.5101416e+01   1.8638177e+01  -8.3186081e+01  -6.1166547e+01  -4.9638088e+01  -8.4917699e+01   8.3218603e+01  -5.0133436e+01  -9.0663871e+01  -7.9044928e+00   5.9634564e+01   7.0960374e+00   9.5419468e+01  -9.3007158e+01   8.6065695e+01  -5.6712469e+01   2.1032361e+01   4.3084024e+01  -9.1988586e+01  -7.1622604e+01  -7.1580478e+01   2.1887057e+01   1.0216727e+01   5.9374862e+01   3.9372523e+00  -3.9536562e+01  -4.3475949e+01  -7.5779058e+01  -7.2491774e+01
   6.6674415e+01   3.9190054e+01   1.0791626e+01  -6.4935162e+01  -7.5526287e+01   3.7972227e+01   4.3828669e+00  -6.1937004e+01   3.3650204e+01   5.6251322e+01  -3.4679649e+01  -6.5765772e+01   7.3686450e+01   8.3500252e+01   5.7597903e+01  -2.5535834e+01  -9.6228297e+01   6.7402122e+01  -4.3890404e+01   7.2962196e+01   4.7104068e+01  -5.6262987e+01   2.0034445e+01   7.1788517e+01  -5.6256671e+01   4.4416679e+01   1.8823616e+01   2.4534234e+01  -8.7169352e+01   5.1209314e+01
  -7.7144567e+01   9.9097474e+01  -9.0014345e+01   7.3124394e+01   8.2285672e+01  -7.5545429e+01  -1.9279769e+01  -5.0752262e+01   3.1437927e+01  -5.9071754e+01  -3.4715947e+01   9.6010281e+00   8.4287083e+01  -4.3535314e+01  -4.5798751e+01  -7.2235537e+00  -7.8590060e+01  -4.3278916e+01  -6.8606742e+01  -7.1428026e+00   8.6140030e+01  -9.1918156e+01   8.9466300e+01  -5.5161511e+01   9.6998181e+00  -1.7165660e+01   8.4307571e+01  -1.3159137e+01   4.2804143e+01  -1.7205349e+01
  -3.2237108e+00   7.4190618e+01   1.5474624e+01   9.1088096e+01  -4.1544520e+01   9.2514191e+01  -3.9006460e+01   4.4442138e+01   1.1910547e+01   8.6162290e+01  -5.3354670e+01   5.1599319e+01   8.1405685e+01   3.8225985e+01  -3.8904372e+01   3.1077532e+01  -8.3325105e+01   3.2585044e+01  -5.1922463e+00  -1.9962164e+01   2.8068423e+01   9.0106541e+00   8.9515548e+01  -6.0411154e+01   2.0331196e+00   5.8779123e+01  -8.8567830e+01  -7.5371572e+01  -9.0121230e-01  -4.9750038e+01
   5.6313152e+01   9.0809390e+01   2.2752864e+01  -3.5918232e+01   9.2000949e+01  -2.9775049e+01   4.1242824e+01   1.8038443e+01  -5.1502011e+01  -8.6457896e+01   3.3406450e+01  -9.7521109e+01  -1.8856740e+01   1.7970363e+00  -9.3750460e+01  -9.7493718e+01   1.2906643e+01   3.2723296e+01   5.7388762e+01  -8.9866402e+01  -7.9018799e+01  -2.3951128e+01   3.1584400e+01   7.7081923e+01  -6.2297852e+01  -3.0966429e+01   3.1452883e+01  -6.5400277e+01   6.2736498e+01   7.0978780e+01
   7.8268102e+01  -1.3749207e+01   1.0572743e+01   4.0182443e+01  -9.5272178e+01   1.3416669e+01  -8.2932053e+01   3.2328736e+01   3.0305289e+01   6.1336486e+01   7.6267347e+01   8.8062040e+01  -4.8553637e+01   9.2338539e+01   9.1456116e+01   3.4940709e+01   9.2385945e+01   4.3665588e+01   2.8694994e+01   9.2098494e+01   5.1065518e+01   3.0571581e+01   2.7592722e+01  -5.5696574e+01  -4.2588795e+01  -9.0956134e+01   8.3096986e+01  -7.5753442e+01   5.3510635e+00  -9.7639292e+01
  -8.9663251e+01   3.0846345e+01  -8.9361760e+01   9.4886569e+01  -5.6677481e+01  -4.8361651e+01  -2.7834357e+01  -8.3544380e+01   2.6861323e+00   3.3437542e+01   4.8250225e+01  -5.5009322e+01  -3.3312029e+01   5.9073981e+01  -2.2560791e+01  -9.0367121e+01  -4.7780799e+00   2.7781625e+01   1.7781217e+01  -3.5789615e+01   4.8318110e+01  -2.5504867e+01   2.9954633e+00  -3.8904962e+01  -3.3933053e+01   7.7045479e+01  -4.2424578e+01   6.9502382e+01   1.0795100e+01   2.4777007e+01
   2.6490306e-01  -1.9346950e+01  -1.4945852e+01   4.9819782e+01   8.2579380e+01  -1.3162107e+01   1.1202256e+01  -9.2988092e+01  -6.2975645e+01   9.7241529e+01  -8.5744603e+01  -4.1709747e+01   6.6797206e+01   7.8737860e+01   3.9343868e+01  -4.3398433e+01  -3.8022124e+01   3.9492719e+01   3.0273859e+00  -7.0760475e+01   5.9405220e+01  -8.2767402e+01  -8.3898616e+01   6.1581140e+01   4.3481418e+01  -8.1853293e+01   6.4177156e+01  -2.1690009e+01  -9.0807594e+01  -4.3700143e+01
   4.3316843e+01  -1.6871291e+01  -4.7334777e+01  -1.1334533e+01  -8.9766540e+01   3.0758252e+01  -2.3899845e+01   9.6109219e+01   4.5508063e+00  -2.8428340e+01  -7.0652211e+01   8.5498802e+01  -3.6416011e+01  -9.3813512e+01   6.4184628e+01   8.7259086e+01   9.5928481e+01  -9.2073206e+01  -4.5168776e+01   9.7647219e+01   7.9145212e+00  -3.7833014e+01  -6.1393985e+01   8.6755800e+01  -8.5111644e+01   2.1770282e+01  -3.3342857e+01  -9.1209627e+01  -1.2249446e+01   5.2313225e+01
  -8.1382254e+01   7.9925257e+01   1.9276673e+01   2.6562360e+01  -6.4225935e+01  -2.3902783e+01   4.9303230e+00   3.5851087e+01   3.2664480e+01   6.0502191e+01  -4.2895489e+01  -9.8673558e+01  -3.4512331e+01   6.4241906e+01   6.9758319e+01   4.9397853e+01  -2.1801051e+01   3.9046576e+01  -4.8165911e+01   2.2394420e+00   8.0157766e+01   1.2215402e+01  -3.4330563e+01   1.4091725e+01  -1.4975792e+01  -2.1055602e+01  -9.3284259e+01  -4.8982098e+01  -3.9166846e+01   9.6203255e+01
