   1.1762900e+02  -3.0406000e+01   4.0000000e-02
   1.1775400e+02  -3.0435000e+01   4.0000000e-02
   1.1788000e+02  -3.0405000e+01   8.0000000e-02
   1.1775900e+02  -3.0426000e+01   4.0000000e-02
   1.1744800e+02  -3.0637000e+01   4.0000000e-02
   1.1779400e+02  -3.0429000e+01   8.0000000e-02
   1.1748700e+02  -3.0575000e+01   4.0000000e-02
   1.1746900e+02  -3.0629000e+01   4.0000000e-02
   1.1743700e+02  -3.0630000e+01   4.0000000e-02
   1.1742900e+02  -3.0648000e+01   4.0000000e-02
   1.1742900e+02  -3.0621000e+01   4.0000000e-02
   1.1660300e+02  -2.9131000e+01   4.0000000e-02
   1.1768400e+02  -3.0457000e+01   4.0000000e-02
   1.1706700e+02  -3.1686000e+01   4.0000000e-02
   1.1771900e+02  -3.0491000e+01   4.0000000e-02
   1.1657000e+02  -3.1211000e+01   4.0000000e-02
   1.1703300e+02  -3.1573000e+01   4.0000000e-02
   1.1776100e+02  -3.0798000e+01   4.0000000e-02
   1.1699400e+02  -3.1615000e+01   4.0000000e-02
   1.1766800e+02  -3.1274000e+01   4.0000000e-02
   1.1769400e+02  -3.0477000e+01   4.0000000e-02
   1.1761300e+02  -3.0609000e+01   4.0000000e-02
   1.1767800e+02  -3.0590000e+01   4.0000000e-02
   1.1743200e+02  -3.0686000e+01   4.0000000e-02
   1.1784100e+02  -3.0217000e+01   4.0000000e-02
   1.1772900e+02  -3.0272000e+01   4.0000000e-02
   1.1687500e+02  -2.9142000e+01   4.0000000e-02
   1.1834400e+02  -3.1184000e+01   4.0000000e-02
   1.1817100e+02  -3.1244000e+01   4.0000000e-02
   1.1820300e+02  -3.1222000e+01   8.0000000e-02
   1.1813400e+02  -3.1191000e+01   4.0000000e-02
   1.1814300e+02  -3.1224000e+01   4.0000000e-02
   1.1812700e+02  -3.1218000e+01   4.0000000e-02
   1.1815200e+02  -3.1202000e+01   4.0000000e-02
   1.1707000e+02  -3.1702000e+01   4.0000000e-02
   1.1818000e+02  -3.1238000e+01   4.0000000e-02
   1.1828500e+02  -3.1236000e+01   4.0000000e-02
   1.1821700e+02  -3.1227000e+01   4.0000000e-02
   1.1775600e+02  -3.0389000e+01   4.0000000e-02
   1.1780600e+02  -3.0373000e+01   4.0000000e-02
   1.1848500e+02  -2.9464000e+01   4.0000000e-02
   1.1884500e+02  -3.2146000e+01   4.0000000e-02
   1.1780200e+02  -3.0422000e+01   4.0000000e-02
   1.1784300e+02  -3.0405000e+01   8.0000000e-02
   1.1782700e+02  -3.0375000e+01   4.0000000e-02
   1.1781700e+02  -3.0406000e+01   4.0000000e-02
   1.1769800e+02  -3.0481000e+01   4.0000000e-02
   1.1723700e+02  -3.1951000e+01   4.0000000e-02
   1.1780300e+02  -3.0397000e+01   4.0000000e-02
   1.1696400e+02  -3.0478000e+01   4.0000000e-02
   1.1761900e+02  -3.0565000e+01   4.0000000e-02
   1.1771600e+02  -3.0407000e+01   4.0000000e-02
   1.1782200e+02  -3.0397000e+01   8.0000000e-02
   1.1784000e+02  -3.0410000e+01   8.0000000e-02
   1.1782100e+02  -3.0400000e+01   4.0000000e-02
   1.1834900e+02  -3.1190000e+01   4.0000000e-02
   1.1779200e+02  -3.0395000e+01   4.0000000e-02
   1.1776500e+02  -3.0403000e+01   4.0000000e-02
   1.1865100e+02  -3.0500000e+01   4.0000000e-02
   1.1586600e+02  -2.9719000e+01   4.0000000e-02
   1.1690900e+02  -3.0448000e+01   4.0000000e-02
   1.1844200e+02  -3.0683000e+01   4.0000000e-02
   1.1898800e+02  -3.2183000e+01   4.0000000e-02
   1.1693500e+02  -3.0449000e+01   8.0000000e-02
   1.1668300e+02  -3.1145000e+01   4.0000000e-02
   1.1705800e+02  -3.1664000e+01   4.0000000e-02
   1.1766500e+02  -3.0318000e+01   4.0000000e-02
   1.1876400e+02  -3.0828000e+01   4.0000000e-02
   1.1754200e+02  -3.0620000e+01   4.0000000e-02
   1.1715100e+02  -3.2140000e+01   4.0000000e-02
   1.1706600e+02  -3.1709000e+01   4.0000000e-02
   1.1711800e+02  -3.1652000e+01   4.0000000e-02
   1.1705700e+02  -3.1702000e+01   4.0000000e-02
   1.1703100e+02  -3.1722000e+01   4.0000000e-02
   1.1894600e+02  -3.2214000e+01   4.0000000e-02
   1.1892600e+02  -3.2197000e+01   4.0000000e-02
   1.1763900e+02  -3.0684000e+01   4.0000000e-02
   1.1765600e+02  -3.0586000e+01   4.0000000e-02
   1.1753600e+02  -3.0668000e+01   4.0000000e-02
   1.1756000e+02  -3.0633000e+01   4.0000000e-02
   1.1756400e+02  -3.0625000e+01   4.0000000e-02
   1.1757200e+02  -3.0610000e+01   4.0000000e-02
   1.1758600e+02  -3.0636000e+01   4.0000000e-02
   1.1757800e+02  -3.0626000e+01   4.0000000e-02
   1.1758300e+02  -3.0636000e+01   4.0000000e-02
   1.1744000e+02  -3.1257000e+01   4.0000000e-02
   1.1736600e+02  -3.1787000e+01   4.0000000e-02
   1.1761600e+02  -3.0605000e+01   4.0000000e-02
   1.1757900e+02  -3.0636000e+01   4.0000000e-02
   1.1763600e+02  -3.0605000e+01   4.0000000e-02
   1.1766800e+02  -3.0583000e+01   4.0000000e-02
   1.1781000e+02  -3.0261000e+01   4.0000000e-02
   1.1784500e+02  -3.0750000e+01   4.0000000e-02
   1.1748600e+02  -3.1222000e+01   4.0000000e-02
   1.1747900e+02  -3.1225000e+01   4.0000000e-02
   1.1746000e+02  -3.1246000e+01   4.0000000e-02
   1.1761100e+02  -3.1151000e+01   4.0000000e-02
   1.1711000e+02  -3.0805000e+01   4.0000000e-02
   1.1756300e+02  -3.0599000e+01   4.0000000e-02
   1.1710300e+02  -3.0782000e+01   4.0000000e-02
   1.1781400e+02  -3.0651000e+01   4.0000000e-02
   1.1723600e+02  -3.0734000e+01   4.0000000e-02
   1.1889400e+02  -3.1459000e+01   4.0000000e-02
   1.1713500e+02  -3.0161000e+01   4.0000000e-02
   1.1856000e+02  -3.1200000e+01   4.0000000e-02
   1.1703800e+02  -3.1680000e+01   4.0000000e-02
   1.1773600e+02  -3.0710000e+01   4.0000000e-02
   1.1779900e+02  -3.0647000e+01   4.0000000e-02
   1.1773500e+02  -3.0708000e+01   4.0000000e-02
   1.1775500e+02  -3.0649000e+01   4.0000000e-02
   1.1791700e+02  -3.0608000e+01   4.0000000e-02
   1.1778900e+02  -3.0633000e+01   4.0000000e-02
   1.1767500e+02  -3.0757000e+01   4.0000000e-02
   1.1771900e+02  -3.0627000e+01   4.0000000e-02
   1.1783400e+02  -3.0599000e+01   4.0000000e-02
   1.1776100e+02  -3.0651000e+01   4.0000000e-02
   1.1776900e+02  -3.0678000e+01   4.0000000e-02
   1.1780000e+02  -3.0642000e+01   8.0000000e-02
   1.1749300e+02  -3.1274000e+01   4.0000000e-02
   1.1671800e+02  -3.1973000e+01   4.0000000e-02
   1.1766500e+02  -3.0274000e+01   4.0000000e-02
   1.1643800e+02  -3.0619000e+01   4.0000000e-02
   1.1669900e+02  -3.0668000e+01   4.0000000e-02
   1.1600900e+02  -2.9083000e+01   4.0000000e-02
   1.1819600e+02  -3.1296000e+01   4.0000000e-02
   1.1780900e+02  -3.0271000e+01   4.0000000e-02
   1.1780400e+02  -3.0273000e+01   4.0000000e-02
   1.1782700e+02  -3.0189000e+01   4.0000000e-02
   1.1585500e+02  -3.0122000e+01   4.0000000e-02
   1.1799100e+02  -3.1277000e+01   4.0000000e-02
   1.1805000e+02  -3.1295000e+01   4.0000000e-02
   1.1807400e+02  -3.1288000e+01   4.0000000e-02
   1.1780000e+02  -3.1837000e+01   4.0000000e-02
   1.1783600e+02  -3.1843000e+01   4.0000000e-02
   1.1732500e+02  -3.1808000e+01   4.0000000e-02
   1.1694400e+02  -3.0386000e+01   4.0000000e-02
   1.1677600e+02  -3.0490000e+01   4.0000000e-02
   1.1684800e+02  -3.0519000e+01   4.0000000e-02
   1.1699400e+02  -3.0575000e+01   4.0000000e-02
   1.1719700e+02  -3.0300000e+01   4.0000000e-02
   1.1767600e+02  -3.0258000e+01   4.0000000e-02
   1.1691000e+02  -3.0260000e+01   4.0000000e-02
   1.1715500e+02  -3.0508000e+01   8.0000000e-02
   1.1860000e+02  -3.0532000e+01   4.0000000e-02
   1.1707600e+02  -3.1707000e+01   4.0000000e-02
   1.1696200e+02  -3.0258000e+01   4.0000000e-02
   1.1753400e+02  -3.0576000e+01   4.0000000e-02
   1.1824500e+02  -3.0704000e+01   4.0000000e-02
   1.1858200e+02  -3.0443000e+01   4.0000000e-02
   1.1854500e+02  -3.1252000e+01   4.0000000e-02
   1.1769600e+02  -3.0283000e+01   4.0000000e-02
   1.1744200e+02  -3.0667000e+01   4.0000000e-02
   1.1856300e+02  -3.0450000e+01   4.0000000e-02
   1.1862900e+02  -3.0681000e+01   4.0000000e-02
   1.1810500e+02  -3.0535000e+01   4.0000000e-02
   1.1808300e+02  -3.0545000e+01   4.0000000e-02
   1.1804500e+02  -3.0578000e+01   4.0000000e-02
   1.1717000e+02  -3.1672000e+01   4.0000000e-02
   1.1796800e+02  -3.0820000e+01   4.0000000e-02
   1.1711400e+02  -3.1675000e+01   4.0000000e-02
   1.1696400e+02  -3.0474000e+01   4.0000000e-02
   1.1784000e+02  -3.0611000e+01   4.0000000e-02
   1.1778200e+02  -3.0661000e+01   4.0000000e-02
   1.1850400e+02  -3.0605000e+01   4.0000000e-02
   1.1708300e+02  -3.1703000e+01   4.0000000e-02
   1.1769400e+02  -3.0271000e+01   4.0000000e-02
   1.1767600e+02  -3.0294000e+01   4.0000000e-02
   1.1702900e+02  -3.0575000e+01   4.0000000e-02
   1.1850900e+02  -3.0563000e+01   4.0000000e-02
   1.1642000e+02  -3.1204000e+01   4.0000000e-02
   1.1855100e+02  -3.0641000e+01   4.0000000e-02
   1.1833200e+02  -3.0615000e+01   4.0000000e-02
   1.1833200e+02  -3.0753000e+01   4.0000000e-02
   1.1829100e+02  -3.0652000e+01   4.0000000e-02
   1.1835300e+02  -3.0651000e+01   4.0000000e-02
   1.1837600e+02  -3.0731000e+01   4.0000000e-02
   1.1796300e+02  -3.0824000e+01   4.0000000e-02
   1.1796200e+02  -3.0836000e+01   4.0000000e-02
   1.1800000e+02  -3.0762000e+01   4.0000000e-02
   1.1761000e+02  -3.2359000e+01   4.0000000e-02
   1.1775900e+02  -3.0209000e+01   4.0000000e-02
   1.1769500e+02  -3.0313000e+01   4.0000000e-02
   1.1763300e+02  -3.0301000e+01   4.0000000e-02
   1.1776800e+02  -3.0262000e+01   4.0000000e-02
   1.1773500e+02  -3.0247000e+01   4.0000000e-02
   1.1769700e+02  -3.0269000e+01   4.0000000e-02
   1.1744700e+02  -3.0520000e+01   4.0000000e-02
   1.1779900e+02  -3.0855000e+01   4.0000000e-02
   1.1697700e+02  -3.1615000e+01   4.0000000e-02
   1.1779900e+02  -3.0875000e+01   4.0000000e-02
   1.1870100e+02  -3.1258000e+01   4.0000000e-02
   1.1763600e+02  -3.0202000e+01   4.0000000e-02
   1.1646000e+02  -3.0640000e+01   4.0000000e-02
   1.1718600e+02  -3.0737000e+01   4.0000000e-02
   1.1830900e+02  -3.0724000e+01   4.0000000e-02
   1.1800200e+02  -3.0714000e+01   4.0000000e-02
   1.1776300e+02  -3.0754000e+01   4.0000000e-02
   1.1804900e+02  -3.2322000e+01   4.0000000e-02
   1.1728400e+02  -3.1309000e+01   4.0000000e-02
   1.1831600e+02  -3.0683000e+01   4.0000000e-02
   1.1701200e+02  -3.0556000e+01   4.0000000e-02
   1.1703200e+02  -3.0533000e+01   8.0000000e-02
   1.1774900e+02  -3.0418000e+01   4.0000000e-02
   1.1666500e+02  -3.2080000e+01   4.0000000e-02
   1.1678400e+02  -3.2010000e+01   4.0000000e-02
   1.1662000e+02  -3.0936000e+01   4.0000000e-02
   1.1801600e+02  -3.0564000e+01   4.0000000e-02
   1.1705700e+02  -3.1600000e+01   4.0000000e-02
   1.1733600e+02  -3.1544000e+01   4.0000000e-02
   1.1808500e+02  -3.0528000e+01   4.0000000e-02
   1.1703600e+02  -3.1696000e+01   4.0000000e-02
   1.1820600e+02  -3.0750000e+01   4.0000000e-02
   1.1771800e+02  -3.0246000e+01   4.0000000e-02
   1.1703600e+02  -3.0401000e+01   4.0000000e-02
   1.1884500e+02  -3.0358000e+01   4.0000000e-02
   1.1739900e+02  -3.0668000e+01   4.0000000e-02
   1.1892000e+02  -3.1108000e+01   4.0000000e-02
   1.1747100e+02  -3.0625000e+01   4.0000000e-02
   1.1720000e+02  -3.1409000e+01   4.0000000e-02
   1.1693500e+02  -3.0133000e+01   4.0000000e-02
   1.1742500e+02  -3.0676000e+01   4.0000000e-02
   1.1745200e+02  -3.0636000e+01   4.0000000e-02
   1.1740600e+02  -3.0629000e+01   4.0000000e-02
   1.1684900e+02  -3.0159000e+01   4.0000000e-02
   1.1778600e+02  -3.0256000e+01   4.0000000e-02
   1.1713500e+02  -3.1583000e+01   4.0000000e-02
   1.1773400e+02  -3.0234000e+01   4.0000000e-02
   1.1775000e+02  -3.0876000e+01   4.0000000e-02
   1.1773100e+02  -3.0210000e+01   4.0000000e-02
   1.1722400e+02  -3.1392000e+01   4.0000000e-02
   1.1771100e+02  -3.0248000e+01   4.0000000e-02
   1.1777900e+02  -3.0227000e+01   4.0000000e-02
   1.1772600e+02  -3.0262000e+01   4.0000000e-02
   1.1746800e+02  -3.0619000e+01   1.0000000e-01
   1.1723100e+02  -3.1380000e+01   4.0000000e-02
   1.1777200e+02  -3.0244000e+01   4.0000000e-02
   1.1776400e+02  -3.0233000e+01   4.0000000e-02
   1.1776300e+02  -3.0240000e+01   4.0000000e-02
   1.1776100e+02  -3.0230000e+01   8.0000000e-02
   1.1776100e+02  -3.0244000e+01   4.0000000e-02
   1.1775400e+02  -3.0227000e+01   4.0000000e-02
   1.1777100e+02  -3.0220000e+01   4.0000000e-02
   1.1776000e+02  -3.0249000e+01   4.0000000e-02
   1.1733000e+02  -3.1943000e+01   8.0000000e-02
   1.1772200e+02  -3.0260000e+01   4.0000000e-02
   1.1713300e+02  -3.0035000e+01   4.0000000e-02
   1.1774300e+02  -3.0243000e+01   4.0000000e-02
   1.1769100e+02  -3.0277000e+01   4.0000000e-02
   1.1774700e+02  -3.0239000e+01   8.0000000e-02
   1.1771800e+02  -3.0264000e+01   4.0000000e-02
   1.1769100e+02  -3.0286000e+01   4.0000000e-02
   1.1774900e+02  -3.0241000e+01   4.0000000e-02
   1.1777100e+02  -3.0218000e+01   8.0000000e-02
   1.1771500e+02  -3.0249000e+01   4.0000000e-02
   1.1770900e+02  -3.0262000e+01   4.0000000e-02
   1.1770800e+02  -3.0269000e+01   4.0000000e-02
   1.1708600e+02  -3.1597000e+01   8.0000000e-02
   1.1772500e+02  -3.0263000e+01   4.0000000e-02
   1.1775200e+02  -3.0241000e+01   4.0000000e-02
   1.1774900e+02  -3.0236000e+01   4.0000000e-02
   1.1769000e+02  -3.0288000e+01   4.0000000e-02
   1.1714300e+02  -3.0045000e+01   4.0000000e-02
   1.1773900e+02  -3.0275000e+01   4.0000000e-02
   1.1772500e+02  -3.0268000e+01   4.0000000e-02
   1.1775600e+02  -3.0231000e+01   4.0000000e-02
   1.1771600e+02  -3.0260000e+01   4.0000000e-02
   1.1778300e+02  -3.0205000e+01   4.0000000e-02
   1.1772700e+02  -3.0228000e+01   4.0000000e-02
   1.1768500e+02  -3.0271000e+01   4.0000000e-02
   1.1769900e+02  -3.0265000e+01   4.0000000e-02
   1.1776900e+02  -3.0199000e+01   8.0000000e-02
   1.1771100e+02  -3.0251000e+01   4.0000000e-02
   1.1772800e+02  -3.0234000e+01   4.0000000e-02
   1.1773200e+02  -3.0222000e+01   4.0000000e-02
   1.1773200e+02  -3.0248000e+01   4.0000000e-02
   1.1772700e+02  -3.0227000e+01   4.0000000e-02
   1.1772200e+02  -3.0220000e+01   4.0000000e-02
   1.1776300e+02  -3.0229000e+01   8.0000000e-02
   1.1777000e+02  -3.0227000e+01   4.0000000e-02
   1.1768000e+02  -3.0247000e+01   8.0000000e-02
   1.1774500e+02  -3.0211000e+01   8.0000000e-02
   1.1774900e+02  -3.0214000e+01   8.0000000e-02
   1.1764600e+02  -3.0306000e+01   4.0000000e-02
   1.1776700e+02  -3.0209000e+01   8.0000000e-02
   1.1777400e+02  -3.0208000e+01   1.0000000e-01
   1.1771500e+02  -3.0273000e+01   4.0000000e-02
   1.1773000e+02  -3.0233000e+01   4.0000000e-02
   1.1773700e+02  -3.0249000e+01   4.0000000e-02
   1.1772400e+02  -3.0277000e+01   4.0000000e-02
   1.1774200e+02  -3.0246000e+01   4.0000000e-02
   1.1774900e+02  -3.0224000e+01   4.0000000e-02
   1.1771600e+02  -3.0256000e+01   4.0000000e-02
   1.1777900e+02  -3.0213000e+01   4.0000000e-02
   1.1770800e+02  -3.0258000e+01   4.0000000e-02
   1.1771000e+02  -3.0273000e+01   4.0000000e-02
   1.1775100e+02  -3.0241000e+01   8.0000000e-02
   1.1770900e+02  -3.0281000e+01   4.0000000e-02
   1.1774000e+02  -3.0239000e+01   4.0000000e-02
   1.1777400e+02  -3.0229000e+01   8.0000000e-02
   1.1770200e+02  -3.0243000e+01   8.0000000e-02
   1.1773700e+02  -3.0253000e+01   4.0000000e-02
   1.1771500e+02  -3.0254000e+01   4.0000000e-02
   1.1771100e+02  -3.0286000e+01   4.0000000e-02
   1.1776100e+02  -3.0240000e+01   4.0000000e-02
   1.1776300e+02  -3.0223000e+01   4.0000000e-02
   1.1772200e+02  -3.0252000e+01   4.0000000e-02
   1.1773700e+02  -3.0251000e+01   4.0000000e-02
   1.1777000e+02  -3.0242000e+01   8.0000000e-02
   1.1770800e+02  -3.0277000e+01   4.0000000e-02
   1.1768800e+02  -3.0271000e+01   4.0000000e-02
   1.1766800e+02  -3.0272000e+01   4.0000000e-02
   1.1779500e+02  -3.0233000e+01   8.0000000e-02
   1.1774900e+02  -3.0227000e+01   4.0000000e-02
   1.1773100e+02  -3.0238000e+01   4.0000000e-02
   1.1769900e+02  -3.0249000e+01   4.0000000e-02
   1.1771000e+02  -3.0256000e+01   4.0000000e-02
   1.1777300e+02  -3.0227000e+01   4.0000000e-02
   1.1776000e+02  -3.0234000e+01   4.0000000e-02
   1.1773400e+02  -3.0249000e+01   4.0000000e-02
   1.1774200e+02  -3.0237000e+01   4.0000000e-02
   1.1775100e+02  -3.0217000e+01   4.0000000e-02
   1.1772700e+02  -3.0263000e+01   4.0000000e-02
   1.1773800e+02  -3.0238000e+01   8.0000000e-02
   1.1771700e+02  -3.0266000e+01   4.0000000e-02
   1.1774100e+02  -3.0229000e+01   4.0000000e-02
   1.1771100e+02  -3.0276000e+01   4.0000000e-02
   1.1775400e+02  -3.0215000e+01   8.0000000e-02
   1.1773500e+02  -3.0240000e+01   8.0000000e-02
   1.1773200e+02  -3.0246000e+01   4.0000000e-02
   1.1774400e+02  -3.0253000e+01   4.0000000e-02
   1.1771500e+02  -3.0276000e+01   4.0000000e-02
   1.1773000e+02  -3.0241000e+01   8.0000000e-02
   1.1772600e+02  -3.0277000e+01   8.0000000e-02
   1.1772800e+02  -3.0274000e+01   4.0000000e-02
   1.1775800e+02  -3.0285000e+01   4.0000000e-02
   1.1772600e+02  -3.0269000e+01   4.0000000e-02
   1.1777800e+02  -3.0232000e+01   8.0000000e-02
   1.1773800e+02  -3.0214000e+01   8.0000000e-02
   1.1771600e+02  -3.0284000e+01   4.0000000e-02
   1.1773200e+02  -3.0255000e+01   4.0000000e-02
   1.1772500e+02  -3.0271000e+01   4.0000000e-02
   1.1772100e+02  -3.0267000e+01   4.0000000e-02
   1.1770500e+02  -3.0237000e+01   4.0000000e-02
   1.1776200e+02  -3.0247000e+01   8.0000000e-02
   1.1775600e+02  -3.0243000e+01   4.0000000e-02
   1.1775900e+02  -3.0231000e+01   8.0000000e-02
   1.1771600e+02  -3.0273000e+01   4.0000000e-02
   1.1773600e+02  -3.0219000e+01   4.0000000e-02
   1.1771800e+02  -3.0257000e+01   4.0000000e-02
   1.1769400e+02  -3.0281000e+01   4.0000000e-02
   1.1775900e+02  -3.0217000e+01   4.0000000e-02
   1.1774900e+02  -3.0222000e+01   4.0000000e-02
   1.1769000e+02  -3.0288000e+01   4.0000000e-02
   1.1775400e+02  -3.0230000e+01   4.0000000e-02
   1.1771400e+02  -3.0252000e+01   4.0000000e-02
   1.1766500e+02  -3.0284000e+01   4.0000000e-02
   1.1769600e+02  -3.0258000e+01   8.0000000e-02
   1.1774500e+02  -3.0231000e+01   8.0000000e-02
   1.1772800e+02  -3.0240000e+01   4.0000000e-02
   1.1773500e+02  -3.0260000e+01   4.0000000e-02
   1.1773800e+02  -3.0232000e+01   4.0000000e-02
   1.1769800e+02  -3.0261000e+01   4.0000000e-02
   1.1777600e+02  -3.0214000e+01   8.0000000e-02
   1.1769900e+02  -3.0262000e+01   4.0000000e-02
   1.1773800e+02  -3.0259000e+01   4.0000000e-02
   1.1767900e+02  -3.0267000e+01   4.0000000e-02
   1.1769600e+02  -3.0278000e+01   4.0000000e-02
   1.1768600e+02  -3.0241000e+01   4.0000000e-02
   1.1773100e+02  -3.0268000e+01   4.0000000e-02
   1.1772900e+02  -3.0232000e+01   4.0000000e-02
   1.1772800e+02  -3.0275000e+01   4.0000000e-02
   1.1770400e+02  -3.0280000e+01   4.0000000e-02
   1.1770900e+02  -3.0256000e+01   8.0000000e-02
   1.1779500e+02  -3.0214000e+01   1.0000000e-01
   1.1766700e+02  -3.0266000e+01   4.0000000e-02
   1.1774200e+02  -3.0218000e+01   4.0000000e-02
   1.1776100e+02  -3.0204000e+01   8.0000000e-02
   1.1774100e+02  -3.0221000e+01   4.0000000e-02
   1.1776100e+02  -3.0233000e+01   8.0000000e-02
   1.1774000e+02  -3.0232000e+01   4.0000000e-02
   1.1773700e+02  -3.0238000e+01   4.0000000e-02
   1.1771500e+02  -3.0265000e+01   4.0000000e-02
   1.1772900e+02  -3.0248000e+01   4.0000000e-02
   1.1774800e+02  -3.0217000e+01   4.0000000e-02
   1.1776700e+02  -3.0233000e+01   8.0000000e-02
   1.1774600e+02  -3.0268000e+01   4.0000000e-02
   1.1768200e+02  -3.0266000e+01   4.0000000e-02
   1.1781900e+02  -3.0209000e+01   1.0000000e-01
   1.1775200e+02  -3.0245000e+01   4.0000000e-02
   1.1771500e+02  -3.0217000e+01   4.0000000e-02
   1.1772300e+02  -3.0247000e+01   4.0000000e-02
   1.1776500e+02  -3.0232000e+01   4.0000000e-02
   1.1771100e+02  -3.0281000e+01   4.0000000e-02
   1.1773000e+02  -3.0237000e+01   4.0000000e-02
   1.1768700e+02  -3.0266000e+01   4.0000000e-02
   1.1774600e+02  -3.0235000e+01   4.0000000e-02
   1.1770000e+02  -3.0264000e+01   4.0000000e-02
   1.1778100e+02  -3.0202000e+01   8.0000000e-02
   1.1772500e+02  -3.0232000e+01   4.0000000e-02
   1.1772200e+02  -3.0238000e+01   4.0000000e-02
   1.1771400e+02  -3.0263000e+01   4.0000000e-02
   1.1768900e+02  -3.0282000e+01   4.0000000e-02
   1.1769800e+02  -3.0270000e+01   4.0000000e-02
   1.1776200e+02  -3.0211000e+01   4.0000000e-02
   1.1772600e+02  -3.0264000e+01   8.0000000e-02
   1.1768700e+02  -3.0281000e+01   4.0000000e-02
   1.1768000e+02  -3.0283000e+01   4.0000000e-02
   1.1775200e+02  -3.0211000e+01   8.0000000e-02
   1.1768400e+02  -3.0260000e+01   4.0000000e-02
   1.1772300e+02  -3.0257000e+01   4.0000000e-02
   1.1779800e+02  -3.0215000e+01   1.0000000e-01
   1.1779100e+02  -3.0222000e+01   8.0000000e-02
   1.1770200e+02  -3.0243000e+01   8.0000000e-02
   1.1763700e+02  -3.0322000e+01   8.0000000e-02
   1.1778400e+02  -3.0230000e+01   1.0000000e-01
   1.1769900e+02  -3.0277000e+01   4.0000000e-02
   1.1772800e+02  -3.0265000e+01   4.0000000e-02
   1.1772700e+02  -3.0251000e+01   4.0000000e-02
   1.1769200e+02  -3.0273000e+01   4.0000000e-02
   1.1769800e+02  -3.0278000e+01   4.0000000e-02
   1.1771600e+02  -3.0259000e+01   4.0000000e-02
   1.1771500e+02  -3.0262000e+01   4.0000000e-02
   1.1775900e+02  -3.0215000e+01   4.0000000e-02
   1.1775200e+02  -3.0220000e+01   8.0000000e-02
   1.1775500e+02  -3.0217000e+01   8.0000000e-02
   1.1770700e+02  -3.0271000e+01   4.0000000e-02
   1.1771500e+02  -3.0262000e+01   4.0000000e-02
   1.1772500e+02  -3.0256000e+01   4.0000000e-02
   1.1773900e+02  -3.0237000e+01   4.0000000e-02
   1.1772200e+02  -3.0233000e+01   4.0000000e-02
   1.1776600e+02  -3.0234000e+01   8.0000000e-02
   1.1775900e+02  -3.0218000e+01   8.0000000e-02
   1.1773700e+02  -3.0230000e+01   4.0000000e-02
   1.1774200e+02  -3.0222000e+01   4.0000000e-02
   1.1775300e+02  -3.0237000e+01   4.0000000e-02
   1.1772800e+02  -3.0254000e+01   4.0000000e-02
   1.1776300e+02  -3.0244000e+01   4.0000000e-02
   1.1775300e+02  -3.0235000e+01   8.0000000e-02
   1.1772100e+02  -3.0244000e+01   4.0000000e-02
   1.1773200e+02  -3.0252000e+01   4.0000000e-02
   1.1767700e+02  -3.0289000e+01   4.0000000e-02
   1.1772600e+02  -3.0237000e+01   4.0000000e-02
   1.1772800e+02  -3.0253000e+01   4.0000000e-02
   1.1772500e+02  -3.0267000e+01   4.0000000e-02
   1.1774500e+02  -3.0270000e+01   4.0000000e-02
   1.1768600e+02  -3.0272000e+01   4.0000000e-02
   1.1774900e+02  -3.0232000e+01   4.0000000e-02
   1.1768200e+02  -3.0267000e+01   4.0000000e-02
   1.1771400e+02  -3.0273000e+01   4.0000000e-02
   1.1776600e+02  -3.0248000e+01   8.0000000e-02
   1.1771400e+02  -3.0268000e+01   4.0000000e-02
   1.1778600e+02  -3.0214000e+01   8.0000000e-02
   1.1777400e+02  -3.0212000e+01   1.0000000e-01
   1.1778400e+02  -3.0214000e+01   8.0000000e-02
   1.1771300e+02  -3.0270000e+01   4.0000000e-02
   1.1779500e+02  -3.0193000e+01   4.0000000e-02
   1.1771400e+02  -3.0267000e+01   4.0000000e-02
   1.1771000e+02  -3.0270000e+01   4.0000000e-02
   1.1771100e+02  -3.0265000e+01   4.0000000e-02
   1.1771000e+02  -3.0274000e+01   4.0000000e-02
   1.1772800e+02  -3.0252000e+01   4.0000000e-02
   1.1773800e+02  -3.0241000e+01   4.0000000e-02
   1.1773600e+02  -3.0246000e+01   4.0000000e-02
   1.1781900e+02  -3.0220000e+01   4.0000000e-02
   1.1766300e+02  -3.0293000e+01   8.0000000e-02
   1.1781000e+02  -3.0252000e+01   4.0000000e-02
   1.1632400e+02  -3.0111000e+01   4.0000000e-02
   1.1888900e+02  -3.0409000e+01   4.0000000e-02
   1.1665500e+02  -3.0876000e+01   8.0000000e-02
   1.1728100e+02  -3.0466000e+01   4.0000000e-02
   1.1713200e+02  -3.0495000e+01   8.0000000e-02
   1.1681200e+02  -3.2015000e+01   4.0000000e-02
   1.1677300e+02  -3.1987000e+01   4.0000000e-02
   1.1785100e+02  -3.0440000e+01   4.0000000e-02
   1.1675900e+02  -3.2004000e+01   4.0000000e-02
   1.1696400e+02  -3.0276000e+01   4.0000000e-02
   1.1750100e+02  -3.0664000e+01   4.0000000e-02
   1.1697500e+02  -3.0117000e+01   8.0000000e-02
   1.1735200e+02  -3.1149000e+01   8.0000000e-02
   1.1736500e+02  -3.1168000e+01   8.0000000e-02
   1.1721000e+02  -3.0581000e+01   4.0000000e-02
   1.1802300e+02  -3.0925000e+01   4.0000000e-02
   1.1696000e+02  -3.0429000e+01   4.0000000e-02
   1.1778100e+02  -3.0349000e+01   4.0000000e-02
   1.1769400e+02  -3.0261000e+01   4.0000000e-02
   1.1839200e+02  -3.0649000e+01   4.0000000e-02
   1.1838500e+02  -3.0668000e+01   8.0000000e-02
   1.1837900e+02  -3.0687000e+01   4.0000000e-02
   1.1857100e+02  -3.0516000e+01   4.0000000e-02
   1.1691500e+02  -3.0512000e+01   4.0000000e-02
   1.1798300e+02  -3.0764000e+01   4.0000000e-02
   1.1838700e+02  -3.0549000e+01   4.0000000e-02
   1.1771200e+02  -3.0275000e+01   4.0000000e-02
   1.1705000e+02  -3.1690000e+01   4.0000000e-02
   1.1615000e+02  -2.9215000e+01   4.0000000e-02
   1.1843900e+02  -3.0543000e+01   4.0000000e-02
   1.1859000e+02  -3.0534000e+01   4.0000000e-02
   1.1573900e+02  -2.9990000e+01   4.0000000e-02
   1.1782300e+02  -3.0272000e+01   4.0000000e-02
   1.1770400e+02  -3.0281000e+01   4.0000000e-02
   1.1856900e+02  -3.1194000e+01   4.0000000e-02
   1.1728300e+02  -3.0602000e+01   4.0000000e-02
   1.1647300e+02  -2.9699000e+01   4.0000000e-02
   1.1704200e+02  -3.1607000e+01   4.0000000e-02
   1.1715700e+02  -3.0770000e+01   8.0000000e-02
   1.1852600e+02  -3.0519000e+01   4.0000000e-02
   1.1855400e+02  -3.0557000e+01   4.0000000e-02
   1.1856400e+02  -3.0544000e+01   4.0000000e-02
   1.1850700e+02  -3.0533000e+01   4.0000000e-02
   1.1886600e+02  -3.2334000e+01   4.0000000e-02
   1.1706700e+02  -3.0836000e+01   4.0000000e-02
   1.1708800e+02  -3.0800000e+01   4.0000000e-02
   1.1792300e+02  -3.1498000e+01   4.0000000e-02
   1.1791100e+02  -3.1544000e+01   4.0000000e-02
   1.1774300e+02  -3.0258000e+01   4.0000000e-02
   1.1658000e+02  -3.1087000e+01   4.0000000e-02
   1.1780000e+02  -3.2134000e+01   4.0000000e-02
   1.1845400e+02  -3.0621000e+01   4.0000000e-02
   1.1888700e+02  -3.2322000e+01   4.0000000e-02
   1.1888600e+02  -3.2318000e+01   4.0000000e-02
   1.1887400e+02  -3.2339000e+01   4.0000000e-02
   1.1887700e+02  -3.2382000e+01   4.0000000e-02
   1.1885400e+02  -3.2353000e+01   4.0000000e-02
   1.1711600e+02  -3.1726000e+01   4.0000000e-02
   1.1778600e+02  -3.0248000e+01   4.0000000e-02
   1.1779100e+02  -3.0294000e+01   4.0000000e-02
   1.1725900e+02  -3.0217000e+01   4.0000000e-02
   1.1626600e+02  -3.1157000e+01   4.0000000e-02
   1.1714800e+02  -3.0146000e+01   4.0000000e-02
   1.1772500e+02  -3.0266000e+01   4.0000000e-02
   1.1827500e+02  -3.0822000e+01   4.0000000e-02
   1.1768500e+02  -3.0280000e+01   8.0000000e-02
   1.1826100e+02  -3.0760000e+01   4.0000000e-02
   1.1714200e+02  -3.0146000e+01   8.0000000e-02
   1.1716500e+02  -3.0736000e+01   4.0000000e-02
   1.1707800e+02  -3.0451000e+01   4.0000000e-02
   1.1720000e+02  -3.0780000e+01   4.0000000e-02
   1.1720400e+02  -3.0134000e+01   4.0000000e-02
   1.1713700e+02  -3.0135000e+01   4.0000000e-02
   1.1703800e+02  -3.0536000e+01   4.0000000e-02
   1.1707600e+02  -3.0239000e+01   4.0000000e-02
   1.1719500e+02  -3.0134000e+01   8.0000000e-02
   1.1715300e+02  -3.0143000e+01   4.0000000e-02
   1.1718600e+02  -3.0137000e+01   4.0000000e-02
   1.1707300e+02  -3.1751000e+01   4.0000000e-02
   1.1715500e+02  -3.0135000e+01   8.0000000e-02
   1.1717500e+02  -3.0133000e+01   4.0000000e-02
   1.1786400e+02  -3.0231000e+01   4.0000000e-02
   1.1787800e+02  -3.0225000e+01   4.0000000e-02
   1.1714300e+02  -3.0165000e+01   4.0000000e-02
   1.1716900e+02  -3.0150000e+01   4.0000000e-02
   1.1717100e+02  -3.0166000e+01   8.0000000e-02
   1.1705000e+02  -3.0517000e+01   4.0000000e-02
   1.1715100e+02  -3.0168000e+01   4.0000000e-02
   1.1720200e+02  -3.0123000e+01   4.0000000e-02
   1.1716900e+02  -3.0142000e+01   4.0000000e-02
   1.1715900e+02  -3.0142000e+01   8.0000000e-02
   1.1718000e+02  -3.0135000e+01   4.0000000e-02
   1.1717300e+02  -3.0126000e+01   1.0000000e-01
   1.1715300e+02  -3.0172000e+01   8.0000000e-02
   1.1715000e+02  -3.0136000e+01   4.0000000e-02
   1.1716700e+02  -3.0151000e+01   8.0000000e-02
   1.1715900e+02  -3.0148000e+01   1.0000000e-01
   1.1717300e+02  -3.0146000e+01   4.0000000e-02
   1.1718100e+02  -3.0135000e+01   4.0000000e-02
   1.1658200e+02  -3.0664000e+01   4.0000000e-02
   1.1711500e+02  -3.0790000e+01   4.0000000e-02
   1.1714400e+02  -3.0760000e+01   4.0000000e-02
   1.1704400e+02  -3.0539000e+01   4.0000000e-02
   1.1823600e+02  -3.0750000e+01   4.0000000e-02
   1.1819600e+02  -3.0805000e+01   4.0000000e-02
   1.1743400e+02  -3.0679000e+01   4.0000000e-02
   1.1744900e+02  -3.0650000e+01   4.0000000e-02
   1.1699300e+02  -3.0587000e+01   4.0000000e-02
   1.1700400e+02  -3.0555000e+01   4.0000000e-02
   1.1700900e+02  -3.0576000e+01   4.0000000e-02
   1.1741300e+02  -3.0697000e+01   4.0000000e-02
   1.1787300e+02  -3.0219000e+01   4.0000000e-02
   1.1698400e+02  -3.0592000e+01   4.0000000e-02
   1.1736400e+02  -3.0750000e+01   4.0000000e-02
   1.1660400e+02  -3.1304000e+01   4.0000000e-02
   1.1673000e+02  -3.1975000e+01   4.0000000e-02
   1.1780700e+02  -3.1432000e+01   4.0000000e-02
   1.1700600e+02  -3.0580000e+01   4.0000000e-02
   1.1703500e+02  -3.0540000e+01   4.0000000e-02
   1.1703000e+02  -3.0558000e+01   1.0000000e-01
   1.1710800e+02  -3.0802000e+01   1.0000000e-01
   1.1705000e+02  -3.0773000e+01   4.0000000e-02
   1.1653700e+02  -3.0408000e+01   4.0000000e-02
   1.1653400e+02  -3.0452000e+01   4.0000000e-02
   1.1720700e+02  -3.1509000e+01   8.0000000e-02
   1.1718200e+02  -3.1169000e+01   4.0000000e-02
   1.1743400e+02  -3.0658000e+01   4.0000000e-02
   1.1742700e+02  -3.0667000e+01   4.0000000e-02
   1.1742600e+02  -3.0659000e+01   4.0000000e-02
   1.1739100e+02  -3.0704000e+01   4.0000000e-02
   1.1739100e+02  -3.0700000e+01   4.0000000e-02
   1.1740100e+02  -3.0688000e+01   4.0000000e-02
   1.1744200e+02  -3.0649000e+01   4.0000000e-02
   1.1747000e+02  -3.0635000e+01   4.0000000e-02
   1.1746100e+02  -3.0632000e+01   8.0000000e-02
   1.1744700e+02  -3.0650000e+01   8.0000000e-02
   1.1744100e+02  -3.0649000e+01   4.0000000e-02
   1.1705000e+02  -3.0478000e+01   4.0000000e-02
   1.1700500e+02  -3.0569000e+01   4.0000000e-02
   1.1743500e+02  -3.0664000e+01   4.0000000e-02
   1.1704800e+02  -3.1697000e+01   4.0000000e-02
   1.1700300e+02  -3.0574000e+01   4.0000000e-02
   1.1791500e+02  -3.0205000e+01   8.0000000e-02
   1.1749000e+02  -3.0629000e+01   4.0000000e-02
   1.1742300e+02  -3.0689000e+01   4.0000000e-02
   1.1720300e+02  -3.1953000e+01   4.0000000e-02
   1.1706300e+02  -3.1727000e+01   4.0000000e-02
   1.1698000e+02  -3.0583000e+01   8.0000000e-02
   1.1708500e+02  -3.0832000e+01   4.0000000e-02
   1.1596300e+02  -3.1635000e+01   4.0000000e-02
   1.1788700e+02  -3.0198000e+01   8.0000000e-02
   1.1783400e+02  -3.0253000e+01   4.0000000e-02
   1.1791200e+02  -3.0194000e+01   1.0000000e-01
   1.1717700e+02  -3.1177000e+01   4.0000000e-02
   1.1700700e+02  -3.0572000e+01   4.0000000e-02
   1.1786100e+02  -3.0235000e+01   8.0000000e-02
   1.1700500e+02  -3.0587000e+01   4.0000000e-02
   1.1699800e+02  -3.0579000e+01   4.0000000e-02
   1.1699500e+02  -3.0574000e+01   4.0000000e-02
   1.1700000e+02  -3.0573000e+01   4.0000000e-02
   1.1700000e+02  -3.0567000e+01   8.0000000e-02
   1.1726700e+02  -3.2020000e+01   4.0000000e-02
   1.1671400e+02  -3.1968000e+01   4.0000000e-02
   1.1700500e+02  -3.0574000e+01   4.0000000e-02
   1.1700200e+02  -3.0571000e+01   4.0000000e-02
   1.1700500e+02  -3.0564000e+01   1.0000000e-01
   1.1700500e+02  -3.0588000e+01   8.0000000e-02
   1.1726700e+02  -3.1988000e+01   4.0000000e-02
   1.1679800e+02  -3.0856000e+01   4.0000000e-02
   1.1699900e+02  -3.0568000e+01   4.0000000e-02
   1.1700400e+02  -3.0576000e+01   4.0000000e-02
   1.1700800e+02  -3.0564000e+01   4.0000000e-02
   1.1700000e+02  -3.0581000e+01   4.0000000e-02
   1.1630000e+02  -3.1142000e+01   4.0000000e-02
   1.1721700e+02  -3.1160000e+01   4.0000000e-02
   1.1734300e+02  -3.0717000e+01   4.0000000e-02
   1.1660400e+02  -3.1116000e+01   4.0000000e-02
   1.1746400e+02  -3.0639000e+01   1.0000000e-01
   1.1744700e+02  -3.0663000e+01   4.0000000e-02
   1.1744600e+02  -3.0649000e+01   4.0000000e-02
   1.1748500e+02  -3.0629000e+01   8.0000000e-02
   1.1704100e+02  -3.1643000e+01   4.0000000e-02
   1.1753500e+02  -3.0659000e+01   4.0000000e-02
   1.1750600e+02  -3.0647000e+01   4.0000000e-02
   1.1753900e+02  -3.0652000e+01   4.0000000e-02
   1.1753900e+02  -3.0647000e+01   4.0000000e-02
   1.1743500e+02  -3.0666000e+01   4.0000000e-02
   1.1721400e+02  -3.0191000e+01   4.0000000e-02
   1.1705300e+02  -3.0523000e+01   4.0000000e-02
   1.1747900e+02  -3.0652000e+01   8.0000000e-02
   1.1744000e+02  -3.0651000e+01   4.0000000e-02
   1.1742500e+02  -3.0678000e+01   8.0000000e-02
   1.1739300e+02  -3.0687000e+01   4.0000000e-02
   1.1749500e+02  -3.0637000e+01   4.0000000e-02
   1.1746600e+02  -3.0635000e+01   4.0000000e-02
   1.1707000e+02  -3.0427000e+01   8.0000000e-02
   1.1706800e+02  -3.0424000e+01   4.0000000e-02
   1.1700900e+02  -3.0580000e+01   4.0000000e-02
   1.1743100e+02  -3.0659000e+01   4.0000000e-02
   1.1747200e+02  -3.0633000e+01   1.0000000e-01
   1.1743700e+02  -3.0656000e+01   4.0000000e-02
   1.1725800e+02  -3.1987000e+01   4.0000000e-02
   1.1724100e+02  -3.1988000e+01   4.0000000e-02
   1.1743100e+02  -3.0657000e+01   4.0000000e-02
   1.1705700e+02  -3.1700000e+01   4.0000000e-02
   1.1704200e+02  -3.2398000e+01   4.0000000e-02
   1.1700700e+02  -3.0559000e+01   4.0000000e-02
   1.1700700e+02  -3.0564000e+01   4.0000000e-02
   1.1699300e+02  -3.0585000e+01   4.0000000e-02
   1.1701800e+02  -3.0561000e+01   4.0000000e-02
   1.1701200e+02  -3.0569000e+01   4.0000000e-02
   1.1701500e+02  -3.0563000e+01   8.0000000e-02
   1.1709600e+02  -3.0859000e+01   4.0000000e-02
   1.1709800e+02  -3.0879000e+01   8.0000000e-02
   1.1696500e+02  -3.0574000e+01   4.0000000e-02
   1.1700900e+02  -3.0563000e+01   4.0000000e-02
   1.1706100e+02  -3.0550000e+01   8.0000000e-02
   1.1705700e+02  -3.1727000e+01   4.0000000e-02
   1.1703000e+02  -3.0902000e+01   4.0000000e-02
   1.1709500e+02  -3.0860000e+01   4.0000000e-02
   1.1700500e+02  -3.0589000e+01   4.0000000e-02
   1.1751800e+02  -3.1193000e+01   4.0000000e-02
   1.1708800e+02  -3.0419000e+01   4.0000000e-02
   1.1774800e+02  -3.0408000e+01   4.0000000e-02
   1.1773100e+02  -3.0398000e+01   4.0000000e-02
   1.1707100e+02  -3.0463000e+01   4.0000000e-02
   1.1707000e+02  -3.0480000e+01   4.0000000e-02
   1.1704200e+02  -3.0520000e+01   4.0000000e-02
   1.1704000e+02  -3.0514000e+01   4.0000000e-02
   1.1707600e+02  -3.0491000e+01   4.0000000e-02
   1.1707900e+02  -3.1708000e+01   4.0000000e-02
   1.1797100e+02  -3.0991000e+01   4.0000000e-02
   1.1706800e+02  -3.0477000e+01   4.0000000e-02
   1.1709400e+02  -3.0746000e+01   4.0000000e-02
   1.1705800e+02  -3.0552000e+01   4.0000000e-02
   1.1811100e+02  -3.1359000e+01   4.0000000e-02
   1.1710600e+02  -3.0445000e+01   4.0000000e-02
   1.1703500e+02  -3.0527000e+01   4.0000000e-02
   1.1768700e+02  -3.0416000e+01   4.0000000e-02
   1.1686900e+02  -3.0472000e+01   4.0000000e-02
   1.1686800e+02  -3.0468000e+01   4.0000000e-02
   1.1717400e+02  -3.0453000e+01   4.0000000e-02
   1.1710200e+02  -3.0538000e+01   4.0000000e-02
   1.1712900e+02  -3.0479000e+01   4.0000000e-02
   1.1712800e+02  -3.0462000e+01   4.0000000e-02
   1.1710800e+02  -3.0508000e+01   4.0000000e-02
   1.1711500e+02  -3.0519000e+01   4.0000000e-02
   1.1715700e+02  -3.1981000e+01   4.0000000e-02
   1.1710900e+02  -3.0756000e+01   4.0000000e-02
   1.1656200e+02  -3.1217000e+01   4.0000000e-02
   1.1654700e+02  -3.1172000e+01   4.0000000e-02
   1.1655200e+02  -3.1179000e+01   4.0000000e-02
   1.1663800e+02  -3.1203000e+01   4.0000000e-02
   1.1661100e+02  -3.1222000e+01   4.0000000e-02
   1.1702900e+02  -3.0573000e+01   4.0000000e-02
   1.1680300e+02  -3.2315000e+01   4.0000000e-02
   1.1679300e+02  -3.2335000e+01   4.0000000e-02
   1.1704000e+02  -3.0546000e+01   4.0000000e-02
   1.1702900e+02  -3.0545000e+01   4.0000000e-02
   1.1703600e+02  -3.0542000e+01   8.0000000e-02
   1.1705700e+02  -3.0524000e+01   4.0000000e-02
   1.1870900e+02  -3.1196000e+01   4.0000000e-02
   1.1699000e+02  -3.0595000e+01   4.0000000e-02
   1.1708600e+02  -3.0500000e+01   4.0000000e-02
   1.1701500e+02  -3.0564000e+01   4.0000000e-02
   1.1701700e+02  -3.0565000e+01   4.0000000e-02
   1.1708700e+02  -3.1702000e+01   1.0000000e-01
   1.1699500e+02  -3.0566000e+01   4.0000000e-02
   1.1839800e+02  -3.0702000e+01   4.0000000e-02
   1.1724300e+02  -3.1956000e+01   4.0000000e-02
   1.1706200e+02  -3.0527000e+01   4.0000000e-02
   1.1705200e+02  -3.0228000e+01   4.0000000e-02
   1.1703200e+02  -3.0568000e+01   4.0000000e-02
   1.1702800e+02  -3.0188000e+01   4.0000000e-02
   1.1832400e+02  -3.0505000e+01   4.0000000e-02
   1.1701200e+02  -3.0545000e+01   4.0000000e-02
   1.1841100e+02  -3.0517000e+01   4.0000000e-02
   1.1709300e+02  -3.0518000e+01   4.0000000e-02
   1.1631800e+02  -3.0766000e+01   4.0000000e-02
   1.1703000e+02  -3.0549000e+01   4.0000000e-02
   1.1708100e+02  -3.0550000e+01   4.0000000e-02
   1.1711300e+02  -3.0552000e+01   8.0000000e-02
   1.1704800e+02  -3.0564000e+01   4.0000000e-02
   1.1706900e+02  -3.0555000e+01   8.0000000e-02
   1.1707700e+02  -3.0542000e+01   4.0000000e-02
   1.1706900e+02  -3.0542000e+01   4.0000000e-02
   1.1707400e+02  -3.0545000e+01   4.0000000e-02
   1.1706800e+02  -3.0544000e+01   4.0000000e-02
   1.1706200e+02  -3.0553000e+01   4.0000000e-02
   1.1707800e+02  -3.0552000e+01   4.0000000e-02
   1.1706100e+02  -3.0519000e+01   8.0000000e-02
   1.1706500e+02  -3.0550000e+01   8.0000000e-02
   1.1704300e+02  -3.0516000e+01   4.0000000e-02
   1.1707100e+02  -3.0534000e+01   4.0000000e-02
   1.1704600e+02  -3.0526000e+01   4.0000000e-02
   1.1705600e+02  -3.0519000e+01   4.0000000e-02
   1.1704400e+02  -3.0538000e+01   4.0000000e-02
   1.1705500e+02  -3.0529000e+01   4.0000000e-02
   1.1816800e+02  -3.0771000e+01   4.0000000e-02
   1.1707100e+02  -3.0556000e+01   4.0000000e-02
   1.1706500e+02  -3.0515000e+01   4.0000000e-02
   1.1706300e+02  -3.0524000e+01   4.0000000e-02
   1.1705300e+02  -3.0502000e+01   8.0000000e-02
   1.1706200e+02  -3.0543000e+01   4.0000000e-02
   1.1705500e+02  -3.0499000e+01   4.0000000e-02
   1.1706800e+02  -3.0551000e+01   4.0000000e-02
   1.1706000e+02  -3.0543000e+01   8.0000000e-02
   1.1703200e+02  -3.0564000e+01   4.0000000e-02
   1.1704800e+02  -3.0532000e+01   4.0000000e-02
   1.1703900e+02  -3.0529000e+01   4.0000000e-02
   1.1707100e+02  -3.0511000e+01   4.0000000e-02
   1.1707500e+02  -3.0500000e+01   4.0000000e-02
   1.1707300e+02  -3.0506000e+01   4.0000000e-02
   1.1704400e+02  -3.0525000e+01   8.0000000e-02
   1.1704900e+02  -3.0494000e+01   4.0000000e-02
   1.1703800e+02  -3.0522000e+01   8.0000000e-02
   1.1705400e+02  -3.0494000e+01   4.0000000e-02
   1.1705600e+02  -3.0496000e+01   4.0000000e-02
   1.1705500e+02  -3.0494000e+01   4.0000000e-02
   1.1704400e+02  -3.0489000e+01   8.0000000e-02
   1.1711800e+02  -3.2394000e+01   4.0000000e-02
   1.1712000e+02  -3.2427000e+01   4.0000000e-02
   1.1709400e+02  -3.2401000e+01   4.0000000e-02
   1.1712100e+02  -3.2382000e+01   4.0000000e-02
   1.1709700e+02  -3.2389000e+01   4.0000000e-02
   1.1710800e+02  -3.2374000e+01   4.0000000e-02
   1.1705400e+02  -3.0510000e+01   4.0000000e-02
   1.1704900e+02  -3.0512000e+01   4.0000000e-02
   1.1706900e+02  -3.0549000e+01   8.0000000e-02
   1.1705300e+02  -3.0539000e+01   4.0000000e-02
   1.1706000e+02  -3.0521000e+01   4.0000000e-02
   1.1705700e+02  -3.0526000e+01   4.0000000e-02
   1.1705500e+02  -3.0523000e+01   4.0000000e-02
   1.1706200e+02  -3.0547000e+01   4.0000000e-02
   1.1706300e+02  -3.0523000e+01   4.0000000e-02
   1.1803000e+02  -3.0626000e+01   4.0000000e-02
   1.1704300e+02  -3.0531000e+01   4.0000000e-02
   1.1705400e+02  -3.0527000e+01   4.0000000e-02
   1.1704300e+02  -3.0495000e+01   8.0000000e-02
   1.1704700e+02  -3.0528000e+01   4.0000000e-02
   1.1773800e+02  -3.2070000e+01   4.0000000e-02
   1.1706500e+02  -3.0522000e+01   4.0000000e-02
   1.1708900e+02  -3.0620000e+01   4.0000000e-02
   1.1710200e+02  -3.0618000e+01   8.0000000e-02
   1.1705300e+02  -3.0503000e+01   4.0000000e-02
   1.1705200e+02  -3.0504000e+01   4.0000000e-02
   1.1704900e+02  -3.0502000e+01   8.0000000e-02
   1.1705600e+02  -3.0494000e+01   4.0000000e-02
   1.1705700e+02  -3.0498000e+01   8.0000000e-02
   1.1707000e+02  -3.0521000e+01   4.0000000e-02
   1.1702600e+02  -3.0553000e+01   4.0000000e-02
   1.1705700e+02  -3.0495000e+01   4.0000000e-02
   1.1705000e+02  -3.0524000e+01   4.0000000e-02
   1.1704800e+02  -3.0498000e+01   4.0000000e-02
   1.1706500e+02  -3.0533000e+01   4.0000000e-02
   1.1707200e+02  -3.0546000e+01   4.0000000e-02
   1.1706100e+02  -3.0540000e+01   4.0000000e-02
   1.1706300e+02  -3.0544000e+01   8.0000000e-02
   1.1706300e+02  -3.0547000e+01   4.0000000e-02
   1.1706200e+02  -3.0524000e+01   4.0000000e-02
   1.1706000e+02  -3.0533000e+01   8.0000000e-02
   1.1706300e+02  -3.0539000e+01   4.0000000e-02
   1.1706600e+02  -3.0537000e+01   8.0000000e-02
   1.1705800e+02  -3.0539000e+01   8.0000000e-02
   1.1704000e+02  -3.0524000e+01   4.0000000e-02
   1.1704700e+02  -3.0524000e+01   4.0000000e-02
   1.1703600e+02  -3.0527000e+01   4.0000000e-02
   1.1707100e+02  -3.0537000e+01   4.0000000e-02
   1.1705200e+02  -3.0513000e+01   4.0000000e-02
   1.1706200e+02  -3.0526000e+01   4.0000000e-02
   1.1706000e+02  -3.0526000e+01   4.0000000e-02
   1.1704800e+02  -3.0521000e+01   4.0000000e-02
   1.1706200e+02  -3.0520000e+01   4.0000000e-02
   1.1706000e+02  -3.0520000e+01   4.0000000e-02
   1.1705100e+02  -3.0526000e+01   8.0000000e-02
   1.1703600e+02  -3.0515000e+01   4.0000000e-02
   1.1705200e+02  -3.0522000e+01   8.0000000e-02
   1.1704100e+02  -3.0530000e+01   4.0000000e-02
   1.1704900e+02  -3.0524000e+01   1.2000000e-01
   1.1705400e+02  -3.0520000e+01   4.0000000e-02
   1.1704200e+02  -3.0524000e+01   4.0000000e-02
   1.1704600e+02  -3.0520000e+01   8.0000000e-02
   1.1705500e+02  -3.0511000e+01   4.0000000e-02
   1.1706800e+02  -3.0517000e+01   8.0000000e-02
   1.1705600e+02  -3.0524000e+01   4.0000000e-02
   1.1705000e+02  -3.0514000e+01   4.0000000e-02
   1.1706200e+02  -3.0516000e+01   8.0000000e-02
   1.1706700e+02  -3.0524000e+01   4.0000000e-02
   1.1706200e+02  -3.0520000e+01   8.0000000e-02
   1.1705500e+02  -3.0519000e+01   4.0000000e-02
   1.1706500e+02  -3.0521000e+01   1.0000000e-01
   1.1704900e+02  -3.0518000e+01   4.0000000e-02
   1.1707800e+02  -3.0488000e+01   4.0000000e-02
   1.1706300e+02  -3.0499000e+01   8.0000000e-02
   1.1707000e+02  -3.0506000e+01   8.0000000e-02
   1.1706500e+02  -3.0501000e+01   4.0000000e-02
   1.1706000e+02  -3.0506000e+01   4.0000000e-02
   1.1706000e+02  -3.0483000e+01   4.0000000e-02
   1.1705500e+02  -3.0503000e+01   4.0000000e-02
   1.1705700e+02  -3.0495000e+01   4.0000000e-02
   1.1705700e+02  -3.0506000e+01   4.0000000e-02
   1.1704400e+02  -3.0510000e+01   4.0000000e-02
   1.1704700e+02  -3.0498000e+01   4.0000000e-02
   1.1706200e+02  -3.0501000e+01   4.0000000e-02
   1.1704500e+02  -3.0507000e+01   4.0000000e-02
   1.1704700e+02  -3.0512000e+01   4.0000000e-02
   1.1705100e+02  -3.0494000e+01   4.0000000e-02
   1.1706000e+02  -3.0508000e+01   8.0000000e-02
   1.1705000e+02  -3.0495000e+01   4.0000000e-02
   1.1704600e+02  -3.0511000e+01   4.0000000e-02
   1.1706100e+02  -3.0549000e+01   4.0000000e-02
   1.1706600e+02  -3.0517000e+01   4.0000000e-02
   1.1704700e+02  -3.0523000e+01   4.0000000e-02
   1.1706200e+02  -3.0551000e+01   4.0000000e-02
   1.1704700e+02  -3.0523000e+01   4.0000000e-02
   1.1706000e+02  -3.0513000e+01   4.0000000e-02
   1.1706600e+02  -3.0521000e+01   4.0000000e-02
   1.1704000e+02  -3.0495000e+01   4.0000000e-02
   1.1703800e+02  -3.0508000e+01   4.0000000e-02
   1.1649000e+02  -3.0593000e+01   4.0000000e-02
   1.1705000e+02  -3.0502000e+01   4.0000000e-02
   1.1703000e+02  -3.0502000e+01   4.0000000e-02
   1.1705000e+02  -3.0500000e+01   4.0000000e-02
   1.1703600e+02  -3.0502000e+01   4.0000000e-02
   1.1707500e+02  -3.0495000e+01   1.0000000e-01
   1.1702500e+02  -3.0520000e+01   4.0000000e-02
   1.1705800e+02  -3.0510000e+01   4.0000000e-02
   1.1705500e+02  -3.0504000e+01   4.0000000e-02
   1.1704500e+02  -3.0506000e+01   4.0000000e-02
   1.1705800e+02  -3.0497000e+01   4.0000000e-02
   1.1704000e+02  -3.0505000e+01   4.0000000e-02
   1.1708400e+02  -3.0479000e+01   1.2000000e-01
   1.1709400e+02  -3.0432000e+01   4.0000000e-02
   1.1707500e+02  -3.0536000e+01   4.0000000e-02
   1.1704800e+02  -3.0503000e+01   4.0000000e-02
   1.1704100e+02  -3.0526000e+01   4.0000000e-02
   1.1705700e+02  -3.0532000e+01   4.0000000e-02
   1.1705800e+02  -3.0486000e+01   8.0000000e-02
   1.1706400e+02  -3.0507000e+01   4.0000000e-02
   1.1707800e+02  -3.0505000e+01   4.0000000e-02
   1.1706900e+02  -3.0501000e+01   4.0000000e-02
   1.1706200e+02  -3.0504000e+01   4.0000000e-02
   1.1706200e+02  -3.0511000e+01   4.0000000e-02
   1.1707200e+02  -3.0504000e+01   8.0000000e-02
   1.1705500e+02  -3.0541000e+01   4.0000000e-02
   1.1707300e+02  -3.0500000e+01   4.0000000e-02
   1.1706500e+02  -3.0505000e+01   4.0000000e-02
   1.1706800e+02  -3.0508000e+01   4.0000000e-02
   1.1707100e+02  -3.0505000e+01   4.0000000e-02
   1.1706000e+02  -3.0511000e+01   4.0000000e-02
   1.1706400e+02  -3.0508000e+01   4.0000000e-02
   1.1706000e+02  -3.0520000e+01   4.0000000e-02
   1.1703700e+02  -3.0536000e+01   4.0000000e-02
   1.1703100e+02  -3.0517000e+01   4.0000000e-02
   1.1705200e+02  -3.0526000e+01   4.0000000e-02
   1.1704800e+02  -3.0523000e+01   8.0000000e-02
   1.1703800e+02  -3.0528000e+01   8.0000000e-02
   1.1704800e+02  -3.0530000e+01   4.0000000e-02
   1.1703900e+02  -3.0544000e+01   4.0000000e-02
   1.1704200e+02  -3.0544000e+01   4.0000000e-02
   1.1704300e+02  -3.0545000e+01   4.0000000e-02
   1.1704800e+02  -3.0541000e+01   4.0000000e-02
   1.1674100e+02  -3.1986000e+01   4.0000000e-02
   1.1706000e+02  -3.0529000e+01   4.0000000e-02
   1.1705100e+02  -3.0521000e+01   4.0000000e-02
   1.1703500e+02  -3.0536000e+01   4.0000000e-02
   1.1707700e+02  -3.0554000e+01   4.0000000e-02
   1.1706400e+02  -3.0542000e+01   4.0000000e-02
   1.1706100e+02  -3.0542000e+01   4.0000000e-02
   1.1707500e+02  -3.0544000e+01   8.0000000e-02
   1.1706300e+02  -3.0546000e+01   4.0000000e-02
   1.1704400e+02  -3.0521000e+01   4.0000000e-02
   1.1705000e+02  -3.0532000e+01   4.0000000e-02
   1.1708200e+02  -3.0488000e+01   4.0000000e-02
   1.1706400e+02  -3.0517000e+01   4.0000000e-02
   1.1705400e+02  -3.0521000e+01   4.0000000e-02
   1.1703800e+02  -3.0530000e+01   4.0000000e-02
   1.1705400e+02  -3.0537000e+01   4.0000000e-02
   1.1705500e+02  -3.0544000e+01   4.0000000e-02
   1.1706900e+02  -3.0538000e+01   8.0000000e-02
   1.1707000e+02  -3.0533000e+01   8.0000000e-02
   1.1703300e+02  -3.0532000e+01   4.0000000e-02
   1.1704300e+02  -3.0523000e+01   4.0000000e-02
   1.1704900e+02  -3.0557000e+01   4.0000000e-02
   1.1703300e+02  -3.0557000e+01   4.0000000e-02
   1.1707600e+02  -3.0541000e+01   4.0000000e-02
   1.1707300e+02  -3.0542000e+01   4.0000000e-02
   1.1767800e+02  -3.1385000e+01   4.0000000e-02
   1.1707300e+02  -3.0540000e+01   4.0000000e-02
   1.1706200e+02  -3.0562000e+01   4.0000000e-02
   1.1708600e+02  -3.0481000e+01   4.0000000e-02
   1.1706300e+02  -3.0549000e+01   4.0000000e-02
   1.1705700e+02  -3.0550000e+01   4.0000000e-02
   1.1707600e+02  -3.0549000e+01   4.0000000e-02
   1.1703400e+02  -3.0541000e+01   4.0000000e-02
   1.1706600e+02  -3.0550000e+01   4.0000000e-02
   1.1706700e+02  -3.0526000e+01   4.0000000e-02
   1.1707600e+02  -3.0542000e+01   4.0000000e-02
   1.1705700e+02  -3.0543000e+01   4.0000000e-02
   1.1703700e+02  -3.0533000e+01   4.0000000e-02
   1.1704800e+02  -3.0549000e+01   4.0000000e-02
   1.1705100e+02  -3.0542000e+01   8.0000000e-02
   1.1707700e+02  -3.0548000e+01   4.0000000e-02
   1.1705500e+02  -3.0548000e+01   4.0000000e-02
   1.1706800e+02  -3.0533000e+01   1.0000000e-01
   1.1702200e+02  -3.0572000e+01   4.0000000e-02
   1.1704200e+02  -3.0545000e+01   4.0000000e-02
   1.1703800e+02  -3.0531000e+01   4.0000000e-02
   1.1704200e+02  -3.0520000e+01   8.0000000e-02
   1.1769200e+02  -3.1378000e+01   8.0000000e-02
   1.1704700e+02  -3.0549000e+01   4.0000000e-02
   1.1704500e+02  -3.0542000e+01   4.0000000e-02
   1.1706900e+02  -3.0538000e+01   4.0000000e-02
   1.1703800e+02  -3.0554000e+01   4.0000000e-02
   1.1703500e+02  -3.0550000e+01   4.0000000e-02
   1.1705000e+02  -3.0549000e+01   4.0000000e-02
   1.1706500e+02  -3.0527000e+01   8.0000000e-02
   1.1705500e+02  -3.0535000e+01   8.0000000e-02
   1.1705900e+02  -3.0533000e+01   4.0000000e-02
   1.1706900e+02  -3.0531000e+01   1.0000000e-01
   1.1705400e+02  -3.0516000e+01   4.0000000e-02
   1.1768700e+02  -3.1368000e+01   4.0000000e-02
   1.1768300e+02  -3.1378000e+01   4.0000000e-02
   1.1768400e+02  -3.1373000e+01   4.0000000e-02
   1.1706100e+02  -3.0533000e+01   4.0000000e-02
   1.1803800e+02  -3.0871000e+01   4.0000000e-02
   1.1705400e+02  -3.0523000e+01   4.0000000e-02
   1.1703900e+02  -3.0544000e+01   4.0000000e-02
   1.1701900e+02  -3.0536000e+01   4.0000000e-02
   1.1705300e+02  -3.0521000e+01   4.0000000e-02
   1.1704500e+02  -3.0508000e+01   4.0000000e-02
   1.1704400e+02  -3.0520000e+01   4.0000000e-02
   1.1704400e+02  -3.0526000e+01   4.0000000e-02
   1.1703200e+02  -3.0540000e+01   4.0000000e-02
   1.1705600e+02  -3.0535000e+01   4.0000000e-02
   1.1704600e+02  -3.0530000e+01   4.0000000e-02
   1.1704600e+02  -3.0514000e+01   4.0000000e-02
   1.1720300e+02  -3.0716000e+01   4.0000000e-02
   1.1704300e+02  -3.0518000e+01   4.0000000e-02
   1.1630900e+02  -3.0765000e+01   4.0000000e-02
   1.1705900e+02  -3.0520000e+01   4.0000000e-02
   1.1705500e+02  -3.0536000e+01   4.0000000e-02
   1.1704000e+02  -3.0520000e+01   4.0000000e-02
   1.1703800e+02  -3.0520000e+01   4.0000000e-02
   1.1704400e+02  -3.0509000e+01   4.0000000e-02
   1.1704200e+02  -3.0519000e+01   4.0000000e-02
   1.1704100e+02  -3.0518000e+01   4.0000000e-02
   1.1704800e+02  -3.0517000e+01   4.0000000e-02
   1.1705800e+02  -3.0526000e+01   4.0000000e-02
   1.1705200e+02  -3.0511000e+01   4.0000000e-02
   1.1704800e+02  -3.0524000e+01   4.0000000e-02
   1.1705600e+02  -3.0506000e+01   8.0000000e-02
   1.1705700e+02  -3.0513000e+01   4.0000000e-02
   1.1706100e+02  -3.0521000e+01   4.0000000e-02
   1.1706700e+02  -3.0511000e+01   4.0000000e-02
   1.1704000e+02  -3.0519000e+01   4.0000000e-02
   1.1705900e+02  -3.0510000e+01   4.0000000e-02
   1.1704200e+02  -3.0521000e+01   4.0000000e-02
   1.1704700e+02  -3.0519000e+01   4.0000000e-02
   1.1705100e+02  -3.0519000e+01   4.0000000e-02
   1.1708500e+02  -3.0498000e+01   8.0000000e-02
   1.1703700e+02  -3.0524000e+01   4.0000000e-02
   1.1703800e+02  -3.0523000e+01   4.0000000e-02
   1.1704500e+02  -3.0518000e+01   4.0000000e-02
   1.1704700e+02  -3.0534000e+01   4.0000000e-02
   1.1704600e+02  -3.0517000e+01   4.0000000e-02
   1.1704900e+02  -3.0525000e+01   8.0000000e-02
   1.1703900e+02  -3.0513000e+01   4.0000000e-02
   1.1705900e+02  -3.0513000e+01   4.0000000e-02
   1.1704900e+02  -3.0509000e+01   4.0000000e-02
   1.1704600e+02  -3.0493000e+01   4.0000000e-02
   1.1704500e+02  -3.0501000e+01   8.0000000e-02
   1.1705500e+02  -3.0511000e+01   4.0000000e-02
   1.1705400e+02  -3.0513000e+01   4.0000000e-02
   1.1705500e+02  -3.0514000e+01   4.0000000e-02
   1.1705700e+02  -3.0512000e+01   4.0000000e-02
   1.1706000e+02  -3.0512000e+01   4.0000000e-02
   1.1705600e+02  -3.0511000e+01   4.0000000e-02
   1.1707200e+02  -3.0516000e+01   4.0000000e-02
   1.1705700e+02  -3.0520000e+01   4.0000000e-02
   1.1706200e+02  -3.0509000e+01   4.0000000e-02
   1.1700300e+02  -3.0532000e+01   4.0000000e-02
   1.1706000e+02  -3.0540000e+01   4.0000000e-02
   1.1703200e+02  -3.0539000e+01   4.0000000e-02
   1.1705200e+02  -3.0560000e+01   4.0000000e-02
   1.1705400e+02  -3.0517000e+01   8.0000000e-02
   1.1706100e+02  -3.0536000e+01   1.2000000e-01
   1.1704700e+02  -3.0537000e+01   4.0000000e-02
   1.1708700e+02  -3.0530000e+01   8.0000000e-02
   1.1767900e+02  -3.1377000e+01   4.0000000e-02
   1.1685800e+02  -3.0252000e+01   4.0000000e-02
   1.1728200e+02  -3.0421000e+01   4.0000000e-02
   1.1777800e+02  -3.2111000e+01   4.0000000e-02
   1.1780100e+02  -3.2126000e+01   4.0000000e-02
   1.1828500e+02  -3.1897000e+01   4.0000000e-02
   1.1793300e+02  -3.1628000e+01   4.0000000e-02
   1.1782200e+02  -3.2145000e+01   4.0000000e-02
   1.1853000e+02  -3.0560000e+01   4.0000000e-02
   1.1859000e+02  -3.0610000e+01   4.0000000e-02
   1.1770600e+02  -3.2323000e+01   4.0000000e-02
   1.1629000e+02  -3.1170000e+01   4.0000000e-02
   1.1828800e+02  -3.1884000e+01   4.0000000e-02
   1.1831000e+02  -3.1960000e+01   4.0000000e-02
   1.1769000e+02  -3.1460000e+01   4.0000000e-02
   1.1838100e+02  -3.1889000e+01   4.0000000e-02
   1.1767600e+02  -3.1468000e+01   4.0000000e-02
   1.1826500e+02  -3.1872000e+01   4.0000000e-02
   1.1788400e+02  -3.1779000e+01   4.0000000e-02
   1.1767900e+02  -3.1457000e+01   4.0000000e-02
   1.1705900e+02  -3.1672000e+01   4.0000000e-02
   1.1827100e+02  -3.1904000e+01   4.0000000e-02
   1.1830600e+02  -3.1872000e+01   4.0000000e-02
   1.1769100e+02  -3.1460000e+01   4.0000000e-02
   1.1555900e+02  -2.9354000e+01   4.0000000e-02
   1.1696100e+02  -3.0534000e+01   4.0000000e-02
   1.1702200e+02  -3.0500000e+01   4.0000000e-02
   1.1781200e+02  -3.0605000e+01   4.0000000e-02
   1.1803600e+02  -3.0873000e+01   4.0000000e-02
   1.1806300e+02  -3.0844000e+01   4.0000000e-02
   1.1680200e+02  -3.1886000e+01   4.0000000e-02
   1.1803800e+02  -3.0856000e+01   4.0000000e-02
   1.1766000e+02  -3.1441000e+01   4.0000000e-02
   1.1782000e+02  -3.0614000e+01   4.0000000e-02
   1.1707000e+02  -3.0642000e+01   4.0000000e-02
   1.1707500e+02  -3.0646000e+01   4.0000000e-02
   1.1662600e+02  -3.0449000e+01   4.0000000e-02
   1.1710100e+02  -3.0623000e+01   4.0000000e-02
   1.1709900e+02  -3.0622000e+01   4.0000000e-02
   1.1710200e+02  -3.0626000e+01   8.0000000e-02
   1.1705800e+02  -3.0526000e+01   8.0000000e-02
   1.1709800e+02  -3.0636000e+01   4.0000000e-02
   1.1707000e+02  -3.0647000e+01   4.0000000e-02
   1.1710500e+02  -3.0796000e+01   4.0000000e-02
   1.1708400e+02  -3.0635000e+01   4.0000000e-02
   1.1708900e+02  -3.0641000e+01   4.0000000e-02
   1.1708900e+02  -3.0627000e+01   8.0000000e-02
   1.1710600e+02  -3.0617000e+01   4.0000000e-02
   1.1709200e+02  -3.0645000e+01   4.0000000e-02
   1.1710000e+02  -3.0627000e+01   4.0000000e-02
   1.1849000e+02  -3.0551000e+01   4.0000000e-02
   1.1704900e+02  -3.0538000e+01   4.0000000e-02
   1.1672700e+02  -3.2047000e+01   4.0000000e-02
   1.1853000e+02  -3.0570000e+01   4.0000000e-02
   1.1845000e+02  -3.0530000e+01   4.0000000e-02
   1.1859200e+02  -3.0580000e+01   4.0000000e-02
   1.1859800e+02  -3.0578000e+01   4.0000000e-02
   1.1780000e+02  -3.1600000e+01   4.0000000e-02
   1.1698600e+02  -3.1708000e+01   4.0000000e-02
   1.1857400e+02  -3.0578000e+01   4.0000000e-02
   1.1692900e+02  -3.0972000e+01   4.0000000e-02
   1.1713000e+02  -3.0784000e+01   4.0000000e-02
   1.1784000e+02  -3.0710000e+01   4.0000000e-02
   1.1785000e+02  -3.0700000e+01   4.0000000e-02
   1.1779000e+02  -3.0750000e+01   8.0000000e-02
   1.1779000e+02  -3.0750000e+01   4.0000000e-02
   1.1672000e+02  -3.1970000e+01   4.0000000e-02
   1.1670000e+02  -3.1010000e+01   4.0000000e-02
   1.1631000e+02  -3.0770000e+01   4.0000000e-02
   1.1795000e+02  -3.1530000e+01   4.0000000e-02
   1.1766000e+02  -3.1470000e+01   4.0000000e-02
   1.1703000e+02  -3.1720000e+01   4.0000000e-02
   1.1705000e+02  -3.1660000e+01   4.0000000e-02
   1.1790000e+02  -3.0940000e+01   4.0000000e-02
   1.1710000e+02  -3.0540000e+01   4.0000000e-02
   1.1720000e+02  -3.2100000e+01   4.0000000e-02
   1.1801000e+02  -3.2420000e+01   4.0000000e-02
   1.1747000e+02  -3.1210000e+01   4.0000000e-02
   1.1817000e+02  -3.0820000e+01   4.0000000e-02
   1.1817000e+02  -3.0820000e+01   4.0000000e-02
   1.1748000e+02  -3.1210000e+01   4.0000000e-02
   1.1731000e+02  -3.0240000e+01   4.0000000e-02
   1.1685000e+02  -3.1600000e+01   4.0000000e-02
   1.1770000e+02  -3.1489000e+01   4.0000000e-02
   1.1770500e+02  -3.1476000e+01   4.0000000e-02
   1.1769500e+02  -3.1485000e+01   4.0000000e-02
   1.1704600e+02  -3.1710000e+01   4.0000000e-02
   1.1785500e+02  -3.0881000e+01   4.0000000e-02
   1.1728400e+02  -3.0406000e+01   4.0000000e-02
   1.1786000e+02  -3.0931000e+01   4.0000000e-02
   1.1710700e+02  -3.0734000e+01   4.0000000e-02
   1.1788400e+02  -3.0916000e+01   4.0000000e-02
   1.1748300e+02  -3.1222000e+01   4.0000000e-02
   1.1709600e+02  -3.0791000e+01   4.0000000e-02
   1.1766300e+02  -3.1464000e+01   4.0000000e-02
   1.1726200e+02  -3.1984000e+01   4.0000000e-02
   1.1896700e+02  -3.2058000e+01   4.0000000e-02
   1.1766800e+02  -3.1471000e+01   4.0000000e-02
   1.1707600e+02  -3.0795000e+01   4.0000000e-02
   1.1766300e+02  -3.1472000e+01   4.0000000e-02
   1.1767600e+02  -3.1450000e+01   4.0000000e-02
   1.1767300e+02  -3.1459000e+01   8.0000000e-02
   1.1707100e+02  -3.0844000e+01   4.0000000e-02
   1.1770000e+02  -3.1466000e+01   4.0000000e-02
   1.1768800e+02  -3.1481000e+01   4.0000000e-02
   1.1769400e+02  -3.1473000e+01   8.0000000e-02
   1.1769400e+02  -3.1473000e+01   8.0000000e-02
   1.1769300e+02  -3.1474000e+01   4.0000000e-02
   1.1767100e+02  -3.1475000e+01   8.0000000e-02
   1.1767100e+02  -3.1475000e+01   8.0000000e-02
   1.1767900e+02  -3.1481000e+01   4.0000000e-02
   1.1767700e+02  -3.1489000e+01   4.0000000e-02
   1.1767600e+02  -3.1463000e+01   4.0000000e-02
   1.1767300e+02  -3.1465000e+01   4.0000000e-02
   1.1769000e+02  -3.1467000e+01   4.0000000e-02
   1.1769500e+02  -3.1461000e+01   4.0000000e-02
   1.1768700e+02  -3.1475000e+01   4.0000000e-02
   1.1767900e+02  -3.1469000e+01   4.0000000e-02
   1.1768200e+02  -3.1462000e+01   4.0000000e-02
   1.1768900e+02  -3.1454000e+01   4.0000000e-02
   1.1770400e+02  -3.1462000e+01   4.0000000e-02
   1.1768500e+02  -3.1465000e+01   4.0000000e-02
   1.1769000e+02  -3.1471000e+01   4.0000000e-02
   1.1768800e+02  -3.1469000e+01   4.0000000e-02
   1.1769000e+02  -3.1462000e+01   4.0000000e-02
   1.1768200e+02  -3.1467000e+01   4.0000000e-02
   1.1766800e+02  -3.1474000e+01   4.0000000e-02
   1.1768300e+02  -3.1463000e+01   4.0000000e-02
   1.1767600e+02  -3.1466000e+01   4.0000000e-02
   1.1768500e+02  -3.1465000e+01   4.0000000e-02
   1.1768300e+02  -3.1464000e+01   8.0000000e-02
   1.1768500e+02  -3.1464000e+01   4.0000000e-02
   1.1716300e+02  -3.2141000e+01   4.0000000e-02
   1.1747700e+02  -3.1207000e+01   8.0000000e-02
   1.1768700e+02  -3.1436000e+01   4.0000000e-02
   1.1768500e+02  -3.1444000e+01   4.0000000e-02
   1.1768800e+02  -3.1440000e+01   4.0000000e-02
   1.1769300e+02  -3.1434000e+01   4.0000000e-02
   1.1769000e+02  -3.1441000e+01   4.0000000e-02
   1.1768400e+02  -3.1475000e+01   4.0000000e-02
   1.1771100e+02  -3.1427000e+01   4.0000000e-02
   1.1771800e+02  -3.1424000e+01   4.0000000e-02
   1.1768600e+02  -3.1434000e+01   4.0000000e-02
   1.1770100e+02  -3.1427000e+01   4.0000000e-02
   1.1770800e+02  -3.1426000e+01   4.0000000e-02
   1.1893500e+02  -3.2066000e+01   4.0000000e-02
   1.1736800e+02  -3.2266000e+01   4.0000000e-02
   1.1776300e+02  -3.1431000e+01   4.0000000e-02
   1.1765600e+02  -3.1479000e+01   4.0000000e-02
   1.1768700e+02  -3.1479000e+01   4.0000000e-02
   1.1705600e+02  -3.1702000e+01   4.0000000e-02
   1.1833600e+02  -3.1229000e+01   4.0000000e-02
   1.1831700e+02  -3.1231000e+01   4.0000000e-02
   1.1769200e+02  -3.1455000e+01   4.0000000e-02
   1.1705300e+02  -3.1680000e+01   4.0000000e-02
   1.1647800e+02  -3.1000000e+01   4.0000000e-02
   1.1707900e+02  -3.1590000e+01   4.0000000e-02
   1.1767200e+02  -3.1471000e+01   4.0000000e-02
   1.1648500e+02  -3.0987000e+01   4.0000000e-02
   1.1719600e+02  -3.0737000e+01   4.0000000e-02
   1.1716600e+02  -3.0745000e+01   4.0000000e-02
   1.1654900e+02  -3.0645000e+01   4.0000000e-02
   1.1646500e+02  -3.0989000e+01   4.0000000e-02
   1.1649800e+02  -3.0997000e+01   4.0000000e-02
   1.1649000e+02  -3.0998000e+01   8.0000000e-02
   1.1649100e+02  -3.0990000e+01   4.0000000e-02
   1.1654200e+02  -3.0646000e+01   4.0000000e-02
   1.1767200e+02  -3.1468000e+01   4.0000000e-02
   1.1651900e+02  -3.0645000e+01   4.0000000e-02
   1.1704100e+02  -3.1707000e+01   8.0000000e-02
   1.1704600e+02  -3.1704000e+01   8.0000000e-02
   1.1766500e+02  -3.1475000e+01   4.0000000e-02
   1.1764900e+02  -3.1462000e+01   4.0000000e-02
   1.1769000e+02  -3.1438000e+01   4.0000000e-02
   1.1766700e+02  -3.1445000e+01   4.0000000e-02
   1.1768300e+02  -3.1447000e+01   4.0000000e-02
   1.1770700e+02  -3.1458000e+01   4.0000000e-02
   1.1767200e+02  -3.1452000e+01   4.0000000e-02
   1.1766500e+02  -3.1466000e+01   4.0000000e-02
   1.1767600e+02  -3.1451000e+01   4.0000000e-02
   1.1766500e+02  -3.1462000e+01   4.0000000e-02
   1.1767700e+02  -3.1444000e+01   4.0000000e-02
   1.1766900e+02  -3.1446000e+01   8.0000000e-02
   1.1769700e+02  -3.1437000e+01   4.0000000e-02
   1.1768200e+02  -3.1455000e+01   4.0000000e-02
   1.1768500e+02  -3.1444000e+01   4.0000000e-02
   1.1769000e+02  -3.1445000e+01   4.0000000e-02
   1.1767900e+02  -3.1443000e+01   8.0000000e-02
   1.1770100e+02  -3.1435000e+01   8.0000000e-02
   1.1766300e+02  -3.1470000e+01   4.0000000e-02
   1.1767800e+02  -3.1464000e+01   4.0000000e-02
   1.1770800e+02  -3.1445000e+01   4.0000000e-02
   1.1767900e+02  -3.1467000e+01   4.0000000e-02
   1.1771500e+02  -3.1450000e+01   4.0000000e-02
   1.1768800e+02  -3.1446000e+01   4.0000000e-02
   1.1768400e+02  -3.1461000e+01   4.0000000e-02
   1.1766500e+02  -3.1479000e+01   4.0000000e-02
   1.1767200e+02  -3.1450000e+01   1.0000000e-01
   1.1768900e+02  -3.1452000e+01   4.0000000e-02
   1.1769000e+02  -3.1461000e+01   4.0000000e-02
   1.1764400e+02  -3.1444000e+01   4.0000000e-02
   1.1769600e+02  -3.1472000e+01   4.0000000e-02
   1.1769500e+02  -3.1470000e+01   4.0000000e-02
   1.1770500e+02  -3.1466000e+01   4.0000000e-02
   1.1768500e+02  -3.1458000e+01   4.0000000e-02
   1.1770500e+02  -3.1468000e+01   4.0000000e-02
   1.1768500e+02  -3.1472000e+01   4.0000000e-02
   1.1770100e+02  -3.1448000e+01   4.0000000e-02
   1.1767300e+02  -3.1466000e+01   4.0000000e-02
   1.1768200e+02  -3.1459000e+01   4.0000000e-02
   1.1767900e+02  -3.1453000e+01   8.0000000e-02
   1.1767700e+02  -3.1462000e+01   4.0000000e-02
   1.1768900e+02  -3.1457000e+01   4.0000000e-02
   1.1769100e+02  -3.1459000e+01   4.0000000e-02
   1.1768400e+02  -3.1449000e+01   1.0000000e-01
   1.1767500e+02  -3.1456000e+01   4.0000000e-02
   1.1767400e+02  -3.1458000e+01   4.0000000e-02
   1.1770200e+02  -3.1446000e+01   4.0000000e-02
   1.1768400e+02  -3.1465000e+01   4.0000000e-02
   1.1769300e+02  -3.1458000e+01   4.0000000e-02
   1.1768800e+02  -3.1449000e+01   4.0000000e-02
   1.1764700e+02  -3.1472000e+01   4.0000000e-02
   1.1768700e+02  -3.1453000e+01   4.0000000e-02
   1.1827400e+02  -3.0748000e+01   4.0000000e-02
   1.1822100e+02  -3.0778000e+01   4.0000000e-02
   1.1708900e+02  -3.0787000e+01   4.0000000e-02
   1.1768500e+02  -3.1468000e+01   4.0000000e-02
   1.1769700e+02  -3.1445000e+01   4.0000000e-02
   1.1767700e+02  -3.1459000e+01   4.0000000e-02
   1.1766000e+02  -3.1469000e+01   4.0000000e-02
   1.1766200e+02  -3.1459000e+01   4.0000000e-02
   1.1768500e+02  -3.1454000e+01   4.0000000e-02
   1.1766200e+02  -3.1464000e+01   4.0000000e-02
   1.1767500e+02  -3.1460000e+01   4.0000000e-02
   1.1767300e+02  -3.1472000e+01   4.0000000e-02
   1.1768300e+02  -3.1468000e+01   4.0000000e-02
   1.1768000e+02  -3.1471000e+01   4.0000000e-02
   1.1767400e+02  -3.1470000e+01   4.0000000e-02
   1.1767300e+02  -3.1476000e+01   4.0000000e-02
   1.1768000e+02  -3.1460000e+01   4.0000000e-02
   1.1768400e+02  -3.1464000e+01   4.0000000e-02
   1.1767300e+02  -3.1461000e+01   8.0000000e-02
   1.1768300e+02  -3.1475000e+01   4.0000000e-02
   1.1767500e+02  -3.1470000e+01   4.0000000e-02
   1.1766900e+02  -3.1493000e+01   4.0000000e-02
   1.1768500e+02  -3.1465000e+01   4.0000000e-02
   1.1769600e+02  -3.1467000e+01   4.0000000e-02
   1.1767500e+02  -3.1460000e+01   4.0000000e-02
   1.1769300e+02  -3.1476000e+01   4.0000000e-02
   1.1768500e+02  -3.1475000e+01   4.0000000e-02
   1.1767800e+02  -3.1484000e+01   8.0000000e-02
   1.1769400e+02  -3.1459000e+01   4.0000000e-02
   1.1769900e+02  -3.1457000e+01   4.0000000e-02
   1.1768500e+02  -3.1476000e+01   4.0000000e-02
   1.1767300e+02  -3.1475000e+01   8.0000000e-02
   1.1769100e+02  -3.1468000e+01   4.0000000e-02
   1.1767900e+02  -3.1468000e+01   8.0000000e-02
   1.1767500e+02  -3.1475000e+01   4.0000000e-02
   1.1769700e+02  -3.1463000e+01   4.0000000e-02
   1.1768800e+02  -3.1469000e+01   4.0000000e-02
   1.1770100e+02  -3.1461000e+01   4.0000000e-02
   1.1769100e+02  -3.1465000e+01   4.0000000e-02
   1.1581400e+02  -2.9150000e+01   4.0000000e-02
   1.1768800e+02  -3.1471000e+01   4.0000000e-02
   1.1769900e+02  -3.1470000e+01   4.0000000e-02
   1.1766100e+02  -3.1458000e+01   4.0000000e-02
   1.1728000e+02  -3.1200000e+01   4.0000000e-02
   1.1766000e+02  -3.1468000e+01   4.0000000e-02
   1.1728400e+02  -3.1206000e+01   4.0000000e-02
   1.1728200e+02  -3.1200000e+01   4.0000000e-02
   1.1656800e+02  -3.1009000e+01   4.0000000e-02
   1.1658700e+02  -3.1004000e+01   4.0000000e-02
   1.1705900e+02  -3.0903000e+01   4.0000000e-02
   1.1689400e+02  -3.0450000e+01   4.0000000e-02
   1.1745700e+02  -3.0480000e+01   4.0000000e-02
   1.1766000e+02  -3.1472000e+01   4.0000000e-02
   1.1767900e+02  -3.1448000e+01   4.0000000e-02
   1.1768500e+02  -3.1454000e+01   8.0000000e-02
   1.1708800e+02  -3.1617000e+01   4.0000000e-02
   1.1764600e+02  -3.1473000e+01   4.0000000e-02
   1.1673400e+02  -3.1979000e+01   4.0000000e-02
   1.1721800e+02  -3.1162000e+01   4.0000000e-02
   1.1671800e+02  -3.1965000e+01   4.0000000e-02
   1.1672400e+02  -3.1978000e+01   8.0000000e-02
   1.1671900e+02  -3.1972000e+01   4.0000000e-02
   1.1671700e+02  -3.1965000e+01   4.0000000e-02
   1.1672300e+02  -3.1967000e+01   4.0000000e-02
   1.1672100e+02  -3.1977000e+01   4.0000000e-02
   1.1671800e+02  -3.1968000e+01   4.0000000e-02
   1.1672000e+02  -3.1970000e+01   4.0000000e-02
   1.1672100e+02  -3.1971000e+01   4.0000000e-02
   1.1672200e+02  -3.1973000e+01   4.0000000e-02
   1.1671400e+02  -3.1970000e+01   4.0000000e-02
   1.1672200e+02  -3.1968000e+01   4.0000000e-02
   1.1766400e+02  -3.1463000e+01   4.0000000e-02
   1.1694900e+02  -3.1754000e+01   4.0000000e-02
   1.1768600e+02  -3.1451000e+01   4.0000000e-02
   1.1768700e+02  -3.1457000e+01   4.0000000e-02
   1.1765700e+02  -3.1469000e+01   4.0000000e-02
   1.1765000e+02  -3.1473000e+01   4.0000000e-02
   1.1766800e+02  -3.1461000e+01   4.0000000e-02
   1.1765500e+02  -3.1483000e+01   4.0000000e-02
   1.1765500e+02  -3.1483000e+01   4.0000000e-02
   1.1766000e+02  -3.1477000e+01   4.0000000e-02
   1.1766000e+02  -3.1477000e+01   4.0000000e-02
   1.1768900e+02  -3.1460000e+01   4.0000000e-02
   1.1768900e+02  -3.1460000e+01   4.0000000e-02
   1.1768200e+02  -3.1469000e+01   4.0000000e-02
   1.1767100e+02  -3.1471000e+01   4.0000000e-02
   1.1767100e+02  -3.1471000e+01   4.0000000e-02
   1.1766900e+02  -3.1460000e+01   8.0000000e-02
   1.1766900e+02  -3.1460000e+01   8.0000000e-02
   1.1768200e+02  -3.1474000e+01   4.0000000e-02
   1.1768200e+02  -3.1474000e+01   4.0000000e-02
   1.1770600e+02  -3.0357000e+01   4.0000000e-02
   1.1768000e+02  -3.1461000e+01   4.0000000e-02
   1.1768000e+02  -3.1461000e+01   4.0000000e-02
   1.1767000e+02  -3.1489000e+01   4.0000000e-02
   1.1767000e+02  -3.1489000e+01   4.0000000e-02
   1.1705700e+02  -3.1560000e+01   1.0000000e-01
   1.1711900e+02  -3.0717000e+01   4.0000000e-02
   1.1711900e+02  -3.0717000e+01   4.0000000e-02
   1.1714100e+02  -3.0707000e+01   4.0000000e-02
   1.1714100e+02  -3.0707000e+01   4.0000000e-02
   1.1711500e+02  -3.0718000e+01   4.0000000e-02
   1.1711500e+02  -3.0718000e+01   4.0000000e-02
   1.1705500e+02  -3.1707000e+01   8.0000000e-02
   1.1768300e+02  -3.1459000e+01   4.0000000e-02
   1.1766500e+02  -3.1444000e+01   8.0000000e-02
   1.1767200e+02  -3.1442000e+01   4.0000000e-02
   1.1765100e+02  -3.1456000e+01   4.0000000e-02
   1.1763600e+02  -3.1452000e+01   4.0000000e-02
   1.1767500e+02  -3.1443000e+01   4.0000000e-02
   1.1767100e+02  -3.1451000e+01   4.0000000e-02
   1.1767100e+02  -3.1445000e+01   4.0000000e-02
   1.1766200e+02  -3.1460000e+01   4.0000000e-02
   1.1766700e+02  -3.1452000e+01   4.0000000e-02
   1.1766500e+02  -3.1449000e+01   4.0000000e-02
   1.1764500e+02  -3.1466000e+01   4.0000000e-02
   1.1765900e+02  -3.1454000e+01   4.0000000e-02
   1.1768100e+02  -3.1449000e+01   4.0000000e-02
   1.1764300e+02  -3.1457000e+01   4.0000000e-02
   1.1766000e+02  -3.1457000e+01   4.0000000e-02
   1.1766400e+02  -3.1459000e+01   4.0000000e-02
   1.1765800e+02  -3.1460000e+01   4.0000000e-02
   1.1802100e+02  -3.0849000e+01   4.0000000e-02
   1.1766100e+02  -3.1457000e+01   4.0000000e-02
   1.1766000e+02  -3.1456000e+01   4.0000000e-02
   1.1769400e+02  -3.1428000e+01   4.0000000e-02
   1.1766800e+02  -3.1445000e+01   4.0000000e-02
   1.1767000e+02  -3.1445000e+01   4.0000000e-02
   1.1767400e+02  -3.1448000e+01   4.0000000e-02
   1.1767100e+02  -3.1456000e+01   4.0000000e-02
   1.1765800e+02  -3.1462000e+01   4.0000000e-02
   1.1766600e+02  -3.1450000e+01   8.0000000e-02
   1.1767200e+02  -3.1448000e+01   4.0000000e-02
   1.1766700e+02  -3.1442000e+01   4.0000000e-02
   1.1766800e+02  -3.1451000e+01   4.0000000e-02
   1.1766900e+02  -3.1445000e+01   4.0000000e-02
   1.1767800e+02  -3.1445000e+01   4.0000000e-02
   1.1767300e+02  -3.1444000e+01   8.0000000e-02
   1.1766300e+02  -3.1450000e+01   4.0000000e-02
   1.1765900e+02  -3.1456000e+01   4.0000000e-02
   1.1767000e+02  -3.1450000e+01   4.0000000e-02
   1.1767000e+02  -3.1450000e+01   4.0000000e-02
   1.1767600e+02  -3.1448000e+01   4.0000000e-02
   1.1767000e+02  -3.1439000e+01   4.0000000e-02
   1.1765900e+02  -3.1472000e+01   4.0000000e-02
   1.1766000e+02  -3.1451000e+01   4.0000000e-02
   1.1761000e+02  -3.1450000e+01   8.0000000e-02
   1.1761000e+02  -3.1454000e+01   8.0000000e-02
   1.1771600e+02  -3.1450000e+01   4.0000000e-02
   1.1767200e+02  -3.1441000e+01   4.0000000e-02
   1.1767400e+02  -3.1439000e+01   4.0000000e-02
   1.1765900e+02  -3.1450000e+01   8.0000000e-02
   1.1709300e+02  -3.0792000e+01   4.0000000e-02
   1.1710700e+02  -3.0788000e+01   4.0000000e-02
   1.1711900e+02  -3.0729000e+01   4.0000000e-02
   1.1708000e+02  -3.0734000e+01   4.0000000e-02
   1.1700100e+02  -3.1655000e+01   4.0000000e-02
   1.1700700e+02  -3.1656000e+01   4.0000000e-02
   1.1728100e+02  -3.1219000e+01   4.0000000e-02
   1.1698700e+02  -3.1654000e+01   4.0000000e-02
   1.1701500e+02  -3.1659000e+01   4.0000000e-02
   1.1703600e+02  -3.1653000e+01   4.0000000e-02
   1.1729000e+02  -3.1219000e+01   4.0000000e-02
   1.1750300e+02  -3.1211000e+01   4.0000000e-02
   1.1749900e+02  -3.1295000e+01   4.0000000e-02
   1.1750400e+02  -3.1251000e+01   4.0000000e-02
   1.1752100e+02  -3.1211000e+01   4.0000000e-02
   1.1707500e+02  -3.0803000e+01   4.0000000e-02
   1.1750900e+02  -3.1222000e+01   4.0000000e-02
   1.1750800e+02  -3.1214000e+01   4.0000000e-02
   1.1748000e+02  -3.1221000e+01   4.0000000e-02
   1.1707200e+02  -3.0810000e+01   4.0000000e-02
   1.1712100e+02  -3.0742000e+01   4.0000000e-02
   1.1710300e+02  -3.0786000e+01   8.0000000e-02
   1.1551800e+02  -3.0052000e+01   4.0000000e-02
   1.1554600e+02  -3.0058000e+01   4.0000000e-02
   1.1772800e+02  -3.0371000e+01   4.0000000e-02
   1.1767300e+02  -3.0384000e+01   4.0000000e-02
   1.1770400e+02  -3.0381000e+01   4.0000000e-02
   1.1772200e+02  -3.0377000e+01   4.0000000e-02
   1.1772600e+02  -3.0429000e+01   4.0000000e-02
   1.1769900e+02  -3.0392000e+01   4.0000000e-02
   1.1771000e+02  -3.0367000e+01   4.0000000e-02
   1.1770700e+02  -3.0371000e+01   4.0000000e-02
   1.1661900e+02  -3.1032000e+01   4.0000000e-02
   1.1714400e+02  -3.2390000e+01   4.0000000e-02
   1.1714600e+02  -3.2386000e+01   4.0000000e-02
   1.1705900e+02  -3.0832000e+01   4.0000000e-02
   1.1767900e+02  -3.0389000e+01   4.0000000e-02
   1.1707500e+02  -3.0815000e+01   4.0000000e-02
   1.1698100e+02  -3.1711000e+01   4.0000000e-02
   1.1705800e+02  -3.0878000e+01   4.0000000e-02
   1.1672000e+02  -3.1979000e+01   4.0000000e-02
   1.1673000e+02  -3.1972000e+01   4.0000000e-02
   1.1544800e+02  -3.0086000e+01   4.0000000e-02
   1.1671900e+02  -3.1978000e+01   4.0000000e-02
   1.1692400e+02  -3.1815000e+01   4.0000000e-02
   1.1672400e+02  -3.1984000e+01   4.0000000e-02
   1.1672800e+02  -3.1987000e+01   8.0000000e-02
   1.1672800e+02  -3.1987000e+01   8.0000000e-02
   1.1672700e+02  -3.1973000e+01   4.0000000e-02
   1.1678600e+02  -3.1977000e+01   8.0000000e-02
   1.1673600e+02  -3.1977000e+01   8.0000000e-02
   1.1838800e+02  -3.0725000e+01   4.0000000e-02
   1.1702300e+02  -3.0613000e+01   4.0000000e-02
   1.1702200e+02  -3.0617000e+01   4.0000000e-02
   1.1725200e+02  -3.1175000e+01   4.0000000e-02
   1.1708100e+02  -3.0843000e+01   4.0000000e-02
   1.1709500e+02  -3.0860000e+01   4.0000000e-02
   1.1790300e+02  -3.1537000e+01   4.0000000e-02
   1.1791100e+02  -3.1518000e+01   4.0000000e-02
   1.1705600e+02  -3.1705000e+01   4.0000000e-02
   1.1790900e+02  -3.1543000e+01   4.0000000e-02
   1.1725300e+02  -3.1173000e+01   4.0000000e-02
   1.1708800e+02  -3.1625000e+01   4.0000000e-02
   1.1724700e+02  -3.1175000e+01   4.0000000e-02
   1.1724400e+02  -3.1177000e+01   4.0000000e-02
   1.1723600e+02  -3.1177000e+01   4.0000000e-02
   1.1849700e+02  -3.0587000e+01   4.0000000e-02
   1.1848100e+02  -3.0605000e+01   1.0000000e-01
   1.1724800e+02  -3.1179000e+01   4.0000000e-02
   1.1620700e+02  -2.9802000e+01   4.0000000e-02
   1.1726400e+02  -3.1168000e+01   4.0000000e-02
   1.1726300e+02  -3.1171000e+01   4.0000000e-02
   1.1725500e+02  -3.1166000e+01   4.0000000e-02
   1.1726700e+02  -3.1166000e+01   4.0000000e-02
   1.1741200e+02  -3.2152000e+01   4.0000000e-02
   1.1745200e+02  -3.2215000e+01   4.0000000e-02
   1.1705600e+02  -3.1706000e+01   4.0000000e-02
   1.1709200e+02  -3.0786000e+01   4.0000000e-02
   1.1618000e+02  -3.1500000e+01   4.0000000e-02
   1.1618100e+02  -3.1496000e+01   4.0000000e-02
   1.1787600e+02  -3.0868000e+01   4.0000000e-02
   1.1696300e+02  -3.1643000e+01   4.0000000e-02
   1.1708800e+02  -3.1620000e+01   4.0000000e-02
   1.1709300e+02  -3.0845000e+01   4.0000000e-02
   1.1709200e+02  -3.0853000e+01   4.0000000e-02
   1.1725900e+02  -3.1160000e+01   4.0000000e-02
   1.1717100e+02  -3.0720000e+01   4.0000000e-02
   1.1705600e+02  -3.1709000e+01   4.0000000e-02
   1.1706500e+02  -3.1713000e+01   4.0000000e-02
   1.1701900e+02  -3.0425000e+01   4.0000000e-02
   1.1739800e+02  -3.2225000e+01   4.0000000e-02
   1.1738800e+02  -3.2216000e+01   4.0000000e-02
   1.1738700e+02  -3.2217000e+01   4.0000000e-02
   1.1815200e+02  -3.0938000e+01   4.0000000e-02
   1.1818400e+02  -3.0930000e+01   4.0000000e-02
   1.1742100e+02  -3.2249000e+01   4.0000000e-02
   1.1716900e+02  -3.0773000e+01   4.0000000e-02
   1.1709600e+02  -3.1617000e+01   4.0000000e-02
   1.1648100e+02  -3.0774000e+01   4.0000000e-02
   1.1709200e+02  -3.0510000e+01   4.0000000e-02
   1.1709200e+02  -3.0510000e+01   4.0000000e-02
   1.1712200e+02  -3.0516000e+01   4.0000000e-02
   1.1719600e+02  -3.2143000e+01   4.0000000e-02
   1.1719600e+02  -3.2143000e+01   4.0000000e-02
   1.1565000e+02  -3.2211000e+01   4.0000000e-02
   1.1708200e+02  -3.0790000e+01   4.0000000e-02
   1.1707200e+02  -3.0797000e+01   4.0000000e-02
   1.1707200e+02  -3.0797000e+01   4.0000000e-02
   1.1716800e+02  -3.0881000e+01   4.0000000e-02
   1.1716800e+02  -3.0881000e+01   4.0000000e-02
   1.1555600e+02  -3.0075000e+01   8.0000000e-02
   1.1555600e+02  -3.0075000e+01   8.0000000e-02
   1.1625100e+02  -3.0737000e+01   4.0000000e-02
   1.1707000e+02  -3.0804000e+01   4.0000000e-02
   1.1706100e+02  -3.0813000e+01   4.0000000e-02
   1.1781300e+02  -3.0752000e+01   4.0000000e-02
   1.1781300e+02  -3.0752000e+01   4.0000000e-02
   1.1636300e+02  -3.0522000e+01   8.0000000e-02
   1.1636300e+02  -3.0522000e+01   8.0000000e-02
   1.1706100e+02  -3.1704000e+01   4.0000000e-02
   1.1706100e+02  -3.1704000e+01   4.0000000e-02
   1.1704000e+02  -3.1645000e+01   4.0000000e-02
   1.1704000e+02  -3.1645000e+01   4.0000000e-02
   1.1704400e+02  -3.1649000e+01   8.0000000e-02
   1.1823600e+02  -3.0714000e+01   4.0000000e-02
   1.1824200e+02  -3.0743000e+01   4.0000000e-02
   1.1727400e+02  -3.1988000e+01   4.0000000e-02
   1.1727400e+02  -3.1988000e+01   4.0000000e-02
   1.1727500e+02  -3.1989000e+01   4.0000000e-02
   1.1727500e+02  -3.1989000e+01   4.0000000e-02
   1.1707000e+02  -3.1689000e+01   4.0000000e-02
   1.1707000e+02  -3.1689000e+01   4.0000000e-02
   1.1700200e+02  -3.1700000e+01   4.0000000e-02
   1.1700200e+02  -3.1700000e+01   4.0000000e-02
   1.1775300e+02  -2.9938000e+01   4.0000000e-02
   1.1714200e+02  -3.2246000e+01   4.0000000e-02
   1.1711300e+02  -3.0773000e+01   4.0000000e-02
   1.1720200e+02  -3.2186000e+01   4.0000000e-02
   1.1714100e+02  -3.0888000e+01   4.0000000e-02
   1.1700600e+02  -3.1572000e+01   4.0000000e-02
   1.1702800e+02  -3.0502000e+01   4.0000000e-02
   1.1704900e+02  -3.0500000e+01   4.0000000e-02
   1.1706800e+02  -3.1700000e+01   4.0000000e-02
   1.1708600e+02  -3.0787000e+01   4.0000000e-02
   1.1714300e+02  -3.0731000e+01   4.0000000e-02
   1.1709200e+02  -3.0793000e+01   4.0000000e-02
   1.1708000e+02  -3.0692000e+01   4.0000000e-02
   1.1648400e+02  -3.0713000e+01   4.0000000e-02
   1.1701800e+02  -3.0913000e+01   4.0000000e-02
   1.1703500e+02  -3.1671000e+01   4.0000000e-02
   1.1709000e+02  -3.0762000e+01   4.0000000e-02
   1.1727400e+02  -3.1998000e+01   4.0000000e-02
   1.1727000e+02  -3.2000000e+01   4.0000000e-02
   1.1675500e+02  -3.1032000e+01   8.0000000e-02
   1.1709900e+02  -3.0734000e+01   4.0000000e-02
   1.1769900e+02  -3.0861000e+01   4.0000000e-02
   1.1714500e+02  -3.0712000e+01   4.0000000e-02
   1.1720500e+02  -3.2216000e+01   4.0000000e-02
   1.1728400e+02  -3.2027000e+01   4.0000000e-02
   1.1705100e+02  -3.1708000e+01   4.0000000e-02
   1.1704900e+02  -3.1711000e+01   8.0000000e-02
   1.1704600e+02  -3.1710000e+01   4.0000000e-02
   1.1727800e+02  -3.2000000e+01   4.0000000e-02
   1.1727500e+02  -3.1997000e+01   4.0000000e-02
   1.1727100e+02  -3.2003000e+01   4.0000000e-02
   1.1725700e+02  -3.2000000e+01   4.0000000e-02
   1.1725800e+02  -3.2009000e+01   4.0000000e-02
   1.1727900e+02  -3.1997000e+01   8.0000000e-02
   1.1728000e+02  -3.2000000e+01   8.0000000e-02
