    17842  37.286336 -121.668750     3.703      134.1     -443.7       54.6     13.9     31.7     24.6 1984  4 25  4 35 19.170 1.9   1
    22271  37.296114 -121.666366     3.784      345.9      641.4      136.0    346.9   1008.8   1097.7 1984  7  7  0 17  9.970 2.7   1
    42349  37.285860 -121.669124     3.685      101.1     -496.9       36.9     61.9     89.0    337.9 1985  2 28  1  9 58.300 0.8   1
    42555  37.286100 -121.668823     3.671      127.5     -469.9       22.9    153.2    113.1    354.8 1985  3  2  6 53 56.010 1.7   1
    77218  37.286454 -121.669295     3.592       86.1     -430.9      -55.8    153.5    114.7    360.5 1986  7 25  9 22 50.290 2.3   1
    81017  37.295093 -121.665649     3.904      409.5      528.0      255.8    218.1    597.5    520.9 1986  9  2  7 24 15.870 0.8   1
   101362  37.285738 -121.668612     3.550      146.5     -510.4      -98.7    150.2    114.3    359.6 1987  6  3  6 58 51.320 1.7   1
   120788  37.294181 -121.671851     3.655     -140.8      426.7        6.6    994.9    742.7   1294.6 1988  7 23 10 42 21.740 1.5   1
   126189  37.286377 -121.669271     3.602       88.0     -439.2      -46.6    152.4    113.5    357.5 1988 11  2  3  9 12.610 1.9   1
   148939  37.285982 -121.669165     3.577       97.7     -483.2      -71.5    181.3    140.0    426.7 1989 12 13  5 33 46.080 1.6   1
   160503  37.286483 -121.669751     3.626       45.1     -427.9      -21.9    152.1    111.9    353.7 1990  7  5 20  4 42.800 1.7   1
   215747  37.285795 -121.669002     3.545      112.2     -504.1     -102.7    149.8    113.6    358.4 1991  5 29  9 45 22.620 1.8   1
   238790  37.286080 -121.669336     3.587       82.2     -472.5      -61.1    157.6    118.9    371.3 1991 12  4  0  8 49.550 1.9   1
   314921  37.286296 -121.669165     3.695       97.4     -448.4       46.9     71.1    110.0    405.2 1992  9 11  1 22 13.650 1.1   1
 30069218  37.286230 -121.668823     3.705      127.5     -455.5       56.7     75.2    118.2    432.3 1995  3  3  9 38 49.200 1.2   1
 30069222  37.285881 -121.668734     3.633      135.8     -494.5      -15.7    151.4    112.8    354.6 1995  3  3 12 30 15.850 1.8   1
 30076454  37.297795 -121.669132     5.476      100.2      827.6     1828.3    569.0    384.2    592.8 1995  7  4 11 20 49.790 2.7   1
 30092060  37.285689 -121.668872     3.531      123.3     -515.6     -117.2    150.8    115.2    362.2 1995 12 15 18 53 39.820 1.8   1
   478138  37.292318 -121.674382     4.169     -364.8      219.9      520.6    135.9    147.0    584.0 1996  9  2 20 27  0.360 2.0   1
   478141  37.292920 -121.675309     4.427     -447.5      286.7      778.5    156.4    157.0    580.9 1996  9  2 20 36  3.960 1.4   1
   478159  37.291309 -121.673674     4.894     -302.6      107.8     1245.5    170.2    158.3    572.3 1996  9  3  0  2  4.940 1.2   1
   529274  37.290340 -121.673511     3.528     -288.1        0.3     -120.4    132.3    119.1    565.4 1997 10 28 12  1 44.750 1.6   1
