    17842  37.285775 -121.669279     3.692       87.3     -506.4       44.0     55.9     86.2     18.6 1984  4 25  4 35 19.170 1.9   1
    22271  37.298694 -121.667326     3.922      260.6      927.7      273.4    241.5    487.6     53.7 1984  7  7  0 17  9.970 2.7   1
    42349  37.286381 -121.664811     3.879      483.3     -439.0      230.3     74.2    121.0     24.0 1985  2 28  1  9 58.300 0.8   1
    42555  37.287472 -121.670524     3.733      -23.4     -318.1       84.8     61.6    100.0     21.2 1985  3  2  6 53 56.010 1.7   1
    77218  37.286214 -121.669604     3.653       58.2     -457.5        5.2     51.4    106.7     22.8 1986  7 25  9 22 50.290 2.3   1
    81017  37.296102 -121.671737     3.362     -130.6      639.8     -286.1     52.5    635.2    205.1 1986  9  2  7 24 15.870 0.8   1
   101362  37.290080 -121.672030     3.734     -156.9      -28.5       85.5     59.2     97.7     21.4 1987  6  3  6 58 51.320 1.7   1
   120788  37.296704 -121.672803     3.782     -225.0      706.8      133.3     75.2    138.2     28.2 1988  7 23 10 42 21.740 1.5   1
   126189  37.289246 -121.670955     3.770      -61.1     -120.8      122.3     62.8    103.9     21.9 1988 11  2  3  9 12.610 1.9   1
   148939  37.287968 -121.670996     3.693      -65.3     -262.9       44.8     59.0     95.7     20.8 1989 12 13  5 33 46.080 1.6   1
   160503  37.285612 -121.669393     3.689       77.5     -524.4       40.5     62.4     99.1     21.1 1990  7  5 20  4 42.800 1.7   1
   215747  37.288631 -121.671370     3.706      -97.9     -189.0       58.3     61.5    100.9     21.4 1991  5 29  9 45 22.620 1.8   1
   238790  37.287834 -121.670288     3.741       -1.8     -277.7       92.5     63.1    102.6     21.4 1991 12  4  0  8 49.550 1.9   1
   314921  37.284583 -121.666903     3.700      298.1     -638.5       51.9     57.9     87.8     18.0 1992  9 11  1 22 13.650 1.1   1
 30069218  37.289022 -121.669491     3.867       68.8     -145.7      219.1     63.7    106.8     22.9 1995  3  3  9 38 49.200 1.2   1
 30069222  37.288574 -121.670597     3.757      -29.3     -195.4      108.4     59.2     96.1     20.7 1995  3  3 12 30 15.850 1.8   1
 30076454  37.294918 -121.665137     5.588      454.7      508.5     1940.0    559.8    459.3    125.2 1995  7  4 11 20 49.790 2.7   1
 30092060  37.288851 -121.671216     3.711      -84.7     -165.0       62.7     62.2    102.4     21.5 1995 12 15 18 53 39.820 1.8   1
   478138  37.289689 -121.671525     4.041     -111.7      -71.9      393.1    158.8    133.0     15.5 1996  9  2 20 27  0.360 2.0   1
   478141  37.290108 -121.672021     3.967     -155.9      -25.1      319.1    229.5    189.5     92.6 1996  9  2 20 36  3.960 1.4   1
   478159  37.289372 -121.668270     4.957      177.1     -106.8     1309.1    158.6    130.1     30.0 1996  9  3  0  2  4.940 1.2   1
   529274  37.288367 -121.670329     3.705       -5.5     -218.5       56.6    115.4     98.1     45.0 1997 10 28 12  1 44.750 1.6   1
