    17842  37.285775 -121.669279     3.692       87.5     -506.4       44.2     55.9     86.3     18.7 1984  4 25  4 35 19.170 1.9   1
    22271  37.298694 -121.667326     3.922      260.6      927.7      273.6    241.0    487.5     52.8 1984  7  7  0 17  9.970 2.7   1
    42349  37.286373 -121.664819     3.876      482.9     -440.0      228.2     74.7    119.9     22.6 1985  2 28  1  9 58.300 0.8   1
    42555  37.287467 -121.670532     3.733      -23.8     -318.2       85.1     61.6    100.1     21.3 1985  3  2  6 53 56.010 1.7   1
    77218  37.286214 -121.669613     3.654       58.0     -457.4        5.5     51.3    106.7     22.8 1986  7 25  9 22 50.290 2.3   1
    81017  37.296102 -121.671737     3.362     -130.6      639.8     -286.0     52.5    635.2    205.1 1986  9  2  7 24 15.870 0.8   1
   101362  37.290080 -121.672038     3.734     -157.4      -28.7       85.7     59.1     97.8     21.5 1987  6  3  6 58 51.320 1.7   1
   120788  37.296704 -121.672803     3.782     -224.8      706.8      133.5     75.1    138.4     28.4 1988  7 23 10 42 21.740 1.5   1
   126189  37.289254 -121.670955     3.771      -61.1     -120.2      122.5     62.8    104.0     22.0 1988 11  2  3  9 12.610 1.9   1
   148939  37.287968 -121.671004     3.693      -65.7     -262.9       45.1     59.0     95.8     20.9 1989 12 13  5 33 46.080 1.6   1
   160503  37.285608 -121.669385     3.689       77.7     -524.5       40.7     62.3     99.2     21.3 1990  7  5 20  4 42.800 1.7   1
   215747  37.288635 -121.671362     3.707      -97.5     -188.9       58.5     61.5    101.0     21.5 1991  5 29  9 45 22.620 1.8   1
   238790  37.287838 -121.670280     3.741       -1.4     -277.3       92.7     63.0    102.7     21.5 1991 12  4  0  8 49.550 1.9   1
   314921  37.284583 -121.666903     3.700      297.9     -638.5       52.1     57.9     87.9     18.1 1992  9 11  1 22 13.650 1.1   1
 30069218  37.289018 -121.669482     3.866       69.0     -146.3      218.0     64.0    106.1     22.1 1995  3  3  9 38 49.200 1.2   1
 30069222  37.288578 -121.670589     3.757      -29.1     -195.1      108.6     59.2     96.2     20.8 1995  3  3 12 30 15.850 1.8   1
 30076454  37.294918 -121.665137     5.588      454.8      508.6     1940.0    559.8    459.3    125.3 1995  7  4 11 20 49.790 2.7   1
 30092060  37.288851 -121.671224     3.711      -85.1     -164.9       62.9     62.1    102.5     21.6 1995 12 15 18 53 39.820 1.8   1
   478138  37.289685 -121.671525     4.041     -111.8      -72.1      393.1    158.8    133.1     15.5 1996  9  2 20 27  0.360 2.0   1
   478141  37.290108 -121.672021     3.967     -155.8      -25.1      319.1    229.5    189.5     92.6 1996  9  2 20 36  3.960 1.4   1
   478159  37.289376 -121.668262     4.957      177.5     -106.6     1309.1    158.6    130.2     29.9 1996  9  3  0  2  4.940 1.2   1
   529274  37.288367 -121.670329     3.705       -5.5     -218.5       56.6    115.3     98.1     45.1 1997 10 28 12  1 44.750 1.6   1
