    17842  37.285661 -121.669482     3.694       69.0     -519.0       45.5     42.1     18.8      4.4 1984  4 25  4 35 19.170 1.9   1
    22271  37.298930 -121.667310     3.929      261.8      953.8      280.6    247.9    523.1     55.5 1984  7  7  0 17  9.970 2.7   1
    42349  37.286731 -121.664689     3.888      494.6     -400.2      239.6     67.5    125.7     25.6 1985  2 28  1  9 58.300 0.8   1
    42555  37.287764 -121.670459     3.743      -17.5     -285.3       94.8     52.2    103.6     22.4 1985  3  2  6 53 56.010 1.7   1
    77218  37.286471 -121.669637     3.663       55.7     -428.9       14.6     40.9    113.3     24.6 1986  7 25  9 22 50.290 2.3   1
    81017  37.296362 -121.674251     3.325     -353.3      668.7     -322.9    558.9    671.7    257.7 1986  9  2  7 24 15.870 0.8   1
   101362  37.290356 -121.671981     3.743     -152.5        2.1       94.4     49.8    103.0     21.0 1987  6  3  6 58 51.320 1.7   1
   120788  37.296940 -121.672786     3.789     -224.0      732.9      140.5     68.9    160.0     23.6 1988  7 23 10 42 21.740 1.5   1
   126189  37.289522 -121.670898     3.780      -56.6      -90.5      131.4     53.9    109.5     22.5 1988 11  2  3  9 12.610 1.9   1
   148939  37.288249 -121.670939     3.702      -60.2     -231.5       54.2     49.7    101.2     21.4 1989 12 13  5 33 46.080 1.6   1
   160503  37.285889 -121.669320     3.699       83.5     -493.6       50.3     53.3    105.3     23.5 1990  7  5 20  4 42.800 1.7   1
   215747  37.288912 -121.671313     3.716      -92.9     -158.1       67.5     52.2    105.5     22.0 1991  5 29  9 45 22.620 1.8   1
   238790  37.288114 -121.670223     3.750        3.5     -246.4      102.0     54.0    107.5     22.8 1991 12  4  0  8 49.550 1.9   1
   314921  37.285470 -121.666406     3.722      342.4     -540.1       74.1     61.5    115.2     23.9 1992  9 11  1 22 13.650 1.1   1
 30069218  37.289347 -121.669401     3.877       76.6     -109.8      228.3     55.5    110.3     22.9 1995  3  3  9 38 49.200 1.2   1
 30069222  37.288875 -121.670524     3.766      -22.9     -162.3      118.1     49.8    100.6     21.2 1995  3  3 12 30 15.850 1.8   1
 30076454  37.294698 -121.664982     5.700      468.0      484.0     2051.8    564.6    469.0    327.2 1995  7  4 11 20 49.790 2.7   1
 30092060  37.289128 -121.671167     3.720      -80.2     -134.3       71.8     53.0    106.8     21.8 1995 12 15 18 53 39.820 1.8   1
   478138  37.289579 -121.671167     4.092      -80.3      -83.9      443.5    177.2    153.9     90.6 1996  9  2 20 27  0.360 2.0   1
   478141  37.289941 -121.671785     3.907     -135.1      -44.0      258.4    235.6    215.7    230.9 1996  9  2 20 36  3.960 1.4   1
   478159  37.289225 -121.667879     5.052      211.4     -123.1     1404.1    168.8    161.4    189.7 1996  9  3  0  2  4.940 1.2   1
   529274  37.288204 -121.669979     3.646       25.3     -236.7       -1.8    135.8    134.3    177.5 1997 10 28 12  1 44.750 1.6   1
