    17842  37.286381 -121.668766     3.702      132.9     -439.1       53.9    128.3    299.2    221.1 1984  4 25  4 35 19.170 1.9   1
    22271  37.295907 -121.666325     3.784      349.6      618.2      135.3   1048.2   1510.7    425.4 1984  7  7  0 17  9.970 2.7   1
    42349  37.285897 -121.669124     3.685      100.7     -492.8       36.7    128.9    300.1    221.0 1985  2 28  1  9 58.300 0.8   1
    42555  37.286141 -121.668831     3.671      126.7     -465.8       22.5    139.6    304.9    229.8 1985  3  2  6 53 56.010 1.7   1
    77218  37.286495 -121.669295     3.592       85.8     -426.4      -56.1    139.8    303.6    231.9 1986  7 25  9 22 50.290 2.3   1
    81017  37.294910 -121.665674     3.911      406.7      507.8      262.7    130.3   1203.8    433.0 1986  9  2  7 24 15.870 0.8   1
   101362  37.285775 -121.668612     3.549      146.8     -506.3      -99.0    140.1    303.4    233.4 1987  6  3  6 58 51.320 1.7   1
   120788  37.293974 -121.671810     3.655     -137.1      403.8        6.3    435.5   1430.4    457.9 1988  7 23 10 42 21.740 1.5   1
   126189  37.286418 -121.669271     3.601       88.0     -434.9      -46.9    139.7    303.8    231.5 1988 11  2  3  9 12.610 1.9   1
   148939  37.286015 -121.669157     3.577       97.8     -479.7      -71.7    162.3    311.8    304.9 1989 12 13  5 33 46.080 1.6   1
   160503  37.286519 -121.669759     3.626       45.0     -423.5      -22.2    138.9    304.2    229.8 1990  7  5 20  4 42.800 1.7   1
   215747  37.285840 -121.668986     3.546      113.6     -498.9     -102.3    139.5    303.4    232.7 1991  5 29  9 45 22.620 1.8   1
   238790  37.286121 -121.669336     3.587       82.6     -468.0      -61.1    139.2    303.9    231.1 1991 12  4  0  8 49.550 1.9   1
   314921  37.286336 -121.669165     3.695       97.5     -443.8       46.9    130.9    305.2    291.5 1992  9 11  1 22 13.650 1.1   1
 30069218  37.286267 -121.668831     3.705      127.2     -451.4       56.3    131.3    304.9    290.8 1995  3  3  9 38 49.200 1.2   1
 30069222  37.285929 -121.668734     3.632      135.4     -489.1      -15.7    139.6    304.5    230.7 1995  3  3 12 30 15.850 1.8   1
 30076454  37.297734 -121.669246     5.474       90.4      821.0     1825.7   1307.9   1069.6    318.7 1995  7  4 11 20 49.790 2.7   1
 30092060  37.285730 -121.668856     3.531      124.5     -511.4     -116.9    139.7    303.3    233.3 1995 12 15 18 53 39.820 1.8   1
   478138  37.292350 -121.674357     4.169     -362.7      223.6      520.4    148.2    225.6     13.8 1996  9  2 20 27  0.360 2.0   1
   478141  37.292944 -121.675301     4.427     -446.5      289.6      778.4    145.0    229.0     16.8 1996  9  2 20 36  3.960 1.4   1
   478159  37.291333 -121.673665     4.894     -301.6      110.7     1245.5    146.7    228.7     25.1 1996  9  3  0  2  4.940 1.2   1
   529274  37.290361 -121.673503     3.528     -287.0        2.9     -120.4    142.7    212.3     31.0 1997 10 28 12  1 44.750 1.6   1
