    17842  37.285661 -121.669482     3.694       69.1     -519.0       45.5     42.3     26.8      4.7 1984  4 25  4 35 19.170 1.9   1
    22271  37.298930 -121.667310     3.929      262.1      953.7      280.6    248.7    518.7     57.2 1984  7  7  0 17  9.970 2.7   1
    42349  37.286731 -121.664689     3.888      494.5     -399.9      239.6     67.8    122.8     26.4 1985  2 28  1  9 58.300 0.8   1
    42555  37.287764 -121.670459     3.743      -17.2     -285.2       94.7     52.6    100.5     23.4 1985  3  2  6 53 56.010 1.7   1
    77218  37.286471 -121.669637     3.663       55.8     -429.0       14.6     41.3    110.1     25.4 1986  7 25  9 22 50.290 2.3   1
    81017  37.296375 -121.674235     3.325     -351.9      670.0     -322.9    501.5    676.8    204.2 1986  9  2  7 24 15.870 0.8   1
   101362  37.290356 -121.671981     3.743     -152.2        2.2       94.4     50.1     99.7     22.1 1987  6  3  6 58 51.320 1.7   1
   120788  37.296940 -121.672786     3.789     -223.7      733.1      140.4     69.2    156.3     25.1 1988  7 23 10 42 21.740 1.5   1
   126189  37.289526 -121.670907     3.780      -56.8      -90.0      131.3     54.3    106.3     23.4 1988 11  2  3  9 12.610 1.9   1
   148939  37.288253 -121.670939     3.702      -59.9     -231.4       54.2     50.0     97.8     22.4 1989 12 13  5 33 46.080 1.6   1
   160503  37.285889 -121.669320     3.699       83.6     -493.6       50.3     53.6    101.9     24.3 1990  7  5 20  4 42.800 1.7   1
   215747  37.288912 -121.671305     3.716      -92.5     -158.0       67.4     52.6    102.3     22.9 1991  5 29  9 45 22.620 1.8   1
   238790  37.288118 -121.670215     3.750        4.1     -246.3      101.9     54.3    104.3     23.7 1991 12  4  0  8 49.550 1.9   1
   314921  37.285474 -121.666398     3.723      343.0     -539.6       74.5     62.1    112.6     25.5 1992  9 11  1 22 13.650 1.1   1
 30069218  37.289343 -121.669393     3.877       77.0     -110.0      228.3     55.8    107.3     23.8 1995  3  3  9 38 49.200 1.2   1
 30069222  37.288875 -121.670516     3.766      -22.7     -162.3      118.0     50.1     97.3     22.2 1995  3  3 12 30 15.850 1.8   1
 30076454  37.294702 -121.664974     5.700      468.8      484.5     2051.8    556.5    471.2    358.9 1995  7  4 11 20 49.790 2.7   1
 30092060  37.289128 -121.671167     3.720      -79.9     -133.9       71.7     53.3    103.6     22.9 1995 12 15 18 53 39.820 1.8   1
   478138  37.289579 -121.671167     4.092      -79.8      -83.8      443.7    171.7    151.7    142.7 1996  9  2 20 27  0.360 2.0   1
   478141  37.289937 -121.671785     3.907     -135.0      -44.1      259.1    237.1    210.7    157.8 1996  9  2 20 36  3.960 1.4   1
   478159  37.289229 -121.667879     5.052      211.8     -123.0     1404.1    163.3    158.7    234.0 1996  9  3  0  2  4.940 1.2   1
   529274  37.288151 -121.670060     3.645       18.2     -242.6       -3.1    129.4    126.2    132.3 1997 10 28 12  1 44.750 1.6   1
