    17842  37.285661 -121.669482     3.694       69.0     -519.0       45.5     42.1     18.8      4.5 1984  4 25  4 35 19.170 1.9   1
    22271  37.298930 -121.667310     3.929      261.7      953.8      280.6    247.9    523.1     55.4 1984  7  7  0 17  9.970 2.7   1
    42349  37.286731 -121.664689     3.888      494.7     -400.3      239.6     67.5    125.7     25.6 1985  2 28  1  9 58.300 0.8   1
    42555  37.287769 -121.670459     3.743      -17.3     -285.0       94.8     52.2    103.6     22.5 1985  3  2  6 53 56.010 1.7   1
    77218  37.286475 -121.669629     3.663       55.9     -428.7       14.6     40.9    113.3     24.6 1986  7 25  9 22 50.290 2.3   1
    81017  37.296362 -121.674243     3.325     -353.1      668.7     -322.8    558.9    671.7    257.6 1986  9  2  7 24 15.870 0.8   1
   101362  37.290352 -121.671989     3.743     -152.8        1.9       94.4     49.8    103.0     21.0 1987  6  3  6 58 51.320 1.7   1
   120788  37.296940 -121.672795     3.789     -224.1      733.0      140.5     68.9    160.0     23.6 1988  7 23 10 42 21.740 1.5   1
   126189  37.289522 -121.670907     3.780      -57.2      -90.5      131.4     53.9    109.5     22.4 1988 11  2  3  9 12.610 1.9   1
   148939  37.288253 -121.670939     3.702      -60.2     -231.3       54.2     49.7    101.1     21.4 1989 12 13  5 33 46.080 1.6   1
   160503  37.285889 -121.669328     3.699       83.0     -493.6       50.3     53.3    105.3     23.5 1990  7  5 20  4 42.800 1.7   1
   215747  37.288912 -121.671305     3.716      -92.6     -158.3       67.5     52.2    105.5     22.0 1991  5 29  9 45 22.620 1.8   1
   238790  37.288118 -121.670223     3.750        3.6     -246.1      102.0     54.0    107.5     22.8 1991 12  4  0  8 49.550 1.9   1
   314921  37.285470 -121.666398     3.722      343.0     -540.0       74.1     61.5    115.2     23.9 1992  9 11  1 22 13.650 1.1   1
 30069218  37.289343 -121.669393     3.877       77.0     -110.0      228.3     55.5    110.3     22.9 1995  3  3  9 38 49.200 1.2   1
 30069222  37.288871 -121.670524     3.766      -23.0     -162.5      118.1     49.8    100.6     21.2 1995  3  3 12 30 15.850 1.8   1
 30076454  37.294698 -121.664990     5.700      467.8      483.9     2051.7    564.4    468.8    327.2 1995  7  4 11 20 49.790 2.7   1
 30092060  37.289128 -121.671167     3.720      -80.1     -134.2       71.8     53.0    106.7     21.9 1995 12 15 18 53 39.820 1.8   1
   478138  37.289579 -121.671167     4.092      -80.4      -84.0      443.5    177.2    153.9     90.7 1996  9  2 20 27  0.360 2.0   1
   478141  37.289937 -121.671794     3.907     -135.6      -44.3      258.6    235.6    215.7    230.8 1996  9  2 20 36  3.960 1.4   1
   478159  37.289225 -121.667879     5.052      211.4     -123.1     1404.1    168.8    161.4    189.6 1996  9  3  0  2  4.940 1.2   1
   529274  37.288204 -121.669979     3.646       25.3     -236.7       -1.9    135.8    134.3    177.6 1997 10 28 12  1 44.750 1.6   1
