    17842  37.286336 -121.668750     3.703      134.0     -443.8       54.6     66.0     40.8     27.7 1984  4 25  4 35 19.170 1.9   1
    22271  37.296114 -121.666366     3.784      345.4      641.3      136.2    377.2   1018.8   1171.1 1984  7  7  0 17  9.970 2.7   1
    42349  37.285856 -121.669124     3.685      101.2     -497.1       37.0     98.8     85.8    342.0 1985  2 28  1  9 58.300 0.8   1
    42555  37.286100 -121.668823     3.671      127.6     -470.0       23.0    150.8    113.6    369.8 1985  3  2  6 53 56.010 1.7   1
    77218  37.286454 -121.669287     3.593       86.5     -430.9      -55.7    144.7    109.4    361.3 1986  7 25  9 22 50.290 2.3   1
    81017  37.295093 -121.665649     3.904      409.0      528.0      255.5     69.1    615.3    524.9 1986  9  2  7 24 15.870 0.8   1
   101362  37.285738 -121.668612     3.550      146.6     -510.4      -98.6    142.7    110.0    362.9 1987  6  3  6 58 51.320 1.7   1
   120788  37.294177 -121.671851     3.655     -140.8      426.5        6.8    994.1    770.6   1337.0 1988  7 23 10 42 21.740 1.5   1
   126189  37.286381 -121.669271     3.602       88.1     -439.1      -46.5    148.5    112.7    369.0 1988 11  2  3  9 12.610 1.9   1
   148939  37.285982 -121.669157     3.577       98.0     -483.3      -71.4    176.6    139.2    437.3 1989 12 13  5 33 46.080 1.6   1
   160503  37.286479 -121.669751     3.626       45.4     -428.0      -21.8    160.9    122.5    393.9 1990  7  5 20  4 42.800 1.7   1
   215747  37.285795 -121.668994     3.546      112.5     -504.1     -102.6    142.3    109.3    361.7 1991  5 29  9 45 22.620 1.8   1
   238790  37.286084 -121.669336     3.587       82.2     -472.1      -61.0    144.0    109.1    360.8 1991 12  4  0  8 49.550 1.9   1
   314921  37.286296 -121.669165     3.695       97.4     -448.4       47.0    104.3    107.6    409.6 1992  9 11  1 22 13.650 1.1   1
 30069218  37.286226 -121.668831     3.705      127.2     -455.9       56.7    105.1    110.2    418.7 1995  3  3  9 38 49.200 1.2   1
 30069222  37.285881 -121.668734     3.633      135.7     -494.4      -15.6    143.6    108.4    357.7 1995  3  3 12 30 15.850 1.8   1
 30076454  37.297795 -121.669141     5.476       99.8      827.6     1828.0    455.6    382.0    602.6 1995  7  4 11 20 49.790 2.7   1
 30092060  37.285689 -121.668872     3.531      123.6     -515.7     -117.1    143.4    111.0    365.6 1995 12 15 18 53 39.820 1.8   1
   478138  37.292318 -121.674382     4.169     -364.9      220.1      520.4    109.3     69.1    593.9 1996  9  2 20 27  0.360 2.0   1
   478141  37.292924 -121.675309     4.427     -447.6      287.0      778.3    123.6     71.3    590.7 1996  9  2 20 36  3.960 1.4   1
   478159  37.291313 -121.673674     4.894     -302.4      108.3     1245.4    138.6     73.7    581.7 1996  9  3  0  2  4.940 1.2   1
   529274  37.290340 -121.673511     3.528     -288.2        0.5     -120.6    112.2     51.0    575.0 1997 10 28 12  1 44.750 1.6   1
