    17842  37.286340 -121.668758     3.702      133.4     -443.5       54.2    195.0    559.2    237.7 1984  4 25  4 35 19.170 1.9   1
    22271  37.296114 -121.666366     3.784      345.6      641.4      136.1   1611.5   2829.4    613.9 1984  7  7  0 17  9.970 2.7   1
    42349  37.285856 -121.669124     3.685      101.2     -497.0       37.1    195.9    560.4    237.8 1985  2 28  1  9 58.300 0.8   1
    42555  37.286104 -121.668823     3.671      127.4     -469.9       22.9    184.7    565.5    247.2 1985  3  2  6 53 56.010 1.7   1
    77218  37.286450 -121.669295     3.593       85.8     -431.1      -55.6    185.5    562.5    249.0 1986  7 25  9 22 50.290 2.3   1
    81017  37.295093 -121.665649     3.903      409.1      528.0      255.2    260.5   2353.0    849.5 1986  9  2  7 24 15.870 0.8   1
   101362  37.285734 -121.668604     3.550      147.1     -510.7      -98.5    187.0    562.3    250.6 1987  6  3  6 58 51.320 1.7   1
   120788  37.294181 -121.671875     3.655     -142.8      426.6        6.8    640.1   2805.0    657.2 1988  7 23 10 42 21.740 1.5   1
   126189  37.286377 -121.669271     3.602       88.1     -439.6      -46.4    185.2    563.0    248.6 1988 11  2  3  9 12.610 1.9   1
   148939  37.285974 -121.669157     3.577       98.3     -484.3      -71.2    205.5    568.0    326.4 1989 12 13  5 33 46.080 1.6   1
   160503  37.286479 -121.669759     3.627       44.8     -427.9      -21.7    183.7    563.9    246.9 1990  7  5 20  4 42.800 1.7   1
   215747  37.285799 -121.668986     3.546      113.4     -503.4     -101.9    186.1    562.3    249.9 1991  5 29  9 45 22.620 1.8   1
   238790  37.286080 -121.669328     3.588       82.8     -472.2      -60.7    184.9    563.3    248.2 1991 12  4  0  8 49.550 1.9   1
   314921  37.286296 -121.669165     3.696       97.6     -448.4       47.3    196.7    563.2    312.3 1992  9 11  1 22 13.650 1.1   1
 30069218  37.286230 -121.668823     3.705      127.5     -455.7       56.7    197.4    563.0    311.6 1995  3  3  9 38 49.200 1.2   1
 30069222  37.285889 -121.668734     3.633      135.8     -493.5      -15.3    185.3    564.7    248.0 1995  3  3 12 30 15.850 1.8   1
 30076454  37.297795 -121.669141     5.476       99.7      827.6     1827.7   2087.9   1669.0    508.1 1995  7  4 11 20 49.790 2.7   1
 30092060  37.285689 -121.668864     3.532      124.5     -515.8     -116.4    186.6    562.0    250.4 1995 12 15 18 53 39.820 1.8   1
   478138  37.292326 -121.674373     4.168     -364.3      220.7      520.1    254.2    408.5     23.7 1996  9  2 20 27  0.360 2.0   1
   478141  37.292920 -121.675317     4.426     -447.8      286.8      778.0    247.2    415.3     30.0 1996  9  2 20 36  3.960 1.4   1
   478159  37.291309 -121.673682     4.893     -302.9      107.8     1245.0    249.8    414.9     45.1 1996  9  3  0  2  4.940 1.2   1
   529274  37.290340 -121.673511     3.527     -288.1        0.6     -120.9    245.6    383.9     56.1 1997 10 28 12  1 44.750 1.6   1
