    17842  37.286393 -121.668750     3.702      133.9     -437.8       53.8    118.4    267.0    216.3 1984  4 25  4 35 19.170 1.9   1
    22271  37.295858 -121.666341     3.783      347.5      612.8      134.7    965.5   1360.1    410.9 1984  7  7  0 17  9.970 2.7   1
    42349  37.285905 -121.669124     3.685      101.0     -491.8       36.7    118.9    267.9    216.1 1985  2 28  1  9 58.300 0.8   1
    42555  37.286153 -121.668823     3.671      127.6     -464.4       22.5    132.6    272.7    225.3 1985  3  2  6 53 56.010 1.7   1
    77218  37.286503 -121.669287     3.592       86.5     -425.4      -56.1    132.7    271.6    227.5 1986  7 25  9 22 50.290 2.3   1
    81017  37.294865 -121.665682     3.913      406.1      502.6      264.5    115.1   1062.6    381.8 1986  9  2  7 24 15.870 0.8   1
   101362  37.285787 -121.668612     3.549      146.7     -504.9      -98.9    131.9    271.8    227.1 1987  6  3  6 58 51.320 1.7   1
   120788  37.293917 -121.671802     3.653     -136.2      397.6        5.2    414.9   1259.7    437.4 1988  7 23 10 42 21.740 1.5   1
   126189  37.286426 -121.669271     3.601       88.3     -433.9      -46.9    132.0    271.9    225.9 1988 11  2  3  9 12.610 1.9   1
   148939  37.286023 -121.669157     3.577       98.0     -478.5      -71.6    154.3    280.4    297.0 1989 12 13  5 33 46.080 1.6   1
   160503  37.286536 -121.669751     3.626       45.6     -422.0      -22.2    131.4    272.2    224.5 1990  7  5 20  4 42.800 1.7   1
   215747  37.285852 -121.668986     3.546      113.4     -497.7     -102.1    131.2    271.7    226.2 1991  5 29  9 45 22.620 1.8   1
   238790  37.286133 -121.669328     3.587       82.8     -466.6      -61.1    131.3    272.0    225.3 1991 12  4  0  8 49.550 1.9   1
   314921  37.286348 -121.669165     3.695       97.7     -442.7       46.9    121.2    273.4    285.1 1992  9 11  1 22 13.650 1.1   1
 30069218  37.286279 -121.668831     3.705      127.3     -450.3       56.3    121.5    273.0    284.5 1995  3  3  9 38 49.200 1.2   1
 30069222  37.285942 -121.668734     3.632      135.7     -487.8      -15.8    132.1    272.5    225.6 1995  3  3 12 30 15.850 1.8   1
 30076454  37.297705 -121.669287     5.473       86.4      817.9     1824.7   1195.0    978.9    292.3 1995  7  4 11 20 49.790 2.7   1
 30092060  37.285742 -121.668856     3.532      124.9     -510.0     -116.5    131.2    271.7    226.6 1995 12 15 18 53 39.820 1.8   1
   478138  37.292354 -121.674357     4.169     -362.6      224.1      520.4    132.7    201.7     12.9 1996  9  2 20 27  0.360 2.0   1
   478141  37.292948 -121.675301     4.427     -446.5      290.1      778.4    129.9    204.9     15.2 1996  9  2 20 36  3.960 1.4   1
   478159  37.291341 -121.673665     4.894     -301.3      111.4     1245.5    131.7    204.6     22.2 1996  9  3  0  2  4.940 1.2   1
   529274  37.290369 -121.673494     3.528     -286.5        3.7     -120.3    127.8    189.9     27.4 1997 10 28 12  1 44.750 1.6   1
