    17842  37.286348 -121.668758     3.702      133.4     -442.7       54.1    155.6    393.4    227.5 1984  4 25  4 35 19.170 1.9   1
    22271  37.296069 -121.666333     3.784      348.6      636.4      135.8   1278.0   1969.9    481.3 1984  7  7  0 17  9.970 2.7   1
    42349  37.285860 -121.669132     3.685      100.5     -496.5       37.0    156.3    394.3    227.5 1985  2 28  1  9 58.300 0.8   1
    42555  37.286104 -121.668840     3.671      126.6     -469.5       22.8    157.8    399.1    236.6 1985  3  2  6 53 56.010 1.7   1
    77218  37.286462 -121.669295     3.593       85.7     -430.1      -55.7    158.2    397.3    238.5 1986  7 25  9 22 50.290 2.3   1
    81017  37.295056 -121.665658     3.905      408.6      524.1      256.7    176.9   1622.5    583.8 1986  9  2  7 24 15.870 0.8   1
   101362  37.285742 -121.668612     3.550      146.8     -509.9      -98.7    158.9    397.0    240.1 1987  6  3  6 58 51.320 1.7   1
   120788  37.294145 -121.671859     3.655     -141.6      422.5        6.9    503.5   1932.4    521.3 1988  7 23 10 42 21.740 1.5   1
   126189  37.286385 -121.669279     3.602       87.6     -438.7      -46.5    158.0    397.6    238.1 1988 11  2  3  9 12.610 1.9   1
   148939  37.285978 -121.669165     3.577       97.6     -483.6      -71.3    179.5    404.1    313.4 1989 12 13  5 33 46.080 1.6   1
   160503  37.286491 -121.669751     3.626       45.2     -426.9      -21.9    156.9    398.2    236.4 1990  7  5 20  4 42.800 1.7   1
   215747  37.285811 -121.668978     3.546      113.8     -502.3     -102.0    158.3    397.1    239.4 1991  5 29  9 45 22.620 1.8   1
   238790  37.286084 -121.669328     3.587       82.9     -471.7      -60.8    157.6    397.7    237.8 1991 12  4  0  8 49.550 1.9   1
   314921  37.286308 -121.669165     3.695       97.5     -447.3       47.2    157.8    398.3    299.7 1992  9 11  1 22 13.650 1.1   1
 30069218  37.286239 -121.668831     3.705      127.2     -454.7       56.6    158.3    398.1    299.0 1995  3  3  9 38 49.200 1.2   1
 30069222  37.285897 -121.668742     3.633      135.2     -492.7      -15.5    157.9    398.6    237.4 1995  3  3 12 30 15.850 1.8   1
 30076454  37.297786 -121.669149     5.476       98.8      827.1     1827.5   1609.3   1303.0    392.8 1995  7  4 11 20 49.790 2.7   1
 30092060  37.285697 -121.668864     3.532      124.0     -515.0     -116.6    158.6    396.8    240.0 1995 12 15 18 53 39.820 1.8   1
   478138  37.292330 -121.674365     4.168     -363.9      221.3      520.2    189.8    294.6     16.6 1996  9  2 20 27  0.360 2.0   1
   478141  37.292924 -121.675309     4.426     -447.5      287.4      778.1    185.2    299.2     20.7 1996  9  2 20 36  3.960 1.4   1
   478159  37.291313 -121.673674     4.893     -302.6      108.4     1245.1    187.4    298.8     31.7 1996  9  3  0  2  4.940 1.2   1
   529274  37.290344 -121.673511     3.527     -287.9        1.0     -120.8    183.0    277.2     39.6 1997 10 28 12  1 44.750 1.6   1
