    17842  37.286336 -121.668750     3.703      133.9     -443.8       54.5     18.3     90.4    250.4 1984  4 25  4 35 19.170 1.9   1
    22271  37.296118 -121.666366     3.785      345.5      641.6      136.5    352.9   1006.7   1008.8 1984  7  7  0 17  9.970 2.7   1
    42349  37.285856 -121.669124     3.685      101.2     -497.3       37.0     60.4     76.8    265.7 1985  2 28  1  9 58.300 0.8   1
    42555  37.286096 -121.668823     3.671      127.7     -470.4       22.9    121.6     94.9    273.0 1985  3  2  6 53 56.010 1.7   1
    77218  37.286454 -121.669295     3.593       86.2     -430.8      -55.6    119.5     94.1    272.2 1986  7 25  9 22 50.290 2.3   1
    81017  37.295089 -121.665649     3.904      409.0      527.7      255.3    309.2    514.1    172.1 1986  9  2  7 24 15.870 0.8   1
   101362  37.285738 -121.668612     3.550      146.6     -510.4      -98.4    117.9     94.5    273.5 1987  6  3  6 58 51.320 1.7   1
   120788  37.294181 -121.671859     3.655     -141.2      426.6        6.9    959.4    722.0   1162.5 1988  7 23 10 42 21.740 1.5   1
   126189  37.286381 -121.669271     3.602       88.0     -439.0      -46.4    122.4     96.4    278.2 1988 11  2  3  9 12.610 1.9   1
   148939  37.285982 -121.669157     3.577       98.2     -483.4      -71.3    151.9    122.8    352.5 1989 12 13  5 33 46.080 1.6   1
   160503  37.286479 -121.669759     3.627       45.0     -428.0      -21.7    121.8     94.9    275.2 1990  7  5 20  4 42.800 1.7   1
   215747  37.285799 -121.668994     3.546      112.6     -503.7     -102.3    118.9     95.1    276.0 1991  5 29  9 45 22.620 1.8   1
   238790  37.286080 -121.669328     3.587       82.7     -472.2      -60.8    119.0     93.8    271.9 1991 12  4  0  8 49.550 1.9   1
   314921  37.286296 -121.669165     3.695       97.2     -448.4       47.0     69.7     96.8    339.1 1992  9 11  1 22 13.650 1.1   1
 30069218  37.286230 -121.668823     3.705      127.5     -455.9       56.8     69.7     96.1    338.3 1995  3  3  9 38 49.200 1.2   1
 30069222  37.285881 -121.668726     3.633      136.1     -494.4      -15.5    119.0     93.5    270.0 1995  3  3 12 30 15.850 1.8   1
 30076454  37.297795 -121.669141     5.476       99.8      827.7     1827.7    608.9    397.6    158.5 1995  7  4 11 20 49.790 2.7   1
 30092060  37.285693 -121.668872     3.531      123.7     -515.5     -116.8    117.5     94.3    273.6 1995 12 15 18 53 39.820 1.8   1
   478138  37.292322 -121.674373     4.168     -364.7      220.3      520.1     91.0    126.7     95.6 1996  9  2 20 27  0.360 2.0   1
   478141  37.292920 -121.675309     4.426     -447.7      287.0      778.0    101.1    140.8     85.8 1996  9  2 20 36  3.960 1.4   1
   478159  37.291309 -121.673682     4.893     -302.8      108.0     1245.0     97.4    144.9     69.1 1996  9  3  0  2  4.940 1.2   1
   529274  37.290344 -121.673511     3.527     -288.0        0.7     -120.8     69.6    112.9     70.0 1997 10 28 12  1 44.750 1.6   1
