    17842  37.286336 -121.668750     3.703      133.9     -443.8       54.4    108.8     83.9    269.8 1984  4 25  4 35 19.170 1.9   1
    22271  37.296118 -121.666366     3.785      345.6      641.6      136.3    366.1   1004.1    969.1 1984  7  7  0 17  9.970 2.7   1
    42349  37.285860 -121.669124     3.685      101.2     -497.0       37.0    108.9     85.3    269.6 1985  2 28  1  9 58.300 0.8   1
    42555  37.286100 -121.668831     3.671      127.2     -470.2       22.9    117.5     96.2    282.4 1985  3  2  6 53 56.010 1.7   1
    77218  37.286454 -121.669295     3.593       86.0     -430.8      -55.5    116.7     96.2    284.9 1986  7 25  9 22 50.290 2.3   1
    81017  37.295093 -121.665649     3.904      409.0      527.8      255.3     59.5    513.7    156.1 1986  9  2  7 24 15.870 0.8   1
   101362  37.285738 -121.668612     3.550      146.5     -510.4      -98.4    115.1     96.5    285.6 1987  6  3  6 58 51.320 1.7   1
   120788  37.294181 -121.671867     3.655     -141.9      426.6        6.8    864.8    722.9   1107.2 1988  7 23 10 42 21.740 1.5   1
   126189  37.286377 -121.669271     3.602       88.1     -439.3      -46.4    116.4     95.8    283.7 1988 11  2  3  9 12.610 1.9   1
   148939  37.285978 -121.669157     3.577       98.2     -483.8      -71.3    148.6    123.7    361.3 1989 12 13  5 33 46.080 1.6   1
   160503  37.286483 -121.669751     3.627       45.2     -427.8      -21.7    116.6     95.0    282.2 1990  7  5 20  4 42.800 1.7   1
   215747  37.285799 -121.668986     3.546      113.0     -503.7     -102.3    115.0     96.1    285.3 1991  5 29  9 45 22.620 1.8   1
   238790  37.286080 -121.669336     3.587       82.5     -472.2      -60.8    115.6     95.4    283.2 1991 12  4  0  8 49.550 1.9   1
   314921  37.286296 -121.669157     3.695       97.8     -448.4       47.1    113.0    106.4    344.7 1992  9 11  1 22 13.650 1.1   1
 30069218  37.286230 -121.668831     3.705      127.1     -455.8       56.8    112.8    105.9    343.6 1995  3  3  9 38 49.200 1.2   1
 30069222  37.285885 -121.668734     3.633      136.0     -494.1      -15.5    116.0     95.6    281.9 1995  3  3 12 30 15.850 1.8   1
 30076454  37.297795 -121.669141     5.476       99.7      827.6     1827.7    446.1    394.3     84.0 1995  7  4 11 20 49.790 2.7   1
 30092060  37.285689 -121.668864     3.532      124.1     -515.8     -116.7    114.8     96.3    285.8 1995 12 15 18 53 39.820 1.8   1
   478138  37.292322 -121.674373     4.168     -364.5      220.4      520.1     23.7     19.3     29.2 1996  9  2 20 27  0.360 2.0   1
   478141  37.292924 -121.675309     4.426     -447.5      287.0      778.0     27.1     22.1     28.2 1996  9  2 20 36  3.960 1.4   1
   478159  37.291309 -121.673674     4.893     -302.7      108.0     1245.0     30.3     24.0     26.5 1996  9  3  0  2  4.940 1.2   1
   529274  37.290340 -121.673511     3.527     -288.1        0.6     -120.9     22.9     19.1     25.5 1997 10 28 12  1 44.750 1.6   1
