    17842  37.286125 -121.668587     3.695      148.9     -467.4       46.4    142.5     63.4     16.8 1984  4 25  4 35 19.170 1.9   1
    22271  37.296505 -121.666536     3.785      330.6      684.5      136.7    877.5   1400.8    479.9 1984  7  7  0 17  9.970 2.7   1
    42349  37.285706 -121.668937     3.689      117.3     -514.1       41.0    148.2     93.0    297.5 1985  2 28  1  9 58.300 0.8   1
    42555  37.285901 -121.668628     3.667      145.3     -492.2       18.9    148.4     99.0    305.1 1985  3  2  6 53 56.010 1.7   1
    77218  37.286230 -121.669067     3.585      106.4     -455.7      -63.4    195.5    116.7    315.9 1986  7 25  9 22 50.290 2.3   1
    81017  37.295544 -121.665601     3.888      413.5      578.0      239.8   2046.9   1103.8    867.7 1986  9  2  7 24 15.870 0.8   1
   101362  37.285649 -121.669092     3.561      103.7     -520.2      -87.7    149.4    103.9    319.4 1987  6  3  6 58 51.320 1.7   1
   120788  37.294543 -121.671737     3.654     -130.4      467.0        5.9    447.0   1271.4    503.9 1988  7 23 10 42 21.740 1.5   1
   126189  37.286214 -121.669523     3.600       66.0     -457.5      -48.3    148.9    100.7    310.3 1988 11  2  3  9 12.610 1.9   1
   148939  37.285828 -121.669604     3.576       58.1     -500.2      -72.6    152.0    117.4    371.2 1989 12 13  5 33 46.080 1.6   1
   160503  37.286300 -121.669914     3.622       31.3     -447.8      -26.6    147.8     96.6    299.8 1990  7  5 20  4 42.800 1.7   1
   215747  37.285685 -121.669604     3.548       58.1     -516.3     -100.1    148.8    101.4    312.1 1991  5 29  9 45 22.620 1.8   1
   238790  37.285921 -121.669727     3.583       47.4     -489.8      -64.9    148.5     99.0    306.1 1991 12  4  0  8 49.550 1.9   1
   314921  37.286112 -121.668962     3.694      115.3     -468.8       45.5    151.2    109.9    356.4 1992  9 11  1 22 13.650 1.1   1
 30069218  37.286023 -121.668587     3.699      148.5     -478.8       51.1    152.1    114.4    363.8 1995  3  3  9 38 49.200 1.2   1
 30069222  37.285714 -121.668758     3.632      133.3     -512.9      -16.3    148.7     99.9    309.0 1995  3  3 12 30 15.850 1.8   1
 30076454  37.297900 -121.668921     5.484      119.2      839.5     1836.1   4657.0   3986.6   1907.8 1995  7  4 11 20 49.790 2.7   1
 30092060  37.285583 -121.669572     3.534       61.6     -527.7     -114.0    148.8    101.2    311.9 1995 12 15 18 53 39.820 1.8   1
   478138  37.292334 -121.674300     4.172     -358.0      221.7      523.7    227.0    323.4    519.5 1996  9  2 20 27  0.360 2.0   1
   478141  37.293868 -121.673926     4.441     -324.7      392.0      792.8    376.4    425.6    838.6 1996  9  2 20 36  3.960 1.4   1
   478159  37.291337 -121.673568     4.899     -292.9      111.2     1250.3    254.6    416.6    669.8 1996  9  3  0  2  4.940 1.2   1
   529274  37.290352 -121.673446     3.532     -282.2        1.8     -116.0    201.9    337.8    636.4 1997 10 28 12  1 44.750 1.6   1
