    17842  37.285714 -121.669116     3.683      101.5     -513.0       34.8     56.3     86.1     19.4 1984  4 25  4 35 19.170 1.9   1
    22271  37.298792 -121.667049     3.961      285.0      938.6      313.0    251.3    504.3     95.0 1984  7  7  0 17  9.970 2.7   1
    42349  37.286678 -121.666366     3.930      345.3     -406.1      282.0     56.6    122.4     24.3 1985  2 28  1  9 58.300 0.8   1
    42555  37.287419 -121.670394     3.726      -11.5     -323.6       77.4     62.2     99.1     20.7 1985  3  2  6 53 56.010 1.7   1
    77218  37.286174 -121.669564     3.645       61.7     -461.9       -2.8     64.5    106.6     24.0 1986  7 25  9 22 50.290 2.3   1
    81017  37.296077 -121.671737     3.362     -130.3      637.3     -286.0     52.3    635.1    205.2 1986  9  2  7 24 15.870 0.8   1
   101362  37.290031 -121.671875     3.727     -142.8      -33.7       78.9     61.0     97.9     22.0 1987  6  3  6 58 51.320 1.7   1
   120788  37.296667 -121.672469     3.783     -195.8      702.8      134.8     78.6    138.7     29.4 1988  7 23 10 42 21.740 1.5   1
   126189  37.289189 -121.670825     3.759      -49.5     -127.6      110.9     63.8    104.6     23.3 1988 11  2  3  9 12.610 1.9   1
   148939  37.287935 -121.670850     3.689      -52.0     -266.4       40.5     60.9     95.4     21.0 1989 12 13  5 33 46.080 1.6   1
   160503  37.285571 -121.669149     3.690       98.8     -528.6       41.3     61.3     98.5     21.0 1990  7  5 20  4 42.800 1.7   1
   215747  37.288574 -121.671224     3.697      -85.5     -195.3       48.7     62.9    101.3     22.4 1991  5 29  9 45 22.620 1.8   1
   238790  37.287773 -121.670142     3.729       10.6     -284.6       80.8     63.4    102.7     22.0 1991 12  4  0  8 49.550 1.9   1
   314921  37.284546 -121.666659     3.700      319.9     -642.5       51.7     57.3     88.2     19.5 1992  9 11  1 22 13.650 1.1   1
 30069218  37.289091 -121.670736     3.867      -42.1     -138.0      218.5     51.6    106.5     22.6 1995  3  3  9 38 49.200 1.2   1
 30069222  37.288513 -121.670459     3.745      -17.4     -202.2       97.2     60.5     96.3     21.6 1995  3  3 12 30 15.850 1.8   1
 30076454  37.294958 -121.665055     5.589      461.7      512.9     1941.3    559.1    459.0    125.0 1995  7  4 11 20 49.790 2.7   1
 30092060  37.288798 -121.671086     3.701      -72.8     -170.7       53.1     63.3    101.9     21.4 1995 12 15 18 53 39.820 1.8   1
   478138  37.289726 -121.671444     4.041     -104.6      -67.6      392.8    158.6    133.5     16.3 1996  9  2 20 27  0.360 2.0   1
   478141  37.290145 -121.671948     3.964     -149.4      -21.2      316.2    229.5    190.1     92.3 1996  9  2 20 36  3.960 1.4   1
   478159  37.289412 -121.668180     4.958      184.5     -102.4     1309.9    158.4    130.6     31.2 1996  9  3  0  2  4.940 1.2   1
   529274  37.288399 -121.670256     3.702        0.9     -214.8       53.8    115.4     98.8     44.8 1997 10 28 12  1 44.750 1.6   1
