 % This stores fret (the f-value) and iter (number of iterations to converge)
  -1971.23463003800        1200.00000000000     
  -1971.23125342013        1200.00000000000     
  -1971.23411500464        1200.00000000000     
  -1971.23436921658        1200.00000000000     
  -1971.23629280153        1200.00000000000     
  -1971.23083657505        1200.00000000000     
  -1971.23315199540        1200.00000000000     
  -1971.23212187967        1200.00000000000     
  -1971.23312430704        1200.00000000000     
  -1971.23625068600        1200.00000000000     
  -1971.23078314591        1200.00000000000     
  -1971.23442606443        1200.00000000000     
  -1971.23314501526        1200.00000000000     
  -1971.23138190368        1200.00000000000     
  -1971.23506924580        1200.00000000000     
  -1971.23620845430        1200.00000000000     
  -1971.23421410971        1200.00000000000     
  -1971.23451563569        1200.00000000000     
  -1971.23616688679        1200.00000000000     
  -1971.23533222962        1200.00000000000     
  -1971.23562859584        1200.00000000000     
  -1971.23425943133        1200.00000000000     
  -1971.23628687646        1200.00000000000     
  -1971.23499958933        1200.00000000000     
  -1963.69014937141        1200.00000000000     
  -1971.23386732609        1200.00000000000     
  -1971.23440626054        1200.00000000000     
  -1971.23588652803        1200.00000000000     
  -1971.18932875207        1200.00000000000     
  -1971.23367195389        1200.00000000000     
