          30 % nrand - number of ransom starts used
          97 %np number of parameters
 % format is i = 1,j=1:np then i=2,j=1:np and so on until i =nrand and j = np
  -22.8281448654481     
   10.8702653420476     
   14.7347368233683     
 -0.374607858653146     
 -0.114123587097768     
   45.9955579652731     
   21.0336737022360     
   22.7967258702410     
  -27.5778694494799     
   1.88383833176705     
   5.72916049160318     
  -50.0467259383959     
  -21.2692052816496     
   27.3901065123547     
  -41.5396738977030     
  -3.58530712161596     
  -4.46885435665581     
   10.5278589857689     
 -0.301441165172435     
   27.3876628333352     
  -41.5522370367980     
   31.6478116781072     
  -43.9907152099791     
   21.3577274609680     
  -23.2878448876395     
  -37.6072481584610     
  -19.8709707073622     
  -10.2415170418817     
  -9.59411642719491     
   45.1158666243506     
   19.0405911238680     
   45.0089371055165     
   19.1982341566872     
  0.640204195516340     
   12.2577655674449     
   38.9878459815364     
  -13.8822765250132     
  -44.8751555520789     
  -17.7999921162142     
  -7.19220759009236     
   23.8812439140407     
   27.3900484725226     
  -41.5393779784360     
  -48.4199836618222     
  -9.51893930346931     
  -25.8940027843331     
   16.6767123553822     
  -31.1174081193103     
  -12.7891724673364     
  -28.7171353198393     
  -6.10608300724051     
   10.9592053509851     
   4.29995754048310     
  -26.7718645702016     
  -12.4660572532420     
  -28.1628050709015     
  -9.37612288979413     
  -48.8115750070365     
  -20.5764516788740     
   26.3591486861806     
  -43.8981268188846     
 -0.795150691467045     
 -0.219929066177526     
   31.8013537000670     
  -44.2899075464893     
   2.11351728736516     
   26.9306046659707     
  -19.4446830279760     
  -44.0197732027246     
   43.6173733883549     
   19.4802749436295     
   7.24784224972580     
   19.6390826616400     
  -37.8446790902992     
  -24.1679069584137     
   17.3250494695323     
  -27.1049882857944     
   44.2017320267733     
   21.4549335199465     
  -33.5785964170293     
   61.8079648136899     
   22.7429607318856     
  -39.8366283682456     
  -2.15878389374620     
   28.8182496539940     
   40.0315016677119     
   15.1218726237639     
  -1.65860218433454     
  -10.7882478806657     
   29.8171161920466     
   17.1771691893766     
  -1.44289040944441     
   1.88422852794567     
  -8.22027919659251     
   44.5020309323982     
  -41.4573854238076     
  -34.5023874523253     
   22.7675129259955     
  -10.3554490903824     
  -15.2842911515490     
  0.335094405761259     
  8.380352049271704E-002
  -45.1883677816023     
  -22.9652949496121     
  -23.8714523075509     
   26.5297168292383     
  -1.71476080357306     
  -5.94974720124282     
   49.1593527902997     
   22.9488456699027     
  -29.0006243055110     
   40.2864681758040     
   3.35815280179575     
   4.44100692921021     
  -10.5768853546892     
 -0.227855303110010     
  -29.0002080638090     
   40.3008229418641     
  -33.3505736626694     
   42.5781709013326     
  -22.2725046889377     
   22.2984554089915     
   36.7902616830320     
   21.0512442711037     
   9.82410964549833     
   9.78921412316762     
  -44.3804622611640     
  -20.9423438695120     
  -44.2694948080485     
  -21.0974830679902     
 -0.210978260406910     
  -12.4128589823447     
  -39.5223868893319     
   12.2078150339529     
   44.1251580863879     
   19.2784073641170     
   8.05238655862166     
  -23.7436976261372     
  -29.0007637968469     
   40.2858832004772     
   48.0005165130807     
   11.1797892693515     
   26.4327915822310     
  -15.9781482095349     
   30.5798197632404     
   13.7386839949083     
   28.4267549213668     
   7.01805491144548     
  -10.8290354621529     
  -4.84914563347998     
   26.2500269546904     
   13.2827057579014     
   27.7673985929385     
   10.1802445154073     
   47.9485154545303     
   22.2058270693941     
  -28.0686953240232     
   42.6730133433950     
  0.747069810321620     
  0.194659968844341     
  -33.5284155393009     
   42.8527277786797     
  -1.13676100420102     
  -27.1577508285643     
   17.7207777286377     
   44.5192853554209     
  -42.8667179785255     
  -21.3195607047774     
  -6.54773109852282     
  -20.0627917359012     
   36.8668688158770     
   25.3956843363020     
  -18.3898680501155     
   26.2536920902903     
  -43.3813833909477     
  -23.3273434449216     
   35.9232682818137     
  -60.6285608924415     
  -24.2785265523032     
   38.7581095881108     
   3.20382199248980     
  -28.8738536314573     
  -39.4738710864797     
  -16.8305502490536     
   1.21368879593813     
   10.6717701582091     
  -29.1660839550471     
  -18.4835346220091     
   1.50743151418907     
  -1.95720640264638     
   9.85974898005612     
  -44.3235761329675     
   40.0756426037140     
   35.8506897547693     
   22.9234305896806     
  -12.2620699944802     
   13.0339655634000     
  0.498760292886460     
 -0.218050498903029     
  -47.9098276972912     
   15.2491519754963     
  -19.5192648831204     
  -30.4042455819709     
  -2.36860864259063     
   5.07940302560161     
   52.1848676687571     
  -16.2842801782342     
  -22.5207232975411     
  -44.8134031784876     
   4.20698211823460     
  -4.49094093450111     
  -10.3167786893706     
  -1.84915591860408     
  -22.5150609131921     
  -44.8239177500300     
  -26.4848975900231     
  -47.7299308911291     
  -18.5499638778620     
  -25.9633216013357     
   39.6734554786452     
  -16.2918264269317     
   11.3433145607999     
  -8.96032610780934     
  -46.8218798731594     
   13.3643405895779     
  -46.7138010740692     
   13.5945192600967     
  -1.84523843282977     
   11.6869448464151     
  -37.0838228331186     
  -18.5891724861108     
   46.6809507241535     
  -13.4243852207539     
   4.65710297693177     
   24.0198255998847     
  -22.5213312622163     
  -44.8133854786993     
   49.2840315601766     
  -4.70439303308549     
   24.2131492729621     
   18.5842643215795     
   32.4211854318239     
  -9.99271384727988     
   29.3137686329435     
  -3.46442781063267     
  -11.2103953805016     
   2.68636991076965     
   28.0693486250917     
  -10.0350501888009     
   29.0665223708456     
  -7.06600571064335     
   50.9037993894181     
  -15.7404526936289     
  -21.2097488129721     
  -47.0697378087634     
  0.940039941128172     
 -0.300786899304503     
  -26.6041358744363     
  -48.0390796032261     
  -4.84234633572288     
   26.0618155639427     
   24.2716748348288     
  -42.1966764178440     
  -45.3809288772813     
   14.0001490407304     
  -9.17120250121109     
   18.2585123921134     
   40.3584991857367     
  -20.4473528221182     
  -14.1515828555420     
  -29.3148367827941     
  -46.1619170794493     
   15.9154389827902     
   26.5512188666528     
   64.6344045688940     
  -18.1372518184020     
  -42.6189372888712     
 -0.863407897903893     
   28.3956853714826     
  -41.3360396740787     
   10.0576807300021     
   2.93654373568766     
  -11.0437191494686     
  -31.4017261383402     
   13.2809036288840     
   1.25952807055552     
   1.67163437804598     
   3.42093967281962     
   44.6319528588364     
   45.1032951320751     
  -30.3615070101316     
  -22.9079745242902     
   12.2427944528222     
   13.0800416649637     
 -0.484978932190886     
 -0.193626765831640     
   47.8764810769403     
   15.4357274686992     
   19.6210584326129     
  -30.3168628429446     
   2.35965897384519     
   5.10542492745042     
  -52.1368150931046     
  -16.3829796452622     
   22.6632377460016     
  -44.7106536934617     
  -4.17932904554638     
  -4.49479738740490     
   10.3372748985688     
  -1.79297705891037     
   22.6591987309483     
  -44.7230289588044     
   26.6434473914180     
  -47.6178819417229     
   18.6413002070728     
  -25.8800838564057     
  -39.6249565330860     
  -16.3700592017982     
  -11.3109505743522     
  -8.94939402346075     
   46.8071035616058     
   13.5530126773064     
   46.7137847817595     
   13.7209774443904     
   1.82878989223665     
   11.6959852917082     
   37.1564528437194     
  -18.4535285100757     
  -46.6308675116985     
  -13.5055216662969     
  -4.70308560841280     
   24.0552108146397     
   22.6634116217715     
  -44.7100899956033     
  -49.2623103168555     
  -4.77851789522907     
  -24.2156524514767     
   18.5242616653495     
  -32.3748027549658     
  -10.0416470652376     
  -29.2948541550089     
  -3.46008424137847     
   11.2244711422913     
   2.74031520290122     
  -28.0342597438687     
  -10.0831638100247     
  -29.0456779823148     
  -7.11966575063578     
  -50.8486733075031     
  -15.8360472388252     
   21.3728478557372     
  -46.9581057736100     
 -0.911935276421904     
 -0.283665294098484     
   26.7600797648552     
  -47.9227351220045     
   4.80622845197326     
   26.0907490763697     
  -24.1073410131667     
  -42.2576695954236     
   45.3586191500094     
   14.1655102099502     
   9.15378794037650     
   18.3056707618592     
  -40.2863721582211     
  -20.5419599494774     
   14.2453013318880     
  -29.2500023634209     
   46.1407864076257     
   16.0864533068973     
  -26.7294563416438     
   64.6916599527561     
   18.2685113272737     
  -42.5369440383439     
  0.800275967997692     
   28.4260730962322     
   41.3240107611036     
   10.2470280872091     
  -2.89564180306554     
  -11.0192085451895     
   31.3856725227723     
   13.3998254737414     
  -1.24694850428880     
   1.67029802120472     
  -3.51808744228582     
   44.6607291152052     
  -45.0352908631151     
  -30.4435678538994     
   22.8759540860100     
  -11.5365366897032     
   13.9727555957248     
  0.419722319021378     
 -0.154763164167242     
  -46.9527087631974     
   18.4178882213898     
  -21.3285707114914     
  -28.9133539835200     
  -2.11586288696097     
   5.44600588825265     
   51.0997508615833     
  -18.9987688285136     
  -25.1927991457817     
  -43.0960110674375     
   3.86924242553133     
  -4.48513204532270     
  -10.4532327138741     
  -1.00809827458556     
  -25.1900068987743     
  -43.1089546744909     
  -29.3297630530682     
  -45.7661990839298     
  -20.1049398029851     
  -24.5459578270745     
   38.6086845741551     
  -18.2466793991636     
   10.7567378559778     
  -9.30402915949112     
  -45.9829489706831     
   16.4763021259596     
  -45.8822758859394     
   16.6436211277998     
  -1.20420076711028     
   12.0046724792719     
  -38.1770667609303     
  -16.0627924136403     
   45.7651525080984     
  -15.8054603461625     
   6.03059814806980     
   23.9839657789476     
  -25.1929145058748     
  -43.0956291456963     
   48.8931043365503     
  -7.30178912870802     
   25.1313399875294     
   17.5706756193457     
   31.7511308653039     
  -11.5135485650841     
   29.0301278503516     
  -4.88173705720308     
  -11.0977732833269     
   3.56950503637171     
   27.4050653691846     
  -11.3615398491406     
   28.6132532729184     
  -8.32451812990508     
   49.8394603685286     
  -18.3746337026613     
  -24.0380426696192     
  -45.4052162386949     
  0.850622191565324     
 -0.251261189929439     
  -29.4650276982514     
  -46.0694156022741     
  -3.38457680137767     
   26.5675331290899     
   21.6725714182600     
  -43.2481823372388     
  -44.5059796043785     
   17.0000772005891     
  -8.15975164672576     
   19.0350415748320     
   39.0517415743298     
  -22.4881316569364     
  -15.8968967639208     
  -28.1530838278591     
  -45.1845777239690     
   18.9535533289857     
   30.4383067351719     
   63.2365121225314     
  -20.6593935065802     
  -41.1673369142661     
  0.766214824099042     
   28.6670412259656     
  -40.7146471432914     
   12.8343059308691     
   2.24350549854436     
  -10.9123744083356     
  -30.6024359783009     
   15.4216875072441     
   1.35106949968855     
   1.78783283662577     
   6.02351380592013     
   44.6324659599310     
   43.1963840005616     
  -32.6526395271935     
   22.7557902157700     
  -10.3145999005650     
   15.3290897902817     
  0.329513856217286     
 -7.683262356937853E-002
  -45.1101929843608     
   23.1388515139559     
  -23.9758978180149     
  -26.4297700271327     
  -1.70091423348333     
   5.96886400519077     
   49.0662968440619     
  -23.1045761681138     
  -29.1543311530505     
  -40.1629229138354     
   3.33460164009323     
  -4.43849137418714     
  -10.5856632886960     
  0.278454947448390     
  -29.1484753520596     
  -40.1868325988076     
  -33.5221225413226     
  -42.4470212110985     
  -22.3597080921808     
  -22.2012277984031     
   36.7094995406491     
  -21.1601541653128     
   9.77776783194231     
  -9.80822679629957     
  -44.3162602227512     
   21.1108481163580     
  -44.2020289768149     
   21.2669162083127     
 -0.176582963318080     
   12.4203822748415     
  -39.5699303568004     
  -12.0523057820307     
   44.0478600501991     
  -19.4183673867965     
   8.14236616357733     
   23.7329848027470     
  -29.1542426218622     
  -40.1627112535464     
   47.9495787171802     
  -11.3378876614209     
   26.4792857094892     
   15.9081016434408     
   30.5236869574922     
  -13.8287615278979     
   28.3927776475275     
  -7.10189734777028     
  -10.8192460326722     
   4.89877394728846     
   26.1932874648871     
  -13.3598976994612     
   27.7246003195367     
  -10.2593552199380     
   47.8596794300487     
  -22.3580597531289     
  -28.2303072349552     
  -42.5546621135424     
  0.736653132128286     
 -0.184998996647485     
  -33.6812846216068     
  -42.7193682457531     
  -1.05170754619608     
   27.1755099154044     
   17.5567841060449     
  -44.5689654020813     
  -42.7943532344193     
   21.4922938914061     
  -6.48464868954518     
   20.0989601301758     
   36.7649487435343     
  -25.5138357011581     
  -18.4915795875653     
  -26.1727673751987     
  -43.3028899019361     
   23.4939162276067     
   36.1257745933387     
   60.5148725811600     
  -24.4195198898459     
  -38.6619459714582     
   3.30268873331016     
   28.8797391687515     
  -39.4192511460709     
   16.9906812541710     
   1.16866962192754     
  -10.6586790020992     
  -29.0987432117980     
   18.6036254507188     
   1.51912825913997     
   1.95506778173185     
   10.0088810944650     
   44.3051893783371     
   39.9503748721727     
  -35.9863602635033     
  -22.9117253347951     
   12.4308136386629     
   12.8374329591279     
 -0.487192689946374     
 -0.220374739034803     
   48.1032802514654     
   14.6228796962720     
   19.1319589310521     
  -30.6673689349646     
   2.42817916029597     
   5.02092783269472     
  -52.4001399590150     
  -15.6351842379737     
   21.9384326957355     
  -45.1108254654665     
  -4.26701674159339     
  -4.47850775938193     
   10.2984752343709     
  -1.99550145793032     
   21.9337848744091     
  -45.1195930945987     
   25.8760130152208     
  -48.0791877728857     
   18.2207230065693     
  -26.2139484550871     
  -39.8897904837010     
  -15.8280618564930     
  -11.4621633074899     
  -8.83603018708872     
   47.0022912799642     
   12.7608596776531     
   46.9123823631567     
   12.9378101985661     
   2.00077676430285     
   11.6150305362310     
   36.8530554926525     
  -19.0868668097177     
  -46.8521044912147     
  -12.8527091623129     
  -4.35032400231741     
   24.0509347074373     
   21.9386038015487     
  -45.1104215967267     
  -49.3444223339138     
  -4.08265917434720     
  -23.9425793173334     
   18.7985277223455     
  -32.5347638085962     
  -9.62359461185033     
  -29.3559463872414     
  -3.09806662327389     
   11.2533573479398     
   2.52436668153058     
  -28.2006286213797     
  -9.71638231032633     
  -29.1524931763263     
  -6.77610988968198     
  -51.1064866307175     
  -15.1118736654711     
   20.6085900597989     
  -47.3356526931428     
 -0.928260207550703     
 -0.293006431090145     
   25.9875667914815     
  -48.3884901972589     
   5.19361477407650     
   25.9493358312408     
  -24.7876655424531     
  -41.9434333213532     
   45.5685060344151     
   13.3939501434009     
   9.42122669129231     
   18.1042131108800     
  -40.6183679349879     
  -19.9715413632327     
   13.7725459452236     
  -29.5162462731964     
   46.3777286466907     
   15.2991156403124     
  -25.6965845696909     
   65.0466200889916     
   17.5853958685235     
  -42.8708864963809     
   1.22521398803892     
   28.3474608103444     
   41.4720225408337     
   9.52714275785244     
  -3.07727516949228     
  -11.0272036240097     
   31.5821655385206     
   12.8516534264403     
  -1.22294439706971     
   1.64350919471257     
  -2.85267324815487     
   44.6438730815142     
  -45.5251012271180     
  -29.8094952610550     
  -22.7709276829355     
   10.4694222223384     
  -15.1513210550948     
 -0.418493237774557     
  0.115971518458544     
   45.3611044139136     
  -22.4653385293608     
   23.6049002160368     
   26.7908684933462     
   1.77816424857473     
  -5.90562840336879     
  -49.3625754811087     
   22.5427728933319     
   28.6109112364003     
   40.5752671414705     
  -3.38759434066508     
   4.44375583697239     
   10.5661083744663     
 -9.610790010207031E-002
   28.5975663982315     
   40.5968753855561     
   32.9539228365453     
   42.9157860055516     
   22.0492223159185     
   22.5378885027640     
  -36.9833591158430     
   20.7626683523176     
  -9.91173551639406     
   9.74069620508332     
   44.5564161718943     
  -20.4826628537682     
   44.4496248390464     
  -20.6336944248844     
  0.325150978635160     
  -12.3703662386612     
   39.3950574994687     
   12.6144766541224     
  -44.2989699024157     
   18.9279873851169     
  -7.83727832575205     
  -23.7692548846970     
   28.6094244084262     
   40.5739626626801     
  -48.0933463946588     
   10.7752294548169     
  -26.2975292895347     
  -16.1416171905082     
  -30.6927177445415     
   13.5025460735483     
  -28.4922354416129     
   6.79159322117994     
   10.8691994100353     
  -4.71151991745281     
  -26.3704948275778     
   13.0934137540812     
  -27.8519832712972     
   9.98366443035746     
  -48.1524067412263     
   21.8169515340280     
   27.6566523101814     
   42.9534888632487     
 -0.776051730499236     
  0.200039963975557     
   33.0980659893521     
   43.1933434327269     
   1.36932893844534     
  -27.1013746527485     
  -18.1441794421447     
   44.4252383355079     
   43.0536631509703     
  -20.8739247396681     
   6.73122081423091     
  -19.9609106860950     
  -37.1057090905620     
   25.1012946880442     
   18.1385331686625     
   26.4676156090032     
   43.5889261304708     
  -22.8677822210074     
  -35.3430915392117     
  -60.8944343477927     
   23.9183534991423     
   39.0191945997199     
  -2.95678584412571     
  -28.8488128608555     
   39.6095297696969     
  -16.4135287489186     
  -1.29910223553065     
   10.6950806200396     
   29.3122042967317     
  -18.1503482265074     
  -1.47128592012246     
  -1.89827706435828     
  -9.46623074725325     
  -44.3885858341174     
  -40.3940685805883     
   35.5234685061747     
  -22.8062042524142     
   10.6188806394581     
   15.0161586553622     
 -0.298754580259358     
 -7.735172149621010E-002
   45.6285493695155     
   21.9936372649026     
   23.3432151440544     
  -27.0684481904613     
   1.78889906579837     
   5.84479662180702     
  -49.6304155758219     
  -22.1190530613223     
   28.1966846491791     
  -40.9334897128673     
  -3.48374390124270     
  -4.45777767325062     
   10.5605264906924     
 -3.934685594087151E-002
   28.1975240415382     
  -40.9469502498111     
   32.5149554429043     
  -43.2995532869932     
   21.8203909305021     
  -22.7980234906656     
  -37.2213470640405     
  -20.4625347591855     
  -10.0455365534174     
  -9.69815110053379     
   44.7581813183999     
   19.9950351129476     
   44.6501366558071     
   20.1414193564263     
  0.422812386169508     
   12.3375732814656     
   39.2656364872211     
  -13.0528144795647     
  -44.5195651955636     
  -18.5397135722278     
  -7.62180220408451     
   23.8197984554554     
   28.1964105178528     
  -40.9330440952625     
  -48.2371000384433     
  -10.3541272799331     
  -26.1731027799405     
   16.3396006710932     
  -30.8659131241700     
  -13.2661143622824     
  -28.5874758807825     
  -6.56629567378856     
   10.8885225642636     
   4.57783546326595     
  -26.5220690391894     
  -12.8713408637324     
  -27.9831741921482     
  -9.78299726265280     
  -48.4011209647071     
  -21.3953695967808     
   27.2281688405645     
  -43.3067217863718     
 -0.754755252220376     
 -0.226606772780408     
   32.6758042204231     
  -43.5974504785467     
   1.62885471211857     
   27.0631559584610     
  -18.5969554800023     
  -44.2875384553589     
   43.2801203940628     
   20.4007345561529     
   6.89367235391589     
   19.8619845829705     
  -37.3768511995018     
  -24.7862144856845     
   17.8664572980651     
  -26.6927808532809     
   43.8019781106630     
   22.3999926048682     
  -34.7560051687563     
   61.2389836806351     
   23.5176612539591     
  -39.3130662793481     
  -2.67504670938937     
   28.8494088088665     
   39.7733239467591     
   15.9767686681914     
  -1.44336047789101     
  -10.7226441378665     
   29.5026560065292     
   17.8344530106303     
  -1.47269575482729     
   1.94884591297783     
  -9.03399823512240     
   44.4321265818616     
  -40.7858449362623     
  -35.1775373221178     
  -22.8991941385960     
   11.4188544206333     
  -14.0778641374676     
 -0.430450763627723     
  0.152515433365056     
   46.7936826557086     
  -18.7847441361226     
   21.5000643861215     
   28.7393632640863     
   2.05888161582646     
  -5.48410139830320     
  -50.9933487429554     
   19.3049980084387     
   25.4623826437375     
   42.8915684616612     
  -3.85526581031854     
   4.48584343275022     
   10.4358844772706     
  0.912024971833393     
   25.4600991875588     
   42.9033274167965     
   29.6144334085831     
   45.5318106102288     
   20.2476340187262     
   24.3803413720707     
  -38.5079621097489     
   18.4685412101500     
  -10.7152656491861     
   9.34491257618914     
   45.8372544256009     
  -16.8355759121110     
   45.7366124200173     
  -16.9983290380525     
   1.10037940450395     
  -12.0386600651378     
   38.2607604541979     
   15.7675779484604     
  -45.6813372135917     
   16.0760920503372     
  -6.22902995956879     
  -23.9740194917438     
   25.4624282999426     
   42.8913270852538     
  -48.8669192400928     
   7.60305506293911     
  -25.2718772039978     
  -17.4506805963297     
  -31.6996321965867     
   11.6866584922479     
  -29.0230049580336     
   5.04243384862929     
   11.0519104705368     
  -3.66824573672673     
  -27.3518101842549     
   11.5131075314223     
  -28.5829675864970     
   8.47011398369612     
  -49.7371785644108     
   18.6734108945281     
   24.3268494059286     
   45.2026602090349     
 -0.863023277742708     
  0.250099678369876     
   29.7539536709105     
   45.8351030358781     
   3.17540740308237     
  -26.6222336981238     
  -21.4126920476561     
   43.3490913100008     
   44.3573121330363     
  -17.3453199165855     
   8.00572614727499     
  -19.1193278910882     
  -38.9236279421059     
   22.7161152412783     
   16.0651475799839     
   28.0147520310765     
   45.0223107602935     
  -19.3027107039300     
  -30.8974719074011     
  -63.0564881052744     
   20.9141235975538     
   40.9931186113710     
 -0.991407269795598     
  -28.6930999279606     
   40.5968008421191     
  -13.1580127711428     
  -2.19139123738362     
   10.8973669101519     
   30.4682416536585     
  -15.6648100157761     
  -1.38300320355082     
  -1.80584692057352     
  -6.35127178178419     
  -44.6228049938045     
  -43.0059819919974     
   32.8985516889712     
  -22.9123546311172     
   12.7013326419631     
   12.4574505523635     
 -0.502032028432565     
 -0.232481143666624     
   48.4242473006486     
   13.3834385364192     
   18.4180081348286     
  -31.1993386562392     
   2.53227891672215     
   4.87227395263078     
  -52.7536408167539     
  -14.5810402863249     
   20.8926802069996     
  -45.7067118865101     
  -4.37814982331819     
  -4.48237481567008     
   10.2414857756250     
  -2.31177508495117     
   20.8912132856181     
  -45.7353909133986     
   24.7516384800850     
  -48.7469817724461     
   17.6075249621089     
  -26.7273451833166     
  -40.2456262258389     
  -15.0598622314183     
  -11.6707713272784     
  -8.68946622542200     
   47.2824028952163     
   11.5367741123767     
   47.1917662793633     
   11.7330548311616     
   2.25364445684929     
   11.4738102923927     
   36.3960295593588     
  -20.0393890748961     
  -47.1436158388385     
  -11.9261395227075     
  -3.81045998976523     
   24.0275561831237     
   20.8938014802945     
  -45.7054333609175     
  -49.4369000527284     
  -3.08809941241862     
  -23.5387585612967     
   19.1582961070868     
  -32.7461609926037     
  -9.02824042618164     
  -29.4311829114492     
  -2.54099103779797     
   11.2991557182889     
   2.18211836093311     
  -28.4205197181337     
  -9.19702486324325     
  -29.2905561054498     
  -6.29074420901323     
  -51.4499864048559     
  -14.0890761959301     
   19.5108028605721     
  -47.9105633168487     
 -0.956596453042459     
 -0.309591355590347     
   24.8657916037100     
  -49.1071540512396     
   5.75745835504615     
   25.7216409171210     
  -25.7383817792541     
  -41.4914150641250     
   45.8512518784040     
   12.2284255522776     
   9.81044815917186     
   17.7854765269579     
  -41.0724220986959     
  -19.1628043235867     
   13.0846536345736     
  -29.9318059827949     
   46.7137090004817     
   14.1293752518822     
  -24.1788898923864     
   65.5104590405303     
   16.5962179670217     
  -43.3731188748053     
   1.85825345588918     
   28.2038841918529     
   41.6694958604171     
   8.44686457964660     
  -3.33353461478723     
  -11.0658747888130     
   31.8609710493547     
   12.0158673510360     
  -1.16832794471652     
   1.58649107436504     
  -1.84296724480307     
   44.5851256440301     
  -46.1804523166369     
  -28.8941686841341     
  -22.9195239711026     
   10.7496079823389     
   14.7267468922504     
 -0.428176671036552     
 -0.133132002219636     
   45.8449196148858     
   21.0973619195847     
   22.7589000557295     
  -27.5739378438154     
   1.78869279039729     
   5.71016194080045     
  -50.0793867758524     
  -21.4357126849145     
   27.3727413355802     
  -41.5158728117196     
  -3.64950155752595     
  -4.50686655216855     
   10.4419517258996     
 -0.310001400332165     
   27.3687280645015     
  -41.5435088577777     
   31.6416048827297     
  -43.9671880995588     
   21.3128642274797     
  -23.2808766907997     
  -37.6551460124357     
  -19.9868203507529     
  -10.3046150377286     
  -9.64836733582505     
   44.9660389211351     
   19.1039108023946     
   44.8624005438662     
   19.2635543914260     
  0.527299352256947     
   12.2202159400435     
   38.9108503699465     
  -13.8427489081271     
  -44.9246075358063     
  -17.9515863372828     
  -7.35750082112188     
   23.8108645276886     
   27.3728587347545     
  -41.5153854147761     
  -48.5015848659279     
  -9.68569469532829     
  -26.0344827934350     
   16.5860824212258     
  -31.1796114731858     
  -12.8999726610403     
  -28.7992589137554     
  -6.22339564461382     
   10.8560896401642     
   4.29403860283844     
  -26.8347288726384     
  -12.5660502550852     
  -28.2299785494346     
  -9.47542161777071     
  -48.8563428619864     
  -20.7334041151141     
   26.3472854434386     
  -43.8812824329642     
 -0.861804465288587     
 -0.242801822737113     
   31.7956958340228     
  -44.2613148459432     
   1.93837378721192     
   26.9008345027511     
  -19.4411833855702     
  -44.0950445062391     
   43.4666610436105     
   19.5608893852936     
   7.10655547762402     
   19.6233145365632     
  -37.8814758063378     
  -24.2942853538187     
   17.2905566693199     
  -27.0995816938759     
   44.0510421770202     
   21.5347754955475     
  -33.9879338249477     
   61.6026583173643     
   22.7229696057194     
  -39.8272368070978     
  -2.33471573745634     
   28.7718655192866     
   39.9163025217741     
   15.1817040747069     
  -1.72294554389731     
  -10.8251703479457     
   29.6707726260882     
   17.2181372247267     
  -1.50129718490940     
   1.88303363206736     
  -8.44962623011059     
   44.4370569871393     
  -41.4752435024400     
  -34.6363377856802     
  -22.7975194907859     
   10.6149272246202     
   15.0162811294418     
 -0.358518800988565     
 -7.778085009027207E-002
   45.5948171086432     
   22.0106260522840     
   23.3419685691943     
  -27.0557641477112     
   1.80324758757988     
   5.84721876210667     
  -49.6082439851800     
  -22.1121905029522     
   28.2036778086373     
  -40.9097623647151     
  -3.46447462852529     
  -4.45526374718882     
   10.5556739740518     
 -3.395017754520586E-002
   28.2032485619642     
  -40.9295953149289     
   32.5162259195536     
  -43.2825851051466     
   21.8219550523001     
  -22.7914616150027     
  -37.2045294717354     
  -20.4593908402805     
  -10.0308458833601     
  -9.68898711676896     
   44.7602088885594     
   20.0041139053716     
   44.6399035895465     
   20.1577375753365     
  0.423792961932748     
   12.3365029730554     
   39.2598255833960     
  -13.0388497330954     
  -44.5063455876576     
  -18.5420209104363     
  -7.62375179234019     
   23.8143095809105     
   28.2038790605798     
  -40.9094389914804     
  -48.2249170090917     
  -10.3498845581111     
  -26.1708738309874     
   16.3317467205588     
  -30.8516163544940     
  -13.2654282334221     
  -28.5750741593920     
  -6.56051491581962     
   10.8930111208561     
   4.57917206864872     
  -26.5148094591553     
  -12.8749571275765     
  -27.9669633825830     
  -9.78321384632508     
  -48.3861654542972     
  -21.3945782618925     
   27.2230659054156     
  -43.2848933751733     
 -0.779525997613432     
 -0.183134051684358     
   32.6733847208776     
  -43.5720734936263     
   1.61840701564334     
   27.0520641841809     
  -18.5794766776012     
  -44.2717486233595     
   43.2481400444351     
   20.4156098232057     
   6.89643285845285     
   19.8584692321986     
  -37.3601307413483     
  -24.7841547272320     
   17.8676874606488     
  -26.6761458064084     
   43.7977883034834     
   22.4090087713290     
  -34.7687365650800     
   61.2355111475235     
   23.5179776324698     
  -39.2969580602843     
  -2.68382260479533     
   28.8519907334049     
   39.7669413610907     
   15.9896099546631     
  -1.43547669577175     
  -10.7268983244937     
   29.4939188864370     
   17.8429809871303     
  -1.47785987316197     
   1.92278808208903     
  -9.04370673149548     
   44.4232706586430     
  -40.7729861672537     
  -35.1834133641695     
  -22.7679012504976     
   10.3822879050912     
   15.2712092666793     
 -0.324435570505950     
 -8.221781526591568E-002
   45.2055326903268     
   22.9010247692134     
   23.8306498861323     
  -26.5763194072802     
   1.71344160902050     
   5.93312278714892     
  -49.1930679297688     
  -22.8890735853644     
   28.9445675213097     
  -40.3446139679226     
  -3.36783950332825     
  -4.45518790022919     
   10.5765342105022     
  0.208442030452790     
   28.9412377151460     
  -40.3515511492689     
   33.3012056651138     
  -42.5948705989728     
   22.2422310616423     
  -22.3303917938065     
  -36.8174544902553     
  -21.0086624761477     
  -9.84486510628869     
  -9.78185600202325     
   44.4152258180086     
   20.8718395485965     
   44.3044600223894     
   21.0239273542150     
  0.226697266309400     
   12.4044629025485     
   39.5031490334391     
  -12.2704232902300     
  -44.1453836432558     
  -19.2342606696178     
  -8.01987557184544     
   23.7457110507551     
   28.9441704949880     
  -40.3432964966534     
  -48.0208617822234     
  -11.1241911242492     
  -26.4145092930194     
   16.0014647265481     
  -30.6051156457803     
  -13.7146754213843     
  -28.4385668984627     
  -6.98780671773904     
   10.8284677846277     
   4.83118721832054     
  -26.2691378673318     
  -13.2558595889453     
  -27.7813502748403     
  -10.1532703444069     
  -47.9855514314080     
  -22.1522415777308     
   28.0115116805806     
  -42.7240351634653     
 -0.731187308092002     
 -0.191808371331884     
   33.4600159959535     
  -42.9286362643496     
   1.17227672965083     
   27.1475141621307     
  -17.7804930049773     
  -44.4996280325798     
   42.8834132210430     
   21.2536172336807     
   6.56710817672184     
   20.0354428212533     
  -36.9040002431853     
  -25.3562984572811     
   18.3577882872057     
  -26.2907625664859     
   43.4250216385464     
   23.2600692399662     
  -35.8476462767242     
   60.6667725127807     
   24.2226389997917     
  -38.7915903274827     
  -3.16711483000335     
   28.8766753669895     
   39.4984420434992     
   16.7675090273791     
  -1.22810785533117     
  -10.6715132790623     
   29.1921130206471     
   18.4375827442213     
  -1.50894692515043     
   1.97871688745568     
  -9.80281159449946     
   44.3310625475878     
  -40.1264016151031     
  -35.8068162249047     
  -22.9188123393227     
   12.0690533887614     
   13.3088525519317     
 -0.466326962636100     
 -0.196582048426450     
   47.6953121742182     
   16.1690899705347     
   20.0021072484858     
  -30.0020399963580     
   2.30139168388027     
   5.19301101426511     
  -51.9593642197728     
  -16.9580139048509     
   23.2321100227481     
  -44.3553133483783     
  -4.12072839800521     
  -4.48412984030971     
   10.3533817230022     
  -1.60949703134612     
   23.2284722923212     
  -44.3641043283093     
   27.2324334743514     
  -47.2124902258966     
   18.9671618816423     
  -25.5804171398702     
  -39.4427241629802     
  -16.7649533520779     
  -11.2081450160256     
  -9.02030407531435     
   46.6288891533397     
   14.2442206112319     
   46.5347703238010     
   14.4124360965994     
   1.68548686269187     
   11.7924531850863     
   37.3992879082475     
  -17.9149579265015     
  -46.4818347517803     
  -14.0038291569329     
  -5.02733982154458     
   24.0445748598694     
   23.2323074530252     
  -44.3540683176778     
  -49.2220016508265     
  -5.39431890738564     
  -24.4434585398704     
   18.3308676920274     
  -32.2674726965558     
  -10.3565715275164     
  -29.2803097518543     
  -3.79234124824620     
   11.1946962201606     
   2.94017085609396     
  -27.9275092331852     
  -10.3584176577182     
  -28.9765033676279     
  -7.37378779557904     
  -50.6726033090227     
  -16.3898318017912     
   21.9765451916940     
  -46.6128006088872     
 -0.901465050907624     
 -0.283125815968786     
   27.4025897157836     
  -47.5171841339534     
   4.46616607653521     
   26.2246690449182     
  -23.6048633075169     
  -42.4672597798934     
   45.1686333602448     
   14.8465234458126     
   8.92150858937044     
   18.4917958535807     
  -40.0487231570156     
  -20.9719666927849     
   14.6168845720877     
  -29.0036785722655     
   45.9264836532698     
   16.7681609877180     
  -27.3827668999940     
   64.5004140062486     
   18.8044525493863     
  -42.2345472946401     
  0.428226999523433     
   28.4980673235507     
   41.2031582778311     
   10.8475204216220     
  -2.76005646947482     
  -10.9851466092817     
   31.2218314987402     
   13.8866517477501     
  -1.28347780361377     
   1.70617835751825     
  -4.10946067874476     
   44.6730184531614     
  -44.7353941793534     
  -30.8157114240502     
   22.8884474596126     
  -11.6935084386821     
   13.7777157471026     
  0.439455058460330     
 -0.163743976721856     
  -47.1730251665692     
   17.7594227017608     
  -20.9526981589484     
  -29.2310152940899     
  -2.17051578593554     
   5.38187577368332     
   51.3489493236739     
  -18.4108468627741     
  -24.6261990074684     
  -43.4647493467103     
   3.94239401800196     
  -4.48139406044289     
  -10.4328550614622     
  -1.18611488197709     
  -24.6231372312750     
  -43.4783699794064     
  -28.7372291900307     
  -46.1933717340018     
  -19.7842788732095     
  -24.8446090768599     
   38.8527186287519     
  -17.8277717273641     
   10.8892361065717     
  -9.22402733946929     
  -46.1794180260550     
   15.8388388364544     
  -46.0812666391975     
   16.0015684274421     
  -1.34049496591872     
   11.9437046560366     
  -37.9591475501168     
  -16.6001236844845     
   45.9759798473348     
  -15.2904728866693     
   5.73798043035114     
   24.0034393365159     
  -24.6262843289715     
  -43.4645321591266     
   48.9940208431364     
  -6.73809178118609     
   24.9347615295398     
   17.7957061593522     
   31.9035303275550     
  -11.1830950496711     
   29.0973369208162     
  -4.57412112288366     
  -11.1263663907548     
   3.39220533338173     
   27.5568649651438     
  -11.0757801497409     
   28.7214852271374     
  -8.04927277181782     
   50.0815440658251     
  -17.8062021456695     
  -23.4417574599350     
  -45.7561616249850     
  0.872364728812843     
 -0.257942552174348     
  -28.8734580245796     
  -46.4959671451380     
  -3.70243091071149     
   26.4665891379789     
   22.2321023806907     
  -43.0425919298893     
  -44.7119182754240     
   16.3819284092790     
  -8.37817347800851     
   18.8802997700360     
   39.3473886592912     
  -22.0529782482268     
  -15.5296819727364     
  -28.3992656922226     
  -45.4153682783316     
   18.3230969630766     
   29.5877085920368     
   63.5981132737225     
  -20.1277979513358     
  -41.4834453894830     
  0.417719589351256     
   28.6213518498317     
  -40.8649817844748     
   12.2648342870570     
   2.39238033662972     
  -10.9324147925317     
  -30.7849625424095     
   14.9780589472753     
   1.33555624304389     
   1.77210548770248     
   5.46453276959668     
   44.6587870879536     
   43.6267765984795     
  -32.1592201190678     
  -22.8996805642388     
   12.2686833401792     
   13.0564066223974     
 -0.467085963324073     
 -0.211578088986012     
   47.9064948273096     
   15.3438411598253     
   19.5511758542794     
  -30.3572459544359     
   2.37426738610585     
   5.10180961084483     
  -52.1762073717244     
  -16.2596869566885     
   22.5564289646749     
  -44.7547951843576     
  -4.18973391665257     
  -4.48258222879822     
   10.3334094167630     
  -1.81092892813347     
   22.5492847991827     
  -44.7787143187773     
   26.5355241604750     
  -47.6898621816317     
   18.5818044627221     
  -25.9202985439688     
  -39.6593772224020     
  -16.2832302318049     
  -11.3295261060204     
  -8.92945232948651     
   46.8283094371374     
   13.4681190369800     
   46.7362036451505     
   13.6424449573043     
   1.85697142604492     
   11.6943184062171     
   37.1136028762263     
  -18.5594828054865     
  -46.6674316079694     
  -13.4052429679453     
  -4.67871003861306     
   24.0541136448779     
   22.5562422580820     
  -44.7533939164227     
  -49.2793152706462     
  -4.70751968317048     
  -24.1522231402239     
   18.5869646470367     
  -32.3966050539326     
  -9.98127830549862     
  -29.3051646272156     
  -3.43719933065150     
   11.2318367059629     
   2.71896294766888     
  -28.0592848941922     
  -10.0295473446677     
  -29.0562133430203     
  -7.06681303287523     
  -50.8888962477056     
  -15.7185766566458     
   21.2563964739391     
  -47.0044431419256     
 -0.910560497865201     
 -0.285017020228989     
   26.6389206534553     
  -47.9647196455117     
   4.84724306488021     
   26.0781403366270     
  -24.2097874127504     
  -42.2046898236217     
   45.3853391030255     
   14.0809882943112     
   9.18795590091286     
   18.2850936426677     
  -40.3388708362085     
  -20.4472240211618     
   14.1774216216330     
  -29.2813712789900     
   46.1715357613365     
   15.9933614919569     
  -26.5951727866345     
   64.7488474656474     
   18.1698919097439     
  -42.5756999672750     
  0.840357836705689     
   28.4220227237195     
   41.3500112727744     
   10.1436003183813     
  -2.91727789493801     
  -11.0129518075491     
   31.4094145412506     
   13.3433995226470     
  -1.24280215059154     
   1.66870430552136     
  -3.47977792164633     
   44.6612834400590     
  -45.0931181019914     
  -30.3635960157234     
   22.8364617582631     
  -10.8698764229294     
  -14.7951519708503     
  0.390199894610608     
  0.100426005008584     
  -46.0117969879959     
  -20.8476732892906     
  -22.7496641375954     
   27.5506363069347     
  -1.87966298938759     
  -5.79430989260324     
   50.0633830530736     
   21.1657777692172     
  -27.2888596295672     
   41.5687176750915     
   3.59219371120548     
   4.42749322553634     
  -10.5346457672109     
  0.257402902711315     
  -27.2892125664232     
   41.5754755765632     
  -31.5551491217396     
   44.0302918877248     
  -21.3134507937746     
   23.2595396936627     
   37.6319969266196     
   19.8098376395829     
   10.2361524064748     
   9.53431751911504     
  -45.1598110753045     
  -18.9139005229833     
  -45.0494134581303     
  -19.0745765192312     
 -0.640602034036204     
  -12.3250920264613     
  -38.9262877567149     
   13.8657362170019     
   44.8944615166568     
   17.7304274726482     
   7.15452833061507     
  -23.9708652560498     
  -27.2889898697496     
   41.5687008028497     
   48.4304908928459     
   9.56088725924746     
   25.8996514351368     
  -16.7145229709287     
   31.1101532346315     
   12.7572904698151     
   28.6721687547416     
   6.11201282253855     
  -10.9423518522708     
  -4.32462119356331     
   26.7662918273404     
   12.4268575876304     
   28.1641850585946     
   9.37211960392236     
   48.8337432581488     
   20.4849199943687     
  -26.2473004281540     
   43.9340773729287     
  0.806967309520090     
  0.200665634130737     
  -31.7057263834911     
   44.3264231783959     
  -2.14090995224919     
  -26.9829589265333     
   19.5088562274717     
   43.9887276222555     
  -43.6795277276420     
  -19.3536605825620     
  -7.26550198527597     
  -19.6888108826882     
   37.8409142490784     
   24.1503819307912     
  -17.2361168009995     
   27.0899263399106     
  -44.2706028201318     
  -21.2958901399490     
   33.4374099572370     
  -61.7888106611634     
  -22.6464466680637     
   39.8611043660859     
   2.14435304958829     
  -28.8743757132721     
  -40.0761233473168     
  -14.9350033359472     
   1.67902707439364     
   10.7295994804791     
  -29.8727095730280     
  -17.0872669824558     
   1.46114199291965     
  -1.93022569968796     
   8.26651297976698     
  -44.5294533299440     
   41.4125403893575     
   34.5520988117865     
  -22.7853571604706     
   11.4834235282354     
   14.1497627264595     
 -0.363517503418269     
 -0.128866538049232     
   46.8645764181192     
   18.9717879846001     
   21.7175692660618     
  -28.6229486719149     
   2.14468278785134     
   5.52899950179898     
  -50.8151291538459     
  -19.4368290895482     
   25.7389891357057     
  -42.7593482002955     
  -3.74014370498770     
  -4.45862738024015     
   10.5478854072124     
 -0.848694476491964     
   25.7376072504033     
  -42.7701592192116     
   29.8994283452552     
  -45.3854168927165     
   20.4477265782532     
  -24.2700041531132     
  -38.3309408393944     
  -18.5544981996203     
  -10.5748644395166     
  -9.34202288753105     
   45.9070175176828     
   17.0177617776726     
   45.8038123076912     
   17.1851207695486     
   1.16179685129733     
   12.0778312618617     
   38.4333657630845     
  -15.5935449938838     
  -45.5106554206508     
  -16.1867092878848     
  -6.16729264301846     
   23.9897457344873     
   25.7390763971430     
  -42.7590802012635     
  -48.7305825955424     
  -7.72227536330105     
  -25.2052984133251     
   17.4233681560572     
  -31.5456163259063     
  -11.7512652784879     
  -28.8857385613823     
  -5.10329648247498     
   11.1475971050352     
   3.73912408394330     
  -27.2018945915602     
  -11.5645795958402     
  -28.4450994445757     
  -8.52067341141618     
  -49.5567487241415     
  -18.7978530857612     
   24.6101765385781     
  -45.0813764950152     
 -0.783430752286962     
 -0.229803103686057     
   30.0465284754566     
  -45.6841685465494     
   3.21667079323547     
   26.6680679524127     
  -21.1308498004453     
  -43.3866406870823     
   44.4293649866104     
   17.5236219921618     
   8.06073513890390     
   19.1818919637720     
  -38.7307602979104     
  -22.8093251247567     
   16.2814192581262     
  -27.9166839769502     
   45.0824061200376     
   19.4866559315134     
  -30.9277884734590     
   63.0174096284754     
   21.1762710062331     
  -40.8745449762178     
 -0.951599347197715     
   28.7229133944573     
   40.6763738729489     
   13.3223636897086     
  -2.04905997195772     
  -10.8671819445804     
   30.5404226435708     
   15.8028470304700     
  -1.31927419499337     
   1.80887294938472     
  -6.35684232803825     
   44.6389811818037     
  -42.7731472134167     
  -33.0128167509996     
   22.8471465484810     
  -11.0723619619439     
  -14.5113908407374     
  0.389021553555588     
  0.167944321358665     
  -46.2717171896724     
  -20.2592755516772     
  -22.3785958208544     
   27.9896987041256     
  -1.95946026226686     
  -5.64735347519113     
   50.3919802897691     
   20.6084552716148     
  -26.7371727335675     
   42.0354105322030     
   3.67416348131456     
   4.46636705795111     
  -10.5261258000674     
  0.518020392289974     
  -26.7355561810128     
   42.0421196861382     
  -30.9543441566410     
   44.5251603024892     
  -21.0089009640905     
   23.6759663850996     
   37.9340527237371     
   19.3727623784208     
   10.3954428438746     
   9.50572982634190     
  -45.4050724699337     
  -18.2812535384708     
  -45.2900848262301     
  -18.4500152249535     
 -0.818873140753760     
  -12.1646233747530     
  -38.7764822688621     
   14.5426150787736     
   45.1610448809421     
   17.2061892336396     
   6.86508903750609     
  -23.9200713436950     
  -26.7369486407102     
   42.0350938077965     
   48.5889558097846     
   8.88038364663750     
   25.6673654441496     
  -16.9594500661626     
   31.3141046450460     
   12.4000070317789     
   28.8349966736078     
   5.72543745887607     
  -11.0025031487111     
  -4.08140322636496     
   26.9777813615169     
   12.1337424583388     
   28.3176171050542     
   9.07880749599290     
   49.1494417065863     
   19.9374020019413     
  -25.6783302302261     
   44.3516069946622     
  0.792206665878394     
  0.279943308019053     
  -31.1685633468298     
   44.8891875670060     
  -2.48055878425895     
  -26.8452593915147     
   20.1515585984104     
   43.8430039989997     
  -43.9035235790070     
  -18.7566242692272     
  -7.51646471007845     
  -19.4725497756672     
   38.2234574105876     
   23.6734263647649     
  -16.9170499762515     
   27.4326462868759     
  -44.5241990908603     
  -20.7262267767005     
   32.5989390045129     
  -62.3119420579608     
  -22.1486734816438     
   40.2715698400837     
   1.75791788109773     
  -28.7889662416245     
  -40.2420884209663     
  -14.4501451015048     
   1.83219721989804     
   10.8237468404426     
  -30.0496294302629     
  -16.6585573586546     
   1.39773772181434     
  -1.85502123689275     
   7.59664216542480     
  -44.5694542743652     
   42.0296708933021     
   33.8816066486688     
  -22.8423968500539     
   11.1376192322934     
   14.4310570556297     
 -0.386245227278387     
 -0.146391611727652     
   46.3822148952870     
   20.0219913274144     
   22.2274191922820     
  -28.1092413529563     
   1.97819053601136     
   5.62110434212201     
  -50.4597753194019     
  -20.3948427816942     
   26.5473399149652     
  -42.1517189158154     
  -3.68423832182479     
  -4.48566851303798     
   10.4990578861857     
 -0.578178515343043     
   26.5431179043969     
  -42.1672644727353     
   30.7500980760424     
  -44.6663880225910     
   20.8755976292438     
  -23.7893567454215     
  -37.9939975917126     
  -19.2412186522556     
  -10.4392567703748     
  -9.48373860457248     
   45.4678468877669     
   18.0373716367704     
   45.3648104777611     
   18.1986250809579     
  0.862672438249896     
   12.1488217727607     
   38.6793839321109     
  -14.7350169640001     
  -45.2218153735961     
  -17.0264860382417     
  -6.73990751048119     
   23.9198644604475     
   26.5468779226709     
  -42.1514695546727     
  -48.6172951610658     
  -8.66043192859540     
  -25.5983653713388     
   17.0232574073024     
  -31.3633439976150     
  -12.2974241332435     
  -28.8419661951912     
  -5.62533205591807     
   11.0189104762065     
   4.01445030874043     
  -27.0194462520800     
  -12.0379537381599     
  -28.3353138906049     
  -8.97670876148782     
  -49.2135942204375     
  -19.7274615989630     
   25.4661488971783     
  -44.5000772376282     
 -0.822332026530512     
 -0.249318713908605     
   30.8984538719790     
  -45.0121789562827     
   2.61144450731907     
   26.7926173878221     
  -20.3040719206052     
  -43.7084378230502     
   43.9720044800888     
   18.5151741963754     
   7.60073939322690     
   19.4097621500443     
  -38.3064943470968     
  -23.5185795401329     
   16.7770674509115     
  -27.5188102170676     
   44.5915151605393     
   20.4890863601660     
  -32.3701749853622     
   62.3942663176791     
   21.9329643445383     
  -40.3534665631060     
  -1.61151788186990     
   28.7636394405904     
   40.3264567999575     
   14.2310681246070     
  -1.89537990903710     
  -10.8469570587615     
   30.1362688645607     
   16.4982523714163     
  -1.39938671847020     
   1.84911589459398     
  -7.35717537607280     
   44.5397550021353     
  -42.1495534828663     
  -33.7964697854619     
  -22.8290931580257     
   10.8010553935680     
   14.8070600821687     
 -0.364527471288605     
 -0.108911146876674     
   45.8846202988912     
   21.2964437008790     
   22.9466420194388     
  -27.4352384622055     
   1.88058845927348     
   5.77361407468435     
  -49.9271548299097     
  -21.5091529577273     
   27.6096865187210     
  -41.3677921503458     
  -3.55226134013188     
  -4.46015228496604     
   10.5287222561241     
 -0.229376476070428     
   27.6080597342745     
  -41.3756195026095     
   31.8925643760675     
  -43.7895770389112     
   21.4841590985127     
  -23.1478009974010     
  -37.4907107342789     
  -20.0418824687058     
  -10.1703918680597     
  -9.62287765488319     
   45.0218536803353     
   19.3031595045310     
   44.9176643410203     
   19.4578582572075     
  0.586269061141909     
   12.2704142816722     
   39.0537426221828     
  -13.6484850322794     
  -44.7735987667891     
  -18.0066430298666     
  -7.30019002508015     
   23.8570689342239     
   27.6096452671552     
  -41.3675341215576     
  -48.3771156564880     
  -9.71788167537020     
  -25.9808446870038     
   16.5877909857995     
  -31.0417089351408     
  -12.9204162580832     
  -28.6731357706923     
  -6.23637070509044     
   10.9398058213937     
   4.37968907468260     
  -26.7020532451252     
  -12.5710802448310     
  -28.1096396945727     
  -9.50518227803256     
  -48.6967399032457     
  -20.8101245796154     
   26.5914342908823     
  -43.7231603375826     
 -0.793569458630287     
 -0.219953900369025     
   32.0433484734874     
  -44.0925238406227     
   1.97880296292895     
   26.9676674138961     
  -19.2045483516057     
  -44.0956212131307     
   43.5151256228447     
   19.7404831224371     
   7.14000017551496     
   19.7137659306720     
  -37.7013461330841     
  -24.3369988880324     
   17.4723309631701     
  -26.9811320418552     
   44.1020174004390     
   21.7221254764190     
  -33.9319119212820     
   61.6703379360778     
   22.9529630107426     
  -39.6816928523675     
  -2.30326646001700     
   28.8342135261033     
   39.9713662329622     
   15.3587247202418     
  -1.59526910837012     
  -10.7715606275420     
   29.7315926856741     
   17.3634761979236     
  -1.45325310279087     
   1.89407659689390     
  -8.42826830515529     
   44.4760040074438     
  -41.2544830294579     
  -34.7604625368955     
  -22.8761286591353     
   11.5041767233865     
   14.0133929230223     
 -0.416477180597852     
 -0.151387325704404     
   46.9074895167922     
   18.5462318273363     
   21.3944422055811     
  -28.8499433845341     
   2.10335874558826     
   5.46333083808094     
  -51.0575806486615     
  -19.0936091988423     
   25.2907111589055     
  -43.0227559677428     
  -3.85704697033592     
  -4.48062282183589     
   10.4552115236862     
 -0.971851317633332     
   25.2882410962644     
  -43.0348693499456     
   29.4338883282183     
  -45.6820457330565     
   20.1608852732722     
  -24.4857956376657     
  -38.5676808007867     
  -18.3132880499148     
  -10.7356712649890     
  -9.31414072740372     
   45.9426639287515     
   16.6017363838342     
   45.8421626651799     
   16.7691800398895     
   1.17601413131917     
   12.0210910256753     
   38.2127504125520     
  -15.9597121698721     
  -45.7306603976580     
  -15.8890153170056     
  -6.08690265541401     
   23.9842288813364     
   25.2907392752113     
  -43.0224972980493     
  -48.8773776716946     
  -7.39718784011092     
  -25.1731254336921     
   17.5334466885992     
  -31.7261889460921     
  -11.5667179947364     
  -29.0186886857300     
  -4.93355261300234     
   11.0888770736493     
   3.60731341151562     
  -27.3795398537992     
  -11.4071785099323     
  -28.5961006993938     
  -8.36818728707612     
  -49.7976285604024     
  -18.4668854076048     
   24.1413929584545     
  -45.3343340809918     
 -0.848108923406831     
 -0.249682053072859     
   29.5714034616591     
  -45.9852363966889     
   3.32121481594832     
   26.5897940879050     
  -21.5741213961259     
  -43.2787981744991     
   44.4641213928628     
   17.1220351845506     
   8.11464503044916     
   19.0677564259952     
  -39.0007269589566     
  -22.5601345821868     
   15.9608196524073     
  -28.1016830108095     
   45.1386375534261     
   19.0767310312201     
  -30.5467266740626     
   63.2058053004311     
   20.7521306113359     
  -41.1026724998094     
 -0.833569241217452     
   28.6795967312914     
   40.6837369879131     
   12.9476854685699     
  -2.21923103396873     
  -10.9017129672926     
   30.5652725070734     
   15.5093745402029     
  -1.35756152628076     
   1.79681410133427     
  -6.12833053438475     
   44.6331319390400     
  -43.1278841559283     
  -32.7235386119347     
   22.8236300624238     
  -10.9649449248657     
   14.6370818099991     
  0.374068542560880     
 -0.123674205534201     
  -46.1272231550053     
   20.7041083167481     
  -22.6349082413542     
  -27.7533687440388     
  -1.92428122453046     
   5.69823407262006     
   50.1690957062141     
  -20.9972707078220     
  -27.1388456598298     
  -41.7377769845064     
   3.61211769828032     
  -4.46978981748274     
  -10.5335228018788     
 -0.397095939745119     
  -27.1367286335613     
  -41.7491924938114     
  -31.3871031658173     
  -44.2161977933300     
  -21.2211780458452     
  -23.4516405534940     
   37.7237653571545     
  -19.6756191390059     
   10.2899984881720     
  -9.56377515930164     
  -45.2367484288601     
   18.7203063096982     
  -45.1341884366827     
   18.8853579431454     
 -0.715642899988562     
   12.2153928470273     
  -38.8960130020685     
  -14.1676348299698     
   44.9794110531548     
  -17.5650703598273     
   7.03441967594101     
   23.8774721247583     
  -27.1388544402908     
  -41.7377544486389     
   48.4828618470708     
  -9.26600685004240     
   25.8039739749345     
   16.7774097019604     
   31.1851882582584     
  -12.6448276484222     
   28.7449780222084     
  -5.96827020499599     
  -10.9818539539333     
   4.20687980737409     
   26.8422243704190     
  -12.3412685378394     
   28.2076709522835     
  -9.26332494877164     
   48.9320137041262     
  -20.3142637846389     
  -26.0892215009832     
  -44.0960095024894     
  0.795483831121188     
 -0.230476112840664     
  -31.5439824249901     
  -44.5150803872391     
  -2.27415773371528     
   26.8820005295403     
   19.7026073428023     
  -43.9344197555079     
  -43.7449549748732     
   19.1773897108033     
  -7.37096659282176     
   19.5610880482468     
   37.9858793726775     
  -23.9703299742113     
  -17.1735958143087     
  -27.2340018575508     
  -44.3407278479216     
   21.1497502107983     
   33.1976700971321     
   61.9908504843033     
  -22.5066039809651     
  -40.0069377231283     
   1.97337653510435     
   28.7910857407067     
  -40.1491045849138     
   14.8291038695877     
   1.71987092681954     
  -10.8098355222296     
  -29.9269177834080     
   16.9617432722200     
   1.42466258267612     
   1.86935855553296     
   7.92644481490564     
   44.5170693292110     
   41.6594611997277     
  -34.3005580294757     
  -22.8499083316498     
   8.59888482718980     
  -3.92501737568704     
 -0.357402256861609     
  0.110174620100110     
   31.0991369328839     
   40.1643733758002     
   32.8568621862209     
   5.10070987886416     
   1.26501205674372     
  -1.76113555374447     
  -50.2587463659071     
   13.1244532275954     
   46.0954514461502     
   2.53890628826533     
  -1.72715086486849     
  0.968106194217550     
   10.3585462385783     
   3.91829604212706     
   46.0933351621261     
   2.53914674225928     
   50.8477895852027     
   2.74626055723398     
   29.1875161438355     
   5.37937242621649     
  -37.5869279856092     
   11.6351290852034     
  -9.37174602592050     
   4.58206941667985     
   31.6695064344281     
   39.8148360577150     
   31.5498086116842     
   39.6924126472567     
  0.360700106312748     
  -6.34306475686891     
   40.4753809153041     
   17.1580975805652     
  -45.6799352795587     
   10.6929753449386     
  -3.87937595242544     
  -20.0305260153267     
   46.0945353910522     
   2.53940395336763     
  -48.4836394469774     
   5.43946227710282     
  -25.6177853220901     
  -17.8557275807531     
  -31.0596035412989     
   7.29804201037220     
  -28.8858724817851     
   2.55007866163338     
   8.93493235948818     
   3.83035655275677     
  -26.4279389380012     
   6.98117860807194     
  -28.1693902591275     
   5.39951468809241     
  -49.5697302835767     
   12.8328978372243     
   46.0942409542190     
   2.53737447242569     
 -0.614323884029164     
  0.124831020979207     
   50.9069407374114     
   2.75620782910614     
   1.91662652721035     
  -19.8344797963607     
  -16.4293181593315     
   34.7293277902594     
   29.9153916860352     
   37.5956327104094     
   5.80725740964408     
  -7.64071250096823     
  -37.2305188228763     
   15.6842188522240     
   28.8300190815845     
   5.27021922827885     
   29.9141428450779     
   37.5953821759487     
  -21.0054532061265     
  -62.4423108714849     
   39.7344752103203     
   2.59995599285923     
  -1.45710363578923     
  -23.0342637264883     
   29.1397404100962     
   33.3664224412836     
  0.194208359742532     
   4.19012474813658     
   19.9277608286325     
   23.7856483816687     
 -0.892645659729004     
 -0.678117473824117     
  -3.73167895803994     
  -39.3606424357718     
  -41.6668950514420     
   23.7308152568886     
  -22.9181486375188     
   12.3177760997234     
  -12.9722225543677     
 -0.484356053982818     
  0.209946881921199     
   47.9812924843339     
  -15.1022695164050     
   19.4011914811371     
   30.4677389320914     
   2.37559100707622     
  -5.06790862617085     
  -52.2628829166062     
   16.0604440901009     
   22.3368610970539     
   44.8851954829001     
  -4.22870243310935     
   4.48932135706050     
   10.3114524830965     
   1.88391214520355     
   22.3330824732613     
   44.8959512247856     
   26.2976609030470     
   47.8156325232391     
   18.4532201858688     
   26.0205190819345     
  -39.7346846028174     
   16.1462373926963     
  -11.3886681689803     
   8.90405085295094     
   46.8542686828144     
  -13.2339598876379     
   46.7732264755568     
  -13.4032793206503     
   1.89355349194477     
  -11.6578088995952     
   37.0265122553511     
   18.6964444670185     
  -46.7377995939318     
   13.2249378901974     
  -4.56708678304636     
  -24.0362825905141     
   22.3370736765903     
   44.8832131107289     
  -49.3081030245457     
   4.48297334514677     
  -24.1049770926582     
  -18.6331946682964     
  -32.4539476547746     
   9.86557652673264     
  -29.3356538301202     
   3.31198525765475     
   11.2279370907419     
  -2.65076799609627     
  -28.1161706126012     
   9.92773668386435     
  -29.1010284895684     
   6.97382879995946     
  -50.9724516696510     
   15.5249572470068     
   21.0263687904349     
   47.1268801393317     
 -0.923013984952251     
  0.294400313142422     
   26.4110849725217     
   48.1256209357218     
   4.95173009121991     
  -26.0322231398269     
  -24.4109344884537     
   42.1273203084458     
   45.4442516089505     
  -13.8380501394318     
   9.25846682320890     
  -18.2178044738260     
  -40.4396381003404     
   20.2908755974517     
   14.0357802911889     
   29.3641088405844     
   46.2285846162561     
  -15.7683882530414     
  -26.1527014830538     
  -64.8995994159052     
   17.9689079303158     
   42.6774114662937     
  0.970272829081248     
  -28.3862187604292     
   41.3727902745634     
  -9.96127738297735     
  -2.98707037332598     
   11.0235238064605     
   31.4533695234311     
  -13.1744109270634     
  -1.24468131445077     
  -1.65962778893817     
  -3.25734342755917     
  -44.6398287998515     
  -45.2182294041358     
   30.2234662571238     
  -22.9084173268883     
   12.0712063860959     
  -13.3437973234077     
 -0.433540976214793     
  0.191662402124146     
   47.7264125976884     
  -16.0003324442549     
   19.9323633995036     
   30.0609489755372     
   2.31000428032659     
  -5.20257487862269     
  -51.9991739100441     
   16.9734005358125     
   23.1744161651018     
   44.4222292085506     
  -4.13970863721076     
   4.45849846059944     
   10.3190584564026     
   1.62032525126818     
   23.1748767121560     
   44.4453751096471     
   27.1511581393908     
   47.2313113375744     
   18.9145576982958     
   25.6399106904739     
  -39.4407887040747     
   16.6934785007721     
  -11.2398134541522     
   8.99885267336563     
   46.6263231620687     
  -14.1051750117199     
   46.5132364755778     
  -14.3329146199280     
   1.74929566928832     
  -11.8424334302567     
   37.3478782375381     
   17.9138623849826     
  -46.4999317331441     
   13.9749552693326     
  -4.87852064330173     
  -24.0695267679498     
   23.1790103544017     
   44.4241086676601     
  -49.1866295926710     
   5.31468639957694     
  -24.2737994153738     
  -18.3073117285570     
  -32.3054804141382     
   10.2984994874851     
  -29.3867617474145     
   3.62572188011554     
   11.1851707768364     
  -2.92733874543922     
  -27.9758359511814     
   10.2858192302431     
  -29.0048772039490     
   7.29416755256738     
  -50.6926410961058     
   16.3906588804656     
   21.9432084910940     
   46.6307007649084     
 -0.865951407809960     
  0.309240791946860     
   27.3069622844797     
   47.6251862398865     
   4.58178789127297     
  -26.2183613982712     
  -23.7682648024862     
   42.3641071975588     
   45.1801864818626     
  -14.8091721985598     
   8.96615077830784     
  -18.5104925483477     
  -40.1549731268528     
   20.8566931808280     
   14.5943863119516     
   29.0252860276548     
   45.9666500986471     
  -16.7205714598747     
  -27.3824591134825     
  -64.2991095019365     
   18.8128691370254     
   42.3152925424114     
  0.548036611876888     
  -28.4952572409949     
   41.1517549326221     
  -10.6785277412581     
  -2.77692988676296     
   10.9752916236680     
   31.1521187741277     
  -13.8488189804715     
  -1.30928928655951     
  -1.71280314973514     
  -4.10538510628910     
  -44.7317831981657     
  -44.4026533874474     
   30.7497883362403     
  -22.9136181162915     
   11.8287421276668     
  -13.5861268642284     
 -0.450124991468487     
  0.175229518976963     
   47.3634147726673     
  -17.1219355714576     
   20.5812439308785     
   29.5355558926563     
   2.20439482788329     
  -5.29450894134093     
  -51.5854309382916     
   17.8879619404265     
   24.0926231189072     
   43.8151974861790     
  -4.02358091598786     
   4.49768390227447     
   10.3891386481709     
   1.35378617946588     
   24.0891004256620     
   43.8268398767761     
   28.1615051164069     
   46.5828009829046     
   19.4625211892760     
   25.1363568415176     
  -39.0787663105247     
   17.4563497478412     
  -11.0200096699533     
   9.15876372531036     
   46.3458775234573     
  -15.2078402986470     
   46.2516616462252     
  -15.3775651815725     
   1.45798916489242     
  -11.8700864114192     
   37.7320837267804     
   17.1065176316362     
  -46.1715384117749     
   14.8244123638559     
  -5.47525274398797     
  -24.0068390147200     
   24.0926448136255     
   43.8151320949986     
  -49.0893045122218     
   6.24791975268029     
  -24.7674588559434     
  -17.9799149943185     
  -32.0504418610209     
   10.8880579528344     
  -29.1724945493723     
   4.27667905179407     
   11.1398410237929     
  -3.20540225352407     
  -27.7048647553796     
   10.8218464259544     
  -28.8294694462737     
   7.81294487089441     
  -50.3086981082397     
   17.2935086843170     
   22.8777140967986     
   46.0999095752540     
 -0.891867288764636     
  0.268399738274396     
   28.2950295989011     
   46.8975703005679     
   3.98432678162949     
  -26.3638116577880     
  -22.7499934885467     
   42.8409240148373     
   44.8865895950096     
  -15.7658778505729     
   8.57714360765013     
  -18.7162985666756     
  -39.6176427363714     
   21.6660758633502     
   15.1701824827779     
   28.6423237882784     
   45.6082657458333     
  -17.7042236521422     
  -28.4276574725128     
  -64.1060536594445     
   19.6171160748627     
   41.7787683166566     
 -9.854473206869165E-002
  -28.5612232340831     
   40.9820076947350     
  -11.7079188058713     
  -2.54397702415387     
   10.9677968195164     
   30.9465767568407     
  -14.5383555253894     
  -1.32166419467773     
  -1.73683324381889     
  -4.93569887139663     
  -44.6525059630517     
  -44.0163825035048     
   31.7413546763612     
   24.6830284897724     
  -12.5294619930211     
  -10.2810125531824     
   1.84121268102864     
  0.580432624860879     
  -47.9811921092940     
  -6.86448565425207     
  -12.6904361007828     
   33.8488586283170     
  -1.48446039313230     
  -4.09945836940896     
   56.0109639866461     
   8.82441682512658     
  -13.1724532781026     
   48.8010411531252     
   6.54421695013469     
   4.60925110001791     
  -8.35336793529578     
   3.83582580890530     
  -13.1739016132548     
   48.7860551989586     
  -16.5325456121119     
   52.3186653171425     
  -12.4819426913223     
   29.2741118259975     
   43.5527003060398     
   10.9391962697180     
   14.2989559145611     
   7.84231918529705     
  -46.6446389153885     
  -5.11025307908497     
  -46.5633304397779     
  -5.24309889808072     
  -2.10059523481938     
  -10.6519003928595     
  -32.0281796858762     
   25.1475883234617     
   50.0173796449222     
   6.89888198113304     
   2.81799185973363     
  -23.9537035539368     
  -13.1832726226224     
   48.7778941379407     
   51.1663657964676     
  -2.54150161319140     
   22.9336368721485     
  -20.7480074827739     
   35.3155185759603     
   5.81393512601403     
   31.3134450313624     
 -0.351454189396469     
  -9.93718659480981     
 -0.291709233291110     
   30.9915842493052     
   6.36139771013194     
   31.6973088430346     
   3.78441052388521     
   54.6310461424401     
   8.54564842083101     
  -11.4223106792377     
   50.9087531387302     
   2.32624231146039     
  0.659468416822299     
  -16.5801357621853     
   52.6195159631699     
  -7.05843316824661     
  -24.4305277430087     
   32.4254163676692     
   38.6911132466360     
  -45.2798621924507     
  -6.05038021095156     
  -10.1948312840813     
  -16.0733580198637     
   44.8516052388384     
   14.7422019737591     
  -7.46025664411809     
   31.9988415004172     
  -46.3060785218930     
  -7.76469472617423     
   19.9056862626448     
  -66.9246810830101     
  -9.28221642469149     
   45.9415949605306     
  -3.39734111136702     
  -27.3751709475397     
  -40.5640215556529     
  -2.70872445822269     
   6.26937653219429     
   11.1341480588964     
  -31.4442243777532     
  -7.57675869528474     
   2.02215746857326     
  -1.53817689553002     
  -1.28328543463120     
  -43.9920954558305     
   50.8264693079664     
   24.5103510546799     
   22.9096046466557     
  -12.2595158670026     
  -13.0812457579150     
  0.506053562154867     
  0.201049213355701     
  -47.8006466945250     
  -15.3263665657044     
  -19.5935381125697     
   30.2806732374380     
  -2.35967528280930     
  -5.13632690125396     
   52.1058935353631     
   16.3234008468635     
  -22.5777799125522     
   44.6792409055870     
   4.19397883673755     
   4.45056563956428     
  -10.3716310445324     
   1.79744857444143     
  -22.5677066378072     
   44.6919325480025     
  -26.5923544551808     
   47.6132429485019     
  -18.6074893368318     
   25.8505325325894     
   39.6155128045630     
   16.3155196606315     
   11.2951960832511     
   8.90182992791949     
  -46.9352147791986     
  -13.4916008595252     
  -46.7365881040798     
  -13.6255774721114     
  -1.82685953193201     
  -11.7177495408507     
  -37.0661950911170     
   18.5429829088671     
   46.6098966394098     
   13.4768413843101     
   4.57315751125820     
  -23.9574219756587     
  -22.5762122238415     
   44.6760958315717     
   49.1862393961095     
   4.75638525804192     
   24.1941063549950     
  -18.6037574291689     
   32.3689228216203     
   10.0212733502171     
   29.2191899211314     
   3.60532307020833     
  -11.2240361850060     
  -2.73833932352385     
   28.0358233642871     
   10.0689836876779     
   29.0466688087046     
   7.08864404522723     
   50.8254973800508     
   15.7844577080747     
  -21.2265329087780     
   46.9679988528770     
  0.936065361952487     
  0.294657255473809     
  -26.7101655127510     
   47.9157688173324     
  -4.85586853939529     
  -26.0645453683687     
   24.1260714301263     
   42.3079043154356     
  -45.4115496227644     
  -14.0814244858381     
  -9.18233610105830     
  -18.2883832516664     
   40.2928337694570     
   20.5017131075248     
  -14.1764132120126     
   29.2095990808302     
  -46.1672492906203     
  -15.8852273432741     
   26.5543368459735     
  -64.5639271201098     
  -18.2221304540092     
   42.5196461843005     
 -0.902224312052985     
  -28.3812808515767     
  -41.3066746802598     
  -10.0722533238187     
   2.89665253989092     
   10.9925898939095     
  -31.4250448294686     
  -13.3069433417111     
   1.21205570662130     
  -1.71410078513801     
   3.34495218258963     
  -44.6650544400794     
   44.9708749507027     
   30.3530374401499     
