   8.9629509e+01   2.7669660e+01   5.4337394e+01   1.3464909e+01   7.2879962e+01   2.9979104e+01   1.3456178e+01   5.2529264e+01   3.4589719e+01   2.6288700e+01   5.9628875e+01   6.9266791e+01   4.4042778e+01   5.8966438e+01   7.2279954e+01   4.2716711e+01   8.9557298e+01   6.4465194e+00   5.7608574e+01   8.1754688e+01   9.7083791e+01   1.1329212e+01   4.8263612e+01   9.2465530e+01   2.7603364e+01   3.7661064e+01   6.9599961e+01   6.9869879e+01   7.7922101e+01   4.7252396e+01
  -5.5214343e+01   7.3436323e+01   7.0782395e+01   3.4658121e+00   1.4695715e+01  -4.1490502e+01  -6.5769952e+01   9.1718753e+01   5.1922295e+01   3.9086887e+01  -9.2746324e+00   9.6431563e+01   5.0939427e+01   4.3341329e+01   4.8390221e+00   2.9353582e+01  -6.5781301e+01  -9.0308636e+00  -3.0479124e+01  -6.2050307e+01   1.5879781e+01  -6.6794605e+01   8.0041172e+01   7.8404834e+01  -2.6541094e+01  -5.4329601e+01  -7.6821014e+01  -4.0911589e+01  -1.0536150e+01   8.2136287e+01
   4.4259354e+01  -3.1511781e+00   4.0769416e+00   5.2467239e+01  -6.2011172e+01   3.7675884e+01   6.8712971e+01   3.6939816e+01   4.7583941e+01  -2.4470293e+01   4.5581411e+01  -9.9857261e+01  -7.6941140e+01  -6.4090791e+01  -1.6216780e+01   1.2678006e+01   5.3349261e+01  -6.0238416e+01   7.5905557e+01   6.6924982e+00   5.7933280e+01  -6.1856602e+01  -4.4236041e+01   5.8547256e+00   2.1749950e+01   8.5089791e+01   9.9907656e+01   8.8258131e+01   8.3024986e+01   7.2268117e+01
   9.4245236e+01   3.2124753e+01   7.1610688e+01  -4.8542710e+01   9.7267923e+01  -4.5525882e+01  -5.8598615e+01  -5.1118219e+01   6.0216889e+00   5.1803997e+01  -6.4520181e+00  -4.7399497e+01  -7.4011001e+01   5.8291413e+01   6.0150883e+00   2.2465935e+01   4.1770996e+01   1.0322990e+01   4.5679153e+01   1.8321870e+01   3.3792803e+01  -7.6840400e+01   8.0619811e-01   1.7793266e+01  -2.9222002e+01  -6.4939708e+01  -9.2240992e+01  -8.7053533e+01  -8.3560255e+01   4.7136471e+00
   8.0436548e+01  -5.3108892e+01  -2.2159679e+01   9.0798177e+01  -2.9245609e+01  -6.7419376e+01   8.7865763e+01   4.2942828e+01   5.8754460e+01   3.5595342e+01  -3.0213765e+01  -6.7806366e+01   3.3394153e+01  -4.5536323e+01   2.2282256e+01   6.2393839e+01  -1.5125480e+01   6.7262943e+01   4.2932193e+01  -3.8578419e+01   3.3931260e+01   1.2753161e+00  -5.4847221e+01  -8.0004689e+01   5.5567266e+00  -6.4798994e+01  -9.7198990e+01  -4.9129787e+01  -1.7991271e+01  -5.7520993e+01
   1.0523028e+01   6.5119506e+01   7.9593383e+01   4.7622038e+01  -1.3236469e+01  -6.0935923e+00   9.1853654e+01   8.7671753e+01   7.3334480e+01   1.6840435e+01  -8.8391588e+01  -4.1403478e+00   1.6256446e+01   8.8475746e+01  -6.7262670e+01  -3.2126430e+01  -8.0430925e+01  -7.3413743e+00  -6.2564576e+01   7.7819781e+01   7.3962880e+01   4.8316959e+01   1.8786860e+01  -7.7204377e+00  -6.3660844e+00  -6.2837073e+01   5.2627430e+01   3.9006634e+01  -8.3696639e+01   6.1672889e+01
  -7.3600957e+01  -3.9533453e+01  -4.9224443e+01   7.5660006e+01   2.5052761e+01   9.4532986e+01   2.8699541e+00  -8.1594247e+01   3.7943566e+01  -7.7934140e+01   7.2240979e+01  -4.9072689e+01   4.5110315e+01  -5.7117037e+01  -8.3703393e+01   4.0425012e+01  -8.6727477e+00   8.8710065e+01  -7.9088767e+01  -2.5296378e+01  -5.2761687e+01   7.7060935e+01  -1.5208891e+01  -1.3284905e+01   5.7500957e+01  -5.9033387e+01   1.7081613e+01   4.2518348e+01  -9.1392312e+01  -2.4319432e+00
  -8.2363361e+01  -3.4219754e+01   8.4439347e+01   7.4030018e+01  -1.4309601e+01   8.0299509e+01   2.7989898e+01   3.6635514e+01  -7.8336470e+01   8.1507462e+01   6.5189396e+01  -6.5281862e+01  -1.4489221e+01   8.2796376e+01   9.6862079e+01   2.6418582e+01  -9.6558619e+01   7.1820007e+01  -5.6342385e+01  -6.1127211e+01   2.2936189e+01   6.0814115e+01   5.4320918e+01   9.6004292e+01   4.2979115e+01   8.4813390e+01   4.9874791e+01   3.7920438e+01   6.7603198e+01   7.6677985e+00
  -4.5160009e+01   3.3709526e+00   9.5487222e+01   8.0121027e+01  -7.4672102e+01   5.6914502e+01   5.2506268e+00  -8.0196733e+01   1.5199571e+01  -3.2131206e+01   8.5581501e+01  -9.5777786e+01  -2.0866446e+01   5.8011767e+01  -5.9632792e+01   8.7930470e+01  -9.8382062e+01   8.3898822e+01  -8.8121127e+01  -5.8051182e+00   9.9773721e+01   2.4365127e+01   5.7583562e+01  -1.4623639e+01   8.9219061e+01  -8.6553271e+01  -6.7775163e+01   3.9356654e+01  -6.1420838e+01  -9.2085943e+01
  -8.3894350e+01  -6.1296390e+01  -4.3565186e+01   5.2381773e+01   3.5967825e+01   5.2933879e+01  -1.7892678e+01  -3.7701902e+01  -6.5928052e+01  -9.0157265e+01  -6.3236674e+00   8.8489233e+01  -5.8477342e+01  -7.0158347e+01  -2.1420976e+01   4.2930465e+01  -4.7799499e+01   2.2885782e+01   9.6163824e+01  -3.4622272e+01   9.0599848e+01  -5.1101590e+01  -4.4345802e+01   1.7071954e+01   5.1076798e+01  -9.1857674e+01  -1.1521555e+01   3.4935446e+01  -7.3569212e+01   1.9537824e+01
  -9.4992041e+01   2.0322876e+01  -9.6008132e+01   6.6744023e+01  -9.6882016e+01  -2.4499115e+01   6.1186893e+00   5.8491348e+01   8.5767013e+01  -2.3037400e+01  -9.7981367e+01  -5.7006208e+01  -7.5394317e+00  -8.7204347e+01  -8.2550965e+01  -9.7665381e+01   8.0557166e+01   3.7683138e+01  -1.1954096e+01  -4.8391173e+01   8.4996898e+01   5.5657574e+01   3.4206864e+01   4.1655440e+01   5.4206114e+01   5.0443038e+01  -3.1824026e+00   3.9477515e+01  -8.4827856e+01   4.8899318e+01
   8.8991320e+01  -3.2202832e+01  -1.1243633e+01  -7.5977174e+01  -4.6256132e+01  -7.4675717e+01  -5.2281820e+01   2.2361770e+01  -2.5406178e+01   6.8546445e+01  -8.9026562e+01  -2.0695213e+01   4.5166559e+01   3.6848827e+01   9.6677029e+01   5.3246553e+01   2.4041120e+01  -1.7117651e+01  -1.7913526e+01   2.0812731e+01   9.3985985e+01  -8.4719306e+01  -5.4795831e+01   3.1043668e+00   6.5148230e+01   6.4683992e+01  -2.3972610e+01  -8.2221018e+01  -3.9041486e+01   7.8639909e+01
  -4.3634007e+01   8.1179574e+01  -2.8760691e+01   8.5599301e+01  -3.0663098e+01   5.3402433e+01   5.0275888e+01   8.2547831e+01   1.7847543e+01   7.3557407e+00   3.9717836e+01   4.5056026e+01   2.2718856e+01   2.5290390e+01  -9.7067917e+01  -4.5187863e+00  -3.5314564e+01  -7.8769323e+01   5.5599738e+01  -4.6883701e+01   3.1612742e+01   4.2998217e+01  -7.5705863e+01   7.9787894e+01   3.1648175e+01  -5.8664839e+01  -7.4204886e+01  -5.8346905e+01   9.1060784e+01   5.4491148e+01
   4.0046070e+01  -8.9953469e+01  -5.4928524e+01  -8.1607821e+01   7.7178202e+01   2.1498253e+01  -9.9907435e+01  -1.0811329e+01  -5.5796260e+00  -3.7456230e+01  -5.1359497e+01   2.0316589e+01  -3.3990564e+01   1.7462272e+01  -7.6418730e+01  -2.1872795e+01  -7.5711983e+01   7.0588732e+01  -9.0852577e+01  -3.2883221e+01   8.0617722e+00   4.4658050e+01  -9.4681860e+01   1.3359719e+01  -5.3645627e+01   9.9027476e+01  -3.2628350e+01   8.8678455e+01  -9.3333454e+01   3.5497050e+01
   8.4819482e+01   7.3715836e+01  -7.7215952e+01   2.6246851e+01   3.5810582e+01  -3.8170654e+01   7.8034240e+01  -4.4665874e+01   9.7443310e+01  -5.6590052e+01  -1.2438691e+01  -5.2117545e+00   7.9623462e+01   5.4273969e+01  -3.2707732e+01   9.2211452e+01  -3.5176647e+01   7.2900287e+01   9.4078793e+01  -2.7777478e+00   7.5388496e+01  -9.7385582e+01   3.0312335e+01  -8.7388431e+01  -8.9467226e+01   5.5925224e+01   8.2350397e+01   4.3143612e+01  -4.0040582e+01  -4.0047526e+01
   4.8178983e+01   2.4199360e+01   1.0440835e+01  -3.4941287e+01  -2.6506287e+01   4.1186487e+01   2.5477582e+00  -7.4993047e+01  -2.6376529e+00  -3.5682897e+01   2.1903374e+01  -7.5259553e+01   2.8007226e+01   1.7833075e+00  -7.6830850e+01   6.0535583e+01  -7.9672334e+01   6.2555135e+01   6.3301699e+01  -1.8154947e+01  -2.8307977e+01  -9.5558692e+00  -7.5989042e+01  -5.3273416e+00   7.9823077e+01  -7.9318922e+01   4.8549915e+01   1.5279214e+01  -4.6112812e+01  -8.9197476e+01
   9.9365703e+01   3.6540163e+01   3.4130468e+01   3.5731536e+01   5.0896768e+01   9.6781156e+01   5.5371073e+01  -2.1367030e+01   7.0425017e+01   7.1767585e+01   7.2889786e+01   1.2548370e+01  -9.8664150e+01   9.9124045e+01  -8.8672631e+01   2.6750813e+01   2.0312270e+01   6.0344604e+01  -2.4700644e+01  -3.7158191e+00  -6.9385449e+01   6.8113645e+01   5.4762424e+01  -2.7188215e+01  -1.7952090e+00   5.5948225e+01   9.1692987e+01  -5.6881146e+01   5.9535026e+01   8.9364515e+01
   3.1011725e+01  -4.8247496e+01  -2.4688834e+01  -5.8903894e+01  -6.9720899e+01   7.5522503e+01   9.6501196e+01   1.3816861e+00  -9.0082832e+01  -6.1717589e+01   7.0660633e+01   9.2395236e+01  -9.0758739e+01   9.5061094e+01   3.8582682e+01   1.5722873e+01   5.5475329e+01   1.0396425e+01   2.2031008e+01  -7.1065426e+01   5.4703392e+01   8.4612477e+01  -4.7930606e+01   2.9608872e+01   2.6932614e+01  -9.7461879e+01   7.1712204e+01  -7.4606683e+01  -3.4850568e+01  -6.2521600e+01
   6.5489308e+01  -9.6902423e+01   4.5027546e+01  -6.7554762e+01   1.5102274e+01   2.8407550e+00   4.8353528e+01  -9.5641771e+01  -9.5217375e+01  -7.5371316e+01   9.9497420e+01  -4.2021344e+01   4.2571988e+01  -5.5417325e+01  -3.3800940e+01  -2.5904476e+01  -1.3383017e+01  -7.6248516e+01   3.4476666e+01   9.1074259e+01  -7.1664951e+01  -2.4461583e+01   8.1994790e+01   1.0850072e+01   8.2327123e+01   3.6712672e+01  -2.0773579e+01   3.5780141e+01  -4.4304281e+01  -6.8687692e+01
   1.2725608e+01   8.0210566e+01  -4.0163693e+01   9.1313688e+01   2.6176470e+01   4.7935110e+01   5.5311996e+01   6.0947325e+00   1.2866338e+01   9.3213877e+01  -9.9257675e+00   9.5351679e+01  -5.9153823e+01  -4.5973198e+01  -6.8350088e+01   7.4771183e+01  -8.2350571e+01  -1.7884788e+01  -4.4978753e+01  -3.0663092e+01  -3.4969137e+01  -6.6005779e+01   8.9028441e+01  -4.7475115e+01   8.2228693e+01   8.3504561e+01  -8.0754729e+01  -6.0001244e+01  -6.0182928e+01  -8.7963761e+01
   8.4173444e+00   5.5914955e+01   3.3747043e+01   4.2255301e+01   9.0292496e+01   4.8664969e+01   3.1424817e+01   4.6086930e+00  -2.2840885e+01   7.9188769e+01   9.2736342e+01   9.5824145e+01   7.1863041e+01   4.8364201e+01  -2.4971804e+01  -3.8586595e+01  -4.1078667e+01  -5.0536766e+01  -1.6646001e+01  -9.7006453e+01   7.1344402e+01  -4.1309556e+00   6.4672595e+01   3.3854316e+01   6.7956625e+01  -7.3658817e+00  -1.1223122e-01   1.9693382e+01   2.3667796e+01  -1.7346022e+01
   8.0876756e+01  -1.7557968e+01  -3.5782547e+01   4.6924793e+01  -6.7722660e+01  -4.5764431e+01   4.7298504e+00   9.8979016e+00   9.6327109e+01   1.5199259e+01  -8.8880177e+01   5.2402366e+01  -3.4048231e+01  -8.8479608e+01  -5.5943730e+01  -1.2924031e+01  -5.3502511e+01  -1.4519338e+01  -3.1877891e+01   9.2051665e+01   7.6352807e+01   6.2086545e+01   1.7065609e+01  -2.6350903e+01   2.8689820e+01  -1.8747266e+01   4.8204001e+01  -3.8366875e+01   2.9337408e+01  -8.3021591e+01
   7.1683337e+01   7.6475853e+01  -1.8361790e+01  -9.9681078e+01  -8.2847412e+01   7.5352694e+01  -5.7281128e+01  -6.2368328e+00   4.0258314e+01   6.7583906e+01   6.9265898e+01   7.8958738e+01  -4.1342121e+01  -1.6740111e+01   3.1793203e+01   2.7478163e+01  -9.4347633e-01   4.6678411e+00  -4.0179960e+01   4.5958127e+00  -3.5497615e+01  -5.0736824e+01  -1.6194812e+00  -8.5074910e+01  -9.9984311e+01   8.0860613e+01   7.5909124e+01   5.5671491e+01   3.5282845e+00   9.3937834e+01
  -7.8001337e+00   8.7211342e+01   1.5798123e+01  -9.2911697e+01  -9.8935042e+01  -5.9514396e+01  -9.7909265e+01   5.4146926e+01   3.2060210e+01  -2.2933508e+01  -1.9061270e+01   3.2284216e+01   4.1940084e+01  -3.8055481e+01   9.8538640e+01   5.6333580e+01  -3.6324288e+01   8.9610699e+00   3.4282226e+00   4.5332483e+01   3.5313904e+01  -4.6486838e+01   9.0017154e+01   9.0563835e+01   9.1294143e+01   5.0203092e+01  -6.8702275e+01   7.7199364e+01   1.8126164e+01  -8.7347489e+01
   7.9816391e+01   7.8269040e+01   3.1804316e+01  -2.6562223e+01   4.3905201e+01   7.5692753e+01  -2.8039609e+01  -7.3892885e+01   1.1314758e+01   7.3884398e+01  -3.3937956e+01  -1.7124840e+01  -9.3827802e+01  -7.2787449e+01   2.4252486e+01   2.4685064e-01  -1.8720160e+00   7.4019056e+01  -8.5379432e+01   2.5951110e+01  -9.2681496e+01   2.1334548e+01   8.9613572e+01  -3.7071358e+01   4.7951759e+01  -8.5380523e+00   9.0192295e+01   9.2534361e+01   3.0951269e+01  -9.2214726e+01
   1.1103160e+01   1.5985592e+01  -1.0296534e+01  -4.4857835e+01   3.7380290e+01   5.5737615e+01   3.6144340e+00  -9.6563785e+01  -3.1149127e+01   5.4373793e+01   5.5230099e+01  -7.6374934e+01  -5.1882967e+01  -3.4654475e+01   5.6636851e+01  -4.9260595e+01  -8.5380496e+01   8.2531525e+00   3.5635763e+01  -8.5904855e+01  -5.0951439e+01  -5.5247532e+01  -5.2701301e+01  -4.7215288e+01  -2.5576199e+00   2.7813586e+01   8.3455958e+01   2.1065463e+01  -2.2212186e+01  -8.4277897e+01
  -1.2463194e+01  -4.8304474e+01   6.2607926e+01   2.3442875e+01  -8.4638066e+01   3.1559590e+01   8.8556197e+01  -8.0809705e+01   2.3264977e+01  -3.1190287e+01   6.9115985e+01  -3.3806651e+01  -8.6103304e+01  -4.2348849e+01  -9.3836693e+01   7.9337053e+01   8.6139579e+01   6.8330611e+01   3.3010600e+01   9.6968015e+01  -3.4975163e+01   5.1559744e+01  -6.5196162e+01   6.1864946e+01   8.2184691e+01   5.8528590e+01   2.6578587e+01  -4.5578217e+01   6.5308142e+01  -5.6999096e+01
  -9.6692727e+01   6.2940664e+01  -2.5490921e+01  -7.0684690e+01  -8.2782498e+01  -6.1498856e+01  -5.0570468e+01  -8.6995152e+01   8.7149972e+01  -6.3647817e+01  -5.3695612e+01  -6.9715967e+01  -2.3326965e+01   4.1462472e+01   3.9879871e+01   7.5087439e+01  -8.3734617e+01   1.2527902e+01  -3.8286589e+01   8.4572512e+01   4.4224653e+01   5.3757977e+00  -1.6283936e+01  -6.9433468e+01   3.2704983e+01  -1.1338268e+01  -6.5930001e+00   7.6715448e+01  -5.9064541e+01   7.5927969e+01
  -6.6201317e+01   9.9860325e+00   8.8083875e+01   3.3142310e+01  -5.0591600e+01   9.2513016e+01   5.6057110e+01  -7.7917420e+01  -3.6745223e+01  -4.5291070e+01  -3.4454999e+00   6.0402214e+01   6.8459018e+00   1.2070595e+01   8.3254525e+01  -7.3029860e+01  -3.0203794e+01   8.7872354e+01  -9.1008377e+01   8.3059160e+01  -9.0769285e+01  -2.2606263e+01   6.8990404e+01  -2.0887705e+01   9.5778905e+01  -4.9269820e+01  -5.9054157e+01  -8.8134838e+01  -3.4702735e+01  -4.3169083e+01
   7.1072618e+01   3.7846077e+00  -2.2730549e+01   9.7700571e+01   1.1291560e+01  -7.2868542e+01   7.4350693e+01  -6.1350714e+01  -6.5096347e+01  -3.0089337e+01   3.6957497e+00   9.8215954e+01  -1.2015732e+01  -3.2669101e+01  -1.5009470e+01   3.8430307e+01  -9.2053127e+01  -8.5341252e+01  -4.8905458e+01  -6.2006523e+01   1.2156374e+01   9.2925857e+01  -3.7719359e+01  -2.5722684e+01  -6.1594012e+00   6.0278467e+01  -6.9652004e+01  -9.8747374e+01  -4.5976377e+01   8.7543691e+00
   4.8699476e+01  -1.3967829e+00   4.9381544e+01   6.0688838e+01  -8.1723852e+01  -5.5413347e+01   4.3016773e+01  -9.0895291e+01   9.5201347e+01   5.3513595e+01  -8.6116519e+01  -4.4656884e+01  -6.1067999e+01  -2.5408216e+01   5.7224739e+01   5.3265408e+01   1.4171462e-01  -3.9822467e+01  -6.0056863e+01   7.1001623e+01  -5.2164385e+01  -6.1962769e+00  -2.0152793e+01  -5.3507037e+01  -6.6627923e+01   8.3243323e+01   9.4626846e+01   1.3776180e+01   6.5598184e+01   5.6526954e+01
  -8.6874848e+00   9.4969778e+01   1.0991827e+01   2.0763353e+01  -2.5376749e+01   1.7805706e+01   6.8207719e+01   3.1779380e+01  -2.0045515e+01   8.1905890e+01  -6.3375824e-01  -2.3360614e+01   1.4007493e+01   2.6197770e+01   6.0722027e+00  -1.8855489e+01   1.2684292e+01  -3.9104661e+01  -7.5723199e+01  -9.8781453e-01  -2.6321123e+01  -1.1773048e+01  -4.8780048e+01   5.6893436e+01  -9.9532511e+01  -7.2132311e+01   6.4733689e+01  -8.5254091e+01   8.0942301e+01  -3.8820535e+01
  -2.0847775e+00  -5.8116451e+01   3.8719828e+01   1.6961097e+01   4.9358137e+01  -8.7670216e+01  -3.2736299e+01   5.4395491e+00  -2.8888181e-01  -1.2840569e+01  -8.1438105e+01   4.2305823e+01  -9.2259581e+01   3.2661138e+01  -2.0872950e+01   4.9288020e+01  -7.2823006e+01   9.1190345e+01  -7.3888100e+01  -1.9738703e+01   8.7777952e+00  -1.1790520e+00   3.3808814e+01  -6.6900814e+01   3.0972497e+01   4.1265085e+01   2.1292840e+01  -7.4563397e+01  -9.9616997e+01   4.5259091e+01
  -4.3239212e+01   2.0362939e+01   8.7283161e+01   5.6272494e+01  -8.8576578e+01   7.7551694e+01   9.6914367e+01   1.2070287e+01  -9.4188346e+01  -5.2215037e+01  -8.7776310e-01   8.7066871e+01   4.8029049e+01   4.7359741e+00  -6.1840323e+01   8.5650552e+01   7.3424257e+00   8.8122329e+01  -1.0797822e+01   1.2090568e+01   6.7129347e+01  -5.1858469e+01   7.3152378e+01   2.9722987e+01   8.6105317e+01   8.3562064e+01  -4.7735235e+01  -9.1276970e-01   3.4390998e+01   3.9183224e+01
   9.7440777e+01   6.3646410e+01  -6.4032797e+01   8.3455291e+01   7.3692295e+00   4.9084473e+01  -4.0496798e+01  -4.6765957e+01   1.5515990e+01   7.9976363e+01  -7.9293616e+01   6.7013906e+01   6.9422386e+01  -5.1724093e+01  -2.2907912e+01  -7.1743678e+01  -9.3599089e+01   4.4064255e+01  -7.4174216e+01   1.5166919e+01   2.7501028e+01  -7.8647270e+01  -3.3338018e+01  -1.8710813e+01  -4.8247553e+01  -3.0851565e+01   4.2935214e+01   6.7549202e+01  -3.8948525e+01   8.3189942e+01
   1.0210798e+01   3.1329969e+01  -3.1703482e+01   2.8502152e+00  -8.3633379e+01   8.5476852e+01   8.9507333e+01  -1.6296449e+01  -8.5139560e+01   4.3886884e+01  -5.0853065e+01  -8.0736496e+01  -1.1975066e+01   5.9921474e+01   7.6739110e+01  -2.3514142e+00  -4.5706024e+01   9.8325960e+01   3.1564427e+01   1.1266475e+01   4.4842610e+01  -4.9710032e+01   9.4754454e+00  -3.5273426e+01   7.8577093e+01   8.9249145e+01   7.8242185e+01   1.5732808e+01  -2.3609133e+01  -3.9937371e+01
  -8.2172611e+01   6.1547643e+01  -6.6829643e+01  -1.8234421e+01   7.1486090e+00  -2.7218185e+01   7.3318609e+01  -2.1116969e+01   7.1520002e+01  -1.7273268e+01  -5.7571362e+00   6.3670866e+01   9.2539586e+01  -3.7064270e+01   9.3148882e+01   9.0137897e+01   8.4621038e+00   7.3022688e+01   3.5180862e+01  -2.7143270e+01  -2.0012989e+01   9.3015107e+01   2.6683745e+01   6.1534978e+01   5.8392232e+01  -8.7234988e+01  -6.6028046e+01   2.0513626e+01   5.8001474e+01  -5.5169000e-01
  -5.2558210e+01   9.1519591e+01  -7.9821235e+01   7.4930108e+01   3.2569451e+01  -9.5018695e+01  -4.6715584e+01   1.9675317e+00  -1.6239672e+01   4.3173385e+01  -3.2853681e+01   5.7692872e+01  -1.8539446e+01  -1.7033138e+00   2.2607981e+01   9.6371822e+01  -9.5430976e+01   4.7857028e+01   5.9385584e+01   5.3043330e+01   8.0289573e+01  -6.9171563e+01  -2.6439809e+01   3.2097260e+01   4.2578048e+01  -4.3366093e+01  -5.8181605e+01   4.5428769e+01  -7.6709111e+01   5.3164462e+01
  -3.6936559e+01  -3.4312914e+01   7.8172666e+00   8.6212577e+01   9.4889582e+01  -5.5554288e+01   3.0670197e+01   4.8926780e+00  -6.6797198e+00  -1.4848109e+01   2.9042639e+01  -9.9230851e+01  -3.5291707e+01  -2.9453136e+01   8.5806564e+01   5.0942579e+01   7.2317443e+01   5.4432481e+01   8.4922770e+01  -2.0108425e+01   7.3953180e+01  -4.4700934e+01   6.3344397e+01   8.9734370e+01   3.4306925e+01  -2.0400407e+01  -5.2889726e+00  -3.0325725e+01  -2.0375929e+00  -6.9059047e+01
  -8.0873028e+01   7.4524050e+01   4.3731413e+01  -4.4962964e+01   2.8845563e+01  -7.5366975e+00  -1.6281965e+01  -1.1318756e+01  -4.4045185e+01  -9.7803211e+01   7.0658638e+01  -2.3245199e+01  -1.2004059e+01  -8.8666234e+01   9.0749722e+01   8.3762590e+01  -5.5017884e+01   5.7887083e+00   1.6927897e+01   1.4428740e+01   4.8853552e+00  -2.9392399e+01   6.0669106e+01   2.6764934e+00   8.5873069e+01   1.2045050e+01   4.9733343e+01   2.4758266e+01  -2.5420699e+01  -8.2565701e+01
  -2.3275458e+01  -5.4023883e+01  -5.0728289e+01  -8.4539103e+01  -1.2112373e+01   8.4607360e+01   4.4240012e+01   1.3431764e+01  -4.1827494e+01  -2.3054707e+01  -3.3758590e+01  -3.0434935e+00   2.2175159e+01  -9.5602414e+01   6.9366753e+01  -1.1664473e+01  -1.8120518e+01   2.8671252e+01  -1.1514702e+01   5.9275865e+01   9.4069208e+01   5.3035214e+01   4.8639747e+01   7.1964019e+01  -9.4174554e+01   7.4063749e+01  -1.3372677e+01   8.0178804e+01  -7.8652191e+01   1.8717672e+01
  -3.9131154e+01   2.7439537e+01   6.1631851e+01   4.8454561e+01   8.4609017e+01  -6.1485600e+01   5.4334980e+01  -3.5900252e+01  -5.5921478e+01  -3.5465817e+01  -8.3022112e+01  -5.9295824e+01  -9.7942868e+01  -1.5455348e+01   8.1330183e+01  -1.9340576e+01   9.6557666e+01   3.3420211e+01  -6.0246582e+01   5.7008680e+01   9.3095924e+01  -4.6989447e+01  -2.1618504e+00   2.0400720e+01  -7.6263650e+01  -5.6838094e+01  -5.0212892e+01   6.0611720e+01  -5.4318796e+01   3.8931401e+01
  -4.7676789e+01   9.4709183e+01  -4.8094833e+01   4.3403317e+01  -5.6542853e+01   7.9701451e+01   6.3388621e+00  -5.3671961e+01   4.3810554e+01   3.2368124e+01   8.2609194e+01   7.6843446e+01  -7.2399836e+01   4.1457995e+01   3.3985628e+01  -1.0834831e+01   1.8043426e+01   1.3262402e+01   4.6097390e+01   6.3592444e+01  -7.6873063e+01   7.9350027e+01   7.2351264e+01   5.9717318e+01  -5.9352202e+01   8.5926905e+01   4.1884623e+01  -9.6760396e+01   4.8115032e+01   7.0435241e+00
   3.8633925e+01   9.2744956e+01   5.6130650e+01  -7.5675746e+01  -1.7271353e+01   2.5275826e+01  -6.9253878e+01   9.5507976e+01  -5.4096880e+01   3.2114116e+01  -9.0707513e+01   5.1465722e+01  -1.7626448e+01  -8.7767222e+01   2.4795149e+01   9.0984910e+01   1.0416496e+01   9.1909346e+01  -2.2808489e+01   3.1980308e+01  -3.2489799e+01   4.4834060e+01   3.0073201e+01   8.4351661e+01  -4.9334155e+00  -5.6514347e+01  -9.2733712e+01   7.5781263e+01  -5.2638366e+01  -8.4390798e+01
  -6.1526844e+01  -1.5295086e+01   1.2836816e+01  -5.9341806e+00   6.9445095e+01   2.2230164e+01   7.3037039e+00  -6.1705469e+01  -5.1056777e+01  -6.0047110e+01  -5.7824948e+01   6.5819133e+01   7.6082795e+01   8.0768073e+01  -8.8197855e+01  -5.7050097e+01   8.0445164e+01  -6.1365835e+01   5.4551353e+01   3.4187494e+01  -6.6899473e+00   6.8058327e+01   9.3617028e+01  -4.5105149e+01   6.8506489e+01  -6.9571117e+00   1.8868411e+01   7.9717982e+01   2.2120823e+01   8.6173151e+01
  -7.7177634e+00   4.8166573e+01   8.0558227e+01  -5.2342936e+01   4.0072473e+01  -1.0299580e+01   5.8433756e+01  -2.0729948e+01  -3.8640898e+01  -1.2615017e+00   5.1073198e+01   3.5636888e+01  -2.9708569e+00   6.8631046e+01  -1.6480246e-01  -4.4802039e+01  -6.4058220e+01   6.6843901e+01  -9.6335809e+01  -1.6082515e+01   7.2260326e+01  -2.2888457e+01  -7.4589031e+00   3.0332268e+01  -2.2894014e+00  -5.0492068e+01   6.1412660e+01   1.2398345e+01  -3.5898266e+01  -2.9083324e+01
   1.2979700e+01   3.1945975e+00   1.9954174e-01   8.8343912e+01  -7.8813657e+01  -7.1935552e+01  -6.9733308e+01  -1.9451899e+01  -2.0220906e+01   6.4068285e+01   7.8182187e+01  -8.7737199e+01   7.5861300e+01  -2.9968812e+01   3.7082811e-02  -9.8400759e+00   7.5161734e+01  -5.1220874e+01   2.2062340e+01   6.2087247e+01   9.6913995e+01  -7.8803529e+01   3.9284925e+01  -5.0647974e+01   1.1752975e+01   2.6878316e+01  -1.5891812e+01   3.4391240e+01  -1.3782697e+01   6.8636395e+01
  -3.3549161e+00   1.9755708e+01   5.9243409e+01   2.2999306e+01  -6.5608225e+01   1.6483277e+01  -3.3591082e+01  -6.5747638e+01  -4.4515257e+01  -7.5022815e+01   1.7993883e+01   5.4851712e+00   2.1480603e+01  -8.8140258e+01  -3.2708478e+01  -7.5977992e+01  -5.9648155e+01  -5.9709625e+01  -6.7125027e+01   8.1085173e+01  -9.0190585e+01  -4.3297084e+01   8.5776141e+01   8.2389980e+01  -6.6116234e+01   6.0664950e+01   6.0526089e+01   9.6289032e+01  -6.9272597e+00   2.6555706e+01
  -6.9773265e+01   2.6164387e+01  -7.9320320e+01  -9.4911259e+01   8.8179300e+01  -3.0636440e+01  -8.0268855e+01   8.4701864e+01   4.9653385e+01   9.1679602e+01  -5.1454750e+01  -5.2317918e+01  -8.3229212e+01  -3.2888093e+01   7.0205354e+01   4.9844266e+01   2.9076736e+01  -3.2478343e+01   6.4828728e+00   7.8417221e+01  -4.2746395e+01   7.2648616e+00  -4.0526720e+01  -4.2232045e+01  -1.2978577e+01  -7.2938157e+01  -7.1360908e+00   9.5253988e+01  -2.5792023e+01  -6.2834870e+01
   1.6949584e+00  -5.8394453e+01  -8.4385359e+01   5.6844266e+01   5.9443992e+01  -2.2311035e+01  -8.0368120e-01   3.5089405e+01  -5.7388154e+01   5.0948451e+01   7.4097124e+01  -5.8838827e+01   9.3913569e+01  -7.3109434e+01   1.1238285e+01   5.6162336e+01   8.4173383e+01  -9.0590464e+01   7.4979858e+01  -6.1209091e+00   2.8272938e+01  -7.4940982e+01   9.8326277e+01   7.5545301e+01  -4.1987340e+01   2.0831817e+00   6.7345237e+01  -9.7306510e+01   5.6562230e+00   8.4743594e+00
  -9.3016685e+01   7.8694648e+01  -2.4320942e+01   2.9478482e+00   3.9894356e+01   9.0334814e+01   7.6660559e+01   6.1870090e+01  -7.1113962e+00  -9.1239019e+01  -2.7315830e+01  -5.4594331e+01  -7.3970998e+01  -9.7993466e+01  -3.4064629e+01  -9.2324749e+01  -4.1952627e+01   2.0857314e+01   7.5662118e+01  -9.0543651e+01   4.8096492e+01   2.8668887e-01   3.9437842e+01   4.2912379e+01  -6.4703577e+01  -4.5749390e+01  -3.5586686e+01  -9.6677378e+01   2.5416981e+01   5.2257941e+01
   2.5327113e+01  -7.3224292e+01   6.9633356e+01   9.1961381e+01   9.3545968e+01  -5.2632953e+01  -6.6094043e+01  -8.7958546e+01  -6.5396524e+01   2.6789794e+01   1.0252353e+01  -5.8088382e+01   8.7476006e+01   2.3259024e+01  -9.6349757e+01  -7.1317014e+01   6.8986736e+01   2.3490321e+01  -1.5989273e+00  -1.2489334e+01   6.8922782e+00   8.8215876e+01  -4.3205248e+01   2.4485127e+01   1.2826593e+01   4.8161436e+01   5.7285688e+01  -3.5080680e+01   3.2335823e+01   5.7425202e+00
   4.3031530e+01   5.6489620e+01   6.5860281e+01  -2.4875022e+01  -6.4036412e+01   4.5974511e+01  -8.2104013e+01  -4.9128800e+00  -4.0933613e+01  -4.1712015e+00   4.8501705e+01   6.9361811e+01  -3.8290496e+01  -9.6366887e+01   7.9817704e+01   1.9041462e+01   1.7926470e-01   5.1109406e+01   1.6439417e+01  -9.8214663e+01   1.8154386e+01   5.9227922e+01   2.7254479e+01  -8.2697257e+01  -9.9919828e+01   1.5580772e+01  -3.9811564e+01  -2.8425259e+01  -7.5594185e+01  -2.4276158e+01
  -6.6765241e+01   3.6229507e+01  -9.6768296e+01  -1.9043476e+01   4.0350733e+00   1.8288313e+01   3.1980886e+01   9.2903878e+01   9.6245753e+00  -5.7169783e+01  -9.0851106e+01  -4.7179534e+01  -6.7827344e+01  -9.9665370e+01  -8.2746594e+01   9.8459222e+01   2.1660354e+00  -7.7015141e+01  -7.5131779e+01   7.1299375e+01   8.4526224e+01  -5.4830085e+01   1.6753674e+01  -8.1445597e+01   2.5059835e+01   2.7429861e+01   4.4086043e+01   6.9745908e+01   8.2016748e+01  -8.3831987e+01
   7.4854057e+01  -1.3685555e+01   6.5209347e+01   5.1868428e+01   7.4778175e+01  -5.8891829e+00   6.5496088e+01   4.3105645e+01  -1.2372111e+01   5.9446560e+01   2.0212692e+01  -9.9153373e+01   5.9825436e+01   3.6096350e+01   9.0654420e+01  -2.7570773e+01  -9.8826788e+01   5.2289034e+00  -7.4594766e+00  -1.3269381e+01  -6.7464010e+01   4.5674684e+01   3.4304238e+01  -3.3807556e+01  -8.2574776e+01   6.0961293e+01   3.6866141e+01   3.5589412e+01   3.8328700e+01   6.1831471e+01
   8.1246933e+01  -8.8795000e+00   2.8208259e+01  -7.2264707e+01   5.1851785e+01  -8.9536408e+01   4.0080002e+01  -6.8945516e+01   5.4505340e+00   9.1905442e+01   9.2557385e+01  -8.8496158e+01  -4.6586037e+01  -3.8691562e+01  -9.6230207e+01   8.0005002e+00   9.0700269e+01   2.9341560e+01   3.6001728e+01  -3.4780449e+01  -4.8267835e+01   2.6389177e+01  -9.8846000e+01  -1.2887178e+01   5.2806078e+01   6.8587866e+01  -6.1434446e+01   9.5865017e+01  -6.1667026e+01  -8.2418430e+01
  -2.4566878e+01  -3.1043364e+01  -4.8119810e+01  -4.4759087e-01   9.9154629e+01   1.6631971e+01   4.8252925e+01   9.6335390e+01  -6.4516835e+01  -3.4176960e+01   5.8795864e+01  -8.5892655e+01   3.6038749e+01   3.7627492e+01  -3.3338779e+01   3.6061793e+01  -3.0415181e+01  -3.6000482e+01   6.8492328e+01   7.8076746e+01   5.2668279e+01   7.5212421e+01   5.8083838e+00   3.0325671e+01   2.9144859e+01   1.9196947e+01  -4.0753656e+00  -7.3919668e+01  -9.6125374e+01   5.3760466e+01
  -1.4008301e+01   4.0548792e+01  -7.0341181e+01  -6.6131860e+01  -7.0293180e+01   8.4087905e-01  -4.9854560e+01   2.3780060e+01  -1.0861441e+01  -1.7478987e+00  -3.4822294e+01  -1.8725165e+01   6.8390856e+01   2.2851749e+01   6.3135701e+01  -2.4272880e+01  -4.5296482e+00   9.1676021e+01  -3.9306329e+01   6.7202624e+01  -2.8149211e+01   5.7527060e+01   4.4857763e+01  -8.2218859e+01   9.9814807e+01   7.4646628e+01   1.9033203e+01   2.0679692e+01   1.7222537e+01   8.3747693e+01
  -4.1128772e+01   5.8088181e+01   2.8381342e+01  -3.3754711e+00   5.2703749e+01   4.3549692e+01  -7.5925465e+01  -5.1721056e+00  -1.3659112e+01  -6.8381364e+01   4.2177861e+01   5.2831896e+01  -9.7852127e+01  -6.4369902e+01   7.5897878e+01   8.1141874e+01  -9.8170866e+01  -2.3445318e+01  -1.5136649e+01   8.9241641e+01  -8.3076287e+00   8.6829441e+01  -2.7994142e+01  -8.1828560e+01  -8.5036527e+01   1.0041955e+01   8.1067153e+01   5.7085649e+00  -3.6565743e+01   7.9051942e+00
  -9.8861261e+01   1.5741138e+01  -1.9641287e+01  -2.8722594e+01  -5.2361111e+01   1.3792423e+01   9.3036617e-01   4.9182470e+00   3.1870215e+01   7.9149381e+00  -6.1218655e+01  -8.9975441e+01  -7.9357829e+01   7.2340273e+01  -8.1435290e+01  -7.6320241e+01   9.2077164e+01  -7.1869683e+00  -7.5627363e+00  -5.5250172e+01   5.6735087e+01  -1.6038037e+01   9.9500565e+01  -5.8907837e+01  -3.7158588e+01  -3.1328883e+01  -8.0929183e+00  -8.6036518e+01   9.6198129e+01   3.4392621e+01
   3.3714297e+01  -8.8090012e+01  -5.1590231e+01   2.8199300e+01   2.4440382e+01  -5.9509767e+01   1.7004599e+01  -7.6606247e+01  -4.5031676e+01   1.2327218e+01  -2.0958261e-01   1.2579348e+01   9.3181605e+01  -4.8140175e+01   5.2388377e+01  -6.8714151e+01   1.5002766e+01  -4.5109449e+01  -1.5465180e+01   6.4636986e+00  -7.2650066e+01   6.1870108e+01  -8.9854762e+01   6.7593772e+01   5.1784358e+01  -3.2536025e+01   6.6643331e+01  -2.3920665e+01   5.9247933e+01  -5.0125503e+01
   1.8412595e+00   9.3498827e+01   7.4998237e+01   8.6766324e+01   9.4968300e+01  -6.0301833e+01   2.3231649e+00  -8.4530820e+01  -9.2119325e+01   2.3450789e+01  -6.6806861e+01  -4.7510899e+01   6.9686989e+01  -8.2330740e+01   5.4786583e+01  -6.0396566e+01  -2.0714205e+01  -7.7549914e+01  -5.6797718e+01  -7.5694097e+01   5.6642264e+01   7.9991018e+00   9.5483360e+01   9.6585145e+00  -1.1641897e+01   3.7181497e+01  -2.7011292e+01  -8.0767475e+00   4.0581267e+01  -6.2098939e+01
   3.1199153e+01  -8.2396254e+01  -1.8824687e+01  -8.0335472e+01   6.8601095e+01  -9.1104402e+00   2.7229738e+01  -9.4916159e+00   1.3999153e+01   7.4000804e+00   3.5876854e+01   7.4980848e+01  -2.1513497e+01   3.7772682e+01  -7.0204922e+01   2.2796019e-01   7.2892383e+01   3.0993890e+01  -8.3057638e+01   9.3178012e+01  -9.9517422e+00  -7.1860318e+01  -7.0695848e+01  -2.0204717e+01  -6.2926711e+01   6.5154711e+01  -9.1885564e+01  -6.4843496e+01  -4.7013219e+00   3.2200699e+01
   8.6509574e+01   5.6822760e+01   1.0802916e+01  -7.9181170e+00   3.3730463e+01  -4.1137546e+01   3.0676027e+01  -3.0766012e+01  -1.5656049e+01   6.0211717e+01   9.2903529e+01  -4.6690610e+01  -7.2075799e+01  -8.8574655e+00   9.9986270e+01  -7.2912548e+01  -6.9617896e+01   1.4150493e+01   9.5972103e+01  -8.2484142e+01  -5.3063425e+01  -1.4909491e+00   8.4935742e+01  -2.7453861e+01   6.0885032e+01   3.7080602e+01  -1.2899313e+01  -6.2434808e+01  -5.0734406e+01  -7.8401856e+01
  -6.0776665e+01  -1.6023702e+01   8.0202740e+01   2.7261459e+01   7.7237474e+01   5.2387033e+01  -6.2869154e+01  -5.9866018e+01   1.4036116e+01  -7.8533325e+01   4.3362865e+01  -7.9793253e+01  -9.7897091e+01  -7.9943022e+01   2.5347716e+01  -5.3140701e+01  -1.1952578e+01   4.3437706e+01   9.3973918e+01  -3.6099291e+01  -4.5068026e+01  -6.4079953e+01   4.1176851e+01   2.8473827e+01   7.5905736e+01   2.0427183e+01   1.7243680e+01   7.9972283e+01  -5.5274791e+01  -9.9674025e+01
   4.0762397e+01   4.9942616e+00   1.9930749e+01   1.6684720e+01   7.5018025e+00   2.9985750e+01   7.7350848e+01  -9.4973031e+01   9.8165595e+01   8.9840047e+01  -8.5644518e+01  -7.3889803e+01   8.9324427e+01  -2.9578117e+01   8.1416341e+01  -8.3696024e+01  -5.9443996e+01  -3.2278109e+01   5.4693630e+01  -6.8441401e+01   6.2840921e+01  -5.1051960e+01  -6.3810540e+01  -2.3952109e+01   1.5082950e+01  -2.3161902e+01   2.8293064e+01  -6.7072109e+01  -3.4293232e+01   9.9228575e+01
   4.4227908e+01   8.4780502e+01   5.1702070e+01   4.3297479e+00  -5.3933438e+01   8.9219513e+01   4.1337192e+01  -5.8218978e+01   9.1737144e+01  -1.5832072e+01   4.6131896e+01  -5.2598640e+01   7.7226048e+01  -3.8083575e+01  -3.3578929e+01   3.5737528e+01  -9.4736734e+01   8.8465138e+00   1.7209341e+01   9.9184718e+01  -8.0416883e+01   4.4976854e+01   5.1193897e+01  -3.9587556e+01  -1.7200731e+01   3.0225875e+00   4.4497431e+00  -5.3931187e+01   5.7346342e+01  -8.5102629e+01
  -7.6560549e+01   1.2540085e+01  -3.8785420e+01   7.8990418e+01  -4.6011198e+01   8.3490145e+01  -9.2130079e+01   4.6512712e+01  -3.0160871e+01   5.2645825e+01  -6.5675540e+01   4.2330629e+01  -5.7810420e+01   7.1144426e+01  -1.9181822e+01  -2.3741468e+01  -4.0139193e+01   3.3027945e+01  -2.4472536e+01  -2.9518539e+01   1.6299295e+01  -2.2534369e+01  -2.1139488e+01  -8.0469212e+01   2.0392035e+01  -4.1499122e+01  -5.9195565e+01  -6.3114800e+01   8.3908638e+01   6.8386993e+01
   9.6401275e+01   4.7640829e+01  -7.9933411e+01  -5.3236487e+01  -2.0282363e+01   1.3936726e+01  -5.1406860e+01  -9.5379963e+01   8.6093352e+01  -8.0823872e+01   9.6322856e+01  -6.0134563e+01  -6.1613939e+01   6.6835936e+01  -7.0959497e+00   2.2249271e+01   5.6842060e+01   4.1169637e+01   5.7420932e+01   9.0080472e+01  -2.3766521e+01  -7.0306961e+01   2.5430236e+01  -9.0328453e+01  -9.6563329e+01   2.9501574e+01   3.9382342e+01  -3.9983876e+01  -9.7417182e+01   2.3976712e+01
   8.6965779e+01  -1.0213400e-01   2.7266056e+01   2.1054705e+01   2.6789033e+00  -2.4509546e+01   6.4176503e+01  -8.5586223e+01   8.9642237e+01  -9.6832431e+01  -3.4777132e+01  -1.1564737e+01   7.3535752e+01  -8.2744948e+00  -9.4725993e+01  -9.2302113e+01   4.9830766e+01   4.0455933e+01   2.3261591e+01   1.3946934e+01   4.7365254e+00   3.6437015e+01  -1.7921220e+01   3.0719476e+01   6.2398546e+01  -2.3820385e+01  -4.5216131e+01  -3.4120134e+01  -2.3778358e+01  -5.6727257e+01
   2.2161635e+01   7.1326017e+01  -8.8405987e+01  -8.1549394e+01  -4.9694835e+01  -9.1143838e+01   6.7148302e+01   6.8680816e+01   9.5594350e+01  -2.1825362e+01  -9.2114394e+01  -7.2200859e+01   5.2310916e+01  -5.0501318e+01  -9.1945689e+01  -6.6335328e+00   7.9461185e+01   4.7859507e+00   5.6480082e+01  -3.1485320e+01  -4.5027082e+01   8.2832145e+01   5.0866106e+01   1.7631817e+01  -2.6894524e+01   6.5034345e+01   6.5380461e+01   4.2399546e+01   3.0921912e+01  -1.3015468e+01
   2.2949709e+01  -8.5589205e+01  -4.6059015e+01  -7.8140132e+01   7.5170194e+01   7.9904264e+01  -9.9398846e+01   8.0364397e+01   7.5420178e+01   9.5984212e+01   9.8839830e+01  -3.5609053e+01  -6.3923671e+01  -7.0559237e+01   3.4460724e+01  -4.2514716e+01  -3.5783494e+01   2.0447884e+00  -3.0772767e+01   5.4099269e+01   7.3847039e+01   6.8119130e+01  -8.9942185e+01   9.3658674e+01   5.8268736e+01  -3.5567648e+01  -2.0187828e+01   1.8048684e+01  -7.1382604e+01  -5.9937047e+01
  -7.4919256e+01  -6.7577435e+01   1.0558619e+01   9.3350727e+01  -2.7777371e+01   3.7757854e+01   7.9661294e+01   2.0452391e+01   2.3445507e+01   1.7852013e+01   5.5674343e+00  -3.4333450e+00   6.7415777e+01   1.1451647e+00  -1.3703277e+01  -5.8376533e+01  -6.2959610e+00  -6.4648054e+01  -5.0484585e+01   2.2747080e+01  -2.0964952e+01  -9.0266747e+01   5.6218580e+01  -7.8440721e+01   1.7012726e+01   1.2266586e+01  -8.0241320e+01  -8.3295891e+01  -5.4299234e+01  -8.6007961e+00
   3.9549528e+01  -6.9160495e+01  -2.5998405e+01  -2.6359715e+01   4.0672666e+01  -7.3766636e+01  -6.1370249e+01   4.1546712e+01   7.3162180e+00  -2.3214318e+01  -6.0264368e+01   4.5499806e+01  -3.4186074e+01   9.6728477e+00  -5.5819254e+01  -5.8877070e+01  -1.8354590e+01   4.8153562e+01  -8.7323635e+01  -6.5194682e+01   3.2368446e+00   1.3080522e+01  -4.0628121e+01   4.4423166e+01  -1.7792821e+01   8.0390303e+01   2.9929371e+01  -4.2785766e+01  -6.7861812e+01  -1.1593663e+01
   8.7696336e+01  -6.2124327e+01  -4.8381163e+01  -2.7893799e+01   4.7863835e+01  -8.3764137e+01   5.7438580e+01  -4.9929711e+01   7.9768174e+01  -9.5304519e+01  -1.5626985e+01  -5.1574740e+01   7.4707196e+01   8.7584982e+01   3.7037289e+01  -5.9573424e+00  -1.5366219e+01   1.4518674e+01  -1.4866350e+01   2.6849062e+01  -5.4784475e+01   4.5411441e+01   8.2226930e+01  -3.0654408e+01  -8.7393559e+01   5.6712190e+01  -6.3085570e+01   2.6674329e+01  -2.1307021e+01  -7.7480359e+01
   5.3224516e+01  -6.0581999e+01  -9.0642369e+01   4.5116947e+01   6.8604989e+01  -8.7067659e+00  -8.5283079e+01  -3.3771907e+01   3.1814221e+01  -7.9605537e+01  -4.7026563e+01  -1.9796389e+01   6.5060404e+01   1.3677657e+01   9.1682990e+00  -1.5509553e+00   9.6127747e+01  -6.4241753e+01  -1.2219627e+01  -2.9849377e+01   9.2210490e+01  -9.6877618e+01   3.2946786e+01  -3.1030807e+01   7.9644367e+01  -9.1647102e+00  -4.0209331e+01  -2.3966012e-01   6.5067692e+01  -7.5000935e+01
   1.5696386e+01   6.4369258e+01  -1.3448995e+01   6.4139086e+01  -2.7267071e+01  -1.8886648e+01   9.1187161e+01   1.3809163e+01   7.4174422e+01   7.3624062e+01   6.7914545e+01   8.5903595e+01  -4.5883341e+01  -6.4936056e+01  -5.6707185e+01   5.3470320e+01   3.3476757e+01   6.7463963e+01   6.2350569e+01  -5.3037338e+01   2.0517009e+01   8.1289160e+01   7.3252488e+01  -8.3561449e+01  -5.0918237e+01   1.0190047e+01  -7.5577661e+01   1.9335799e+01  -8.2925200e+01   1.0232337e+01
   5.5494571e+01   1.6510776e+01  -7.1802710e+01  -9.4417100e+01   3.5666268e+00  -8.4746465e+01  -4.8821135e+01   7.2179001e+01   9.1705390e+01  -2.5398073e+01   9.2420799e+01  -8.0027349e+00  -2.7064097e+01   7.2060749e+01  -2.7577082e+01  -5.1474897e+01  -2.7818291e+01  -2.0936683e+01   6.0888432e+01  -7.6009019e+01  -2.2053425e+01  -6.8890209e+01  -4.7933138e+01  -4.5666914e+01  -2.7596759e+01   6.3880950e+01   7.3835475e+01  -4.4225736e+01   8.7804099e+01  -6.7697078e+01
   9.8137954e+01  -7.8786675e-01  -2.7320183e+01   3.6870069e+01   9.2933500e+01   7.9147669e+01  -7.5156570e+01   8.6240647e+01   8.9972196e+01  -8.5677618e+01   1.3085487e+01   7.8563793e+01  -3.1408299e+01  -8.6525233e+01   2.0373828e+01  -7.3129730e+01   6.3734719e+01  -4.3571625e+01   8.2191959e+01  -3.1243362e+01  -1.1233496e+01   5.4759746e+01  -7.8081049e+01   7.6660214e+01   9.8407475e+01  -2.2969464e+01   5.6544548e+01   9.2549476e+01  -9.4966810e+01   8.7954022e+01
  -9.2313659e+01   8.8232360e+01   6.6135376e+01   9.1868684e-01  -3.9328093e+01  -6.9245776e+01   8.5650328e+01   5.6246052e+01  -8.8663215e+01  -1.9720107e+01   3.5439738e+01   8.0872586e+01   1.4751098e+01  -4.8271987e+01  -4.9745890e+01   3.3741538e+00   2.3208109e+01   9.0293106e+01  -5.1753893e+01  -1.0302746e+00  -3.3003511e+01  -2.2799249e+01   1.4213344e+01  -5.3764625e+01  -7.2370718e+01  -4.2556316e+01  -2.4382284e+01   8.9699677e-01   1.1681849e+01  -3.0032422e+01
   3.6003033e+00  -7.4610886e+01  -8.7291364e+01   4.8324666e+01   7.2077499e+01  -5.8506635e+01   8.0446878e+01  -1.1287305e+01  -3.4585870e+01   9.0428557e+01   2.5428003e+01   9.5066222e+01   3.4044907e+01  -1.4214198e+01  -3.4941104e+01  -4.0555804e+00  -3.2732609e+01   9.4732344e+01  -6.8499995e+00   7.0948857e+01  -7.0435087e+01   3.0906339e+01  -3.8289143e+01   2.2538706e+01  -3.0146087e+01  -3.2126900e+01  -9.7453047e+01   4.3307729e+01  -4.4796202e+00   3.1965751e+01
   3.8266001e+01   5.3312579e+01  -9.9707634e+01   8.9404823e+01  -7.8312143e+01  -7.2154999e+01   9.3173351e+01   4.0050245e+01  -9.0251592e+01   8.8183882e+01  -9.2407146e+01   2.2336549e+01  -6.7995031e+01  -1.1408088e+01  -8.3460287e+01   2.6169963e+00  -1.5714296e+01  -9.3491650e+01   4.7261367e+01  -5.5720037e+01  -3.7708095e+01   7.3202514e+01   5.6656792e+01   9.8772736e+01  -3.7028929e+01   6.7806528e+01  -3.8386630e+01  -9.8346748e+01  -6.8045574e+00  -8.9813983e+01
   5.9420035e+01  -7.4997302e+01  -5.8558225e+01  -7.9451481e+01  -7.8875071e+01  -2.3143098e+01  -4.6427010e+01   1.6138430e+01   7.4088910e+01   7.7739098e+01  -8.0041559e+01   5.5850549e+01  -8.0918019e+00   9.5327466e+01  -6.0808044e+01  -5.3616293e+01   7.1122092e+00   4.4475983e+01   5.5341052e+01  -5.6497469e+01  -7.5005331e+00   7.1818151e+01  -8.6474171e+01   1.0418963e+01  -1.9019327e+00  -1.3421668e-01  -8.6682800e+01  -4.7333725e+01   6.1574272e+01   6.2715817e+01
   7.5420282e+00  -5.4256601e+01   3.9560263e+01  -2.5679919e+01  -5.2833908e+01   9.3211909e+01  -3.8022555e+01  -1.0302509e+01  -5.4388255e+01  -7.5303701e+01   1.2796771e+01   5.3236595e-01  -1.3841676e+01  -4.8993422e+01   7.9443841e+01   9.7768358e+01   5.3244920e+01   6.2423697e+01   8.8134619e+01  -7.1179476e+01   6.5314481e+01   1.3733258e+01  -2.7773289e+01  -4.0300706e+01  -9.3192596e+01   4.9528812e+01  -7.9885627e+01   4.2461785e+01   5.6348394e+00   8.3703172e+01
  -2.8644929e+01   2.5317942e+00   6.4656381e+01  -3.6834569e+01  -5.1987962e+01  -2.1671537e+01   9.5833865e+01   8.7301597e+01   5.9544607e+01   4.6356734e+01   6.5672716e+01   9.7304097e+01   1.2167643e+01  -9.3559158e+01  -2.6036142e+01   5.9345948e+01   7.0692875e+01   2.6979530e+01  -5.4086963e+01  -2.9176095e+01  -7.6016467e+01  -3.5976590e+01   9.3046794e+01   6.8153417e+01   4.0921270e+01  -7.0134120e+01   4.3591877e+01  -7.3955178e+01   3.6054227e+01   5.5895633e+01
   5.2791249e+01  -5.3691303e+01   8.7351675e+01  -3.3292277e+01  -7.6460996e+01  -7.2331782e+01  -1.5831856e+01   8.3444774e+01   5.6868967e+01  -2.6302254e+00   2.6006896e+00   8.6264695e+01  -8.1434169e+01  -2.1384029e+01  -9.2945115e+01  -8.3030792e+00   8.6016330e+01  -8.5784351e+01   4.4973020e+01   9.6176533e+01  -5.8703873e+01  -1.3190588e+01   9.3399134e+01  -7.6133478e+01   3.0904836e+01  -3.8513924e+01  -7.7667854e+01   1.2968883e+01   3.1501810e+01  -3.0679660e+01
  -2.2738716e+01   6.3196240e+01  -9.9107956e+01   7.9998824e+01   3.7081561e+01  -1.2741145e+01   7.1162831e+01  -1.9596599e+01  -2.0725652e+01  -3.3301196e+01  -3.6472522e+01  -6.3846691e+00  -6.0270278e+01   8.7572368e+01   5.1375746e+01  -9.1693380e+01  -6.7510630e+01  -5.0706381e+01  -7.2695933e+01   5.4470188e+01  -7.3688053e+01   6.0635412e+01   6.8248170e+01  -6.2393948e+01   6.1030145e+01  -7.4143830e-01   5.7929655e+01   2.6521117e+01  -2.3648444e+01  -6.9935468e+01
  -5.2097931e+01   9.8318011e+01   9.3956920e+01  -9.8176632e+01   1.1564784e+01   6.2549184e+01  -5.9637170e+01  -7.3087188e+01  -4.9729178e+01  -1.5438177e+01   8.0890495e+01  -5.2511693e+01  -7.6898933e+01  -9.8757797e+00   7.5111810e+01   6.8981774e+01   1.2537297e+01   3.5333473e+01   6.9887581e+01  -7.2468880e+01  -7.2399848e+01   5.2349380e+01  -8.1135804e+01   7.9455269e+01   4.5156718e+01  -9.8253690e+01   6.0458672e+01   8.3662262e+01  -1.2619892e+01   7.3336517e+01
   6.4705076e+01   8.1929095e+01  -3.5166554e+01  -2.6006020e+01   3.1705250e+01  -6.3101421e+01  -5.8896490e+01  -4.1393339e+01  -3.3575733e+01   6.6407358e+01   4.1327616e+01   4.0814075e+01   3.7163313e+01   3.2479493e+01   2.9949855e+01   6.8240295e+01   9.1245367e+01  -7.6143485e+01  -2.0836856e+01  -1.3360963e+01   9.6797848e+01  -8.2853116e+01   1.2939106e+01  -6.9654527e+01  -7.5140049e+01  -4.5574172e+01  -8.9803639e+01  -8.4272796e+01  -8.7162524e+01   7.2386580e+01
   6.2508235e+01  -4.1529323e+01   2.0815012e+01   1.0450587e+01  -1.6497923e+01   1.5383605e+01  -4.9920169e+01   9.6363889e+01  -7.4315873e+01  -3.4973627e+01  -3.9395948e+01  -9.4783306e+01  -8.4609440e+01   4.1402019e+01   5.7661996e+01   6.8303804e+01   9.1444757e+01   4.5533465e+01  -4.1405861e+01   9.8488316e+01  -9.8600124e+01  -5.8592811e+01   8.3055916e+01   7.1881405e+01  -9.8873422e+01   3.6258437e+01   4.2385760e+01   7.7227610e+01  -2.8797420e+01  -7.2133266e+01
  -6.9505157e+00   9.7239279e+01  -4.7149793e+01   5.2086209e+00  -4.6811413e+01   7.3824975e+00   4.7539016e+01  -4.4916463e+00   4.1780199e-01  -4.2902999e+00   9.2557852e+00   2.9528340e+01   4.5946462e+01   2.2402176e+01  -5.7902906e+00  -2.4044660e+01  -3.5180778e+01   8.7203419e+01  -2.8755929e+01  -4.4777743e+01   5.5540998e+01  -1.9401562e+01   8.2058569e+01   9.3995148e+01  -3.4443566e+01  -4.9686212e+01  -6.4637184e+01   3.0581476e+01   2.9605959e+01  -2.6542595e+01
   4.4960508e+00  -5.2176504e+01  -8.8485051e+01   5.5260623e+01  -4.8348531e+01   1.2985417e+01   8.2373942e+00   8.7756256e+01   3.6437113e+01  -8.5458022e+01  -9.4935823e+01  -9.0809302e+01  -4.8441612e+01   7.6734555e+01  -1.5972564e+01  -4.7065832e+01   8.0306401e+01  -7.4853706e+01  -2.3799347e+01  -9.7412989e+01   2.1161484e+01   5.2557635e+01   8.2887327e+00   7.3958230e+00  -3.3854370e+01  -9.5603645e+01   2.3695701e+01   5.9723212e-01   5.5220356e+01  -8.4210739e+01
  -2.5333722e+01   8.5801542e+01   3.3919398e+01  -8.5479670e+01   3.7861165e+01  -5.3487099e+01  -6.7945888e+01  -9.9987574e+01   6.4520829e+01  -3.5195956e+00   3.2754193e+01   6.2107075e+01  -6.4135610e+01   3.7156360e+01   5.7141222e+00   7.8372511e+01   3.2988584e+01  -1.3903141e+01  -1.8172688e+01  -8.4782658e-01   9.2780697e+01  -6.0916724e+01   2.0260460e+01  -9.0901963e+01  -3.4797141e+01   7.9623030e+01   4.4784748e+01  -1.6096123e+01  -5.8587244e+01   1.0408837e+01
  -6.7854868e+01   7.9075274e+01   4.6004477e+01  -9.7009117e+01   1.2365072e+01  -2.0267616e-01  -9.4314919e+01   8.0365150e+01   2.4721029e+01  -6.3317853e+01   1.0865025e+01  -8.8736815e+01  -3.2027339e+01   8.2536788e+01  -7.0965650e+01   2.3513173e+01   5.6477704e+00  -2.6001975e+01   8.2127707e+01   7.4691839e+01   6.8798540e+00   6.2876499e+00   1.9081734e+01   4.0194513e+01  -6.6718553e+01   2.3882512e+01   8.0012570e+01  -1.9307525e+01  -9.3725841e+01   2.8857378e+01
   3.0506183e+01   1.3492273e+01  -1.4163492e+01   1.7113153e+01   2.2913193e+01   3.8349138e+01   6.7478597e+01   2.5775230e+01   2.7843421e+01  -9.1864001e+01  -8.3566986e+00   9.5985167e+01  -5.5941852e+01  -3.1764671e+00   8.5205805e+01   2.2446565e+01  -8.8252032e+01  -6.6277117e+01  -4.7770938e+01  -5.7519785e+01   3.7159692e+01   3.1262444e+01   7.1300867e+01  -9.8995773e+01   6.5372352e+01  -1.7158531e+01  -5.5145177e+01   6.0218803e+01  -7.8998639e+01   7.5728307e+01
   5.3505053e+01  -5.8840020e+01  -6.9598932e+01   5.7589304e+01   5.4947974e+01   6.5490307e+01   7.5101787e+01  -9.5127322e+01   4.9679991e+01   3.3026394e+01   6.0782591e-01  -9.6699121e+01   9.4758936e+01  -7.0073014e+01   9.0231362e+01   3.6276447e+01   8.4136581e+01   9.4628838e+00   3.4595521e+00  -4.6152230e+01   6.3531916e+01  -6.5059076e+01  -4.6109629e+01   9.8881343e+01   2.5819184e+01  -9.5801396e+01  -9.9490774e+01  -8.5202021e+01  -3.5326704e+01  -2.2979865e+01
   3.5220464e+01  -2.5301770e+01  -8.2135690e+01   6.9471374e+01  -2.1711423e+00  -8.5937736e+00   7.3497669e+01  -1.0629618e+00   9.0960604e+00  -4.3719064e+01  -1.1233546e+01  -7.3758537e+00  -6.9305693e+01   4.7405503e+01   7.8344965e+00   6.9064194e+01  -5.8854359e+01   8.5506238e+01   9.3499923e+01   2.8015462e+01  -8.6606452e+01   1.6990717e+01  -2.8512077e+01  -3.8590088e+01  -9.5701283e+01  -1.0922004e+01  -5.6965729e+01   1.2369312e+01   8.9784978e+01   6.2628035e+01
