 % This stores fret (the f-value) and iter (number of iterations to converge)
  -662.772633316701        1200.00000000000     
  -663.827679094998        1200.00000000000     
  -663.814524050593        1200.00000000000     
  -663.631609663021        1200.00000000000     
  -663.719947461867        1200.00000000000     
  -662.723020039316        1200.00000000000     
  -663.760513797413        1200.00000000000     
  -663.380734509283        1200.00000000000     
  -662.742578024785        1200.00000000000     
  -662.888094063438        1200.00000000000     
  -663.509075966422        1200.00000000000     
  -663.297011246930        1200.00000000000     
  -662.781302827141        1200.00000000000     
  -663.164683606583        1200.00000000000     
  -662.445674899587        1200.00000000000     
  -663.565082564975        1200.00000000000     
  -662.387799455526        1200.00000000000     
  -663.434173257035        1200.00000000000     
  -663.863243076324        1200.00000000000     
  -663.860735003225        1200.00000000000     
  -663.482250362226        1200.00000000000     
  -662.453895434965        1200.00000000000     
  -663.440846953406        1200.00000000000     
  -663.514052588926        1200.00000000000     
  -663.729270095612        1200.00000000000     
  -662.460755272144        1200.00000000000     
  -663.632350405585        1200.00000000000     
  -662.486980329773        1200.00000000000     
  -663.552749126418        1200.00000000000     
  -662.851771105400        1200.00000000000     
