          30 % nrand - number of ransom starts used
          97 %np number of parameters
 % format is i = 1,j=1:np then i=2,j=1:np and so on until i =nrand and j = np
  -29.5670835825658     
   12.7282011611798     
  -8.01158462446855     
 -7.938053398874449E-005
 -2.323792531686484E-004
  -32.1172514976335     
   39.0952346227277     
   10.2250635766615     
   35.9803502122898     
  0.701672021223765     
   12.3646722862168     
  -56.4477133142066     
  -9.76678489309317     
   15.0504760015168     
   48.7151087138138     
 -8.237276025654158E-003
 -5.714044802144518E-003
   3.98122551047717     
   15.0491934705980     
  -7.35128290027553     
  -45.8832904527666     
   16.7779421708210     
   51.8504542299559     
   9.28092319941309     
   32.0423504081173     
   51.0777589681256     
   1.38564418205602     
  -26.6369968420464     
  0.371075195511637     
   44.9620607998997     
   13.2236922036166     
  -30.7293722950213     
   41.3608984748341     
   1.91771836406337     
  -3.99348741350974     
  -8.41024476137669     
   33.3288337223968     
  -47.6558740095264     
  -7.00298893673295     
   8.38665936087054     
  -21.8300718279812     
   15.0504395112102     
   48.7150289873291     
  -50.2915393086381     
  -13.4351534841546     
  -22.1984417284910     
  -20.7792281054616     
  -31.0126152781203     
 -0.646766800953341     
  -34.3644593699306     
   9.99634738635113     
   2.10732295159332     
   5.83846718891661     
  -29.2042958145725     
 -0.546952508545276     
  -17.2136690012736     
   2.72832595041174     
  -55.9150079708294     
  -2.25337397571956     
  -40.2540239334872     
  -11.2521326257825     
 -8.780318888092128E-003
 -6.469574977880692E-003
   16.7809891131743     
   51.8567129584260     
   8.57076211742937     
  -14.6616445734961     
  -54.8721584523991     
  -24.8558915186026     
   45.1260421947046     
   13.7263495467842     
   8.57080844370598     
  -14.6615373927059     
  -46.7015833388879     
  -5.08532050816892     
   12.4721932126021     
   43.0904853827722     
   45.1264862548106     
   13.7266650120457     
   67.5989558251689     
   37.6493917842947     
   12.8586087728781     
   44.5080736716405     
   12.2394302976872     
  -18.2676621570981     
   20.8372101363350     
  -37.2393203060440     
  -11.3519802090910     
 -0.315528678763597     
   30.4616260000000     
   74.3118930000000     
 -1.432772469531908E-002
 -0.592620750114050     
   23.6977557267887     
  -39.1081618033929     
  -95.3373920000000     
  -63.5538380000000     
   24.7773885854771     
  -8.34458242135678     
  -15.3187761409851     
  3.726856688383268E-003
 -2.148839804726728E-002
  -49.8723898163855     
  -23.3288947957784     
  -26.2765488292060     
   26.0869574468765     
  -10.5576058909147     
   6.71036006585056     
   48.2565566875194     
   26.9352703636376     
  -32.7842254851617     
   38.9332733018703     
  0.148914905455587     
 -5.422275061388818E-003
  -12.6930353183184     
   7.48533480438544     
  -14.8067941390198     
   51.3178198695290     
  -35.3877664021104     
   41.2127855721138     
  -24.0105921541870     
   22.1656687173300     
   30.5742278560800     
   31.9527605371578     
   20.3762041090810     
   11.7651376840324     
  -47.2777227642834     
  -19.2330507023996     
  -50.1473309644265     
  -21.8308123404958     
  -1.31416724833166     
  -7.38684088349992     
  -36.9002175257969     
   10.5279279132171     
   43.5082673147718     
   14.4059341318135     
   4.72143462978559     
  -21.4107942706683     
  -32.7842339066377     
   38.9332622039575     
   47.8564704379405     
   13.4286555223711     
   27.5368283476024     
  -9.89192809339210     
   26.0006720364893     
   12.6645423585692     
   29.0189719296473     
   4.73696431739515     
  -9.33717910370627     
 -0.403720309348246     
   24.5313704336037     
   12.4903095484689     
   14.4822200596724     
   6.88117170405985     
   48.6000187382558     
   21.2831676487320     
   31.5556764429491     
   23.6120579431730     
  0.151121987540898     
 -4.411439916916852E-003
  -35.3943350911816     
   41.2177729541556     
  -4.83568873694067     
  -23.7839094871529     
   28.3744583922379     
   45.4810106913097     
  -47.2802628668768     
  -19.4455843561551     
  -4.83582105346478     
  -23.7839363618464     
   38.5287070691451     
   24.1425964047496     
  -24.5837993293060     
   37.4689479353373     
  -47.2803926497138     
  -19.4457318384447     
   71.4714508748943     
  -36.9374676476422     
  -25.3515686407344     
   38.7230247265090     
  -3.82755053369711     
  -25.8211172776426     
   32.3481976096411     
  -28.3629610687169     
   1.52717320765196     
   13.9560419964619     
   84.2993650000000     
   40.6970960000000     
  0.438319764584560     
 -0.604734554214994     
   3.50800815534997     
  -48.4985931737001     
  -89.4953740000000     
   4.72552100000000     
  -28.2258307292400     
   15.3305445945930     
   4.45690400575363     
 -2.336872368258313E-004
 -9.084470786664036E-005
   51.5350523600073     
  -19.0062311756625     
  0.831075097843912     
  -38.9637134105678     
  0.565813699007131     
  -15.2522877114035     
  -55.3099413209990     
   10.6673145649688     
  -3.56485683438967     
  -52.0572821772990     
 -0.170965096828575     
  2.629317818097768E-002
   2.61745086104670     
  -16.6915591204238     
  -33.7314675418585     
  -50.5586497443434     
  -3.15532972364956     
  -55.7299864274953     
   1.74715571097035     
  -33.8985083455541     
  -44.4905495687715     
  -1.97159321166367     
  -25.7553838982259     
  0.734126615482786     
   42.7268472826328     
  -24.4302314127468     
   50.6644828571930     
  -20.2897762277549     
   5.09233438624162     
   3.50701112582924     
   18.0670129837749     
  -34.0804212850938     
  -43.7672635793251     
   15.6014255212742     
  -4.52080437496099     
  -35.6020064512094     
  -3.56477410918624     
  -52.0571527516865     
  -45.8250843949892     
   20.1462569667056     
  -11.6967608199265     
   26.6767043095901     
  -29.9209537102844     
   3.42567779858161     
  -26.4777259409780     
   12.9985671437984     
   6.47511982357685     
  -6.93601850190291     
  -28.7526538933843     
   3.12333087923234     
  -15.5332860371127     
   4.69975302385368     
  -51.3821939951378     
   15.1565660219506     
  -44.8239353896979     
  -27.2760810042812     
 -0.171285285781826     
  2.874333853026273E-002
  -3.15270471479993     
  -55.7458904449518     
   18.8262921939098     
   12.9039160650292     
  -59.4731819094470     
  -11.6829653261811     
   43.3546829217434     
  -23.1156053458387     
   18.8256246498655     
   12.9028121084545     
  -46.5101063283583     
   6.02827441823411     
  -8.74624583487836     
  -44.9196149371582     
   43.3544536915943     
  -23.1164862373425     
   20.7516193999149     
  -91.9641776614085     
  -9.04051586268304     
  -46.6842308355382     
   19.1628639692054     
   14.9353535976032     
   28.0997585621503     
  -31.1456226460100     
  -15.4511101692223     
  -13.4821521139836     
   78.2819080000000     
  -18.4415180000000     
 -8.249099631473188E-002
  0.294465812492705     
   28.6450471802780     
   36.1176763986724     
  -7.61908440000000     
   12.2933820000000     
   22.4127047235132     
  -5.17172504059127     
   17.7332371826002     
  5.478407235529666E-002
  0.379464285351488     
  -44.1105096342703     
   34.2801697573478     
  -31.4387467964796     
  -18.8701988318313     
  -11.3934000316294     
  -3.06923265181567     
   42.1954260322215     
  -34.1342360852927     
  -40.6234730397252     
  -29.9367375307788     
  0.108458380368552     
  0.384112427829540     
  -14.3467149726371     
  -3.41853722162131     
   38.3927114291845     
   29.6955542648688     
  -43.8237900079628     
  -31.6112352939033     
  -28.4230149576452     
  -15.5976900548301     
   23.1721555733457     
  -36.7015610114817     
   17.9524107942064     
  -13.3454638594050     
  -40.2476305153614     
   32.7017274106063     
  -44.7413414070763     
   32.8019521859470     
  0.101147495100239     
   8.35710793914780     
  -38.5487664153221     
  -1.16914203273921     
   37.0115721876547     
  -24.7279001429344     
   10.1017990521032     
   26.8551059345574     
  -40.6236805645458     
  -29.9367589368890     
   42.7970377416450     
  -24.2715583997206     
   28.3801037975814     
   8.82366205421854     
   21.7120101163122     
  -16.4058351744911     
   9.94524065369191     
  -28.6895659355473     
  -9.21925286677492     
   3.07295780236665     
   20.9735642120110     
  -16.0635872189362     
   13.0310805581533     
  -8.51470752532361     
   36.5196336970339     
  -33.6677972978257     
   37.2533362744127     
  -7.05704007817987     
  0.107995551643080     
  0.384291762648982     
  -43.8384833630651     
  -31.6169212228855     
 -0.419486891931740     
   25.4248741264036     
   50.3142357194315     
  -23.2621118079290     
  -41.7951253433307     
   32.6305676912276     
 -0.421127479403529     
   25.4239627921635     
   34.0266627930322     
  -28.7004856967246     
  -31.9759524715718     
  -30.3044936892639     
  -41.7955331833329     
   32.6340867869823     
  -76.7076051498789     
  -31.0262136480120     
  -32.9640435994994     
  -31.3533678115335     
  0.754782358771101     
   27.2156526929828     
  -41.6700721605290     
   5.75865889683482     
   5.50665944926805     
  -3.28994952409583     
  -53.1081650000000     
  -19.2359560000000     
  0.640121711330538     
   1.03567077985918     
   11.5341739987460     
   49.2723506557135     
  -41.7865590000000     
   93.1876640000000     
   30.3273394193647     
  -15.7412392370400     
  -3.04299850851922     
  5.782867831755031E-005
  3.028340894429808E-005
  -49.3279310704688     
   24.1301733339102     
   2.84125974325806     
   38.7109828940896     
   1.62863361914844     
   13.7002446831803     
   53.2740543718850     
  -17.5527442128338     
   8.43927715592369     
   51.3648464127024     
  0.180115846529682     
 -4.022853942788687E-002
 -0.922169567924106     
   16.4253603159763     
  -5.76378189416806     
  -43.0038579109397     
   8.32524008132101     
   55.1039589500947     
   1.49690572703749     
   33.7895375793034     
   44.3915102802662     
  -2.25384829737454     
   25.4192754076726     
  -4.12686147092098     
  -39.3289012170995     
   28.0857814767588     
  -48.3334543414898     
   25.3441563701264     
  -5.53114109229550     
  -3.04829597840781     
  -14.8642167959906     
   35.6521058488060     
   44.4318461214146     
  -16.2583296537255     
  -14.0559867631653     
  -14.8921547186057     
   8.43927264271252     
   51.3648479841279     
   45.6121533705095     
  -22.0805983313806     
   10.0187278254900     
  -27.4109771360255     
   30.3006787796358     
  -6.04425002209948     
   37.2773156180742     
   5.61680702663580     
  -5.77921331856932     
   7.36908464397037     
   28.6475274781657     
  -5.65819672262013     
   14.9519725079716     
  -6.25734195402775     
   52.9289078722600     
  -14.5973647592486     
   41.5346736413903     
  -11.8606794816846     
  0.180568779689135     
 -4.142746825488967E-002
   8.32311010973525     
   55.1203818538068     
  -20.2855007746101     
  -10.8155618611077     
   45.1880705689408     
  -34.4218970222319     
  -39.1898081527779     
   28.5764186385487     
  -20.2855058679311     
  -10.8155341929139     
   44.9008040401343     
  -13.2426163226935     
   12.9965544660478     
   43.8028882598127     
  -39.1898872005703     
   28.5764457047779     
  -74.6296789971859     
   7.51590083984113     
   13.4489033710437     
   45.4532377132980     
  -21.0007079191277     
  -12.5657082486020     
   8.89293407492830     
  -41.5535523262807     
   11.5181754421726     
  -1.04466180543425     
  -61.0831810000000     
  -69.2125370000000     
  2.821727157909646E-002
 -0.308211674057284     
  -34.9160574745221     
  -31.8923720707619     
  -9.67043320000000     
  -9.57747460000000     
   28.9427093459398     
  -14.3491293313646     
  -6.23961004754819     
  3.252815776421835E-005
 -5.094631795193936E-006
   28.5480390701128     
   42.9883378817136     
  -8.34463983438063     
   37.0984142596318     
 -0.415285998613401     
   13.4429326226810     
   54.2254747614014     
  -14.4309158707408     
  -12.0055840530503     
   49.6599950362176     
  3.953223699987159E-002
 -1.861958239556476E-002
  -3.49430002643403     
   16.1737657429178     
 -0.160390755290288     
  -44.3619210211062     
  -13.6863568719240     
   53.1875180535294     
  -7.81077478797705     
   33.0645461909050     
   41.9719104702668     
  -5.82009747651027     
   25.4841495727845     
  -1.29341571659049     
  -42.9145110437201     
   22.8502533887547     
   26.2840698651161     
   46.9505402249265     
  -3.43187901168826     
  -3.30351687093836     
  -27.8394477698449     
   28.4207781132507     
   45.6560132443491     
  -10.8587953475061     
  -12.3647147445131     
  -17.3095973772220     
  -12.0055639070834     
   49.6599898809238     
   47.9272366916597     
  -17.2315180725280     
   16.3839946888049     
  -24.5999311472098     
   30.1734268562143     
  -2.83402641656310     
   36.2492773016584     
   10.8779371371407     
  -5.40415362174566     
   6.94650578345742     
   28.4825298178182     
  -2.65259715583797     
   17.1878492406329     
  -2.03550898183753     
   53.9888229515609     
  -7.10758567648784     
   28.0647219412803     
  -28.0362616870194     
  3.979672333639866E-002
 -1.873165569929879E-002
  -13.6881243683238     
   53.1927629582020     
  -14.6064218913082     
  -12.0534624597718     
   49.1729300411675     
  -29.7673551403668     
  -42.9868763047561     
   23.0414603272996     
  -14.6058909496069     
  -12.0514159859026     
   45.0682998310306     
  -9.00108598612605     
  -5.25194803882405     
   43.7156532985235     
  -42.9877871481608     
   23.0412536328705     
  -71.3041819587554     
   28.7917690794848     
  -5.36295255025741     
   44.6656772427847     
  -16.8502336999779     
  -14.8866784412292     
   39.3062501215379     
  -15.8168878396019     
   11.2565179011136     
  4.193788675034139E-002
   18.7065120000000     
  -26.4517030000000     
  1.828710063192569E-002
 -0.286360845333575     
  -30.6776782067293     
  -34.0645559469139     
  -71.8705640000000     
  -35.4530810000000     
   28.7321292034562     
  -15.2718344467814     
  -2.11850391515350     
  4.458618996891719E-003
  3.666516659039898E-003
  -47.5810517729479     
   26.2858655025440     
   4.89321817505417     
   39.2090939337742     
   1.80673214273001     
   15.6751227658337     
   54.0934255778428     
  -17.1052815679161     
   11.1114739380461     
   51.4061580902189     
  0.141391480955637     
  9.416275198447052E-003
 -6.081794398229646E-002
   17.4133386375882     
   40.4948364076758     
   47.6012920056468     
   11.1765364488122     
   55.1291022604405     
   3.32878336118438     
   34.1183053212055     
   44.7564019050055     
  -4.14403631009669     
   25.9974449464033     
  -2.97484655005756     
  -37.7473011322879     
   33.5053398373734     
  -46.6992557535042     
   27.3564701671669     
  -5.00686140513296     
  -2.56445010203057     
  -12.2233223841323     
   36.4035969574433     
   42.0301390362466     
  -20.1651830605479     
  -9.46636462183895     
  -9.48134065450441     
   11.1114652512794     
   51.4061538299640     
   43.6468482044653     
  -25.2874841804689     
  -32.3628805889302     
  -10.1525064729533     
   30.2040033833418     
  -6.78610516527654     
   25.2314191710547     
  -14.2223051988874     
  -4.11020791317111     
   7.62769845107750     
   28.8564708345274     
  -6.23137044697390     
   15.0282193847998     
  -6.45535323882697     
   50.1350908885850     
  -21.6143609865772     
   48.6802688093259     
   24.9315703865038     
  0.143339446564771     
 -2.427213728738705E-003
   11.1738820637828     
   55.1402282830283     
  -18.9470712053665     
  -10.1402717265326     
   59.5700616318196     
   7.34246807837570     
  -38.5135526227216     
   31.9505723913769     
  -18.9468169782003     
  -10.1395033303156     
   46.0304673877168     
  -11.2212351506490     
   15.6042911541732     
   43.3770957817265     
  -38.5157077865715     
   31.9506555849123     
  -67.8736276039271     
   32.2354178519611     
   16.1829896006152     
   45.1811857486351     
  -20.0773127105466     
  -12.0703877771917     
  -40.7425188074004     
  -11.3325865367230     
   16.8370046488325     
   14.6806751442676     
  -21.1431370000000     
   70.6546260000000     
 -2.712767104599875E-002
 -0.136116316178488     
  -32.9064656298382     
  -31.1327806932880     
  -53.5688940000000     
  -7.82818000000000     
  -17.1636024421653     
  -2.23393555859154     
  -20.1817760040552     
 -2.127881231377001E-002
  -1.92207137394712     
   22.1460352745030     
  -52.2761585731010     
   36.6382871989305     
   3.27814864976361     
   13.6367880061940     
  -5.68617157789980     
  -24.2707450216727     
   46.6508400853552     
   48.9415376386957     
   10.4715214415525     
 -2.152803824844698E-002
  -1.92250222343344     
   15.4331653200842     
  -5.59962573842949     
   42.3682979216408     
   26.5276545005979     
   52.5904894589251     
   10.4361772697231     
   32.2010796924915     
   1.22577322513012     
   48.0161763354092     
  -27.9104807723047     
  -9.41770372883704     
   16.4387494750454     
   26.7457970436857     
  -50.0399198921519     
   22.2344899543877     
  -52.2405303774778     
  -3.46282206098236     
  -9.02000503881190     
   35.2429729789130     
  -15.2982274104388     
  -26.5901913687907     
   31.6619507988326     
  -15.2846865054338     
  -20.3004374799533     
   48.9420271459114     
   10.4722103626575     
  -32.0257289917558     
   35.0099543467989     
  -28.6046082878506     
   5.60082787135565     
  -13.2800885587503     
   20.5149889346221     
  -19.0852381245586     
   14.3048739958836     
   6.10311937569397     
  -7.05085747690670     
  -12.9335342926506     
   20.2555056339945     
  -7.53014313002688     
   11.8078352325244     
  -26.5142163621798     
   39.3438459736955     
  -9.61721488132496     
   30.6396203120854     
 -2.165136940694563E-002
  -1.92251595338984     
   52.6001401153704     
   10.4359247233653     
  -11.0721374948286     
  -24.5426622173736     
   3.09535316917554     
   47.9050096608985     
   26.4901704483518     
  -50.9799301914183     
  -11.0722074340159     
  -24.5430786430156     
  -17.6942370144908     
   38.1170597921484     
   41.7311466077554     
   14.0145310112386     
   26.4889257407490     
  -50.9791265614798     
  -63.3820074091812     
   53.0541859461785     
   43.0861849954795     
   14.6338428946109     
  -12.3773601429468     
  -25.9187545116961     
  -21.2460904140192     
  -39.3793025448002     
   8.64555370558929     
   5.39653014352915     
   55.7251940000000     
  -4.94841530000000     
 -0.591025866433095     
  -2.39704195618134     
  -31.5099768499790     
  -40.6447258394925     
  -6.18858750000000     
   6.58583650000000     
  -32.0600672573987     
   14.5091948310703     
   1.67160571965751     
  2.035574619341510E-003
 -5.082245223423517E-003
  -45.2512481585799     
  -22.7040507973399     
  -5.01461173966534     
  -38.3952484187714     
  -4.58298485385744     
  -13.9372557905805     
  -49.1090524001538     
   29.2795332871957     
  -6.17714412475122     
  -51.6118263802894     
  3.335831645033336E-003
 -9.866417161840771E-003
  -2.39200019321233     
  -16.9730301416050     
   11.3439331899722     
   41.2425659202108     
  -5.79720268647703     
  -55.3820726889048     
  -4.37995168863633     
  -33.9857586832851     
   45.5506961804285     
  -23.8076730837784     
  -25.8222208275323     
   6.86756585466011     
   33.8744886308604     
  -34.2157618279790     
  -44.8681772245028     
  -25.6862695306617     
   3.18226422264404     
   2.18789556200206     
  -21.3021020443694     
  -27.4073181053274     
  -42.0222890075265     
   22.0247276810276     
   15.1428286842518     
   11.9539252219515     
  -6.17741767534086     
  -51.6119113441254     
  -41.8396314643893     
   30.6050693618764     
  -12.4299716769711     
   27.2949815189432     
  -29.9639029460697     
   9.80272889859712     
  -38.7190007597291     
 -0.285380796311340     
 -0.351431545860927     
  -6.72343287967842     
  -28.0899470171217     
   9.23319623450032     
  -16.7751525510690     
   4.39547999088801     
  -51.0457806459095     
   21.4933318179065     
  -17.3835669068047     
   36.3151190335766     
  2.010864872328308E-003
 -5.252115086099196E-003
  -5.79668488498977     
  -55.3905203799466     
   13.5201251632590     
   9.37212953686043     
  -39.9460700864569     
   40.8881533680200     
   33.8563016133636     
  -34.2729403699661     
   13.5186330057396     
   9.36758952767920     
  -41.9619322088292     
   20.7272686815262     
  -6.51049707727868     
  -45.2003546853796     
   33.8584668900814     
  -34.2736953145558     
  -81.5641069294838     
   55.2890157434181     
  -6.69803726403580     
  -46.8794098843617     
   18.3589360988672     
   11.1049720955857     
  -41.4298025728900     
  -7.30327335445949     
  -12.6131816349340     
   2.55975958206703     
   56.4460460000000     
   71.6493560000000     
  0.135139840438032     
  0.244580759073557     
   37.0675933004963     
   25.0025860866834     
  -81.0400340000000     
  -55.8511760000000     
  -25.8889686481159     
   7.85840084848449     
   14.0104300709886     
  4.031243913465960E-003
  2.709389089998348E-002
  -9.81528372885394     
  -48.6899802961319     
   26.2911650677953     
  -25.6708151696732     
   8.94322295182606     
  -8.67167668650031     
  -53.2101029148658     
  -19.2564263919104     
   37.0301090694392     
  -34.8125222497064     
 -4.454156870862926E-003
  3.446790459660681E-002
   11.3405720522972     
  -9.58649368980849     
   8.48857710133739     
  -54.1364368560671     
   39.7912799086651     
  -36.6574379060701     
   23.8418764511220     
  -22.8686466955691     
   45.8512038835340     
   23.3196751174887     
  -22.0903651867335     
  -10.9761841074667     
   47.7507838534182     
   13.4642094350241     
  -7.62326693177352     
  -50.0968915920247     
  3.137999289809146E-002
   5.25010400795565     
   37.4203106355111     
  -6.98435742154645     
  -45.6166263694929     
  -10.3240452053805     
  -4.55378766775164     
   21.3220134965281     
   37.0301634563138     
  -34.8124579943710     
  -50.5533952581067     
  -7.43671272523970     
  -29.4439030574491     
   6.79198147561010     
  -27.8595557536129     
  -10.7494471620506     
  -30.2849353726006     
  -3.79443757991386     
   6.04674981301685     
  -2.83636225753272     
  -26.0348784631257     
  -10.4859828485483     
  -13.8016117734084     
  -10.1678751911047     
  -51.1220909650795     
  -18.3263997789098     
  -12.2132819368185     
  -48.5583113451174     
 -5.263502362233793E-003
  3.416361923012256E-002
   39.7954874837782     
  -36.6609135108198     
  0.412832541693931     
   18.3043906580247     
  -34.0937391894064     
  -43.7466771595118     
   47.6949920797176     
   13.7268586538061     
  0.414083853363039     
   18.3018819891803     
  -41.4283393352489     
  -19.4793643698853     
   30.8903476700535     
  -32.2592165799739     
   47.6955412782854     
   13.7272192867288     
   57.4089791191732     
   46.1318850793800     
   31.6929184273886     
  -33.1624721277609     
   1.86804313808538     
   23.0744142045920     
   40.7405579824285     
  -8.91283313371931     
  -4.13183242017830     
  -15.5521271367359     
   20.0435920000000     
   58.3872880000000     
 -0.322402776063850     
  0.598442223800364     
 -0.222676337109788     
   46.1226481715362     
   57.4224530000000     
   90.3100340000000     
   31.0388995050273     
  -11.2365662226412     
  -10.7552650075710     
 -2.650139073109475E-004
 -1.291678174712007E-003
  -53.5004565629098     
  -3.26202461534654     
  -14.3074006688875     
   34.5269528663699     
  -2.42393968902815     
  -1.35790312743292     
   55.8143272086622     
   11.9949055664220     
  -15.7217848545084     
   48.9104734494231     
  0.172147947539788     
 -2.678682713563935E-002
  -7.30670965876487     
   9.87081772852817     
  -11.3361191096245     
   30.9151381951410     
  -17.5096360932315     
   51.8614078811705     
  -13.4152772420921     
   29.6834981870805     
   40.6469240374241     
   20.4376807843462     
   26.3302305494976     
   5.06775605826271     
   3.88516438033528     
  -63.4907430756061     
  -53.3411201429963     
  -1.56400544126048     
  -2.52338766457588     
  -5.85979670421488     
   3.93059937632531     
   30.6682730303548     
   49.2813182956930     
   4.01268448893798     
  -7.71728774157772     
  -13.0213776090207     
  -15.7217945420335     
   48.9102702612744     
   51.9418256096167     
   1.25963242724945     
  -25.2868020080893     
  -22.8754464708873     
   31.6699475395890     
   5.76224245035514     
   41.6847610800585     
 -0.256526221744292     
  -5.20627118671165     
   3.44124545897571     
   29.3961660861726     
   5.64602527468833     
   16.1476908186667     
   2.61819963741963     
   56.2762947021736     
   11.5318681434793     
   18.3465988504828     
   30.5954626339462     
  0.173620666109975     
 -2.837007738309781E-002
  -17.5162604385715     
   51.8704481073390     
  -9.98508851124627     
  -19.4879419306092     
   38.2746011325385     
   35.8205620918527     
   9.81556013659053     
  -60.1465630193178     
  -9.98485110976240     
  -19.4877600267060     
   46.0001798300204     
   13.3266196811981     
  -9.91527332109508     
   44.5135040937731     
   9.81656514232335     
  -60.1472393447066     
  -71.4345148661826     
   8.91690053525058     
  -10.3262675287172     
   46.4348062374734     
  -9.98897724074463     
  -22.1399125063771     
   39.6174347985435     
   13.9754559660189     
   14.9702828795942     
  0.528122968398834     
   82.0759990000000     
  -4.20943030000000     
  0.122956795581559     
 -0.694343716988045     
  -16.3782707948700     
  -44.2628112443222     
   55.9649780000000     
  -10.5487650000000     
   1.19140306303756     
   8.94980532596929     
   17.4425876979483     
  4.133916811634663E-002
   1.49153330489928     
  -4.62880112230956     
   58.1781309213551     
  -37.7689404406966     
   15.2951745344994     
   2.51737577919616     
   12.6211739751957     
  -4.56082536032066     
  -51.2008080544325     
  -50.8267714656568     
   14.8467124599737     
  3.476439214159575E-002
   1.50304801924094     
  -11.8926634924336     
   14.7225996061617     
  -23.6065375036981     
   21.1367349252825     
  -54.3163683786539     
   16.3822545203065     
  -31.6662366556334     
   14.8200287689330     
  -15.3510048980778     
  -39.1688131026173     
  -2.17690331054541     
  -17.3261201971685     
   64.5200989215073     
   19.9659779874438     
  -6.38561800146072     
   57.7523740069600     
   5.56165665872542     
   7.17979914538804     
  -27.1522103483547     
   29.9776810822753     
   1.69543677357360     
  -38.8712028447340     
   41.1132279927535     
  -21.4707593005032     
  -50.8268565520347     
   14.8467430874680     
   6.56318593864785     
  -45.6458452170738     
   22.8893561282671     
  -15.5692781147010     
  -2.32519364845800     
  -22.8830501210173     
   10.2313250463922     
  -31.1669606490780     
  -4.62239215923167     
   11.2514403758120     
  -2.33680632891478     
  -22.7324608479840     
   1.28340781848351     
  -14.0990582945872     
  -6.41804063221100     
  -45.3820906932170     
  -20.2027416381886     
  -13.7413046604310     
  4.129616118536567E-002
   1.49139004305439     
  -54.3296038810918     
   16.3856828343025     
   17.6773667846342     
   18.9133901964893     
  -27.3326169475244     
  -32.5877189877796     
   64.4966829325348     
   18.7031909272665     
   17.6772662962117     
   18.9132735758932     
  -7.48852446323614     
  -40.5812681634399     
  -45.2833830292984     
   7.64091735184566     
   64.4966482618763     
   18.7033404257299     
   83.1629543044550     
  -49.2022135815444     
  -47.0914740769907     
   7.91503006459738     
   20.3711419848167     
   19.3137721095608     
  -41.0536225666358     
  -3.65105402604431     
   8.83498459379330     
  -5.56775568850769     
  -88.1958720000000     
  -5.29949870000000     
  0.463603477001381     
   1.62047914724450     
   39.9807525286226     
   30.5275396813231     
  -11.0363990000000     
   83.0513930000000     
  -25.1240090743847     
   9.39773854615654     
  -13.3822602886160     
 -1.206364953444298E-003
 -8.340594263771307E-003
  -2.25556448662294     
   51.8002489924994     
   25.9811798178924     
   26.5988722382009     
   8.94545381994242     
   10.3657211910943     
  -53.4083649605427     
   15.8917061675206     
   35.9859082178822     
   35.4352913029846     
 -6.132783481657903E-002
 -3.335042241179366E-002
   11.4447765587044     
   10.9795371163647     
   2.13138669702897     
   56.1923784282377     
   39.2641767412393     
   37.5566894589124     
   23.7192838828139     
   23.7153281922719     
  -38.6327032637794     
   16.9391120638828     
  -22.0235877573002     
   9.82212316321828     
   49.2508158407600     
  -7.12921559247723     
   1.18734570260429     
   53.6414220883475     
   1.11909681633001     
  -4.88130091078639     
   8.72035409747429     
   32.9621589146416     
  -45.4444875132400     
   7.49594278369571     
   16.5974715134643     
   26.5999846011800     
   35.9859182137673     
   35.4353164525346     
  -50.0174953759134     
   4.87042456677775     
  -27.1682740486740     
  -11.9663497888630     
  -27.1973322294014     
   9.24685528335050     
  -29.9247660547550     
 -4.346193782412142E-002
   6.89136761768163     
   3.73649592962966     
  -25.9444229921260     
   9.12205829283005     
  -15.3919343305007     
   7.78653182600413     
  -50.5674923080627     
   13.9700012664190     
  -18.9002103483718     
   47.4756817954218     
 -6.247839490651733E-002
 -3.361349561562745E-002
   39.2675399331739     
   37.5593778664390     
   6.18609655888412     
  -17.7884210722204     
  -40.8439362436301     
   40.0733444346749     
   49.4581283148290     
  -8.31664566007392     
   6.18753447752556     
  -17.7860913880951     
  -42.0635054002544     
   16.4739675571806     
   29.3708820974481     
   32.5472162096733     
   49.4595418163494     
  -8.31669462168887     
  -44.0123574023190     
  -62.1237434442207     
   30.0066913590222     
   33.3022546400603     
   6.37688775027689     
  -22.1864144953983     
  -12.3623190060980     
  -40.9979692591437     
  -6.53564767829910     
   16.1254391992465     
  -29.7362660000000     
  -27.2077830000000     
 -0.327985273164498     
 -0.591483018402742     
   5.58856180603359     
  -45.5842129383055     
   20.8418380000000     
  -26.0443200000000     
  -13.0424774242104     
  -3.42447439669214     
   19.2852251145675     
  0.260494253075463     
   1.67547899167752     
   17.0536510433555     
   53.9782336131069     
   38.4370201074960     
  0.499955974374743     
   14.8140141786342     
   6.95144641269839     
  -16.8126605645226     
  -49.7110460914699     
   51.3630564480130     
  -5.31673321689953     
  0.297121542601538     
   1.63901979064620     
   16.5982454546290     
   6.91995094541783     
  -45.0580646757098     
   10.5714412785215     
   55.0775700980085     
  -4.58136695161776     
   33.4451298407110     
   2.05992341763408     
   47.0797085411676     
   31.2985346913918     
  -5.75312473400377     
  -17.5000929825037     
   12.8836404882979     
   56.4416910965019     
   17.2295269412382     
   53.8911275891571     
  -3.51638639199744     
   8.08037748097755     
   31.3857122742411     
   2.00584909119453     
  -16.5684696966664     
  -36.6147456222642     
   25.7876089502430     
   7.51897768685662     
   51.3642452884813     
  -5.30680961580131     
  -23.3721645938238     
  -41.1015769184036     
  -27.1254112266411     
  -8.42155513837580     
  -7.36542100242800     
  -22.3938434089962     
   8.01563672080784     
  -22.6800768538741     
   5.71096102377417     
   6.80648708028197     
  -7.35766482948525     
  -22.4058049614130     
  -5.55748072987160     
  -13.4505201913621     
  -11.6423144373435     
  -43.2160082505728     
  -3.34862600905791     
  -30.6398147826385     
  0.258462380157580     
   1.64526757924482     
   55.1980967312314     
  -4.56109187906704     
  -12.2170112994452     
   22.7277204647095     
  -27.2817909941713     
  -40.2864089331109     
   15.4296837670374     
   58.1594174188873     
  -12.2121003859155     
   22.7217645422704     
  -12.3348153237894     
  -40.2862537141043     
   44.8787275121781     
  -9.38781936382251     
   15.4520172202672     
   58.1940283547236     
   3.51220288335976     
   87.5683093134249     
   46.6718849301728     
  -9.93939255262672     
  -13.7622830954333     
   24.3945526538426     
   30.2712899705202     
   32.5173805155867     
 -0.842947313351630     
  0.677806946537625     
  -74.0656340000000     
  -6.68425350000000     
 -0.190556082375654     
   2.01179444928732     
  -35.1201649579744     
   37.6407036171793     
   44.2869090000000     
   13.2498750000000     
   24.8141756813383     
  -7.31250397967104     
   11.0671983032434     
  5.005540361451396E-003
  1.104515551009826E-002
  -42.1166296603053     
   35.1691494702201     
  -31.4890100297210     
  -16.7986413686928     
  -6.41937040508925     
 -0.827437347089833     
   51.5162294172158     
  -18.9878794505385     
  -41.4454946115538     
  -28.5758152154700     
  0.113430574781821     
  1.413208855912977E-003
  -13.4660400854763     
  -2.22282739677772     
   29.9453973819852     
   45.0669913186350     
  -43.9760413984830     
  -30.0405389150422     
  -29.2397440190129     
  -15.0753935605504     
   20.0890237309808     
  -40.8023915951096     
   22.6467642066006     
  -6.79919011834736     
  -46.7883614118764     
   13.5315901752789     
  -42.4532469099543     
   33.7701355365987     
 -0.658165427615148     
   5.41365024309798     
  -15.1486737589376     
  -30.0440120161921     
   43.8415803140405     
  -16.1220375875841     
  -9.59619377489169     
  -19.3291539396995     
  -41.4457547052332     
  -28.5757299709722     
   46.0934274957535     
  -16.7371327379586     
   28.8350438410958     
   5.09081155669454     
   27.5921226807576     
  -9.84430039551148     
   24.5355995478924     
  -15.0240739785724     
  -8.30321646905713     
   1.06094834573398     
   25.1163769230653     
  -9.56468197079109     
   13.2638128978066     
  -10.2184379898620     
   50.8740532947928     
  -20.3168115826446     
   41.3458092836581     
   18.2433860324077     
  0.115735807236297     
  2.300218017223637E-003
  -43.9766505852942     
  -30.0403102689777     
  -4.51139045629851     
   16.4808826122302     
   58.0749530671666     
   4.67242296953798     
  -47.0941716783065     
   12.8057113577740     
  -4.63337101639847     
   16.3052062107836     
   41.0481051985535     
  -16.2979416663062     
  -35.1784702319820     
  -27.0032375013319     
  -47.0940252666503     
   12.8085392382662     
   57.1481109256846     
   84.2868970347122     
  -36.0703108761394     
  -27.7728051228012     
  -2.64686473116431     
   25.0575262881348     
  -28.7252003139939     
  -30.5143536843671     
   9.83054689954462     
   11.6282568634396     
   72.4739060000000     
  -87.6689450000000     
  0.228842542797319     
  0.214004332683617     
  -9.67689674757037     
  -41.8409757562149     
  -28.2994710000000     
   48.2437620000000     
   31.0567166909660     
  -13.9123947417184     
  -6.90850299860573     
  4.778241185975989E-005
  8.657030660664432E-006
  -53.3378085260857     
   11.4171829250339     
  -6.27203566740467     
   38.1055423516763     
  -3.83239627437096     
  0.955317883369761     
   56.6607787556777     
 -0.266211260482612     
  -3.94812469035825     
   52.0219671757349     
  0.211858097533567     
 -2.211610985301837E-002
  -5.47926809098882     
   12.6310188266475     
  -6.80984831759488     
   32.5005943454256     
  -5.00241941441646     
   55.4337873070449     
  -6.51213391720668     
   32.8396166832150     
   43.7535600811301     
   8.56482875976060     
   26.3076831799775     
  0.781325877381271     
  -22.1322319906392     
  -55.0796108854530     
  -52.6968595060156     
   12.9519636923285     
  -4.28224707560845     
  -4.51040341916595     
   8.78095468524648     
   29.6698613495030     
   48.0951195507458     
  -6.59369130718212     
   23.7721375688905     
  -39.9224358350375     
  -3.94813352651851     
   52.0219709808367     
   50.1852858492922     
  -10.4041938121315     
   15.9400982515873     
  -24.6037015501701     
   31.7606681543293     
  0.209436528270381     
   41.2319780585651     
  -12.5813509162832     
  -5.90281812917559     
   5.43212347390180     
   29.5869216538639     
  0.386197265137300     
   16.1868953941764     
  -1.75957510037744     
   58.1782284477589     
  0.822729206750546     
   45.1916589315390     
   5.54338091365495     
  0.212420820059926     
 -2.298578263801875E-002
  -5.00483809017915     
   55.4395798431834     
  -16.2230830200730     
  -15.2185993545071     
   41.9917466750532     
   28.0042512771704     
  -18.6592965836115     
  -56.1081973233018     
  -16.2231640457396     
  -15.2184626438382     
   47.3298601448748     
   3.79713341021504     
  0.636098685042160     
   46.0535401306346     
  -18.6598892118662     
  -56.1085208276603     
   35.8313318023843     
   80.5701072161876     
  0.602057673569937     
   48.1436891868823     
  -16.2773460731457     
  -17.5381672740289     
   11.5808187243953     
  -41.0558284804463     
   13.3247859124545     
  -3.72535186425484     
   87.0722830000000     
  -68.8786330000000     
  0.107940255141132     
 -0.439305973310003     
  -26.8743954603010     
  -37.7091367155018     
   16.3819080000000     
   71.6276070000000     
   24.0810340006730     
  -5.12584198715359     
  -12.6046872185962     
  9.291988626437831E-003
 -2.624363122361668E-002
  -33.6616067604350     
  -43.7850946699886     
  -34.4854352946588     
   9.27600381058685     
  -6.43856133678958     
  -1.50688383962146     
   46.7725364830164     
   27.6696559010867     
  -46.8368907567524     
   18.4966162620488     
  9.822954505302077E-002
 -1.847877808202092E-002
  -13.9200193850137     
  -1.29296602399779     
   39.9668385869105     
  -38.7941446194540     
  -49.5870873604430     
   19.4267920752074     
  -31.9955026457712     
   8.04600249232338     
   10.5678129263187     
   43.9869615660726     
   20.9242068368842     
   9.49265811086246     
  -43.0257062313364     
  -23.0009195171010     
  -34.3182294351318     
  -42.4820373945362     
  0.401524852482339     
  -5.58814279867600     
  -21.7091644387109     
   26.0110036813939     
   39.6370524524468     
   22.9589755499026     
   8.22895235105097     
  -30.7298384789468     
  -46.8369662339831     
   18.4966518804051     
   42.0050379916181     
   24.3411981276494     
   29.2574334079450     
  0.797572542171423     
   24.5966096400517     
   13.0003270184035     
   19.6949699553708     
   19.3529774801018     
  -8.13967320135550     
  -2.94514451006131     
   22.7547330583345     
   12.6346617220305     
   11.5115605644248     
   13.1001727845589     
   44.5008359680051     
   27.7265974346979     
   36.4366471418377     
   15.2847038124152     
  9.892266909183961E-002
 -1.772123126422693E-002
  -49.5890152322461     
   19.4287112617064     
  -1.16931727809297     
  -17.1867412743927     
   58.5284816813506     
   8.34478320206760     
  -43.5365112063311     
  -21.7038323066738     
  -1.17945807585059     
  -17.1799787060551     
   36.8998506462127     
   22.9398176205577     
  -41.2154028889456     
   18.6664381489660     
  -43.5368553762557     
  -21.7037109225463     
  -70.7791144753141     
   14.2994744103486     
  -41.5589102479431     
   18.8201053001890     
   2.27589095448521     
  -25.5819603855743     
   21.0419595320828     
  -36.9395851118864     
   13.1691422965247     
  -9.33732483982220     
   28.4129800000000     
  -45.5279600000000     
  0.219598538482513     
 -0.170651524942436     
  -17.1875806469983     
   39.2456240758439     
   45.9337150000000     
   86.4596130000000     
  -25.9310693076872     
   8.34141615634960     
  -14.2554952091321     
 -8.690558223281193E-003
 -2.911727563118244E-002
   52.0596862596195     
  -17.2236052440735     
   23.6962601386451     
   28.4058126606312     
   9.21671847509293     
   8.39988107532159     
  -50.4642081221326     
   25.0018427678308     
   29.1396696821643     
   41.4435803602911     
 -8.939888540531470E-002
 -5.344752394588553E-002
   11.2928205208764     
   9.10548924236143     
   10.2600786912607     
   53.2176232640024     
   31.8663799356643     
   44.1631135542201     
   21.6572457375228     
   24.3889140431410     
   35.3335804412687     
  -27.8498026083056     
  -21.9012940587058     
   11.5183631850829     
   46.0592673344763     
  -17.3898253266669     
   53.1623149599742     
  -14.0324550476411     
  0.926618451878987     
  -6.64836154267748     
   4.02778592141644     
   31.0032775615840     
  -45.2130725808828     
   12.9399775710176     
   16.5414602644944     
   10.0865976764552     
   29.1396672189550     
   41.4435843981562     
  -49.2592611782591     
   11.7600665553935     
  -27.2900135555299     
  -13.0488810359400     
  -27.1943512483401     
   12.0808441990279     
  -30.1720051366408     
   4.34718545948486     
   5.89596585003010     
   2.24359786683157     
  -25.8031041125326     
   11.9282231477288     
  -14.8275040576529     
   7.07452425428673     
  -49.9709706566174     
   19.4527515583393     
  -34.2492334070927     
   23.2276459232266     
 -8.939473142163773E-002
 -5.346910676120672E-002
   31.8727631518802     
   44.1694751224462     
   3.76879519678555     
  -22.0549870639210     
  -34.1108192919523     
   45.1314877772279     
   46.6680934672894     
  -18.8026747743249     
   3.76913295206604     
  -22.0544573275263     
  -40.5681898958985     
   22.8175252044752     
   24.1033312412802     
   37.6038488103137     
   46.6696969255188     
  -18.8038033038625     
  -65.3113702269419     
   78.7604058140784     
   24.9395775546807     
   38.9845338861513     
   3.46666022585208     
  -24.8347467322876     
   36.6893474494271     
  -20.8560458820629     
  -4.78715255894357     
   15.7685427608641     
  -23.7083690000000     
  -15.1861230000000     
 -0.450344672574905     
 -0.908099548045090     
  -1.71987467197427     
  -47.8324868393542     
   16.8693600000000     
   90.4978080000000     
  -27.9222741408267     
   14.2467306007125     
  -7.68681685784954     
 -3.322955664779850E-005
 -1.407560817539567E-005
   54.0821692773165     
   8.13217697063926     
   8.21235157209531     
   37.5450066428720     
   3.75941583212751     
   13.6101166506394     
  -56.2586552115218     
  0.111541809556006     
   6.66392220998134     
   51.4228281849981     
 -0.204479919570405     
 -5.208362332236978E-003
   5.77102968251101     
   15.0185253103194     
  -19.0062230656278     
   55.9298541635724     
   7.74342710404253     
   54.8455200652039     
   8.20483559454699     
   32.5501573765543     
  -43.2190223418887     
   10.7046740921116     
  -25.1571381052837     
   2.97448879132332     
   47.6110536852252     
   14.6162306835869     
   53.5201048602261     
   9.49415506373161     
   4.37708885579774     
  -4.77725929537052     
   24.5681086334020     
   29.5978065371337     
  -46.2523617577182     
  -7.59179015914465     
   6.27030478324386     
  -14.0623817559920     
   6.66393132904066     
   51.4228472576535     
  -48.9982626986192     
  -11.1584459829640     
  -17.0604310845703     
  -23.7277061470559     
  -30.2707826194143     
  0.748478396730278     
  -28.8846014092897     
  -6.70709708496773     
   7.65257469672893     
   5.27655083420508     
  -28.7706052943020     
   1.07516668133078     
  -16.1644681544526     
  -1.58949633431687     
  -54.6384811757751     
  -5.12070470683628     
  -41.3742001083720     
   7.30460757345723     
 -0.204936182931364     
 -5.760228505558407E-003
   7.74667003496069     
   54.8533326434923     
   15.9719932535152     
  -16.6245882025077     
  -51.2448745725244     
   27.4150770911870     
   47.7449443466010     
   14.0152369983082     
   15.9719806848558     
  -16.6245524492637     
  -46.7367897018633     
   3.16764831078306     
  0.263206436004934     
   45.5621680281578     
   47.7449796822893     
   14.0152043083391     
   32.8222145697515     
  -57.8693247485721     
  0.305488751040386     
   47.2944511140464     
   15.9570166611193     
  -18.6918210144951     
  -33.2081879513843     
   25.8858678903814     
  -10.8293601125699     
   16.6764473197633     
   24.0755020000000     
   10.9351790000000     
 -0.140235713385855     
 -0.379222069258599     
   21.1202622660134     
  -41.3884084267120     
  -70.8221490000000     
   45.9619190000000     
   27.6428142681229     
  -13.5379630968575     
   9.31199135590568     
  1.195780607177725E-003
  1.372469360949535E-003
  -54.3957179047186     
  -3.12122466607793     
  -10.9834088354066     
  -36.1776331432581     
  -5.06384182228137     
  -12.1082321175110     
   56.1858788515145     
  -3.72496455652538     
  -10.5568275277558     
  -50.2974589246214     
  0.237862827591532     
  3.641436927487753E-002
  -6.93968615439867     
  -13.6132065847127     
   11.4411907529318     
  -54.1294634120649     
  -11.8591068496118     
  -53.5673925508731     
  -10.6359605986952     
  -31.3442123397748     
   42.3777510830565     
  -13.6336543583306     
   24.9342549128309     
  -3.82425203454020     
  -49.2454436446862     
  -4.04947060069961     
  -53.9487245489885     
  -4.47759576064312     
  -3.98302793957854     
   5.43132283764370     
  -26.8624603857553     
  -27.1475790787106     
   46.9011532507901     
   4.73783192445369     
  -3.09394175986891     
   19.9380646890637     
  -10.5568680343183     
  -50.2974312077292     
   49.8186377913813     
   7.92867720649977     
   18.9878240183962     
   22.5459389242398     
   30.3098852992127     
  -2.07337483510872     
   29.7098665930327     
   6.85913142531576     
  -7.96699802325388     
  -4.30266395306095     
   28.6856967459297     
  -2.36391419888698     
   16.3011057771588     
  0.549624523937941     
   55.0893929236051     
   1.40930306993249     
   30.6901637907963     
  -35.9337620894661     
  0.238861059793213     
  3.590556614451058E-002
  -11.8822622760648     
  -53.6022743974019     
  -14.3772597627585     
   18.3761633349626     
   48.5301541965058     
  -29.6136165339435     
  -49.5039934869281     
  -3.71146342728483     
  -14.3763657571323     
   18.3752852486513     
   46.4238476999055     
  -5.82904982027382     
  -3.74251455455657     
  -45.0434370632654     
  -49.5179456933386     
  -3.71410848404698     
   56.4477226011977     
  -84.4931628969702     
  -3.90281182280303     
  -46.6579091988240     
  -14.0967862144123     
   20.6327660256712     
  -34.3476926622683     
  -23.5865662791330     
   8.59976844629216     
  -13.6249103845794     
  -98.0813780000000     
   72.0586660000000     
  0.270098795231774     
  0.532711826278967     
  -16.8715596350446     
   44.2472097624861     
   87.5875710000000     
   12.7664420000000     
  -28.6823658935655     
   14.6193456900346     
   4.46201376388631     
 -1.632463438376733E-004
 -3.907654737031039E-004
   50.1406898487031     
  -22.3617006250654     
 -0.128191712679452     
  -39.1103477538167     
  0.399137508323571     
  -15.0513122821458     
  -56.1110420358432     
   9.96112419725129     
  -4.63869309486630     
  -51.9093494177610     
 -3.701546596775464E-002
  6.892418516811768E-003
   2.12703390953122     
  -16.6562275436079     
  -30.6752451066014     
  -52.0976703954081     
  -4.21885252817870     
  -55.8945441590664     
  0.771196580537110     
  -33.9960904096569     
   45.1106328982040     
  -5.17459389057049     
  -26.3395443969478     
  0.328963414975986     
   43.4250652665495     
  -23.9886356280876     
   48.9169192372045     
  -25.4385501999518     
   4.29923384927962     
   3.45041615656561     
  -16.9371659693046     
  -27.3279238256776     
  -44.7613809672728     
   14.9500657167103     
   7.77716271371614     
   12.8482865715292     
  -4.63882031084166     
  -51.9092917452170     
  -46.9525930844801     
   19.3642436344367     
  -12.8590054260831     
   26.7877553345862     
  -30.9234061348235     
   3.32470284280116     
  -27.4055989120035     
   11.3754118983476     
   2.81131286662412     
  -6.26072238975092     
  -29.5028512734247     
   2.89667903739878     
  -16.0755517110134     
   3.49373533165642     
  -53.1833834145757     
   14.8375795748071     
  -42.7558026324846     
  -32.5245132446481     
 -3.670305352245149E-002
  8.287795852961174E-003
  -4.21348904961245     
  -55.9188172003373     
   16.3723536429761     
   13.3027077571229     
  -56.9038376249916     
  -16.7245190057871     
   43.7475416817910     
  -23.3072433885068     
   16.3722328382479     
   13.3011736189550     
  -47.2641519755042     
   4.98773980816368     
  -6.26585893883724     
  -45.4774437471566     
   43.7512059589220     
  -23.3093721365937     
  -100.268296615598     
  -8.18036227275372     
  -6.46207949850323     
  -47.3745623650235     
   17.6484311782909     
   15.3546338971289     
  -3.41228271735613     
   42.4306303929737     
  -14.1287435008239     
  -15.3517459787107     
   63.0437370000000     
   27.1401020000000     
  4.124762727253733E-002
  0.326042356159127     
   28.4008996696261     
   35.5911436143846     
   48.7064570000000     
  -26.8584790000000     
 -0.654110008738365     
   11.2726091536307     
  -15.6188711216393     
  0.355166358399250     
  -2.77673889702368     
  -47.0774091963979     
   14.9183599317521     
  -32.8938285315252     
  -25.1817891832775     
  -13.4542169507017     
  -14.8611711874699     
  -4.47993762282441     
   50.7062877412544     
  -42.5457880087255     
  -32.8863401814998     
  0.351325300186248     
  -2.80707385319545     
  -14.2655503130704     
  -16.0588373134043     
   39.8637583353973     
   4.20290012307446     
  -45.3598264885735     
  -35.7815396259314     
  -28.4224069738880     
  -22.6575116052483     
   13.5804720265524     
  -52.8463987710990     
  -6.52469638854470     
   15.8007209764859     
 -0.363891778485388     
  -59.7560005533175     
  -48.5944396868626     
   13.2221793824368     
   4.53291452483684     
  -4.74216837438530     
  -34.3546016779225     
  -6.31687061011858     
  -4.50726081366272     
   37.7479586496599     
   21.2907221494282     
  -14.6933859562095     
  -42.5457940813018     
  -32.8863299858257     
   1.71640379772538     
   45.9592422820285     
   15.4685976899721     
   22.3940369386160     
  -6.05428233448481     
   20.8449552454047     
  -20.5458743901473     
   17.5472344827604     
  -5.25864522994310     
  -7.92213432969716     
  -6.04033794282978     
   20.7624033450776     
  -6.65938744758879     
   12.7185561275749     
  -11.1653794743444     
   42.1055508377417     
   8.13161239931776     
   25.6421895077423     
  0.356539474290914     
  -2.77879262062857     
  -45.3709055288905     
  -35.7923496875695     
   16.0656423085048     
  -10.4812498575162     
   7.64305116308793     
   47.1528454349095     
 -0.970983893981392     
  -61.3959925700813     
   16.0633416329160     
  -10.4822036975894     
  -6.86585488855861     
   38.7697185513744     
  -37.4765413534616     
  -28.4493236812325     
 -0.970902312011738     
  -61.3957769351519     
  -86.9459692374344     
   31.7517999647065     
  -38.9448913532599     
  -29.4204874586725     
   20.7169511553427     
  -14.8623241985851     
   24.6177404295701     
  -37.6750967845800     
  -7.07278466829928     
  -3.56134156222333     
   86.8013160000000     
   25.7100440000000     
  0.842285741781468     
  -2.88356955399301     
   43.2903569415948     
  -21.7501131229013     
  -1.26266770000000     
  -80.1891540000000     
   30.5990162341890     
  -15.6310297999550     
   3.25363308989056     
 -5.052187338047676E-004
 -6.040894721151599E-004
  -49.4068635890054     
  -21.0061546561698     
   4.69364907017163     
  -37.7788478382329     
   1.60842586912622     
  -12.4057612363407     
   53.0072522362936     
   20.3971023253665     
   11.6973342674766     
  -50.0546895275401     
  2.617126896651121E-002
  6.396730601524438E-004
 -0.533141182725933     
  -15.4771665338614     
  -5.65825557576975     
   47.0122052804605     
   11.3613122368492     
  -53.8657966837784     
   3.06135168701019     
  -32.8234841007015     
  -25.6880708969299     
  -48.1420728353310     
   25.5338581614609     
   5.56687927343585     
  -43.3832638303396     
  -19.9381522253700     
  -49.3099481179201     
  -21.1376962409170     
  -5.39093227525841     
   3.34924926975804     
  -12.3136177846951     
  -35.3353315443974     
   44.1029483771900     
   18.0069461713567     
   9.99567542335646     
  -27.7388482229606     
   11.6972542322738     
  -50.0557760961140     
   45.0568123339716     
   24.3890229348700     
   8.91075834300478     
   28.2712923547385     
   30.6427979884900     
   7.40355498074971     
   35.4297680613449     
  -2.18846922623899     
  -4.14566386158324     
  -5.88692708150041     
   28.8345382037560     
   7.02544202845631     
   14.6008925900972     
   6.42977282797786     
   53.0956473690046     
   16.9941501337505     
   35.0599951896100     
   20.9253115946470     
  2.612680138627326E-002
  1.352077068119479E-003
   11.3595172375301     
  -53.8781425448389     
  -19.6515161038140     
   11.9790140843343     
   42.6736274260356     
   37.8809820815096     
  -43.1853874631418     
  -21.1615078261719     
  -19.6512775783191     
   11.9787957275963     
   44.6555580313448     
   15.6341219626453     
   15.8683405198382     
  -42.8816716533237     
  -43.1858866356103     
  -21.1621892571978     
  -76.9521527476042     
  -6.27540161965735     
   16.4002308628228     
  -44.4301705670743     
  -20.4047997816771     
   13.4245633430483     
  -38.9452606613578     
   16.5820221138649     
   9.59233048793311     
   4.39539503486114     
  -75.5867300000000     
  -74.8847600000000     
 -5.246630135746873E-002
  0.197331589967118     
  -34.3110405827860     
   33.5708749600980     
  -93.4375780000000     
  -50.3650860000000     
  -29.8002540005520     
   13.1347153819160     
   7.97488449529207     
 -3.556308499652853E-006
 -1.358373777674779E-007
   52.7270264563156     
  -3.22521668383055     
   6.23271828204402     
  -37.2340464274625     
   1.03640454988107     
  -13.6482586604554     
  -57.6312711506046     
   1.39677437997313     
   3.66691986833543     
  -51.1194603296469     
 -3.893587516592045E-002
 -3.499884305202841E-003
   3.83655491726790     
  -14.9181927342723     
  -26.0699935288015     
  -55.0950262740827     
   5.20366095491766     
  -54.5651526103592     
   6.39793717480763     
  -32.0801558209822     
   40.7752633361167     
  -35.9327034474958     
  -26.9997914431916     
  -2.50099359349563     
   43.8989822431506     
  -16.3796454624819     
   52.6824628275364     
  -3.38731756814129     
   3.41570168875071     
   4.79197015880963     
  -11.2690318830398     
  -28.7119101503035     
  -47.8270461994595     
   8.65468587345188     
 -0.497099849756686     
  -35.7514210615113     
   3.66690675241288     
  -51.1194688985664     
  -50.1671901474906     
   12.0027718021535     
  -18.9960081296464     
   23.4335842992949     
  -31.3875442286648     
 -0.540694159638419     
  -31.1349280360721     
   8.63118325013579     
   3.92374188213503     
  -4.02658138031679     
  -30.0107640163505     
 -0.806250987096968     
  -16.1515048989186     
  0.437149187542262     
  -55.7565478878623     
   5.88088711601065     
  -45.3207051575055     
  -3.08701702164737     
 -3.894720731234963E-002
 -3.246578793024013E-003
   5.20603050181303     
  -54.5704849980713     
   13.4857304366054     
   17.6164607588074     
  -57.7695104323520     
  -22.4721590319486     
   44.0284963344864     
  -14.2490533439124     
   13.4857354461567     
   17.6164454725176     
  -48.2295228255229     
  -1.79854426905125     
 -0.736210325884612     
  -46.0856638329730     
   44.0286203269297     
  -14.2490572922095     
  -101.098445423154     
  -33.2890295957128     
 -0.643510054205988     
  -47.8966627933339     
   13.7246288171951     
   19.4140984530495     
   8.43719123084010     
  -41.0433422228125     
  -15.4617608107983     
  -15.0489818196248     
   68.7145270000000     
  -73.6946090000000     
 -2.223594357693456E-002
  0.321244017165540     
   18.8482106400471     
   42.2340560575550     
   68.4401110000000     
   63.1424110000000     
  -30.8149710809467     
   15.7610703142272     
   2.52475409230805     
 -1.315951635825459E-002
 -8.768011027600674E-003
   48.4908306580077     
  -25.8520994313492     
  -4.00909681331016     
  -38.7033237697722     
  -2.11145376402169     
  -13.9522709850339     
  -52.8266918351509     
   18.9833678855670     
  -9.95978049260423     
  -51.1400421888089     
 -0.176392560975932     
  2.871983128970022E-002
  0.354196242057305     
  -16.5846450960518     
   7.97434015601039     
   41.9891050106741     
  -9.98519906112952     
  -54.9077459856047     
  -2.52779006127466     
  -33.8046190387362     
  -44.3504186373929     
   3.45554481743851     
  -25.4384671489939     
   4.50976057090689     
   38.5276736915263     
  -29.6814537539479     
   47.4577960221426     
  -27.0229141431990     
   5.59085083360882     
   2.82409558132830     
   15.0234078639070     
  -36.2155260179020     
  -44.0002341461560     
   17.3169514408128     
  -15.3135191213273     
  -31.7076353567330     
  -9.96553476728327     
  -51.1406109726013     
  -45.0120924923997     
   23.2487116760861     
  -8.43117178406304     
   27.7901794341075     
  -30.6904520586794     
   6.55150117494816     
  -37.4803163362783     
  -4.31393643428918     
   5.60294637166708     
  -7.64878363431043     
  -28.7357228763238     
   6.12322164614982     
  -14.8123815192198     
   6.64469187826922     
  -53.2436261879545     
   16.3477115190792     
  -30.8269997026594     
   22.9562408456264     
 -0.169799207854333     
  4.907293626997975E-002
  -9.98426093100233     
  -54.9170996967454     
   20.5911348603656     
   10.1203165325874     
  -42.2798270998895     
   36.0901684478288     
   38.5238761189880     
  -29.6943035126321     
   20.5892513161055     
   10.1158105119518     
  -44.5404505235190     
   14.4592458741126     
  -14.2598043174760     
  -43.4071420509574     
   38.5324515090124     
  -29.6890391934469     
  -63.1681956925314     
  -68.6967719385390     
  -14.7558195668131     
  -45.0753320007462     
   21.3327953129460     
   11.8252631491493     
  -40.7992787618755     
  -10.6609937859451     
  -10.6359455462753     
  0.870157286980723     
   12.8663610000000     
   4.75462950000000     
 -2.370523439222693E-002
  0.275519457495013     
   35.8110975732771     
   30.7804734790489     
  -79.7150330000000     
  -97.0096800000000     
   25.2863054589668     
  -7.93006089032787     
   11.0464494122317     
  6.113869942889777E-003
  8.865398959912930E-003
  -44.4042261918117     
   32.5557027559801     
  -30.5411346536900     
  -18.7000208512161     
  -5.72023022797526     
  -1.15514856632414     
   52.3082134829436     
  -16.8934858676326     
  -39.8094677969251     
  -31.1629187669683     
  0.142276829106480     
 -4.966531071349922E-004
  -13.1637627687740     
  -2.94752349893795     
   30.9537899672670     
   45.7304695696285     
  -42.1351983706662     
  -32.7539096269118     
  -28.2138935683430     
  -16.6795980432774     
   23.7882442768557     
  -38.2852862872175     
   23.2229279351542     
  -5.95417017505289     
  -45.7212044241920     
   12.8032226050197     
  -44.5996340283200     
   31.2135341477486     
 -0.956572207047907     
   5.81123648455214     
  -40.6970637311986     
  -3.72512207837859     
   44.8011318598870     
  -14.4603536298405     
   1.79907109246947     
   30.5175812487736     
  -39.8085380472490     
  -31.1627701770398     
   46.8679897488704     
  -14.8744674950584     
   29.0189671415528     
   7.58334686749383     
   27.7344649732124     
  -8.38885258662025     
   25.7320855983306     
  -15.2880475958750     
  -9.62751458951813     
   1.95698647827150     
   25.5765393352249     
  -8.32087569744262     
   15.0608567012030     
  -9.11984514611767     
   51.1525611890155     
  -18.1494896704630     
   40.3127886971797     
  -7.21816164085955     
  0.142403075894629     
 -4.773477216690851E-004
  -42.1364323900966     
  -32.7559128923016     
  -4.95285186758858     
   16.8582573746822     
   59.8805707837290     
   4.81818215552441     
  -46.0777952339494     
   11.1338253913713     
  -4.96923905513387     
   16.8370193280784     
   41.7843214274743     
  -14.8671761844028     
  -31.9670975942741     
  -30.9417451778891     
  -46.0782857801741     
   11.1339095289406     
   84.3058648591449     
  -37.7663296284695     
  -32.3976146525782     
  -31.2731582054218     
  -3.51356070514072     
   25.2329100092489     
  -41.8818393262133     
  0.257345638031990     
   12.5061642323932     
   10.7729418604384     
  -91.4432030000000     
   82.8693000000000     
  0.233693226597146     
  0.141943585678422     
  -7.76712157226250     
  -41.6086471617125     
  -85.6085440000000     
  -48.5911140000000     
   28.9729429059587     
  -12.8749123249226     
  -9.02670470257295     
  2.285005030155866E-004
 -1.289808800932794E-003
  -53.1915711823301     
   4.28445789541149     
  -8.97463668433912     
   36.4330477245035     
  -2.04281901009177     
   11.4179867792185     
   57.1449725814432     
  0.766366709637927     
  -8.12032790268724     
   50.5938834927937     
  0.132135622997166     
 -4.244444197178859E-002
  -5.28209713648496     
   13.7526473454138     
   14.7743301000808     
  -46.2483471650492     
  -9.55993859223010     
   53.9763911181489     
  -8.74303870816061     
   31.6155772416706     
   43.3224054296518     
   13.8956047549428     
   26.5119057673952     
   2.09597531340113     
  -46.3854902773351     
   4.03599170298092     
  -52.7892109944748     
   5.73118629258838     
  -3.31367507624827     
  -5.20983152529739     
   8.25243195412129     
   29.6462585066442     
   48.6183128790884     
  -1.66912545634167     
  -4.72300825245481     
  -24.9546503889631     
  -8.12034346256933     
   50.5939000403392     
   51.4467789152629     
  -5.92908514840696     
  -28.9720204401075     
  -18.5185628829322     
   31.2349126160800     
   1.88760419061413     
   32.6782981658913     
   15.7994136206458     
  -4.62075056494697     
   4.12530899490624     
   29.6389240319403     
   1.99192185761391     
   16.2965097996590     
  6.391775265333537E-002
   55.6421947546406     
   4.31595384943241     
   43.6919948831061     
   1.33798844605618     
  0.132285964474405     
 -4.267745072430345E-002
  -9.56517138450243     
   53.9864485006628     
  -12.7487387836472     
  -17.9187192819990     
   57.5773326333906     
  -16.8077756954347     
  -46.7996637407711     
   5.03293106579142     
  -12.7487560827447     
  -17.9185973008412     
   47.8004386438565     
   1.84482506282031     
  -2.91101499974667     
   45.4601182869740     
  -46.7996656645776     
   5.03293435876353     
  -49.7011620712503     
   60.2314001923863     
  -3.02120891008635     
   47.2656960985105     
  -13.2445434042349     
  -20.3748376128733     
   41.9119635202889     
   4.53171278614909     
   11.8018605747736     
 -0.358056371571148     
   54.5242800000000     
   70.9352940000000     
  7.031635828429813E-004
 -0.691180287300478     
  -19.2083503736335     
  -43.9253923191608     
   44.5402800000000     
   46.9121100000000     
  -29.5423932332798     
   12.6202670459970     
 -0.495148531622487     
 -8.345085117650565E-003
 -1.516058119768106E-002
   51.6512219833674     
  -18.2858867712465     
   3.10924340095497     
  -37.8993305119629     
 -5.031757879064693E-004
  -9.85449685499788     
  -49.5324234091181     
   25.4873485411564     
  -1.64915225754941     
  -52.1289267581528     
 -9.472281543132993E-002
 -9.044581951545108E-003
   3.97938166669806     
  -14.8376458410675     
   15.6958756103750     
   43.9743213117809     
  -1.39697448507704     
  -55.3008397642095     
   3.15443210958432     
  -34.2060644388355     
  -45.0209611117749     
  -3.80176437659903     
  -23.7695652641428     
   8.03585505791562     
   35.1940610985828     
  -33.7795676387719     
   50.7438983358169     
  -19.1523767441150     
   4.34756834618928     
   1.88252297971625     
   19.4686282113300     
  -35.7740617440774     
  -43.0469143027252     
   20.3981703024066     
  -14.8028213128369     
  -25.1279914223174     
  -1.64881081878376     
  -52.1292496442688     
  -44.3889609700794     
   22.4713321345799     
  -9.17638957907415     
   27.4047904482601     
  -29.3754701623832     
   10.0404518367036     
  -32.7724691898759     
   4.91844000174848     
   6.76600391234901     
  -7.26052924417024     
  -27.0082981407020     
   8.84137262105319     
  -15.9077158109471     
   6.65708636110708     
  -50.8374011446537     
   23.9221585083325     
  -33.3379226234229     
   22.2637145738202     
 -9.836677004213398E-002
  2.141183189420263E-004
  -1.39731823835710     
  -55.3020932870287     
   15.7259589387841     
   4.63863422410059     
  -31.7438788020597     
   44.2025268734340     
   35.1336001353882     
  -33.9812270510656     
   15.7248283121542     
   4.63440924682287     
  -41.2505364474429     
   18.4424641076198     
  -6.43976149280072     
  -44.9485463890257     
   35.1337619272346     
  -33.9812700952532     
  -59.1155815210550     
  -57.4498461025096     
  -6.58653798365568     
  -46.3361824966206     
   20.6733335210465     
   11.2043193374847     
   2.68975845462570     
  -42.2300463809990     
  -3.77230343805904     
   9.72565215663169     
   4.54814570000000     
   64.6650090000000     
 -4.909628858928727E-002
  5.506119302709478E-002
  -26.0423150207621     
  -36.3719788366749     
   91.1953880000000     
   87.7698090000000     
   25.0366287757477     
  -8.41343149405633     
   14.9351008738668     
  1.842112276391421E-002
  4.336940578535942E-002
  -50.8812535767464     
   21.1171235489606     
  -25.0356248797044     
  -26.9209270686056     
   3.24825176823405     
   9.44345143347950     
   49.7203200593817     
  -24.5818101486706     
  -31.2055365513282     
  -39.9830608421061     
  0.244239338565920     
  3.389830388800644E-002
  -10.1367055519217     
  -4.31531279684781     
   77.4708440035200     
   20.0056397209182     
  -33.8076662232948     
  -42.2774640872805     
  -22.7553156507252     
  -22.6405448655842     
   31.9485194577090     
  -30.7295638449121     
   24.3792929649350     
  -8.60627263721505     
   27.0758806005691     
   70.4788603731792     
  -51.1886328855627     
   19.2970308330017     
  -1.25983701161412     
   7.61962938585066     
  -36.3228581997562     
  -11.8082742991332     
   40.9165514535863     
  -18.6114919650073     
   1.60594739394321     
   19.7609235464300     
  -31.2057136959930     
  -39.9831372583034     
   47.6275586829441     
  -16.2269810189920     
   26.2549876458603     
   14.0747076759353     
   26.4101429075769     
  -11.4674409894301     
   21.8947642583279     
  -13.0917744161538     
  -9.04641581763631     
  3.672467415619982E-002
   25.6901914355481     
  -11.1887488386475     
   15.0255837703375     
  -6.10872329054063     
   41.8448759224317     
  -28.3126928582072     
   39.9574474819376     
  -21.7102884487707     
  0.244361544968782     
  3.377622150042309E-002
  -33.8133813031385     
  -42.2813303308530     
  -5.70805593313616     
   23.5860704272098     
   62.1124128915303     
  -18.3629653967581     
   25.8076956722634     
   66.9466870716172     
  -5.70821143366585     
   23.5858100314088     
   40.6311645907755     
  -22.0529633611087     
  -22.8185133887884     
  -38.2422229001003     
   25.8074959956576     
   66.9468260372470     
  -48.7160693337090     
   36.4544751548104     
  -23.5478858920775     
  -39.5434790601049     
  -4.32746321705380     
   26.1572050480616     
  -26.2709820607797     
   32.9873007505641     
   34.3689762455571     
   10.7376365780524     
  -79.3656440000000     
   22.2328090000000     
  0.573976836284868     
  0.739505387989559     
  -5.50681633065644     
   48.3759614521422     
   80.6985590000000     
  -98.7974610000000     
   25.7485075586891     
  -5.94675289983103     
  -15.3333746510639     
  1.934133643422493E-002
 -0.199559301378734     
   4.83784980958884     
   49.4776353126801     
  -28.5255987232667     
   22.1171434121824     
  -9.85067492329498     
   6.12308134386167     
   51.1811769410817     
   24.1529190166871     
  -40.1910489942332     
   30.0577299144021     
  7.075986315228930E-002
 -0.249525184180728     
  -12.1577856089474     
   7.20819126044085     
  -16.5341452703807     
   48.0425380858568     
  -43.2411504433035     
   31.6037377555256     
  -25.8690098513785     
   19.6902435602386     
  -42.3234022715170     
  -29.0700265093003     
   21.0966060994991     
   12.1756775313287     
  -42.8729180163121     
  -26.1813372359524     
   2.70371822321998     
   50.4500021687211     
  0.817178484258568     
  -5.48165020744080     
  -12.3323991944179     
   31.1892364500489     
   44.4351836268665     
   14.4901725301371     
   8.99836053755682     
  -22.9282432601383     
  -40.1910268491943     
   30.0579687014386     
   49.7308771135926     
   12.2311110976370     
   30.3383883358681     
  -4.24052647601043     
   26.7648830424912     
   12.7154661013454     
   30.5815042857059     
   5.14204689960263     
  -4.93062377515015     
   2.76770119703127     
   25.0271624519102     
   12.3003140960336     
   12.6739281274431     
   11.4622483894853     
   48.8562659188164     
   23.0096639519803     
   5.25467750517519     
   45.8998975604448     
  7.097425510947568E-002
 -0.249113896532630     
  -43.2429691017682     
   31.6051407274518     
   1.92820223623696     
  -18.1120085687739     
   28.0255305845373     
   45.5961929169137     
  -43.0764161001127     
  -26.4784441550688     
   1.92687140056429     
  -18.1100044775211     
   39.2571712001368     
   22.9739797271213     
  -35.0040850090797     
   26.9059144355246     
  -43.0769998791474     
  -26.4788446706008     
  -64.0664626530008     
   67.0644999011091     
  -36.0686734009803     
   27.7874477857796     
   1.18245526736989     
  -23.5986735901073     
  -31.8395312905537     
   25.5489331279215     
   2.65220480475513     
   12.6435081326991     
   31.9822110000000     
   30.9841650000000     
  0.566759023288420     
  -1.13070662576514     
   7.16224542978097     
  -46.5045133319750     
  -98.3723140000000     
  -79.2574340000000     
