   7.8953296e+01   8.9955540e+01   2.1781955e-01   5.1633626e+01   6.2442711e+01   2.6518925e+01   3.9898169e+01   9.7762831e+01   3.0370742e+01   5.6675512e+01   2.1612231e+01   1.3540508e+01   9.7862011e+01   2.1433100e+01   1.3578735e+01   5.2663059e+00   2.6463873e+01   7.5732111e+01   4.3569250e+01   5.0665814e+01   4.9472363e+01   9.4209092e+00   9.7121009e+01   4.2490008e+01   2.7019042e+01   9.3525024e+01   2.2074913e+01   1.8961936e+01   2.8059547e+01   6.7405958e+01
   5.2504728e+01  -1.0458159e+01   2.8596500e+01  -4.3883347e+01  -1.1342707e+01  -5.0359199e+01  -6.9676237e+01  -5.8694625e+01   8.2832028e+01   1.6521517e+01   3.8660742e+01   7.1298205e+01  -2.7049338e+00  -3.1453525e+01  -1.6270955e+01  -7.6257570e+01   3.7131325e+00   9.4316758e+01  -3.4185432e+01  -3.2166068e+01   6.0375126e+01  -6.8060039e+01  -6.8151339e+01  -6.7267104e+01   8.2869870e+01   5.5003671e+01  -1.4022697e+01  -4.8168704e+01   2.4477466e+01   9.7049869e+01
   2.7385807e+01  -5.3387254e+01   5.6899639e+01  -9.9319011e+01   5.9481923e+01  -5.8469100e+01  -6.0093970e+01   9.5515880e+01   2.4614309e+01  -8.8956838e+01  -7.1540324e+01  -1.8431597e+01   5.5630247e+01  -6.7446526e+01  -9.4758860e+01   7.0270546e+01  -4.9414590e+01  -2.0968865e+01   3.7457595e+01   7.4197890e+01   3.6196666e+01  -7.2160055e+01   1.5397868e+01   3.6882618e+01  -3.6760537e+01   2.3669730e+00  -1.0779747e+01   4.0362277e+00  -2.6793627e+01   3.0461626e+01
   7.4311893e+01   7.3594489e+01   5.9609077e+00   9.1862963e+01   1.8203160e+01  -9.5337392e+01  -6.3553838e+01  -6.5065383e+00   2.2683604e+01  -7.2069067e+01  -5.7645623e+01   9.8014208e+01  -3.3991822e+01  -1.4832737e+01  -7.0748703e+01   9.1467376e+00  -8.1604408e+01  -1.3008805e+01  -8.3264462e+01   1.0982472e+01  -9.6434987e+01   2.8820881e+01  -2.1547317e+01  -3.4672070e+01  -4.7036239e+01   2.0556583e+00  -8.8980592e+00   6.2074814e+01  -6.5356207e+00   3.7012138e+00
  -5.9383050e+01   1.6129162e+01   1.9539852e+01   3.1313522e+01   1.6296449e+01   5.2769398e+01  -6.7288119e+01   6.7950134e+01   9.9263837e+01   3.2027133e+01  -7.5349279e+01   1.7427276e+01  -7.0752563e+01   8.9944504e+01   4.8396187e+01   7.4521527e+01  -6.7081432e+01  -5.2430207e+00  -3.0673460e+01  -4.0377009e+01  -9.1964281e+01  -2.3679821e+01  -7.3613282e+01  -7.1402942e+01  -2.3609229e+01   2.7362451e+01   5.6069022e+01  -1.4426437e+01  -6.5750517e+01  -2.6662895e+01
   9.5563188e+01  -8.1393455e+00   7.4827164e+01  -6.9582393e+01  -1.1509319e+01   8.4158760e+01   9.6077863e+01  -7.2912540e+00  -3.1101886e+01  -5.8110552e+01  -3.6756039e+01   7.9568079e+01  -8.5871935e+01  -5.0415245e+01  -9.6028321e+01   9.9371811e+01  -7.9973842e+01   8.3772233e+01  -7.3198612e+01  -5.8990487e+01  -6.7169368e+01   5.5410455e+01   1.2028186e+01   3.3022228e+01   7.4712909e+01   2.1965722e+01   8.7767744e+01  -4.2885544e+01   5.2979128e+01  -7.0134732e+01
   2.3874940e+01   2.4640723e+01   6.1670201e+01  -3.6428692e+01  -3.0284164e+01  -4.9285664e+01   8.4299365e+01   4.0697096e+01   4.1245211e+01  -6.9876636e+01   4.0746730e+01  -8.5241200e+01  -8.9495374e+01   4.7255210e+00   2.9909463e+01  -5.3323069e+01  -7.1972832e+01  -5.2482797e+01   7.4834270e+01   7.2146941e+01   3.0321688e+01   7.4828032e+01   9.2736759e+01   8.9311788e+01   7.7265430e+01   7.5355503e+00   6.2633756e+01  -5.1499632e+01  -2.7210108e+01   3.5507033e+01
  -6.0583322e+01  -6.1097474e+01   1.0076253e+01  -9.6323599e+01  -6.7797190e+01   7.0339323e+00  -1.4378438e+01  -1.8582004e+01   6.6453251e+01  -6.1459918e+01   3.5987178e+01   8.3664245e+01  -9.0761246e+01   7.6171005e+01  -1.5523639e+01  -8.8630174e+00   2.3477888e+01   4.8541607e+01   9.9197662e+01   8.5588224e+01  -9.6178266e+01  -2.3754370e+01   3.1398977e+01  -9.4356247e+01   2.2305269e+01   4.7877696e+00   2.4586044e+01  -7.2110775e+01  -9.7504622e+00  -1.8166631e+01
   8.1786968e+01  -1.9773451e+01  -6.1853148e+01   6.3321953e+01  -1.5490038e+01  -2.2842435e+01   4.3217571e+01   2.1052946e+01  -8.3636775e+01  -7.3918802e+01  -2.6426066e+01   1.2012736e+01   4.8037849e+01   9.6490466e+01  -2.8444626e+00  -9.9921957e+01   5.6331645e+01  -3.0566223e+01  -4.0822770e+01   6.6305980e+01  -8.0409389e+01  -2.5231785e+01   2.8053011e+01  -9.3184820e+01  -3.6123235e+01   9.2331044e+01   3.3279429e+01  -8.2701408e+01  -4.8887439e+01  -7.1451784e+01
  -4.4541848e+01   5.5288947e+01   4.1596283e+01   2.0584650e+01  -9.2116202e+01   6.9136322e+01  -5.4051742e+01  -9.8736749e-01  -9.3987124e+01   2.9589265e+01  -1.9911363e+01   5.3502977e+01  -2.3227338e+01   7.8281908e+01  -1.8441518e+01  -2.4633921e+01  -8.2310082e+01   9.6515392e+01   8.4339137e+01  -7.6190844e+00   1.2293382e+01  -1.3222047e+00   9.8795423e+01  -9.4864829e+01  -4.8096792e+01  -3.4567449e+01  -7.5424741e+01   4.9186378e+01   2.5872183e+01  -6.0681047e+01
  -7.2462709e+00  -4.6809213e+01  -9.9275620e+01  -7.6848561e+01   1.1783146e+01   7.8453765e+01   8.0241297e+01   3.9976572e+01  -5.3244640e+01   5.9003046e+00   6.0952978e+01   3.9963186e+01  -9.9917850e+01  -4.2984374e+01  -6.5842307e+01  -5.9353100e+01  -8.1063909e+01  -9.2265383e+01  -2.1327634e+01  -5.3312644e+01  -7.7476291e+01  -1.3304699e+01  -4.3578761e+01   7.0938919e+01  -9.3037892e+01   9.6477542e+01   9.1036225e+01   9.6878471e+01   6.3760938e+01  -9.1342104e+01
  -4.1584449e+01   4.4459433e+01  -7.9118976e+01   8.7079435e+01  -8.2478077e+00   9.7427925e+01  -1.7206645e+01   6.2029092e+01  -9.0038672e+01   2.3230165e+01  -1.9400858e+01   2.0343723e+01  -5.3712743e+01   6.5990855e+01  -8.6135026e+01  -5.3498024e+01  -2.6217744e+00   8.9919534e+01  -8.6412331e+01  -1.1176332e+01  -5.8298334e+01   6.1568551e+01   8.9765923e-01   5.3686708e+01  -5.5522337e+01   5.9948660e+01  -9.2343321e+01   4.6384184e+01   9.0995877e+01  -3.3395247e+01
  -3.4506732e+01   1.1841669e+01   4.5719103e+01  -3.9066933e+01   6.3553499e+01   6.2280660e+01  -2.7179430e+00  -1.3576508e+01  -7.1907680e+01   1.5084886e+01  -5.9387382e+01  -1.6474299e+01  -5.9206492e+01   3.7115693e+01   6.6210919e+01  -4.3125163e+01  -2.5591360e+01   1.1355303e+01  -3.2416442e+01   8.0608070e+01  -5.3108165e+01  -1.9235956e+01  -3.4779493e+01  -2.0964492e+01  -4.3926859e+01   2.8445199e+01  -4.1786559e+01   9.3187664e+01  -1.8884267e+01  -5.8044275e+01
  -9.5197933e+01   5.2921718e+01  -1.1754969e+01  -8.1027630e+01  -9.9324948e+01  -5.7298897e+01   5.7549909e+01   6.3847822e+01  -7.0328119e+01   2.7254759e+01   1.6669041e+01  -5.8785858e+01   4.1102450e+01   9.9491361e+01   6.4767271e+01   5.3676654e+01  -2.2123487e+01  -9.9155059e+01  -1.4110755e+01  -3.4476099e+01   5.7058938e+01  -1.2945577e+01   4.2086420e+01   9.0151220e+01   4.1451665e+01  -7.2381707e+01  -3.5204573e+01   5.7776125e+01  -4.2454685e+01   5.9561895e+01
  -5.7043281e+01  -2.2917175e+01   8.6549411e+01   9.6702633e+01   5.0241837e+01   2.3938140e+01  -8.8874864e+01  -3.2293698e+01  -5.2052140e+01   6.8529204e+00   3.5397566e+01  -5.6008819e+01   3.2575641e+01  -7.6128743e+01   7.0743350e+01  -6.6415821e+01   2.2892168e+01   2.7315162e+01   5.3874298e+01   9.1732262e+00  -1.8488513e+01  -5.7504204e+01   2.5507158e+01   6.6372027e+01   5.2538076e+01   5.2665434e+01   4.0271003e+01   6.3590752e+01  -6.2444451e+01  -6.0620745e+01
  -5.7675627e+01   5.3237346e+01   8.2796361e+01  -5.3827018e+01  -3.0588889e+01   3.9786787e+01  -9.6623263e+01   1.1700733e+01   2.1242532e+01  -9.9829990e+00  -9.3918270e+01   9.7834047e+01  -9.1795663e+01  -9.0472960e+01  -7.7199308e+01  -3.8089272e+01   4.1940668e+01  -7.5341248e+01   2.4929282e+00  -8.0761564e+01   3.8718572e+01  -4.4987030e+01  -7.5699952e+00   2.8629522e+01  -9.2509938e+01   7.8934981e+01   9.3198889e+01  -6.1083181e+01  -6.9212537e+01  -5.6442198e+01
   1.0949337e+01   7.7855917e+01  -3.6344843e+01  -9.6704332e+00  -9.5774746e+00   1.7751107e+01   4.2662839e+01   4.2698400e+01  -4.8994549e+01  -7.7009711e+01  -7.8282845e+01  -7.6816888e+01  -2.9751345e+01   4.5432819e+01  -2.3629509e+01   4.0949684e+01  -2.8297231e+01  -9.7069364e+01  -6.6980970e+01   7.3015330e+01   1.1589622e+01  -9.3079242e+01  -6.6548849e+01  -6.5912013e+01  -8.0691151e+01   5.1185447e+01  -5.1323338e+01   5.2557797e+01   7.7655759e+00   8.9566548e+01
   9.8095246e+01  -9.0853867e+01   9.6751601e+01  -3.6340217e+01  -9.3524466e+00   4.3334616e+01   8.6697070e+01   1.0070959e+01  -7.6475126e+01   4.8819355e+00   1.2520244e+01  -6.2215735e+01  -3.7863296e+01   9.2046228e+01   8.7865061e+01  -5.6539522e+01   6.1133625e+01  -4.6409681e+01   6.1810641e+01  -1.7423440e+01   2.4667227e+01   9.5922304e+00   2.9337474e+00  -9.5727980e+01  -1.4377791e+01  -9.5958310e+01  -9.5154243e+01  -4.7890394e+00   5.3632841e+00   9.1055828e+01
   5.4796627e+01  -6.7900567e+01   2.4313090e+01   4.9483495e+01  -6.9345695e+01   1.7069338e+01   8.5981478e+01  -6.0401547e+00   5.6678404e+01   2.4474928e+01  -9.1166386e+01  -8.4286027e+01  -5.7689805e+00  -1.4836491e+01   9.8046363e+01   9.2903457e+00   8.8532905e+01  -7.8229026e+01  -6.6408435e+01  -2.5899737e+01   3.6990404e+01   9.5919736e+01  -8.9617137e+01  -8.1857693e+01  -8.3788911e+01   3.5745364e+01   8.3386796e+01  -8.5903856e+01   1.8493346e+01  -5.4406707e+01
   9.4920896e+01  -1.9564345e+01   3.0887795e+00   2.0284151e+00   1.8706512e+01  -2.6451703e+01  -7.7547325e+01   2.1748910e+01   5.4868752e+00   1.4505697e+00  -7.1870564e+01  -3.5453081e+01   1.9613492e+00   4.9115219e+01   4.5220985e+01   4.2596189e+01  -1.6165357e+01   1.5919331e+01  -4.8966144e+01   2.2088387e+01   2.4608367e+01   8.0546765e+01   2.1335449e+01   9.9060066e+01   8.3703586e+01  -9.9223225e+01   8.6532571e+01  -5.1915993e+01   9.6828670e+01   4.1151615e+01
   4.5761785e+01   7.8977669e+01  -1.2002429e+01   9.6648758e+01   5.6559923e+01   1.0918009e+01  -6.0316331e+01   6.1568741e+00  -8.0424876e+01  -1.1699882e+01  -3.8159582e+01   5.7528312e+01   5.8897245e+01   1.1430435e+01   4.0300229e+01  -8.8326901e+01  -3.9983366e+01  -9.0480665e+01   8.1663899e+01  -4.2590005e+01   7.2569629e+01  -2.2059732e+01  -1.1469262e+01  -1.6258129e+01   9.5782135e+01   2.0334868e+01  -6.0551080e+01   1.5133680e+01   9.3371936e+01   3.5169430e+01
  -9.6088878e+01  -1.8415184e+01   2.2801790e+01  -4.7531690e+01   6.8277411e+01  -4.1716451e+01  -5.5365861e+01  -5.4813139e+01  -4.3353272e+01   6.5841170e+01   1.0502870e+01   1.4720734e+00   2.0606489e+01   3.2309420e+01   1.7323473e+01   8.4478046e+01  -1.6154446e-01   6.7711033e+01   8.3890811e+01   2.1204202e+01   7.1108605e+01  -5.9028129e+01  -4.3931385e+00  -2.3759799e+01  -1.5169866e+01  -5.1011768e-01  -8.2314883e+01   1.6417057e+01  -9.5779327e+01  -9.9055399e+01
   1.0817805e+01  -7.7597943e+01   3.9641354e+01   5.0213864e+01  -5.0031487e+01  -5.0170531e+01   9.2841468e+01  -3.0444675e+01  -5.2100592e+00   7.2195646e+01  -7.7679974e+01  -2.1143137e+01   7.0654626e+01   4.7868481e+01   5.2496478e+01  -5.2907887e+01   5.1405610e+01  -5.3568894e+01  -7.8281800e+00  -9.2924085e+01   4.8442197e+00  -2.0153099e+01   7.9886146e+01  -6.5713008e+01  -9.5056307e+01   1.8436513e+01   1.4043857e+01   1.6492364e+01  -3.1732389e+01   1.1911940e+01
  -2.0465266e+01   8.9137900e+01   7.5300803e+01   9.7689888e+01  -2.1726023e+01   8.4023046e+01  -8.4985893e+00   3.2328570e+01   4.2899677e+00   9.6580243e+01   7.9933835e+01   2.6040880e+01  -3.0634811e+01  -3.8832126e+01   8.0247800e+01  -7.8680787e+01  -4.0736259e+01   7.0311474e+01   4.5882715e+01   2.8556327e+01  -4.6362451e+01   4.5625972e+01   7.8440997e+01   1.9858271e+00   1.0617946e+01   7.6173384e+01   7.1251967e+01   1.9908527e+01  -3.5506849e+00  -9.7598221e+01
  -4.4242171e+01   1.4825894e+01   6.5584006e+01   4.0914887e+01  -3.1628316e+01  -1.9594728e+01   7.7807786e+00  -6.2051093e+01  -1.3061727e+01  -1.8263333e+01  -5.8872701e+01  -4.1321202e+01  -4.8775388e+01  -3.7477844e+01   9.7353513e+00   6.6163557e+01  -4.0500233e+01   7.5432807e+01   5.0977048e+01  -3.4952602e+01  -4.8376652e+01   4.6825844e+01  -1.2511190e+01  -3.7508659e+01   8.0731246e+01   3.9015166e+01   5.1358840e+01  -4.6671301e+01   2.2244581e+01  -6.5543389e+01
  -6.9624298e+01   3.6788466e+01  -5.6409585e+01   5.2736884e+01  -8.6610671e+01  -5.1963655e+01  -2.9156954e+01   2.1531979e+01  -1.7424459e+01   2.3224582e+01  -1.3634582e+01  -1.6820275e+01   4.3161715e+01   7.5298228e+01  -4.7550608e+01  -9.3912759e+01   2.8664412e+01   6.4911104e+01   5.5725194e+01  -4.9484153e+00   6.8655659e+01  -5.1480037e+01  -2.6006387e+01   9.2929237e+01  -6.1885875e+00   6.5858365e+00  -8.9192398e+01   2.4456060e+01   3.3035555e+01   5.1905316e+01
   3.5101921e+01  -3.4571950e+01   9.6866200e+01   2.4535320e+00   6.3475075e+01  -2.1094148e+01  -3.6258551e+00   4.4573944e+01   1.5846402e+01  -5.5505834e+01  -5.4815042e+01  -2.8924119e+01   2.8414462e+01   2.8604181e+01  -8.9571542e+01   9.8503761e+01  -2.2429632e+01  -4.0189484e+01  -5.0489832e+01  -8.9926068e+01   1.0843268e+01   2.7822933e+01  -5.7427263e+01  -5.4712250e+01  -8.6703579e+01   9.3889147e+00  -2.9908375e+01  -8.8128918e+01   2.9400163e+01   9.4618819e+01
  -1.2722319e+00  -1.7481689e+01   9.6050003e+01   9.3934518e+00   3.5612040e+01   1.8473073e+00   6.5870883e+01   6.3336639e+01  -5.5965199e+01  -8.1702268e+01  -9.4820908e+00   5.3239643e+01  -4.7389381e+01   8.8654025e+01  -7.2361517e+00  -2.1100698e+00   4.5537834e+01   8.2613303e+01   1.0755117e+01  -1.0635856e+01   5.1560430e+01   3.8295352e+01   2.0409715e+01  -7.5535020e+01  -2.1831629e+01   3.5245416e+01   6.1174781e+01  -8.0882486e+01  -4.4625426e+01  -9.2953270e+01
  -9.1202821e+00   6.5234383e+00  -4.6810844e+01  -7.9463706e+01   9.8253179e+00   8.7152253e+01  -7.1269650e+01   7.9691207e+00  -5.8985459e+01   1.5166667e+01  -4.9361410e+01   2.9964486e+01  -9.8661425e+01  -9.7792724e+01   4.6867527e+01  -7.9897277e+01   5.5011670e+01   4.9155030e+01  -7.0015704e+01  -9.6976311e+01  -8.9713927e+01  -2.3286494e+01  -1.2182311e+01  -9.2828244e+01   6.7042210e+01   5.6446046e+01   7.1649356e+01   4.2562354e+01   1.8919584e+01   5.0075540e+01
  -5.8852789e+01  -8.1040034e+01  -5.5851176e+01  -6.7997111e+01   2.8079047e+01   2.8146212e+01  -5.0205509e+01  -7.4692201e+01   6.2986632e+01   2.2861512e+01   2.8365224e+00  -9.8706333e+01  -9.4944898e+01   6.6895822e+01  -6.9628801e+01   7.9774169e+01   6.4104512e+01   1.0267144e+01   9.7444949e+01   1.2592214e+01   9.9084613e+01   8.9530246e+01  -6.5560406e+01  -2.5380685e+01  -3.0066406e+01   6.3897325e+01   5.3203137e+01   2.7845923e+01   4.3413763e+01   7.5454543e+01
   7.8512357e+01   8.2253076e+01   3.3726588e+01   3.1849279e+01  -8.6004985e+01   1.9275696e+01   4.6691166e+01   3.7535736e+00   7.9160048e+01   7.9174465e+01  -9.5407535e+00  -2.0584253e+01   2.0048838e+01   9.3243939e+01   7.3623244e+01   4.6870215e+01  -2.5808665e+01   6.6978008e+01   2.0762302e+00   8.2940381e+01  -7.2830542e+01  -1.5531039e+01   8.4144048e+01   7.6902872e+01   5.3135055e+01  -7.9859641e+01  -2.3571073e+01  -7.2951014e+01   6.9488542e+01  -8.8764413e+01
  -2.3041272e+01  -4.5543679e+01   4.4548625e+01   3.0986666e+00   4.0036967e-01  -6.6955883e+01   3.7111236e+01   1.7852218e+01   2.6029879e+00   2.7907459e+01   1.7114584e+01  -8.4132874e+01   9.2409265e+01  -9.1026089e+01   9.5877379e+00   7.1014363e+01  -5.8620026e+01  -9.8764009e+01  -1.2642232e+01  -5.9385899e+01  -8.8203271e+01   8.2125815e+01   8.5627336e+01   6.9202215e+01  -1.8663712e+01  -3.5529802e+01   2.2907194e+01   2.0106513e+01   8.7823651e+01  -4.4820245e+01
   7.1970816e+01  -8.4925187e+00   2.0043592e+01   5.8387288e+01   2.8292062e+01   4.0235348e+01   2.2928697e+01   3.7646329e+01   5.7422453e+01   9.0310034e+01   8.1701089e+01   7.8618750e+01   2.2961193e+01  -7.2456457e+01   7.3490490e+01  -1.3947234e+01   5.7665498e+01   8.8802601e+01   5.0635847e+01   4.5429682e+01   3.1695832e+01   1.2176110e+01  -1.8306130e+01  -7.2114554e+01  -1.5765704e+01  -1.8228934e+01  -1.5311015e+01   2.5338771e+01  -5.6922419e+01  -9.3803704e+01
  -7.9176926e+01  -8.7764193e+01   4.2301524e+01   6.6833308e+00   3.5357451e+01   1.0748101e+01  -1.6841393e+01   2.8799080e+01   7.6344086e+00   5.0456577e+01  -9.4932829e+01  -5.4186403e+01   4.2979066e+01  -2.5092291e+01   1.5871080e+01   7.9164108e+01   5.0959742e+01  -9.6880407e+01   3.2320074e-01   4.3895337e+01  -4.5640749e+01   4.5551895e+01   5.7826517e+01   7.2197259e+01  -8.2236296e+01  -6.0848507e+01   9.5156456e+01   6.3237881e+01   3.9628473e+01  -7.0863200e+01
   4.2223480e+01   5.2996615e+00   8.3996652e+01  -5.6297355e+01   1.4309114e+01  -6.7399136e+01  -2.2253845e+01  -5.3194387e+01   5.1433649e+01  -7.6522200e+01  -2.0501067e+01  -1.2564028e+01   9.7547558e+01   4.4513160e-01   9.5488995e+01  -2.9590678e+01  -5.6046712e+01   9.5190378e+01   4.2742394e+01   5.0173563e+01   9.8139721e+01  -9.5502874e+01  -6.0428842e+01   8.9432718e+01   8.2031279e+01  -6.7456843e+01  -9.6443012e+00   1.4277257e+01  -4.4668108e+00  -7.8285503e+01
   1.3454672e+01   5.5704834e+01   8.1198469e+00   6.5580918e+01  -8.6582577e+01   6.0615245e+01   2.4002232e+01   5.9607591e+00  -8.9535713e+01   8.2075999e+01  -4.2094303e+00  -4.3144722e+01  -8.6620095e+01   5.8886887e+01  -9.1307030e+01   5.5964978e+01  -1.0548765e+01   1.2328242e+01   9.6434065e+01   5.9737531e+01   3.0171222e+01   7.2348403e+01  -6.3396170e+01  -8.8849887e+01  -3.5367960e+01  -6.3932002e+01   2.5094645e+01  -4.8995244e-01   4.3585570e+01  -8.8629898e+01
  -7.6184167e+01   5.3891629e+00   7.5704728e+01   7.2884043e+00  -5.0995938e+00  -9.9321504e+01   3.9262063e+01   2.2007682e+01  -4.8788925e+01  -1.7821928e+01   8.4423878e+01   5.0804407e+01  -7.9573809e+01  -8.5153540e+01   2.6114048e+01  -6.8417325e+01   7.6370176e+01  -1.3701638e+01   7.9849467e+01   9.5949184e+01  -2.7503435e+01   3.6285351e+01   2.2238959e+01  -8.1481580e+01   4.3562952e+01   5.6089624e+01   9.3722757e+00  -8.6660870e+01  -5.3510832e+01   4.3463805e+01
   3.0818321e+01  -5.9193351e+01  -1.5759508e+01  -6.4207490e+01   9.9007747e+01   8.9704065e+00  -4.8534286e+01   7.0434282e+01   5.0038061e+01   4.2377949e+01  -9.5459078e+01   8.0681859e+01   4.7896114e+01  -5.6412368e+00   1.1123800e+00  -2.1050600e+01  -2.3738367e+01  -6.7409261e+01   6.0504099e+01   8.1006967e+01   5.6967958e+01  -5.1820444e+01   6.4451367e+01  -9.7474921e+01   1.3930745e+01  -7.6299574e+00  -5.7827667e+01   3.2437528e+00  -7.0567866e+01   6.3980405e+01
  -2.2025277e+01  -9.7584657e+01  -6.4599748e+01   4.9872025e+01   3.3638690e+01  -5.0433967e+01   7.9683466e+01  -4.4277960e+01  -1.1645386e+01  -7.9224422e+01   7.4991959e+01   7.8509315e+01  -9.6617200e+01   3.3099888e+00  -9.1648973e+01  -8.8592644e+01  -8.8195872e+01  -5.2994987e+00  -2.3193129e+01   8.7386477e-01  -1.2713928e+01   6.3869174e+01  -1.1036399e+01   8.3051393e+01  -1.7800179e+00   4.9683937e+01  -3.1587824e+01   5.6193097e+00  -9.4800623e+01  -5.7882973e+01
   3.9228715e+00   7.7420822e+01  -5.1567961e+01  -9.2658596e+01  -9.6291755e+01  -6.0469141e+01  -5.7872109e+01   8.4884876e+01   1.3047747e+01   7.7046415e+01  -3.2082263e+01  -5.4994385e+01   1.3799519e+01   5.6037564e+01   8.4378844e+01   4.2075926e+01  -7.1114947e+01   9.5868094e+01   6.3513939e+01  -4.3174390e+01   4.7602122e+01  -5.0068412e+01   3.0763732e+01   2.9960742e+01   7.6646914e+01   2.1764731e+00   9.9438600e+01  -8.1730686e+01  -1.3424140e+01   5.5127547e+01
   7.7763686e+01  -2.6011381e+01   9.0881589e+01   7.7961861e+00   8.4908704e+01  -2.8833428e+00  -1.8927813e+01  -3.8569773e+01  -4.2833922e+01   7.4696128e+01   4.8647889e+01   4.0861711e+01   3.7986826e+01  -7.4971827e+01   4.8937612e+01  -2.6447026e+01  -9.6483244e+00  -2.5512812e+01  -5.9875838e+01   1.3937148e+01   9.9960690e+01   9.0725703e+00   7.1615125e+01  -6.8576306e+01   4.4077198e+01   5.0069998e+01  -6.1653782e+01   2.2540046e+01  -9.6667409e+01   7.7416616e+01
  -7.4208473e+01   3.1629079e+01  -4.5111597e+01  -6.5785962e+01  -2.9077452e+01   1.8917619e+01  -7.2255423e+01  -3.6334307e+01  -3.0266600e+01   8.3952893e+01   3.4542406e+01   1.3303410e+01   5.3687141e+01  -6.1143075e+01  -9.9188124e+01  -9.1654482e+01   2.4979048e+01  -8.0955337e+01   9.1120714e+01  -2.2646201e+01  -8.3138598e+01   6.5757445e+01   2.7386945e+01  -2.9736266e+01  -2.7207783e+01  -7.8033192e+01  -1.9944050e+01   8.1543869e+01  -7.9944448e+01   2.0841838e+01
  -2.6044320e+01  -5.4186107e+01  -2.9450738e+01   6.7227936e+01   4.5859764e+01  -7.7491889e+01  -2.9645328e+01  -1.3754033e+01   5.3042577e+01   4.9773302e+01   9.0503270e+01   8.5486732e+01  -6.1417745e+00  -3.6868751e+01  -2.1855893e+01  -7.3078676e+01  -7.0087430e+01   8.7666197e+01   2.8067354e+01  -5.0312658e+00  -4.7675246e+01   9.7588359e+01   3.2613777e+01  -7.7190235e+00  -4.2318211e+01  -3.1759348e+01   8.4232219e+01   3.0257192e+01  -7.5131490e+01   4.4632612e+00
   8.3938322e+01   6.8173373e+01  -6.3726528e+01  -8.2890816e+01   1.1717920e+00   4.2492298e+01   1.7983058e+01  -3.6673483e+01   5.2947206e+01   3.3610143e+00   4.5396866e+01  -1.0749115e+00  -1.7491409e+01  -4.2006890e+01  -5.4112849e+01   6.8134259e+01  -5.4649802e+01  -7.4256117e+00   8.4191656e+01   3.1136586e+01   7.1202036e+00  -6.1417688e+01  -9.2922321e+00   2.4527967e+01   2.9443531e+01  -2.5794852e+01   1.8084682e+01   1.3012772e+00   7.4187139e+01  -6.3469039e+01
   4.5035638e+01  -9.8304404e+01   2.3293890e+01   9.9272621e+01   8.4937358e+01   7.7055042e+01   5.9303868e+01   6.3926975e+01  -1.5037380e+01  -4.0332064e+01  -7.3951443e+01   9.1660194e+01  -8.5338684e+00   1.5503999e+01   6.7614518e+01   4.2724357e+01  -2.9443287e+01  -7.7522422e+00   8.1745556e+01  -2.9815885e+01   4.2318147e+00   8.4062980e+01   7.2189744e+01  -4.1080997e+01  -6.0473648e+00  -7.4689169e+01   6.6288704e+01   6.0708408e+01  -1.3968827e+01  -1.7725374e+01
  -7.4065634e+01  -6.6842535e+00   1.8750300e+01   5.5013119e+01  -4.8332083e+01  -6.7494340e+01   4.4286909e+01   1.3249875e+01   1.5331305e+01  -3.4002166e+01   5.4158639e+01   4.7724391e+01   6.8120421e+01  -9.4846358e+01  -1.7508125e+01  -8.5958746e+01  -8.9785981e+01   1.2707589e+01  -7.1735976e+01   2.0368297e+01  -6.0164934e+01  -7.5811147e+01  -1.9730059e+01  -8.6540266e+01   9.5989546e+01   1.5726531e+01  -9.7144507e+01   3.6856761e+01   6.3484458e+01   7.3802204e+01
  -3.3517689e+01   1.9029247e+01   7.5105967e+01  -6.0203186e+01  -2.8912687e+01  -6.9691451e+00  -3.7619817e+01  -8.2883313e+01  -3.4597059e+01  -6.3340284e+01   5.0075487e+01   4.9953489e+01  -5.9338020e+01   5.4227988e+01  -2.5701482e+01   6.3827780e+01  -2.5201271e+01  -9.4304317e+00  -2.4317765e+01   1.1114425e+01  -4.1159953e+01  -5.9218038e+00   2.2745427e+01   9.7095841e+01  -1.4043738e+01   7.5986652e+01  -3.4093914e+01   9.0727358e+01   1.4669137e+01  -2.0416588e+01
  -7.0606106e+01  -4.4378387e+01   5.0868347e+01   1.0137821e+00   3.4912836e+01  -6.1931910e+01  -8.0462997e+01  -5.0974838e+01   6.4356751e+01  -2.0506648e+01  -5.6963512e+01  -8.3481171e+01  -6.7518986e+01   9.5199185e+01  -3.4224720e+00   9.0512354e+01  -7.6501756e+01   3.3162077e+01   6.3203174e+01  -1.7127740e+01  -7.5152829e+01  -6.7916151e+01  -3.1038837e+01   4.8176665e+01  -2.9565486e+01  -7.7679267e+01  -7.6080014e+01   4.3007873e+01   5.0423311e+01  -7.7916355e+01
   9.0804881e+01  -1.3714563e+01   2.4391276e+01  -7.8502753e+01  -8.0404261e+01   6.2165852e+01   5.9159649e+01   7.2473906e+01  -8.7668945e+01  -1.5001182e+01   5.0500806e+01   9.5326141e+01  -7.8963182e+01  -2.8299471e+01   4.8243762e+01  -2.9925605e+01   1.3350329e+01   3.4511386e+01   6.3902185e+01   4.1965310e+01  -3.4256723e+01   2.4044951e+01   1.3404355e+01   7.7449422e+01   4.7780297e+01   1.7156335e+01   7.5734741e+01   1.2686246e+01  -4.1230556e+01  -9.7171963e+01
   6.0457870e+01  -2.3630359e+01  -4.2628372e+01   9.8267555e+01   5.5571903e+00  -2.9406386e+01  -9.7876685e+00   8.7686128e+01  -6.1945564e+01  -2.6518463e+01  -8.4142632e+01  -9.0941058e+01  -2.9244912e+00   6.8785225e+01  -4.6692421e+01  -5.6447968e+01  -4.9197571e+01  -6.8149234e+01  -3.3849548e+01   6.0929308e+01   1.3872857e+01   3.8117649e+01   4.8733901e+01  -5.7243615e+01   6.3200800e+01  -3.6142895e+01  -6.5746879e+00  -3.1808530e+01   3.9305382e+01   9.5754115e+01
  -3.5072431e+01  -6.6035880e+01  -6.2876552e+01   6.3700605e+01   6.2017722e+01  -9.7265999e+01  -3.4815751e+01  -6.5146074e+01  -2.5544642e+01  -9.7635217e+01  -8.6502077e+01  -4.4607631e+01  -1.8024695e+01   4.3975848e+01   5.1351531e+01  -6.8168527e+01   3.0169595e+01  -1.7792244e+01   4.4221935e+01   4.6166738e+01  -5.3889742e+01  -6.3041446e+01   7.4558355e+01   9.5628594e+01   8.7112651e+01  -8.0525681e+01  -5.1243081e+01   9.4236968e+01   2.8269368e+00  -6.9174080e+01
   3.7195850e+00   5.8624138e+01  -7.0174247e+01   6.8529892e-01   3.7892737e+01   8.4624862e+01   1.6649871e+01   9.7494298e+01   1.3976270e+00   5.9326635e+01   2.8256906e+01  -7.1025369e+01   9.8547227e+01   5.5405748e+01   8.7072283e+01  -6.8878633e+01   4.1408885e+01  -3.5382123e+01   2.0898447e+01  -5.2831140e+01   1.6381908e+01   7.1627607e+01   3.3884394e+00  -9.4174491e+01   2.7334409e+00  -2.4147054e+00   4.8522396e+01  -3.9661067e+00  -8.7886831e+01  -1.8151562e+00
   4.6195714e+00   7.1640209e+01  -6.6560031e+01   5.4543371e-01   1.6094794e+01  -1.3631428e+01  -1.6540203e+01  -3.7973430e+01  -2.5868642e+01   1.5736083e+00  -8.8474335e+01   8.8498857e+01   5.4187925e+00   7.6901825e+01   4.6729274e+01  -8.2679012e+01   4.2134187e+01   3.6002823e+00   4.4595717e+01   7.8642877e+01  -2.0729821e+01   7.4070136e+01   5.1392637e+01   9.9597378e+01  -4.3630828e+01   3.7523522e+01  -2.5318969e+01  -7.4740547e+01   1.5528593e+01  -1.7430449e+01
  -8.8221606e+01   5.7167245e+01  -7.3603615e+01  -8.5806031e+01  -7.6745955e+00  -1.0197416e+01   8.4450175e+01   3.9390780e+01   5.7358465e+01  -4.7016040e+01  -3.7969337e+01   7.2260191e+01   5.5896327e+01  -7.4044108e+01   2.5358308e+01  -1.3881023e+01   8.3607574e+01   9.5599913e+01  -4.2147207e+01   5.2392100e+01   9.7542774e+01  -8.2599802e+01   5.8349745e+01  -2.8808634e+01   4.1727233e+01  -7.4345897e+01  -5.4411960e+01  -2.1484472e+01   5.2625936e+01   9.5023002e+01
  -1.2068728e+01  -3.3944124e+01  -3.9759730e+01  -6.7401859e+01  -9.0527398e+01   7.3733120e+01  -1.6693791e+01   6.6178447e+01  -2.8430012e+01  -1.0831202e+01   1.4138212e+01  -6.4720614e+01   1.4995885e+01   4.2843449e+01  -2.1643411e+01   6.5710500e+01  -3.4287588e+01   2.9570665e+01  -6.2056416e+01  -2.8965089e+01  -9.4470832e+01   2.8412980e+01  -4.5527960e+01   4.2590801e+01   9.5698915e+01   3.1874217e+01   6.3067658e+01   4.5933715e+01   8.6459613e+01  -4.9778345e+00
  -7.9292765e+01  -6.3230730e+01  -9.6862661e+00  -7.1049158e+01   6.2667566e+01   4.8522589e+01  -3.3791625e+01   9.5492221e+01   3.5910956e+01   5.5354498e+01  -1.2613040e+01   5.2617949e+01  -4.9608361e+01   1.4820272e+00   4.0461748e+01  -9.7207854e+01  -6.2407692e+01   1.6509299e+01   6.4649415e+01  -4.9114041e+01   3.3394311e+01   2.6208080e+01   2.6424061e+01  -7.7594860e+01   5.8269709e+01  -8.1622382e+01  -3.2459375e+01   6.9551807e+01   8.9819654e+01  -5.9343666e+01
   3.0572847e+01   4.5837712e+01   7.8096587e+01  -3.3439777e+01   4.7626038e+01   5.8118558e+01  -2.2503768e+01   4.0956757e+01   6.9224693e+01   1.7262149e+01  -9.0622759e+01   6.8778337e+01   1.7363067e+01   2.4060115e+00  -4.3171771e+00   4.9289528e+01  -6.6995646e+01  -8.6348842e+01  -4.0906877e+01  -6.6848407e+01  -3.9429870e+01   5.9750637e+01   7.1967609e+01  -6.5363615e+01   5.3058025e+01   8.3702843e+01  -1.9618495e+00   6.1694761e+01  -6.0468560e+01  -7.8952078e+01
  -9.4362016e+01   1.6289065e+01   6.4072581e+01   4.9912788e+01  -7.5415949e+01   2.6854111e+01  -7.7728424e+01   9.6613471e+01   1.5426087e+01  -7.2453058e+01  -2.1312520e+01   5.9028776e+01  -2.3752403e+01  -2.1428096e+01   1.7551559e+01  -5.9921971e+01   9.2620015e+01  -5.3492285e+01  -5.6406997e+01   6.8142496e+01   4.5399851e+01   7.8475914e+01   1.9847546e+00  -9.4163348e+00   7.4332816e+01  -4.5004047e+01   7.9290987e+01  -7.2489446e+01  -2.3708369e+01  -1.5186123e+01
   9.5820074e+00   5.3111833e+01  -8.9896848e+01  -2.9623508e+01   1.6869360e+01   9.0497808e+01  -3.0178744e+01   3.5565022e+01  -9.5383509e+01   6.3323063e+01   3.9818409e+01   9.8018794e+01  -3.5636974e+00   1.7795310e+01   8.6001975e+01  -7.1840546e+01  -7.1176488e+01   4.3827550e+01   5.5806125e+01  -6.3422848e+01   5.7073500e+01  -9.4845062e+01  -1.8520901e+01   8.1285183e+01  -3.3911525e+01   8.3902412e+01   3.7919565e+01   9.0527080e+01   7.1694598e+01   6.4397668e+01
  -4.5225028e+00  -2.2662774e+01  -5.1324382e+01   1.9857243e+01   6.8128462e+01   3.2100306e+01   3.0751441e+01   4.9369603e+01  -8.1048740e+01  -8.0953278e+01   8.1941306e+01   5.5488530e+01  -7.0033649e+01  -7.7264216e+01  -5.5649791e+01   4.2762853e+01  -3.1548177e+01  -5.3231586e+01   3.0900954e+01  -4.7713933e+01  -1.0075614e+01   3.0141638e+01  -6.3560920e+01  -6.6341050e+00   6.5641470e+00   2.3255854e+01  -1.8164578e+01  -1.7796004e+01   3.5712220e+01   8.6095404e+01
  -9.1132147e+01   8.4662397e+01  -1.6989275e+01  -9.9435924e+01  -3.2671456e+01  -5.5286338e+01   1.5828270e+01   5.5774716e+01  -4.1442066e+01  -5.5418783e+01   9.6774100e+00   7.2800950e+01  -8.6895800e+00   4.2516721e+01  -3.4107080e+01  -1.6848250e+01  -6.1922384e+01   6.6235437e+01   7.3744720e+01   2.3565014e+01  -7.6771461e+01   2.1636589e+01  -1.2734714e+01  -1.3434253e+01   2.6639977e+01   1.9222354e+01  -3.2770482e+01  -5.7824147e+01  -1.1862063e+01  -4.6332132e+01
   1.3628915e+01  -7.5046500e+01   4.7634638e+01   6.9768016e+01   9.6486305e+01   2.4075502e+01   1.0935179e+01   1.9227253e+01   7.7422327e+01   8.8040749e+01   6.3553681e+01  -7.0822149e+01   4.5961919e+01   9.4610321e+01   5.6108337e+01  -5.5316875e+01   3.9179862e+01   4.2874416e+01  -7.0128924e+01  -3.3861207e+01  -6.0233462e+01  -9.3130401e+01  -2.5129462e+01   4.5888889e+01  -2.6570005e+01   9.7008204e+01  -1.8591402e-01  -8.5328424e+00   1.4816490e+01   8.8186356e+01
  -5.0331628e+01   3.8185616e+01  -1.0623295e+01  -2.8063945e+01   1.7002746e+00  -6.1911587e+01  -1.6720031e+01   8.6113146e+01  -1.8719142e+00   4.2944700e+01   9.8393275e+01   2.6755356e+01  -9.6638888e+01   3.1098897e+00  -1.8956300e+01  -5.0249648e+01  -2.8917963e+01  -9.8350840e+01  -5.6528557e+01  -2.0492824e+01   9.4405640e+01   2.9897773e+01  -1.9760934e+01  -1.2413249e+00   8.7700931e+01   5.3242060e+00  -9.8885124e+00   6.0819923e+01   7.9540181e+00   3.7906257e+01
   9.7708873e+01   5.1486563e+01  -2.8983358e+00  -3.5643014e+01   6.6678290e+01  -8.3028530e+01   6.8862828e+01   5.1376840e+01  -3.9566388e+01   5.3810780e+01   3.0749213e+01  -3.6909689e+01   3.0412460e+01  -2.3011853e+01  -3.2862335e+01  -9.8659624e+01  -4.8348093e+00   5.9771799e+01  -7.5717258e+00   5.7963609e+00  -9.9672203e+01  -5.2403494e+01  -8.4093080e+01   9.9159206e+01   8.7461617e+01   9.7496425e+01   2.6268665e+01  -8.1029311e+01   9.5899471e+01  -7.2975513e+01
  -9.6778728e+01   9.6776203e+01   3.4467956e+01  -4.7047601e+01  -6.9623370e+01  -5.6346177e+00   9.9008399e+00   7.3899639e+01  -2.6469954e+01  -1.7366685e+01  -1.9475451e+01   6.1026793e+00  -9.8081378e+01   7.2058666e+01  -2.4291218e+01  -6.1059166e+01   2.7273175e+01  -4.1941831e+01   8.7587571e+01   1.2766442e+01  -4.0030650e+01  -3.0415428e+01   5.8804489e+01  -7.4689676e+01   7.1181171e+01   1.4962923e+01  -7.1471419e+01  -8.3603669e+01   2.6557576e+00  -2.6661775e+01
  -1.1014599e+01  -3.3752037e+01  -9.7586020e+01  -4.3768432e+01  -8.2209789e+01   8.8712147e+01   1.7799347e+01   3.3135563e+01  -1.5396765e+01  -8.3315170e+01  -6.5369786e+01  -6.9556563e+01  -5.3542635e+01   4.8286892e+01   6.9406812e+01   5.6395458e+01   1.8086061e+00   9.1138714e+01  -1.9067572e+01   1.0503757e+01  -1.8591603e+01  -6.1903590e+01  -5.0777384e+01   8.6329912e+01  -7.8642741e+01  -9.7984646e+01  -7.2719281e+01  -7.5617054e+00  -8.1267222e+01  -3.6706089e+01
   2.7421628e+00   5.9235230e-01  -4.8760644e+01  -2.8257959e+01   9.7932442e+01  -1.3306296e+01   9.6649056e+01   2.5299503e+01   2.1190168e+01  -6.7810350e+01  -6.3915713e+00   6.7449510e+01  -8.7134983e+01  -4.2523194e+01   2.5532202e+01  -6.0562414e+01   7.4808189e+01  -7.0542519e+01   7.1906988e+01   9.2702403e+01  -8.1510720e+01  -7.0648863e+01  -9.2887472e+00   5.1400147e+01   2.3039907e+01  -7.2864474e+01  -3.9400485e+01  -1.6934828e+01   2.9982669e+01   6.6934993e+01
  -2.6662417e+01  -7.4329226e+01   7.9327262e+01  -6.3758593e+01   9.8053568e+00   9.5268001e+01  -7.3681505e+00   1.5402767e+01  -1.2578215e+01  -4.5270167e+01  -1.4951268e+01  -9.3422353e+01  -8.2448487e+01   7.9091500e+01  -2.0600919e+01  -1.1706834e+01   7.7114528e+01   4.4962325e+01  -8.6455661e+00   6.3043737e+01   2.7140102e+01   6.7799917e+01  -6.0446937e+01   6.1499364e+01   8.4598681e+01   4.8706457e+01  -2.6858479e+01  -9.5993377e+01   8.4784685e+01  -7.7839760e+01
  -7.7248107e+01  -9.9611497e+01  -9.6624836e+01  -4.9495942e+01  -2.3523426e+01  -6.5090090e+01  -1.3852059e+01  -8.2587186e+00  -3.0392284e+01   4.9734914e+01  -7.3291899e+01   1.9337724e+01   2.1174305e+01  -7.3989917e+01  -1.8297585e+01  -9.3873633e+01   4.5677147e+01  -4.9228047e+00   8.1169467e+01  -5.0664623e+01   5.4778950e+00  -2.0714255e+01  -7.1149877e+00  -4.9240890e+01   9.7232659e+01  -1.5938032e+01  -3.6304300e+01   5.1763325e+01   2.9921265e+01  -4.1473525e+01
  -1.8889483e+01   7.9677790e+01  -3.9504087e+01   3.3670514e+01   5.4215715e+01   3.7289461e+01   4.7926802e+01  -6.1530158e+01   3.7794210e+01  -7.4776419e+01   9.1915772e+01  -7.9705453e+01  -9.4691861e+00   9.0557026e+01  -9.1903251e+01  -5.8278813e+00   7.7768306e+01  -5.6523373e+01   3.1837129e+01   4.1167510e+00  -3.0309414e+00   5.4412468e+01  -3.4670595e+00   5.7812559e+01  -2.8157032e+01  -5.5754431e+01   6.1197815e+01   8.5434381e+01   5.6193517e+01   2.5493520e+01
   6.2474572e+01   2.2856359e+01  -1.7185000e+01   5.5451383e+01  -8.3388484e+01  -5.2082851e+01  -7.2387353e+01  -1.9730894e+00   2.7138658e+01   6.9670392e+01   8.8513334e+01   5.8485898e+01  -3.4133730e+01  -5.9601082e+01  -6.2590879e+01  -6.7525577e+01  -7.4282439e+01   2.7809785e+01   8.4313884e+01  -6.3521719e+01   4.0013523e+00  -5.3671575e+01   4.8256388e+01  -8.8085932e+01  -6.5339767e+00  -7.2741573e+01   8.6801316e+01   2.5710044e+01  -3.3305382e-01   1.5205674e+01
   9.8654106e+01  -8.9166693e+01  -1.2626677e+00  -8.0189154e+01  -3.7659798e+01   5.5226740e+01   4.3366565e+01  -3.1722803e+01   6.9444261e+01  -3.2814464e+01  -5.6016280e+01  -4.7845748e+01   5.4277210e+01   7.9671435e+01   1.5937546e+01  -4.2533489e+01  -5.3386504e+01   6.1208149e+01  -1.5917232e+01   2.0968649e+01   1.5992334e+00  -8.1008177e+01   1.4260510e+01   2.3270414e+01   4.1421502e+01  -3.3738442e+01   2.0953164e+01   2.8239891e+01  -6.5484744e+01  -2.6062186e+01
  -2.8855348e+01  -2.3396525e+01  -8.5861840e+00  -3.8823311e+01   4.2167571e+01   2.5437137e+01   3.7912704e+01  -6.9839659e+01   8.4271129e+01   2.6982403e+01  -4.3062694e+01   3.2634950e+01   5.0039355e+01  -7.8310526e+01  -3.1267386e+01   7.5669185e+01  -8.7288499e+01   4.7170474e+01  -4.9277347e+01  -3.5488578e+00   4.3064674e+01   2.1012488e+01   3.9526613e+01   8.3526258e+01  -3.8361111e+01   4.2229858e+01  -8.6240505e+01   7.3866989e+01   4.2956001e+01   7.6575977e+01
   1.8344133e+00   4.0085610e+01   4.8741012e+01  -3.9414134e+01   2.9682054e+00  -8.7330507e+00  -3.4114987e+01   4.5710683e+00  -6.9151098e+01   8.9922072e+01   6.2357389e+01  -6.3919535e+01   9.5637237e+01   8.8695488e+01  -9.9419738e+01  -9.2483797e+01  -3.9563348e+01  -1.8747598e+01  -1.4049517e+01   8.6837772e+01  -2.8509588e+01  -2.1237147e+01   4.9642297e+01  -8.2067152e+01  -1.7910275e+00   3.8467459e+01  -1.0586630e+01  -9.3241770e+01   4.4048760e+01  -4.7878945e+01
   1.5992393e+01  -9.7624652e+01   3.6762864e+01  -7.5586730e+01  -7.4884760e+01   9.0781787e+00   5.2767773e+01  -9.8056028e+01  -8.5016331e+01  -9.3437578e+01  -5.0365086e+01  -3.7393331e+01   8.1511486e+01   5.4355213e+01   9.1551217e+01   5.5717141e+01   8.7395594e+00   2.1072538e+01  -5.2290203e+01  -7.2109121e+01  -9.7074014e+01   5.4002843e+01  -4.5315318e+01  -5.3215407e+01   1.1305161e+01   6.5771514e+01  -9.0953265e+01   6.2302442e+00   9.1320360e+01   4.3216161e+01
  -9.1191341e+01  -9.5571758e+01  -5.8326516e+01  -8.2336972e+01  -3.5732012e+01  -9.4130791e+01   9.6833238e+01   6.6122343e+01   4.9740536e+01   1.2132984e+01   7.5129074e+01  -7.7499950e+01  -4.1981983e+01   9.2115973e+01   6.1103638e+01   6.0528630e+01  -9.1682133e+00  -9.8225306e+01  -8.6209995e+01  -7.5369653e+01  -3.7419893e+01  -6.5201770e+01  -7.9768376e+01  -9.4195665e+01  -2.7890708e+01  -9.8526551e+01   1.5839310e+01   8.4663217e+01  -5.9690706e+01   8.6500919e+01
   2.3129983e+01   2.1623197e+01  -1.7820238e+01  -2.4600250e+01   5.9064126e+01  -1.9285957e+01   5.1838397e+01  -8.2185296e+01   7.7640411e+01   8.3400481e+01   2.4972228e+01  -4.2046995e+00   7.9153766e+01  -2.2498660e+01  -4.5671451e+01  -3.4037592e+00  -3.3237507e+01  -9.5542353e+01  -5.5184892e+00   5.7023228e+01   3.8897497e+01  -7.6251398e+01   4.8869837e+01  -4.1878251e+01  -9.0178769e+01  -8.1189300e+01   3.9993019e+01  -4.8228357e+01   4.3895675e+01   8.7767956e+01
  -8.9428490e+01  -3.3009679e+01  -3.1072663e+01   2.4579529e+01   1.0875144e+01  -4.9405878e+01  -2.5913573e+00  -2.4454792e+01  -5.4339228e+01  -4.6011565e+01   6.8714527e+01  -7.3694609e+01   9.2584820e+01   9.2952106e+01  -4.4109725e+01  -6.6661650e+01   6.8440111e+01   6.3142411e+01  -7.4934580e+00   1.1878491e+01   4.1054285e+01  -8.1493823e+00  -3.5530650e+01   4.5571207e+01  -4.9593018e+01  -8.3822059e+01   8.9386057e+01  -5.2559347e+01  -5.2934649e+01  -6.9335596e+01
   8.8783389e+01  -9.1757803e+01  -2.2175885e+00   9.1313600e+01  -7.5552454e+01   5.9795321e+00  -7.4399406e+01   9.5178009e+01   6.3645452e+01  -2.9123069e+01  -6.9215629e+01   9.9454257e+01   1.2412224e+01  -3.7163861e+00   1.0477412e+01   7.5757811e+01  -3.1003790e+01   2.4648011e+01   1.4060622e+01  -8.3868846e+01   9.8176663e+01   9.7530474e+01  -8.4905249e+01  -9.0973746e+01  -3.6961499e+01  -3.8092507e+01   1.6569213e+01   2.2118876e+01  -7.8260080e+00  -4.7585794e+01
  -9.1878288e+01   7.0437338e+00  -5.2172896e+01   9.6832367e+00   4.7524907e+00   7.2102178e+01  -8.6774205e+01  -7.5230974e+01   9.7855906e+01  -3.1175793e+01   9.5147143e+01   1.3314647e+01   7.2820546e+01   6.9188070e+01  -2.3752572e+01   6.3042238e+01  -3.0568190e+01   4.4747970e+01  -5.2460233e+01  -9.3918026e+01   7.6447089e+00   7.2760976e+01   5.2031016e+01  -1.7267219e+01   6.2295326e+01  -8.1161106e+01   1.4453237e+01   4.9384447e+01  -2.1006062e+01   3.5612236e+01
   6.4958344e+01  -2.1589276e+01  -6.0654395e+01   1.6896309e+01   3.1571794e+01   2.7809124e+01  -4.3428773e+01  -5.6491489e+01  -5.8900373e+01  -5.7010900e+01   5.9798540e+01  -8.2944487e+01   6.2400942e+01  -8.8146461e+01  -2.5351817e+01   2.6286859e+01   5.2463411e+01   1.2866361e+01   4.7546295e+00  -4.9687875e+01   4.7488421e+01   4.3182732e+01   8.1229690e+01  -7.9715033e+01  -9.7009680e+01   4.3962668e+01   5.3206919e+01   8.9707543e+01  -8.6628481e+01   7.8457239e+01
   8.0057995e+01   4.7229473e+01  -3.9064354e+00  -7.7674689e+01   8.0215033e+01   8.5732074e+01   6.2160118e+01   2.8285950e+01   3.5883693e+01  -6.0610275e+01  -8.6629103e+01  -1.3864426e+01  -4.0397552e+01  -5.5222179e+01   1.4517077e+01   2.6072552e+01  -4.5094898e+01   4.8920086e+01  -7.3465081e+01   6.9657739e+01   3.7532139e+00  -6.1064032e+01  -4.9219511e+01  -3.1091841e+01  -3.2797639e+01  -9.4943446e+01   7.6704508e+01   6.8458019e+01  -3.3297984e+01   7.9778278e+01
  -5.7225748e+01  -6.0585652e+01   5.1343934e+01  -3.3769775e+01   8.9415488e+01  -4.0240782e+01  -9.7340951e+01   7.3681025e+01   9.8709230e+01  -2.0977397e+01  -3.6628101e+01  -9.6489512e+01   9.3603419e+01   6.8651493e+01   7.3683512e+01  -6.9824032e+01  -8.7518694e+01   5.0798056e+01   2.5932071e+01  -1.3401039e+01  -6.4817027e+01  -6.3934729e+01  -3.5535778e+01  -6.1709463e+01   3.7574324e+01  -1.2352197e+01  -4.0630105e+01  -8.4934815e+01   9.2049035e+01   3.5228162e+01
  -5.3246493e+00   4.1203954e+01   9.1512738e+01  -6.4158175e+01  -1.0843101e+01   7.7655140e+00  -3.3102649e+01  -9.0871126e+01  -1.8786111e+01  -3.0588415e+01  -9.2656636e+01  -8.8214349e+01  -7.6241446e+01   7.7778887e+01   8.5940884e+01  -3.7152480e+01   9.8081755e+01  -3.8409933e+00  -4.2455725e+01   1.2939868e+01  -8.6388414e+01   1.6099296e+01   2.5480626e+01   3.5333751e+01  -9.1443203e+01   8.2869300e+01  -9.5531099e+01  -8.6654725e+01  -4.0552122e+01   4.2004381e+01
  -8.5608544e+01  -4.8591114e+01  -2.4570682e+01  -9.6596779e+01   9.1433201e+01  -4.6263863e+01   5.0293483e+01   6.4216004e+01   8.2881994e+01   4.2239108e+01   1.2615941e+01   8.3559811e+00   2.1338106e+01   1.3222416e+01   2.4679599e+01   2.7794596e+01   3.0417802e+01  -1.5314408e+01  -7.8471099e+01   9.8581331e+01  -3.5162204e+00   8.1591913e+01  -7.7511037e+01   3.6795453e+01   6.7431599e+01  -5.3266686e+01  -5.0712740e+01   6.5315509e+01  -4.6095340e+01   3.8401034e+01
  -8.1237591e+01  -3.5873617e+01   3.4590204e+01  -2.7744950e+01  -2.2885094e-01   2.0300447e+01   2.0769714e+01   9.8870639e+01  -2.4811365e+01   8.2027894e+01   2.0492956e+01   6.1880830e+01  -3.7630521e+01  -2.5580955e+01   3.1370884e+01  -3.4844496e+00   6.7335102e+01   3.3475033e+01   8.3696030e+01  -4.3657487e+01   6.1472021e+01  -1.5572463e+01   3.6030252e+01   3.2379782e+01   8.7441284e+01   9.4364492e+01   2.7504261e+01  -6.3001184e+01  -6.2951808e+01   3.2094720e+01
  -1.2341607e+01   3.0525993e+01   7.0527994e+01   6.2894291e+01  -3.9183218e+01  -1.1096317e+01   5.8484184e+01   1.1339113e+01   7.9770424e+01   7.6951483e+01   5.0734120e+01  -8.4372426e+01  -9.0450237e+01  -4.5381137e+01  -2.3430431e+01  -8.7173918e+01   5.8351237e+01   5.9845358e+01  -4.4893247e+01  -6.4371585e+01  -9.1100466e+01  -7.1744952e+01   7.1752581e+01  -4.4060374e+01   6.8653576e+01  -4.0660163e+01   8.3387023e+01   6.8127786e+01   4.5920066e+00   7.2869960e+01
   9.4910587e+01   5.4524280e+01   7.0935294e+01   3.8908939e+01   3.9558582e+01   5.2755164e+00  -9.9684669e+01   4.4540280e+01   4.6912110e+01   7.8678949e+01  -3.4696698e+01   1.9999869e+00  -3.0138016e+01  -8.0969620e+01   8.4090133e+01  -5.1656555e+01   5.6247824e+01   2.4522977e+01   9.4569594e+01   9.5230073e+01  -6.4982384e+01   5.5354516e+01  -7.4671433e+01  -9.8356273e+01   5.8824541e+01  -7.3728044e+01  -7.9754562e+01   7.4059935e+01   8.4444430e+01   1.1916945e+01
  -2.2474791e+01   4.1810723e+01  -8.8565012e+00   7.2292479e+01   1.5923098e+01  -9.6248430e+00   3.9379019e+01   2.4657540e+01  -2.6512465e+01  -8.0767210e+01   5.7830067e+01   9.8947601e+01  -8.5896046e+01  -7.0602520e+01   5.2313004e+01  -9.1848453e+01   2.8605964e+01  -1.6678509e+01  -7.5213335e+01   8.0757528e-01  -3.7267870e+01  -1.9899175e+01  -4.2306365e+01   8.3802482e+01   3.4547197e+01  -2.9448096e+01   5.2202058e+01   2.9661686e+01  -9.4006237e+01   5.3740938e+01
  -4.7052884e+01   9.4789071e+01   4.4013999e+01  -3.3561741e+01   5.3234591e+01  -1.7006222e-01  -9.4960614e+00   2.6105398e+01  -9.6819170e+01   2.8771465e+01   2.5411940e+00   9.5247545e+01  -5.5682591e+01  -8.7022072e+01   1.3126737e+01  -3.8163361e+01  -8.3629907e+01  -9.2182139e+01  -8.7706554e+01  -4.2519157e+01  -6.2983630e+01  -8.2608541e+01  -3.4173027e+01  -9.0038727e+01  -3.5602527e+01  -9.1015740e+01   1.5899833e+01  -9.0586490e+01  -8.0652325e+01  -7.5467284e+01
   9.8162291e+00   4.9347557e+01   5.0512661e+01   7.3312315e+01   1.5103049e+01  -8.8734047e+01   2.6749844e+01  -7.0865809e+01   4.5481457e+00   6.4665009e+01  -9.7338450e+01  -2.8814648e+01  -4.2387299e+01  -4.6153038e+01   9.1195388e+01   8.7769809e+01  -2.0040942e+01   8.6950844e+01   5.6222626e+01   7.1475093e+01   1.4935706e+01  -1.8579898e+01   7.9228699e+01   5.5573681e+01  -1.3848462e+01  -3.1688199e+01   8.4744173e+01   8.0327409e+01   6.5516042e+01  -6.8788736e+01
   1.5685098e+01  -2.9521553e+01   1.5988958e+01   8.5665934e+01   7.8155172e+01   5.1721765e+01  -1.1894550e+01  -3.0328032e+01  -8.5922713e+01   7.0364714e+01  -5.3547646e+01   5.9781591e+01  -4.9282360e+01  -9.4126509e+01   9.4216773e+01   4.7303398e+01   3.5736162e+01  -2.3720976e+01  -9.4609402e+01  -1.8075441e+01  -1.6342887e+01  -2.6698713e+01   4.4786393e+01   1.4184887e+00  -4.2397157e+01  -4.5321298e+01   5.8147519e+01   6.9967282e+01   6.0857969e-01   5.9775967e+01
  -2.8068150e+01   2.6881149e+01  -2.1388206e+01   9.9795876e+00  -9.9242071e+00   1.0850678e+01   6.9806048e+01  -8.0105896e+01  -8.0759037e+01   2.3192281e+01  -4.1165921e+01   2.5843034e+01  -8.7492021e+00   3.4110052e+01  -7.9004107e+01   1.4740537e+01  -9.9797920e+01   4.6575813e+01  -8.5926714e-01  -1.7816413e+00  -6.3694060e+01  -3.2838580e+01  -5.4328190e+01  -4.0402581e+01  -4.2595820e+01  -2.4715432e+01  -8.9649544e+00  -2.3899859e+01  -4.9286450e+01  -6.0590093e+01
   9.5394147e+01   7.9801346e+01  -1.3796561e+01   3.0635369e+01  -7.5404945e+01  -5.9522766e+01   4.0877807e+01   5.1883856e+01   9.6128849e+01  -7.8235998e+01  -2.1306920e+01  -7.6842668e+01   7.5356134e+01   7.2774066e+01   9.4854163e+01  -7.9365644e+01   2.2232809e+01  -9.3005661e+01   9.0512567e+01   6.2640976e+01  -4.5687110e+01   8.0698559e+01  -9.8797461e+01   7.6974145e+00  -5.6909524e+01   5.5874054e+01   4.8924378e+00   7.0831123e+01   5.6905350e+01   8.2997176e+00
  -9.9188227e+01   5.3260649e+01  -5.0541753e+01   3.3094116e+01  -7.8223812e+01  -8.8771959e+01  -6.5222864e+01  -5.6113631e+01  -4.9624223e+01   3.4810039e+00  -7.5490500e+01  -8.9731886e+01   2.6175175e+01   2.1483294e+01  -8.4573147e+01  -8.5617429e+00  -5.8671795e-01   2.4276270e+01  -1.7910472e+01  -5.0839738e+01   7.3788972e+01   2.0585386e+01   3.2554808e+01  -1.6210624e+01  -7.9136276e+00   8.7817279e+01  -1.4469008e+00  -3.5126041e+00   5.2175217e+01   3.1977388e+01
   9.0411224e+01  -8.9815987e+01   4.6439836e+01   1.8538715e+01  -3.3666425e+01  -9.8430450e+01  -4.0487105e+01   9.8744223e+01  -8.6868338e+00  -3.7822926e+01   8.6124028e+01  -2.7755605e+00  -5.4886199e+01   7.5030598e+00  -7.8391513e+01  -7.6280073e+01  -7.0675877e+01  -7.1498586e+01   7.3915724e+00  -4.5462520e+01   7.7294861e+01  -6.2702158e+01  -9.7139259e+01  -7.8058666e+01   8.3941064e+01   4.4016068e+01   1.5932010e+01   8.2238485e+01  -8.2991290e+01  -4.7337760e+01
  -7.4995561e+01   4.8007770e+01   9.2778142e+01   3.6741254e+00  -6.3470350e+01   7.9139857e+01  -1.3520230e+01   8.1351173e+01  -8.0820986e+01  -4.5144300e+01  -4.6494572e+01  -4.2974649e+01  -8.0505322e+01   8.6372868e+01   6.5437087e+01  -9.7800075e+01   5.4961031e+01   9.5922208e+01  -6.8277976e+01   7.0842071e+01  -9.8993725e+01  -9.6613791e+00   3.1982211e+01   3.0984165e+01   9.9321687e+01   9.0125335e+01  -6.3191029e+01   5.9722986e+01  -9.8372314e+01  -7.9257434e+01
