    17842  37.288680 -121.669027     3.421      107.8     -182.7     -222.9     29.5     30.4     45.2 1984  4 25  4 35 19.170 1.9   1
    16751  37.289819 -121.672314     3.346     -183.7      -56.4     -298.6     12.7     16.0     52.8 1984  4 27  7 48 23.500 1.0   1
    21644  37.291870 -121.665763     3.463      396.6      171.3     -181.2     10.9     16.4     45.9 1984  6 27 14 50 38.140 1.6   1
    25096  37.291162 -121.666130     3.218      364.5       92.4     -426.0     10.8     16.1     48.0 1984  8  7  9  7  6.330 1.2   1
    28475  37.291333 -121.669019     3.398      108.3      111.5     -246.8     17.7     16.6    112.1 1984  9 23  8 43 14.720 1.1   1
    32049  37.287512 -121.670622     3.340      -34.1     -312.3     -304.6      9.9     16.1     46.3 1984 11 18  0 28 55.240 1.7   1
    35109  37.290080 -121.671346     3.333      -98.2      -27.8     -310.9     29.4     31.4     47.2 1984 12 22  4 43 44.710 1.6   1
    42349  37.288607 -121.664941     3.621      469.9     -191.0      -22.9      9.8     16.1     45.3 1985  2 28  1  9 58.300 0.8   1
    42555  37.287744 -121.672103     3.409     -164.9     -286.6     -235.6     29.4     30.4     45.6 1985  3  2  6 53 56.010 1.7   1
    42559  37.289372 -121.668921     3.369      116.7     -106.2     -275.0     10.1     16.3     45.5 1985  3  2  8 55  3.470 1.9   1
    42643  37.288985 -121.667513     3.355      241.6     -149.0     -289.7     10.0     16.3     46.0 1985  3  2  8 55 29.590 2.1   1
    42560  37.290617 -121.666724     3.494      311.5       32.0     -150.8     10.4     16.2     47.0 1985  3  2  8 58  0.480 1.2   1
    49626  37.292924 -121.665234     3.593      443.7      288.0      -51.5     11.8     16.3     49.0 1985  6 15  1 38 57.380 0.9   1
    54084  37.289124 -121.671029     3.314      -70.0     -133.5     -330.2      9.9     16.2     45.5 1985  8 28 20 35 10.100 1.6   1
    57770  37.289209 -121.674072     3.192     -339.6     -124.0     -452.0     10.8     16.0     48.4 1985 10 28  3 55 38.130 1.3   1
    62514  37.288180 -121.671102     3.353      -76.3     -238.6     -291.7     10.0     16.1     46.6 1985 12 31 15 50 52.230 1.7   1
    62520  37.288460 -121.669775     3.413       41.4     -207.1     -231.6     10.2     16.0     47.5 1985 12 31 18  3  3.480 1.6   1
    67820  37.289823 -121.672599     3.376     -209.2      -56.2     -267.9     10.9     16.4     46.4 1986  3  8 10 32  4.410 1.6   1
    73786  37.289811 -121.665552     3.127      415.3      -57.1     -517.6     10.3     16.0     48.6 1986  6  1 10 51 31.460 1.2   1
    77218  37.289197 -121.669491     3.389       66.1     -125.5     -255.0     29.3     31.1     46.2 1986  7 25  9 22 50.290 2.3   1
    77296  37.291833 -121.663916     3.416      560.9      167.0     -228.4     11.5     16.1     49.0 1986  7 25 16  1 52.100 1.1   1
    82606  37.291219 -121.673568     3.175     -295.0       99.0     -469.3     19.6     16.2     70.9 1986  9 15 20 17 49.920 2.7   1
    83805  37.290702 -121.669849     3.391       34.8       41.5     -253.3     10.5     16.4     45.9 1986  9 25 12  1 52.830 1.4   1
    88698  37.291349 -121.669670     4.072       50.2      113.5      427.2     20.2     17.1     72.6 1986 11 25 13  0 35.660 1.0   1
   101361  37.290637 -121.670068     3.077       14.9       34.3     -567.4     20.3     14.5     68.9 1987  6  3  6 56  7.740 1.9   1
   101362  37.286625 -121.676066     3.339     -516.8     -410.8     -305.1     29.3     30.7     45.7 1987  6  3  6 58 51.320 1.7   1
   102776  37.291423 -121.671875     3.406     -144.9      121.3     -238.0     11.9     16.1     50.7 1987  7  7  1 44 26.990 1.0   1
   103138  37.288770 -121.670011     3.364       19.9     -172.8     -280.7      9.9     16.3     45.0 1987  7 14 19  2 57.020 1.7   1
   110939  37.290055 -121.670581     3.208      -30.5      -30.3     -435.8     11.1     15.9     49.7 1988  1 15  1 56 42.310 1.4   1
   112868  37.292078 -121.670858     4.103      -55.0      194.4      458.4     20.0     16.4     73.1 1988  2 25 10  0 17.780 0.9   1
   120788  37.287138 -121.680566     3.270     -916.0     -353.9     -373.9     29.3     31.3     47.8 1988  7 23 10 42 21.740 1.5   1
   126189  37.287748 -121.673698     3.410     -306.6     -286.2     -233.8     29.5     31.1     45.9 1988 11  2  3  9 12.610 1.9   1
   126292  37.289054 -121.669507     3.318       64.6     -141.2     -326.1      9.9     16.3     44.6 1988 11  3  1 30  4.280 1.7   1
   126389  37.289046 -121.671143     3.121      -80.4     -142.2     -523.1     20.3     14.1     67.4 1988 11  4 13 34 34.720 1.9   1
   148939  37.287659 -121.672957     3.376     -241.2     -296.1     -268.3     29.6     30.3     44.4 1989 12 13  5 33 46.080 1.6   1
   158154  37.291431 -121.671069     3.513      -73.3      122.5     -130.9     11.1     16.2     47.3 1990  5 23 11 11 37.580 1.0   1
   160503  37.290031 -121.668115     3.436      188.3      -33.2     -208.1     29.6     31.2     46.3 1990  7  5 20  4 42.800 1.7   1
   205031  37.290299 -121.668864     3.205      122.3       -3.3     -439.4     10.8     16.1     48.2 1991  1 20  5  0 30.930 1.2   1
   208364  37.291500 -121.672070     3.462     -162.1      129.9     -181.8     29.9     31.9     47.5 1991  3 22 11 23 27.560 1.0   1
   215747  37.286918 -121.674259     3.347     -356.2     -378.2     -297.6     29.3     30.7     45.5 1991  5 29  9 45 22.620 1.8   1
   227435  37.290845 -121.665812     3.264      392.8       57.3     -380.1     10.6     16.2     47.4 1991  8 10 17  6  5.760 1.2   1
   238704  37.289400 -121.669702     3.374       47.9     -102.8     -270.1     10.1     16.3     44.9 1991 12  3  5 24 24.980 2.0   1
   238790  37.288403 -121.671647     3.419     -124.7     -213.5     -225.0     29.4     30.8     45.9 1991 12  4  0  8 49.550 1.9   1
   261841  37.290812 -121.671094     3.785      -75.5       53.6      141.0     17.8     16.0    109.2 1992  4  6  9 39 49.410 0.9   1
   312743  37.289864 -121.672380     3.458     -190.1      -51.5     -186.0     10.4     16.3     48.1 1992  8 29 17  4 29.020 1.6   1
   314921  37.288013 -121.666235     3.447      354.9     -256.8     -197.6     29.7     30.6     45.1 1992  9 11  1 22 13.650 1.1   1
   331552  37.291459 -121.672616     3.513     -211.1      125.7     -131.7     11.5     16.4     47.3 1993  1  9 17 48 38.720 1.0   1
   331635  37.291309 -121.669141     3.335       97.5      109.0     -309.6     11.1     16.2     48.2 1993  1 10 22 13  9.440 1.2   1
   352620  37.288342 -121.667407     3.395      251.3     -220.5     -249.8     10.4     16.4     47.0 1993  6  8  9 15  1.380 0.8   1
 30036393  37.293225 -121.668368     3.348      166.3      321.4     -296.5     20.7     15.9     75.0 1993 12  1  0 25 49.530 1.0   1
   389286  37.287252 -121.672363     3.343     -188.6     -341.5     -301.1     10.1     16.2     46.3 1993 12 20 22 35  7.800 1.8   1
   399980  37.289437 -121.671257     3.258      -89.9      -98.9     -386.4     10.5     16.2     46.6 1994  4  6  4 11 34.960 1.4   1
 30062741  37.289152 -121.670980     3.423      -65.8     -130.6     -221.6     10.2     16.3     45.5 1994 11 16 16 50 58.150 2.0   1
 30062748  37.290011 -121.668587     3.372      146.2      -35.4     -271.9     10.6     16.3     47.1 1994 11 16 18  3 42.360 1.3   1
 30069218  37.287878 -121.670801     3.510      -49.8     -272.0     -133.9     10.1     16.4     45.0 1995  3  3  9 38 49.200 1.2   1
 30069222  37.287769 -121.672884     3.416     -234.4     -284.1     -228.8     29.5     30.7     45.3 1995  3  3 12 30 15.850 1.8   1
 30069457  37.289945 -121.667830     3.251      213.9      -42.5     -393.2     10.4     16.1     48.3 1995  3  7 13 19 41.960 1.3   1
 30073191  37.289327 -121.677083     3.420     -606.9     -111.0     -224.8     11.4     16.3     47.5 1995  5 14 11 18 47.000 1.0   1
 30092060  37.287610 -121.673812     3.357     -316.7     -301.8     -287.5     29.5     30.6     45.8 1995 12 15 18 53 39.820 1.8   1
   478141  37.330400 -121.659896    15.257      916.7     4447.5    11612.9    403.7   1172.0   3035.9 1996  9  2 20 36  3.960 1.4   1
