    17842  37.289156 -121.667643     3.411      230.4     -129.9     -233.1      1.5      0.7      0.9 1984  4 25  4 35 19.170 1.9   1
    16751  37.289677 -121.672892     3.315     -235.4      -72.4     -329.1      1.3      0.7      0.8 1984  4 27  7 48 23.500 1.0   1
    21644  37.291728 -121.666300     3.441      349.6      155.6     -203.6      2.3      0.9      0.8 1984  6 27 14 50 38.140 1.6   1
    25096  37.291020 -121.666650     3.194      318.5       76.8     -449.8      2.0      1.0      0.8 1984  8  7  9  7  6.330 1.2   1
    28475  37.291154 -121.670630     3.216      -34.6       91.5     -427.9      1.5      0.8      1.3 1984  9 23  8 43 14.720 1.1   1
    32049  37.287382 -121.671313     3.340      -95.4     -326.9     -304.8      1.2      0.5      0.8 1984 11 18  0 28 55.240 1.7   1
    35109  37.290812 -121.669222     3.329       90.0       53.9     -315.6      1.0      0.5      0.8 1984 12 22  4 43 44.710 1.6   1
    42349  37.288464 -121.665462     3.599      423.9     -207.0      -45.0      1.9      0.8      0.7 1985  2 28  1  9 58.300 0.8   1
    42555  37.288314 -121.670451     3.409      -18.8     -223.4     -235.6      1.0      0.5      0.7 1985  3  2  6 53 56.010 1.7   1
    42559  37.289233 -121.669621     3.366       54.8     -121.7     -278.7      1.0      0.5      0.8 1985  3  2  8 55  3.470 1.9   1
    42643  37.288843 -121.668221     3.354      179.0     -164.9     -290.8      1.1      0.5      0.8 1985  3  2  8 55 29.590 2.1   1
    42560  37.290474 -121.667367     3.487      254.9       16.1     -157.7      1.1      0.6      0.8 1985  3  2  8 58  0.480 1.2   1
    49626  37.292749 -121.665763     3.567      396.6      268.7      -77.1      1.6      0.8      0.9 1985  6 15  1 38 57.380 0.9   1
    54084  37.288989 -121.671696     3.308     -129.4     -148.7     -336.3      1.1      0.5      0.9 1985  8 28 20 35 10.100 1.6   1
    57770  37.289091 -121.674666     3.183     -392.2     -137.1     -461.0      1.7      0.8      1.0 1985 10 28  3 55 38.130 1.3   1
    62514  37.288045 -121.671753     3.350     -134.4     -253.3     -294.3      1.3      0.7      0.7 1985 12 31 15 50 52.230 1.7   1
    62520  37.288318 -121.670451     3.409      -18.7     -223.2     -235.6      1.2      0.8      1.0 1985 12 31 18  3  3.480 1.6   1
    67820  37.289709 -121.673250     3.371     -267.2      -68.8     -272.9      1.4      0.7      1.0 1986  3  8 10 32  4.410 1.6   1
    73786  37.289681 -121.666130     3.112      364.3      -72.0     -532.6      1.6      0.9      0.9 1986  6  1 10 51 31.460 1.2   1
    77218  37.289803 -121.667725     3.365      223.3      -58.4     -279.2      1.1      0.5      0.8 1986  7 25  9 22 50.290 2.3   1
    77296  37.291650 -121.664193     3.359      535.8      146.8     -285.4      2.6      1.0      0.8 1986  7 25 16  1 52.100 1.1   1
    82606  37.290361 -121.673324     3.437     -273.3        3.6     -207.4      1.0      0.5      0.8 1986  9 15 20 17 49.920 2.7   1
    83805  37.290560 -121.670549     3.387      -27.1       25.5     -257.8      1.0      0.5      0.8 1986  9 25 12  1 52.830 1.4   1
    88698  37.291227 -121.670418     4.070      -15.9       99.9      425.6      2.3      1.2      1.8 1986 11 25 13  0 35.660 1.0   1
   101361  37.289547 -121.669466     3.370       68.7      -86.6     -274.5      1.0      0.5      0.8 1987  6  3  6 56  7.740 1.9   1
   101362  37.287500 -121.673519     3.337     -290.6     -313.7     -306.9      1.0      0.5      0.7 1987  6  3  6 58 51.320 1.7   1
   102776  37.291268 -121.672526     3.395     -202.9      104.2     -249.7      1.1      0.7      0.8 1987  7  7  1 44 26.990 1.0   1
   103138  37.288635 -121.670703     3.359      -40.8     -187.8     -285.4      1.0      0.5      0.7 1987  7 14 19  2 57.020 1.7   1
   110939  37.289897 -121.671265     3.203      -90.7      -47.8     -441.2      1.4      0.6      0.8 1988  1 15  1 56 42.310 1.4   1
   112868  37.291931 -121.671606     4.094     -121.4      177.9      449.9      1.6      0.8      1.2 1988  2 25 10  0 17.780 0.9   1
   120788  37.288306 -121.677157     3.267     -613.7     -224.5     -377.4      1.7      0.7      1.0 1988  7 23 10 42 21.740 1.5   1
   126189  37.288387 -121.671956     3.410     -152.2     -215.3     -234.1      1.4      0.6      0.9 1988 11  2  3  9 12.610 1.9   1
   126292  37.288916 -121.670190     3.306        4.5     -156.6     -338.5      1.4      0.7      0.8 1988 11  3  1 30  4.280 1.7   1
   126389  37.288000 -121.670614     3.404      -32.9     -258.3     -240.5      1.0      0.5      0.7 1988 11  4 13 34 34.720 1.9   1
   148939  37.288322 -121.670858     3.354      -54.8     -222.7     -290.1      1.4      0.7      0.9 1989 12 13  5 33 46.080 1.6   1
   158154  37.291276 -121.671753     3.510     -134.1      105.4     -134.1      1.4      0.7      0.9 1990  5 23 11 11 37.580 1.0   1
   160503  37.290442 -121.666976     3.427      289.4       12.7     -217.5      1.1      0.7      0.8 1990  7  5 20  4 42.800 1.7   1
   205031  37.290149 -121.669564     3.203       60.0      -19.7     -441.5      1.4      0.6      0.8 1991  1 20  5  0 30.930 1.2   1
   208364  37.291882 -121.671077     3.462      -74.3      172.4     -182.1      1.8      0.9      0.9 1991  3 22 11 23 27.560 1.0   1
   215747  37.287736 -121.671908     3.345     -148.3     -287.7     -299.3      1.0      0.7      0.7 1991  5 29  9 45 22.620 1.8   1
   227435  37.290702 -121.666414     3.250      339.0       41.4     -394.7      1.6      0.9      0.8 1991  8 10 17  6  5.760 1.2   1
   238704  37.289262 -121.670394     3.368      -13.4     -118.1     -276.4      1.0      0.5      0.8 1991 12  3  5 24 24.980 2.0   1
   238790  37.288944 -121.670142     3.418        8.4     -153.6     -225.9      1.0      0.5      0.7 1991 12  4  0  8 49.550 1.9   1
   261841  37.290670 -121.673560     3.383     -294.7       37.8     -261.0      1.4      0.7      1.1 1992  4  6  9 39 49.410 0.9   1
   312743  37.289709 -121.672868     3.429     -233.1      -68.8     -215.5      1.0      0.7      0.7 1992  8 29 17  4 29.020 1.6   1
   314921  37.288403 -121.665120     3.432      453.7     -213.8     -212.3      2.0      0.8      0.9 1992  9 11  1 22 13.650 1.1   1
   331552  37.291329 -121.673267     3.507     -268.1      111.0     -137.0      1.4      0.7      1.1 1993  1  9 17 48 38.720 1.0   1
   331635  37.291162 -121.669849     3.335       34.9       92.6     -309.3      1.8      0.9      0.8 1993  1 10 22 13  9.440 1.2   1
   352620  37.288204 -121.668132     3.398      187.1     -236.0     -245.9      1.4      0.7      0.7 1993  6  8  9 15  1.380 0.8   1
 30036393  37.292187 -121.669352     3.578       78.9      206.4      -66.0      1.9      0.9      1.2 1993 12  1  0 25 49.530 1.0   1
   389286  37.287154 -121.672933     3.334     -239.0     -352.2     -310.6      1.0      0.6      0.8 1993 12 20 22 35  7.800 1.8   1
   399980  37.289303 -121.671932     3.255     -150.4     -114.0     -389.8      1.7      0.8      0.8 1994  4  6  4 11 34.960 1.4   1
 30062741  37.289018 -121.671663     3.420     -126.2     -145.5     -223.8      1.3      0.6      0.7 1994 11 16 16 50 58.150 2.0   1
 30062748  37.289864 -121.669303     3.374       82.9      -51.5     -270.4      1.4      0.8      0.8 1994 11 16 18  3 42.360 1.3   1
 30069218  37.287752 -121.671452     3.507     -107.2     -285.9     -137.1      1.8      0.9      0.9 1995  3  3  9 38 49.200 1.2   1
 30069222  37.288354 -121.671208     3.410      -85.9     -219.0     -234.3      1.3      0.7      0.7 1995  3  3 12 30 15.850 1.8   1
 30069457  37.289803 -121.668538     3.254      150.8      -58.3     -390.6      1.4      0.7      0.8 1995  3  7 13 19 41.960 1.3   1
 30073191  37.289282 -121.677433     3.390     -638.2     -116.2     -253.9      1.6      0.9      0.9 1995  5 14 11 18 47.000 1.0   1
 30092060  37.288359 -121.671606     3.355     -121.3     -218.5     -289.4      1.3      0.7      0.7 1995 12 15 18 53 39.820 1.8   1
