    17842  37.288635 -121.668888     3.358      120.0     -187.9     -286.7      9.4      6.7     33.5 1984  4 25  4 35 19.170 1.9   1
    16751  37.290776 -121.671761     3.527     -134.8       49.8     -117.8     14.4     11.4     29.5 1984  4 27  7 48 23.500 1.0   1
    21644  37.290283 -121.670817     3.487      -50.9       -5.0     -157.4     15.0     12.2     32.0 1984  6 27 14 50 38.140 1.6   1
    25096  37.288847 -121.670353     3.246       -9.8     -164.6     -398.4     19.1     16.1     44.9 1984  8  7  9  7  6.330 1.2   1
    28475  37.291012 -121.671973     3.584     -153.8       76.1      -59.9     13.5     11.0     26.9 1984  9 23  8 43 14.720 1.1   1
    32049  37.288692 -121.669116     3.374       99.6     -181.7     -270.1      8.5      6.5     28.5 1984 11 18  0 28 55.240 1.7   1
    35109  37.290251 -121.670858     3.484      -55.1       -8.6     -160.8     14.7     12.1     31.6 1984 12 22  4 43 44.710 1.6   1
    42349  37.288774 -121.669686     3.486       48.7     -172.7     -158.5     13.5      7.4     35.4 1985  2 28  1  9 58.300 0.8   1
    42555  37.288603 -121.668994     3.387      110.8     -191.4     -257.5      9.4      6.6     29.5 1985  3  2  6 53 56.010 1.7   1
    42559  37.289331 -121.669645     3.381       52.9     -110.5     -263.6      9.4      6.7     29.5 1985  3  2  8 55  3.470 1.9   1
    42643  37.288969 -121.669336     3.380       80.0     -150.7     -264.7      9.2      6.6     29.2 1985  3  2  8 55 29.590 2.1   1
    42560  37.289705 -121.670256     3.425       -1.1      -68.9     -219.8     11.1      7.1     31.6 1985  3  2  8 58  0.480 1.2   1
    49626  37.291028 -121.672119     3.627     -166.6       77.7      -17.8     14.2     11.0     28.8 1985  6 15  1 38 57.380 0.9   1
    54084  37.289331 -121.669767     3.392       41.9     -110.5     -252.6      8.9      6.6     28.7 1985  8 28 20 35 10.100 1.6   1
    57770  37.288843 -121.670483     3.250      -21.7     -165.0     -393.9     19.2     16.0     44.4 1985 10 28  3 55 38.130 1.3   1
    62514  37.288652 -121.669043     3.349      105.8     -185.8     -295.5      8.5      6.5     28.6 1985 12 31 15 50 52.230 1.7   1
    62520  37.288607 -121.668913     3.368      117.6     -191.2     -276.5      9.0      6.6     29.5 1985 12 31 18  3  3.480 1.6   1
    67820  37.290247 -121.670850     3.454      -54.4       -8.9     -190.3     15.1     12.1     32.8 1986  3  8 10 32  4.410 1.6   1
    73786  37.288261 -121.669255     3.123       87.2     -229.6     -521.2     20.1    103.9    223.4 1986  6  1 10 51 31.460 1.2   1
    77218  37.289323 -121.669604     3.355       56.2     -111.4     -289.1      9.1      6.6     29.0 1986  7 25  9 22 50.290 2.3   1
    77296  37.289673 -121.670207     3.395        3.1      -72.8     -248.9     12.3      7.3     33.3 1986  7 25 16  1 52.100 1.1   1
    82606  37.290987 -121.671810     3.392     -139.1       72.9     -252.0    192.3     86.6    125.6 1986  9 15 20 17 49.920 2.7   1
    83805  37.290324 -121.670931     3.460      -61.5       -0.6     -184.5     14.0     11.9     30.3 1986  9 25 12  1 52.830 1.4   1
    88698  37.292126 -121.672030     4.516     -158.5      199.6      871.7     10.6      9.9     94.1 1986 11 25 13  0 35.660 1.0   1
   101361  37.289380 -121.669735     3.387       44.9     -105.3     -256.9      8.9      6.6     28.7 1987  6  3  6 56  7.740 1.9   1
   101362  37.288680 -121.669132     3.356       98.2     -183.0     -288.2      8.5      6.5     28.5 1987  6  3  6 58 51.320 1.7   1
   102776  37.291020 -121.672030     3.587     -159.0       76.8      -57.0     14.1     11.0     28.4 1987  7  7  1 44 26.990 1.0   1
   103138  37.289010 -121.669515     3.386       64.1     -146.5     -258.6      8.8      6.5     28.4 1987  7 14 19  2 57.020 1.7   1
   110939  37.288847 -121.670540     3.264      -26.9     -164.2     -380.4     19.1     16.0     44.2 1988  1 15  1 56 42.310 1.4   1
   112868  37.292126 -121.671965     4.440     -152.6      199.4      795.9      9.9      9.8     98.6 1988  2 25 10  0 17.780 0.9   1
   120788  37.290352 -121.670988     3.516      -66.4        2.8     -128.2     14.9     12.2     31.5 1988  7 23 10 42 21.740 1.5   1
   126189  37.289351 -121.669727     3.395       45.2     -108.2     -249.2      9.1      6.6     29.0 1988 11  2  3  9 12.610 1.9   1
   126292  37.288664 -121.669084     3.365      102.3     -184.8     -279.7      8.5      6.5     28.6 1988 11  3  1 30  4.280 1.7   1
   126389  37.288652 -121.669132     3.400       98.3     -186.2     -244.0      9.4      6.6     29.6 1988 11  4 13 34 34.720 1.9   1
   148939  37.288660 -121.669328     3.304       80.9     -185.0     -340.0      8.4      6.5     28.5 1989 12 13  5 33 46.080 1.6   1
   158154  37.290930 -121.672217     3.535     -175.1       66.8     -109.1     12.8     10.9     26.0 1990  5 23 11 11 37.580 1.0   1
   160503  37.289124 -121.669865     3.337       33.2     -133.6     -307.0      9.6      7.2     30.0 1990  7  5 20  4 42.800 1.7   1
   205031  37.288737 -121.670597     3.194      -31.9     -176.6     -450.8     18.9     15.9     44.3 1991  1 20  5  0 30.930 1.2   1
   208364  37.290955 -121.672266     3.551     -179.8       69.5      -93.4     12.7     10.9     25.6 1991  3 22 11 23 27.560 1.0   1
   215747  37.288729 -121.669425     3.340       72.5     -177.4     -304.3      8.6      6.5     28.3 1991  5 29  9 45 22.620 1.8   1
   227435  37.288790 -121.670695     3.216      -40.4     -170.6     -428.0     18.9     16.0     44.3 1991  8 10 17  6  5.760 1.2   1
   238704  37.289360 -121.669906     3.353       29.8     -107.6     -291.8      9.1      6.6     29.1 1991 12  3  5 24 24.980 2.0   1
   238790  37.288961 -121.669621     3.355       54.7     -151.8     -289.4      8.7      6.5     28.5 1991 12  4  0  8 49.550 1.9   1
   261841  37.290938 -121.672225     3.552     -176.2       67.8      -92.8     13.0     10.9     26.3 1992  4  6  9 39 49.410 0.9   1
   312743  37.290238 -121.671183     3.466      -83.9      -10.1     -178.3     14.2     12.2     30.4 1992  8 29 17  4 29.020 1.6   1
   314921  37.288623 -121.669149     3.349       96.5     -189.1     -294.8     10.2      7.0     32.3 1992  9 11  1 22 13.650 1.1   1
   331552  37.290955 -121.672257     3.557     -178.8       69.4      -87.3     12.7     10.9     25.7 1993  1  9 17 48 38.720 1.0   1
   331635  37.290698 -121.672078     3.494     -162.9       41.2     -150.1     12.9     10.9     26.9 1993  1 10 22 13  9.440 1.2   1
   352620  37.288892 -121.669458     3.312       69.0     -159.3     -332.8     10.1      6.7     30.7 1993  6  8  9 15  1.380 0.8   1
 30036393  37.290963 -121.672249     3.545     -178.0       70.5      -99.5     13.3     11.0     27.0 1993 12  1  0 25 49.530 1.0   1
   389286  37.288570 -121.669206     3.297       91.9     -195.2     -346.9      8.3      6.4     28.4 1993 12 20 22 35  7.800 1.8   1
   399980  37.288985 -121.670614     3.285      -32.9     -148.9     -359.5     19.2     16.0     44.2 1994  4  6  4 11 34.960 1.4   1
 30062741  37.289376 -121.670280     3.496       -3.6     -105.6     -148.6      9.7      6.9     29.6 1994 11 16 16 50 58.150 2.0   1
 30062748  37.289860 -121.670744     3.520      -44.8      -51.9     -124.0     11.4      7.6     31.6 1994 11 16 18  3 42.360 1.3   1
 30069218  37.288867 -121.669141     3.426       97.6     -162.2     -218.3     10.0      6.7     30.1 1995  3  3  9 38 49.200 1.2   1
 30069222  37.288835 -121.669393     3.463       75.4     -166.0     -181.5      9.2      6.6     29.3 1995  3  3 12 30 15.850 1.8   1
 30069457  37.288668 -121.669377     3.432       76.3     -184.3     -212.7      9.4      6.7     29.4 1995  3  7 13 19 41.960 1.3   1
 30073191  37.290873 -121.672518     3.545     -201.8       60.5      -99.5     17.6     38.2    111.5 1995  5 14 11 18 47.000 1.0   1
 30092060  37.288908 -121.669670     3.407       50.5     -157.5     -237.8      8.7      6.5     28.4 1995 12 15 18 53 39.820 1.8   1
