    17842  37.288420 -121.668294     3.269      172.2     -211.9     -375.4      7.9      4.4     12.7 1984  4 25  4 35 19.170 1.9   1
    16751  37.290580 -121.671606     3.492     -121.5       27.9     -152.7      9.5      7.0     18.3 1984  4 27  7 48 23.500 1.0   1
    21644  37.290149 -121.670793     3.477      -48.9      -20.0     -167.1      9.2      7.1     18.0 1984  6 27 14 50 38.140 1.6   1
    25096  37.289661 -121.670459     3.329      -19.5      -74.0     -315.8     11.8     13.6     24.0 1984  8  7  9  7  6.330 1.2   1
    28475  37.290816 -121.671859     3.553     -143.4       54.3      -91.3      9.5      7.0     18.0 1984  9 23  8 43 14.720 1.1   1
    32049  37.288611 -121.669222     3.377       90.2     -190.4     -267.8      6.8      4.3     10.2 1984 11 18  0 28 55.240 1.7   1
    35109  37.290112 -121.670850     3.474      -54.4      -24.0     -170.0      9.1      7.0     17.8 1984 12 22  4 43 44.710 1.6   1
    42349  37.288745 -121.669954     3.520       25.2     -175.4     -123.9     14.1      5.9     26.2 1985  2 28  1  9 58.300 0.8   1
    42555  37.288395 -121.668376     3.291      165.2     -214.5     -353.3      7.7      4.4     12.2 1985  3  2  6 53 56.010 1.7   1
    42559  37.289360 -121.669759     3.411       42.8     -107.6     -233.7      7.1      4.4     11.1 1985  3  2  8 55  3.470 1.9   1
    42643  37.288977 -121.669588     3.420       57.7     -149.9     -224.4      7.2      4.4     11.2 1985  3  2  8 55 29.590 2.1   1
    42560  37.289893 -121.670939     3.553      -62.2      -48.1      -91.0     10.0      5.3     18.3 1985  3  2  8 58  0.480 1.2   1
    49626  37.290833 -121.672021     3.601     -157.7       56.0      -43.2     10.2      7.0     20.2 1985  6 15  1 38 57.380 0.9   1
    54084  37.289355 -121.669897     3.418       30.5     -107.8     -226.5      6.8      4.4     10.4 1985  8 28 20 35 10.100 1.6   1
    57770  37.289657 -121.670565     3.328      -28.6      -74.4     -316.6     11.7     13.6     23.6 1985 10 28  3 55 38.130 1.3   1
    62514  37.288566 -121.669214     3.354       90.8     -195.5     -289.9      6.9      4.3     10.4 1985 12 31 15 50 52.230 1.7   1
    62520  37.288407 -121.668400     3.279      163.4     -213.2     -365.3      7.6      4.4     12.0 1985 12 31 18  3  3.480 1.6   1
    67820  37.290108 -121.670833     3.444      -52.5      -24.3     -199.9      9.2      7.0     18.3 1986  3  8 10 32  4.410 1.6   1
    73786  37.288338 -121.669409     3.239       73.7     -220.6     -405.8     25.5     54.8     58.5 1986  6  1 10 51 31.460 1.2   1
    77218  37.289347 -121.669743     3.389       44.3     -108.9     -255.6      6.9      4.4     10.8 1986  7 25  9 22 50.290 2.3   1
    77296  37.289860 -121.670907     3.524      -58.8      -51.7     -120.2     10.2      5.3     18.6 1986  7 25 16  1 52.100 1.1   1
    82606  37.290922 -121.672314     3.417     -183.7       65.8     -227.1    100.6     43.8     61.1 1986  9 15 20 17 49.920 2.7   1
    83805  37.290177 -121.670907     3.446      -59.1      -16.8     -198.0      8.8      6.9     17.4 1986  9 25 12  1 52.830 1.4   1
    88698  37.291785 -121.670483     4.184      -21.9      161.6      540.0    131.9     65.7    145.9 1986 11 25 13  0 35.660 1.0   1
   101361  37.289396 -121.669824     3.412       36.9     -103.4     -232.3      6.8      4.4     10.4 1987  6  3  6 56  7.740 1.9   1
   101362  37.288607 -121.669303     3.365       82.8     -191.1     -278.9      6.9      4.3     10.2 1987  6  3  6 58 51.320 1.7   1
   102776  37.290820 -121.671908     3.558     -147.6       54.5      -86.8      9.9      7.0     19.1 1987  7  7  1 44 26.990 1.0   1
   103138  37.289010 -121.669759     3.421       42.7     -146.2     -223.1      6.9      4.3     10.2 1987  7 14 19  2 57.020 1.7   1
   110939  37.289669 -121.670597     3.341      -32.1      -73.3     -303.8     11.7     13.6     23.4 1988  1 15  1 56 42.310 1.4   1
   112868  37.291809 -121.670483     4.164      -21.9      164.6      519.3    131.9     65.6    100.1 1988  2 25 10  0 17.780 0.9   1
   120788  37.290210 -121.670980     3.505      -65.4      -13.2     -139.2      9.1      7.1     17.7 1988  7 23 10 42 21.740 1.5   1
   126189  37.289380 -121.669881     3.431       31.4     -105.4     -213.4      6.9      4.3     10.7 1988 11  2  3  9 12.610 1.9   1
   126292  37.288578 -121.669328     3.377       80.7     -194.1     -267.7      6.9      4.3     10.4 1988 11  3  1 30  4.280 1.7   1
   126389  37.288456 -121.668506     3.302      154.0     -207.8     -342.2      7.5      4.4     11.6 1988 11  4 13 34 34.720 1.9   1
   148939  37.288590 -121.669434     3.307       71.3     -193.0     -337.8      7.0      4.3     10.6 1989 12 13  5 33 46.080 1.6   1
   158154  37.290739 -121.672095     3.507     -164.5       45.7     -137.6      9.0      6.9     17.3 1990  5 23 11 11 37.580 1.0   1
   160503  37.289164 -121.670060     3.374       16.1     -129.1     -270.5      7.2      4.6     11.5 1990  7  5 20  4 42.800 1.7   1
   205031  37.289555 -121.670662     3.272      -37.6      -85.9     -372.3     11.7     13.6     23.6 1991  1 20  5  0 30.930 1.2   1
   208364  37.290763 -121.672152     3.522     -169.4       48.2     -122.7      9.0      6.9     17.5 1991  3 22 11 23 27.560 1.0   1
   215747  37.288700 -121.669914     3.392       28.6     -180.4     -252.0      7.0      4.3     10.3 1991  5 29  9 45 22.620 1.8   1
   227435  37.289608 -121.670719     3.292      -42.6      -79.7     -352.4     11.7     13.6     23.6 1991  8 10 17  6  5.760 1.2   1
   238704  37.289392 -121.670093     3.391       13.3     -103.8     -253.4      7.0      4.4     11.1 1991 12  3  5 24 24.980 2.0   1
   238790  37.288953 -121.670109     3.413       11.6     -152.5     -231.6      6.9      4.3     10.3 1991 12  4  0  8 49.550 1.9   1
   261841  37.290747 -121.672111     3.524     -166.2       46.6     -120.3      9.1      6.9     17.7 1992  4  6  9 39 49.410 0.9   1
   312743  37.290100 -121.671159     3.455      -81.9      -25.5     -189.8      8.9      7.1     17.3 1992  8 29 17  4 29.020 1.6   1
   314921  37.288436 -121.668726     3.267      134.4     -209.8     -377.6      8.3      4.8     15.8 1992  9 11  1 22 13.650 1.1   1
   331552  37.290759 -121.672135     3.528     -168.2       48.0     -115.9      9.1      6.9     17.5 1993  1  9 17 48 38.720 1.0   1
   331635  37.290515 -121.671973     3.470     -153.8       20.6     -174.3      8.9      6.8     17.2 1993  1 10 22 13  9.440 1.2   1
   352620  37.288920 -121.669938     3.381       26.5     -156.4     -263.2      7.9      4.5     12.6 1993  6  8  9 15  1.380 0.8   1
 30036393  37.290780 -121.672144     3.519     -168.5       50.2     -125.0      9.2      6.9     17.9 1993 12  1  0 25 49.530 1.0   1
   389286  37.288501 -121.669499     3.318       65.7     -202.7     -326.4      7.0      4.3     10.4 1993 12 20 22 35  7.800 1.8   1
   399980  37.289823 -121.670687     3.370      -39.9      -56.0     -274.5     11.8     13.6     23.6 1994  4  6  4 11 34.960 1.4   1
 30062741  37.289408 -121.670475     3.529      -21.1     -102.1     -114.9      7.6      4.6     12.6 1994 11 16 16 50 58.150 2.0   1
 30062748  37.289803 -121.670996     3.558      -67.4      -58.4      -85.8      9.3      5.5     16.5 1994 11 16 18  3 42.360 1.3   1
 30069218  37.288753 -121.669002     3.396      109.9     -174.7     -248.6      8.0      4.4     11.8 1995  3  3  9 38 49.200 1.2   1
 30069222  37.288696 -121.668937     3.397      115.6     -181.1     -247.7      7.4      4.4     11.3 1995  3  3 12 30 15.850 1.8   1
 30069457  37.288607 -121.669572     3.442       59.5     -191.2     -202.1      7.5      4.4     11.1 1995  3  7 13 19 41.960 1.3   1
 30073191  37.290633 -121.672249     3.475     -178.4       33.7     -169.4     12.5     23.9     74.3 1995  5 14 11 18 47.000 1.0   1
 30092060  37.288888 -121.670190     3.463        4.4     -159.9     -181.8      7.1      4.3     10.4 1995 12 15 18 53 39.820 1.8   1
