    17842  37.289160 -121.667635     3.411      230.6     -129.6     -233.1      1.5      0.7      0.9 1984  4 25  4 35 19.170 1.9   1
    16751  37.289677 -121.672892     3.315     -235.4      -72.4     -329.1      1.4      0.7      0.8 1984  4 27  7 48 23.500 1.0   1
    21644  37.291732 -121.666300     3.441      349.3      155.8     -203.6      2.5      1.0      0.8 1984  6 27 14 50 38.140 1.6   1
    25096  37.291020 -121.666650     3.194      318.4       76.9     -449.8      2.1      1.0      0.8 1984  8  7  9  7  6.330 1.2   1
    28475  37.291154 -121.670630     3.216      -34.4       91.5     -427.9      1.5      0.8      1.3 1984  9 23  8 43 14.720 1.1   1
    32049  37.287382 -121.671313     3.340      -95.1     -326.9     -304.8      1.0      0.5      0.7 1984 11 18  0 28 55.240 1.7   1
    35109  37.290816 -121.669222     3.329       90.2       54.1     -315.6      1.1      0.5      0.8 1984 12 22  4 43 44.710 1.6   1
    42349  37.288464 -121.665454     3.599      424.4     -207.0      -45.0      1.9      0.8      0.7 1985  2 28  1  9 58.300 0.8   1
    42555  37.288318 -121.670451     3.409      -18.8     -223.1     -235.6      1.1      0.5      0.7 1985  3  2  6 53 56.010 1.7   1
    42559  37.289229 -121.669621     3.366       54.7     -121.9     -278.7      1.0      0.5      0.8 1985  3  2  8 55  3.470 1.9   1
    42643  37.288843 -121.668221     3.354      178.9     -164.7     -290.8      1.1      0.5      0.8 1985  3  2  8 55 29.590 2.1   1
    42560  37.290470 -121.667367     3.487      254.8       15.9     -157.7      1.1      0.5      0.8 1985  3  2  8 58  0.480 1.2   1
    49626  37.292749 -121.665771     3.567      396.1      268.9      -77.1      1.7      0.8      1.0 1985  6 15  1 38 57.380 0.9   1
    54084  37.288989 -121.671696     3.308     -129.5     -148.8     -336.3      1.1      0.5      0.9 1985  8 28 20 35 10.100 1.6   1
    57770  37.289095 -121.674666     3.183     -392.5     -136.9     -461.0      1.7      0.8      1.0 1985 10 28  3 55 38.130 1.3   1
    62514  37.288049 -121.671761     3.350     -134.7     -253.1     -294.3      1.4      0.7      0.7 1985 12 31 15 50 52.230 1.7   1
    62520  37.288314 -121.670451     3.409      -18.8     -223.4     -235.6      1.1      0.8      1.0 1985 12 31 18  3  3.480 1.6   1
    67820  37.289705 -121.673242     3.371     -266.6      -69.2     -272.9      1.4      0.7      1.0 1986  3  8 10 32  4.410 1.6   1
    73786  37.289681 -121.666138     3.112      363.9      -72.0     -532.7      1.5      0.9      0.8 1986  6  1 10 51 31.460 1.2   1
    77218  37.289799 -121.667725     3.365      222.9      -58.7     -279.2      1.1      0.5      0.8 1986  7 25  9 22 50.290 2.3   1
    77296  37.291650 -121.664193     3.359      535.9      147.0     -285.5      2.4      0.9      0.8 1986  7 25 16  1 52.100 1.1   1
    82606  37.290361 -121.673324     3.437     -273.5        3.4     -207.4      1.0      0.5      0.8 1986  9 15 20 17 49.920 2.7   1
    83805  37.290560 -121.670540     3.387      -26.8       25.6     -257.8      1.0      0.5      0.8 1986  9 25 12  1 52.830 1.4   1
    88698  37.291227 -121.670426     4.070      -16.4      100.0      425.6      2.3      1.1      1.8 1986 11 25 13  0 35.660 1.0   1
   101361  37.289547 -121.669466     3.370       68.9      -86.6     -274.5      1.0      0.5      0.8 1987  6  3  6 56  7.740 1.9   1
   101362  37.287500 -121.673519     3.337     -290.5     -313.8     -306.9      1.0      0.5      0.7 1987  6  3  6 58 51.320 1.7   1
   102776  37.291268 -121.672526     3.395     -202.5      104.2     -249.7      1.0      0.6      0.8 1987  7  7  1 44 26.990 1.0   1
   103138  37.288635 -121.670703     3.359      -40.9     -188.1     -285.4      1.0      0.5      0.7 1987  7 14 19  2 57.020 1.7   1
   110939  37.289897 -121.671257     3.203      -90.5      -47.9     -441.2      1.4      0.6      0.8 1988  1 15  1 56 42.310 1.4   1
   112868  37.291935 -121.671606     4.094     -120.9      178.3      449.8      1.6      0.8      1.2 1988  2 25 10  0 17.780 0.9   1
   120788  37.288310 -121.677157     3.267     -613.7     -224.2     -377.4      1.7      0.8      1.0 1988  7 23 10 42 21.740 1.5   1
   126189  37.288387 -121.671956     3.410     -152.2     -215.2     -234.1      1.4      0.6      0.9 1988 11  2  3  9 12.610 1.9   1
   126292  37.288920 -121.670182     3.306        5.0     -156.3     -338.5      1.4      0.7      0.8 1988 11  3  1 30  4.280 1.7   1
   126389  37.288000 -121.670605     3.404      -32.7     -258.2     -240.5      1.0      0.5      0.7 1988 11  4 13 34 34.720 1.9   1
   148939  37.288318 -121.670858     3.354      -54.5     -222.9     -290.1      1.4      0.7      0.9 1989 12 13  5 33 46.080 1.6   1
   158154  37.291276 -121.671753     3.510     -134.4      105.4     -134.1      1.4      0.8      0.9 1990  5 23 11 11 37.580 1.0   1
   160503  37.290442 -121.666968     3.427      289.8       12.5     -217.5      1.1      0.7      0.8 1990  7  5 20  4 42.800 1.7   1
   205031  37.290153 -121.669556     3.203       60.3      -19.5     -441.5      1.4      0.6      0.8 1991  1 20  5  0 30.930 1.2   1
   208364  37.291878 -121.671086     3.462      -74.7      172.0     -182.1      1.8      0.9      0.9 1991  3 22 11 23 27.560 1.0   1
   215747  37.287732 -121.671908     3.345     -147.6     -288.0     -299.3      1.0      0.6      0.7 1991  5 29  9 45 22.620 1.8   1
   227435  37.290702 -121.666414     3.250      339.5       41.5     -394.7      1.5      0.9      0.8 1991  8 10 17  6  5.760 1.2   1
   238704  37.289262 -121.670394     3.368      -13.5     -118.3     -276.4      1.0      0.5      0.8 1991 12  3  5 24 24.980 2.0   1
   238790  37.288944 -121.670150     3.418        8.1     -153.5     -225.9      1.1      0.5      0.8 1991 12  4  0  8 49.550 1.9   1
   261841  37.290670 -121.673560     3.383     -294.6       37.9     -261.0      1.4      0.7      1.1 1992  4  6  9 39 49.410 0.9   1
   312743  37.289705 -121.672868     3.429     -232.9      -69.0     -215.5      1.0      0.6      0.8 1992  8 29 17  4 29.020 1.6   1
   314921  37.288403 -121.665129     3.432      453.4     -213.6     -212.3      2.0      0.8      0.9 1992  9 11  1 22 13.650 1.1   1
   331552  37.291329 -121.673258     3.507     -267.8      111.1     -137.0      1.4      0.7      1.1 1993  1  9 17 48 38.720 1.0   1
   331635  37.291162 -121.669849     3.335       34.6       92.4     -309.3      1.8      0.8      0.8 1993  1 10 22 13  9.440 1.2   1
   352620  37.288204 -121.668140     3.398      186.5     -235.6     -245.9      1.4      0.7      0.8 1993  6  8  9 15  1.380 0.8   1
 30036393  37.292187 -121.669352     3.578       78.8      206.4      -66.0      1.9      0.9      1.2 1993 12  1  0 25 49.530 1.0   1
   389286  37.287154 -121.672933     3.334     -239.0     -352.3     -310.6      1.0      0.6      0.7 1993 12 20 22 35  7.800 1.8   1
   399980  37.289303 -121.671940     3.255     -150.8     -113.8     -389.8      1.7      0.8      0.8 1994  4  6  4 11 34.960 1.4   1
 30062741  37.289018 -121.671663     3.420     -126.2     -145.6     -223.8      1.3      0.6      0.7 1994 11 16 16 50 58.150 2.0   1
 30062748  37.289860 -121.669312     3.374       82.6      -51.7     -270.4      1.4      0.8      0.8 1994 11 16 18  3 42.360 1.3   1
 30069218  37.287752 -121.671452     3.507     -107.3     -285.8     -137.1      1.8      0.9      0.9 1995  3  3  9 38 49.200 1.2   1
 30069222  37.288350 -121.671208     3.410      -86.0     -219.4     -234.3      1.4      0.7      0.7 1995  3  3 12 30 15.850 1.8   1
 30069457  37.289803 -121.668547     3.254      150.4      -58.4     -390.6      1.5      0.7      0.8 1995  3  7 13 19 41.960 1.3   1
 30073191  37.289282 -121.677433     3.391     -638.0     -116.0     -253.7      2.6      1.3      1.0 1995  5 14 11 18 47.000 1.0   1
 30092060  37.288359 -121.671606     3.355     -121.5     -218.7     -289.4      1.3      0.7      0.7 1995 12 15 18 53 39.820 1.8   1
