    17842  37.288566 -121.668652     3.274      140.7     -195.4     -370.4      8.6      6.2     17.7 1984  4 25  4 35 19.170 1.9   1
    16751  37.291020 -121.672095     3.563     -164.2       77.0      -81.5     12.1      9.5     26.9 1984  4 27  7 48 23.500 1.0   1
    21644  37.290438 -121.670980     3.481      -65.9       12.3     -163.2     14.2     11.8     32.1 1984  6 27 14 50 38.140 1.6   1
    25096  37.288879 -121.670304     3.192       -5.6     -160.9     -452.0     19.5     17.0     47.0 1984  8  7  9  7  6.330 1.2   1
    28475  37.291268 -121.672274     3.629     -180.4      104.4      -15.6      9.7      8.9     21.3 1984  9 23  8 43 14.720 1.1   1
    32049  37.288615 -121.668921     3.292      117.2     -190.2     -352.3      7.6      6.0     16.2 1984 11 18  0 28 55.240 1.7   1
    35109  37.290446 -121.671110     3.501      -76.9       13.3     -143.1     13.5     11.6     31.2 1984 12 22  4 43 44.710 1.6   1
    42349  37.288708 -121.669450     3.403       69.7     -179.8     -241.3     13.2      7.2     26.9 1985  2 28  1  9 58.300 0.8   1
    42555  37.288546 -121.668815     3.311      126.6     -198.0     -333.0      8.7      6.1     17.8 1985  3  2  6 53 56.010 1.7   1
    42559  37.289278 -121.669482     3.309       66.8     -116.4     -335.4      8.7      6.3     18.5 1985  3  2  8 55  3.470 1.9   1
    42643  37.288916 -121.669173     3.307       94.5     -156.8     -337.2      8.3      6.2     17.7 1985  3  2  8 55 29.590 2.1   1
    42560  37.289636 -121.670044     3.343       17.6      -76.9     -300.8     10.5      6.9     22.3 1985  3  2  8 58  0.480 1.2   1
    49626  37.291219 -121.672347     3.628     -186.8       98.9      -16.6     10.8      9.2     23.4 1985  6 15  1 38 57.380 0.9   1
    54084  37.289270 -121.669588     3.315       57.6     -117.4     -329.3      8.0      6.1     16.9 1985  8 28 20 35 10.100 1.6   1
    57770  37.288924 -121.670459     3.207      -19.8     -155.8     -437.0     20.3     16.6     47.7 1985 10 28  3 55 38.130 1.3   1
    62514  37.288586 -121.668840     3.267      123.8     -193.4     -377.6      7.8      6.0     16.4 1985 12 31 15 50 52.230 1.7   1
    62520  37.288546 -121.668726     3.292      134.0     -198.0     -352.8      8.4      6.1     17.6 1985 12 31 18  3  3.480 1.6   1
    67820  37.290434 -121.671110     3.468      -76.9       11.9     -175.9     14.7     11.5     33.5 1986  3  8 10 32  4.410 1.6   1
    73786  37.288253 -121.669279     3.071       85.1     -230.3     -573.7     51.7    110.8    132.0 1986  6  1 10 51 31.460 1.2   1
    77218  37.289262 -121.669434     3.279       71.6     -118.3     -364.8      8.2      6.3     17.7 1986  7 25  9 22 50.290 2.3   1
    77296  37.289526 -121.669881     3.279       31.4      -89.0     -365.2     11.6      7.1     24.6 1986  7 25 16  1 52.100 1.1   1
    82606  37.290540 -121.673096     3.292     -253.6       23.6     -352.8    195.4     87.1    121.5 1986  9 15 20 17 49.920 2.7   1
    83805  37.290531 -121.671224     3.484      -87.3       22.4     -160.0     13.0     11.3     30.0 1986  9 25 12  1 52.830 1.4   1
    88698  37.292273 -121.672021     4.234     -157.8      216.0      589.3      7.3      9.0    269.7 1986 11 25 13  0 35.660 1.0   1
   101361  37.289327 -121.669564     3.315       59.7     -111.2     -328.9      8.0      6.2     17.0 1987  6  3  6 56  7.740 1.9   1
   101362  37.288578 -121.668864     3.257      121.8     -194.3     -387.4      7.8      5.9     16.3 1987  6  3  6 58 51.320 1.7   1
   102776  37.291292 -121.672437     3.637     -194.6      107.0       -7.8     11.0      8.9     23.5 1987  7  7  1 44 26.990 1.0   1
   103138  37.288953 -121.669344     3.311       79.5     -152.8     -332.9      7.9      6.0     16.3 1987  7 14 19  2 57.020 1.7   1
   110939  37.288940 -121.670581     3.235      -30.2     -153.8     -409.5     19.8     16.7     46.8 1988  1 15  1 56 42.310 1.4   1
   112868  37.292281 -121.672005     4.106     -156.6      216.9      461.4      6.6      8.8    156.4 1988  2 25 10  0 17.780 0.9   1
   120788  37.290438 -121.671021     3.480      -69.4       12.0     -164.6     14.2     11.3     32.7 1988  7 23 10 42 21.740 1.5   1
   126189  37.289282 -121.669523     3.315       63.2     -116.1     -329.6      8.4      6.1     17.8 1988 11  2  3  9 12.610 1.9   1
   126292  37.288615 -121.668921     3.292      116.9     -190.3     -352.7      7.6      6.0     16.2 1988 11  3  1 30  4.280 1.7   1
   126389  37.288586 -121.668945     3.323      114.9     -193.3     -321.1      8.6      6.1     17.6 1988 11  4 13 34 34.720 1.9   1
   148939  37.288603 -121.669149     3.229       97.0     -191.6     -415.8      7.8      6.0     16.3 1989 12 13  5 33 46.080 1.6   1
   158154  37.291207 -121.672632     3.583     -212.3       97.5      -61.1     10.2      9.0     21.5 1990  5 23 11 11 37.580 1.0   1
   160503  37.289038 -121.669645     3.252       52.3     -143.1     -392.3      8.9      6.9     19.0 1990  7  5 20  4 42.800 1.7   1
   205031  37.288818 -121.670622     3.160      -34.2     -167.6     -484.3     19.9     16.8     46.9 1991  1 20  5  0 30.930 1.2   1
   208364  37.291223 -121.672681     3.598     -216.1       99.2      -46.3      9.5      8.9     20.2 1991  3 22 11 23 27.560 1.0   1
   215747  37.288656 -121.669222     3.258       90.2     -185.6     -386.8      7.9      6.0     16.1 1991  5 29  9 45 22.620 1.8   1
   227435  37.288818 -121.670638     3.158      -35.3     -167.6     -486.0     19.6     17.0     46.5 1991  8 10 17  6  5.760 1.2   1
   238704  37.289307 -121.669743     3.281       44.3     -113.3     -363.6      8.4      6.2     18.0 1991 12  3  5 24 24.980 2.0   1
   238790  37.288904 -121.669458     3.282       69.6     -158.0     -362.1      8.0      6.1     16.5 1991 12  4  0  8 49.550 1.9   1
   261841  37.291203 -121.672624     3.599     -211.7       97.2      -45.7      9.9      8.8     21.7 1992  4  6  9 39 49.410 0.9   1
   312743  37.290430 -121.671460     3.484     -108.2       11.3     -160.2     13.7     11.6     30.7 1992  8 29 17  4 29.020 1.6   1
   314921  37.288562 -121.668937     3.267      115.4     -196.0     -377.7      9.5      6.8     22.1 1992  9 11  1 22 13.650 1.1   1
   331552  37.291231 -121.672689     3.609     -216.9      100.2      -35.8      9.8      8.8     20.5 1993  1  9 17 48 38.720 1.0   1
   331635  37.290951 -121.672404     3.530     -192.1       69.2     -114.6     10.1      9.1     23.1 1993  1 10 22 13  9.440 1.2   1
   352620  37.288843 -121.669295     3.241       83.7     -164.8     -403.2      9.7      6.4     20.0 1993  6  8  9 15  1.380 0.8   1
 30036393  37.291215 -121.672616     3.580     -210.9       98.3      -64.8     10.7      9.2     22.6 1993 12  1  0 25 49.530 1.0   1
   389286  37.288472 -121.668962     3.203      113.6     -205.8     -441.3      7.8      5.9     16.3 1993 12 20 22 35  7.800 1.8   1
   399980  37.289075 -121.670654     3.254      -36.6     -139.2     -390.1     20.2     16.8     47.1 1994  4  6  4 11 34.960 1.4   1
 30062741  37.289315 -121.670093     3.420       13.2     -112.6     -224.3      8.7      6.4     18.5 1994 11 16 16 50 58.150 2.0   1
 30062748  37.289803 -121.670565     3.447      -28.7      -58.3     -197.7     10.3      7.2     22.1 1994 11 16 18  3 42.360 1.3   1
 30069218  37.288786 -121.668913     3.343      117.9     -171.0     -301.4      9.6      6.2     18.7 1995  3  3  9 38 49.200 1.2   1
 30069222  37.288770 -121.669198     3.385       92.1     -173.0     -259.5      8.2      6.0     17.1 1995  3  3 12 30 15.850 1.8   1
 30069457  37.288607 -121.669189     3.357       92.8     -191.1     -287.3      8.2      6.2     17.1 1995  3  7 13 19 41.960 1.3   1
 30073191  37.291439 -121.672616     3.685     -210.5      123.4       40.7     10.9      8.8     23.5 1995  5 14 11 18 47.000 1.0   1
 30092060  37.288847 -121.669482     3.328       67.2     -164.6     -315.9      7.8      6.0     16.0 1995 12 15 18 53 39.820 1.8   1
