    17842  37.288448 -121.668384     3.281      164.3     -208.8     -363.0      8.1      4.6     13.1 1984  4 25  4 35 19.170 1.9   1
    16751  37.290584 -121.671615     3.492     -121.9       28.6     -152.4     10.0      7.4     19.3 1984  4 27  7 48 23.500 1.0   1
    21644  37.290153 -121.670801     3.477      -49.5      -19.2     -166.8      9.7      7.5     19.0 1984  6 27 14 50 38.140 1.6   1
    25096  37.289535 -121.670459     3.321      -19.6      -88.1     -323.3     12.4     14.3     25.5 1984  8  7  9  7  6.330 1.2   1
    28475  37.290824 -121.671867     3.554     -144.2       55.2      -90.0     10.0      7.4     19.0 1984  9 23  8 43 14.720 1.1   1
    32049  37.288631 -121.669181     3.375       94.1     -188.4     -268.9      7.1      4.5     10.8 1984 11 18  0 28 55.240 1.7   1
    35109  37.290120 -121.670850     3.475      -54.1      -23.1     -169.8      9.6      7.4     18.9 1984 12 22  4 43 44.710 1.6   1
    42349  37.288765 -121.669946     3.521       26.0     -173.4     -123.3     14.6      6.2     27.0 1985  2 28  1  9 58.300 0.8   1
    42555  37.288428 -121.668449     3.304      158.4     -211.1     -340.8      8.0      4.6     12.6 1985  3  2  6 53 56.010 1.7   1
    42559  37.289372 -121.669767     3.410       42.2     -106.3     -233.9      7.4      4.6     11.7 1985  3  2  8 55  3.470 1.9   1
    42643  37.288997 -121.669604     3.424       56.4     -147.6     -219.8      7.5      4.6     11.8 1985  3  2  8 55 29.590 2.1   1
    42560  37.289909 -121.670931     3.552      -61.7      -46.7      -92.3     10.5      5.6     19.3 1985  3  2  8 58  0.480 1.2   1
    49626  37.290845 -121.672030     3.602     -158.6       57.3      -42.0     10.8      7.4     21.4 1985  6 15  1 38 57.380 0.9   1
    54084  37.289376 -121.669914     3.421       28.5     -105.8     -223.3      7.2      4.6     11.0 1985  8 28 20 35 10.100 1.6   1
    57770  37.289530 -121.670565     3.320      -28.9      -88.5     -324.1     12.3     14.2     25.1 1985 10 28  3 55 38.130 1.3   1
    62514  37.288595 -121.669124     3.349       98.9     -192.4     -295.0      7.2      4.5     10.9 1985 12 31 15 50 52.230 1.7   1
    62520  37.288436 -121.668473     3.291      156.8     -210.2     -353.3      7.8      4.6     12.4 1985 12 31 18  3  3.480 1.6   1
    67820  37.290120 -121.670841     3.445      -53.1      -23.2     -199.7      9.7      7.4     19.3 1986  3  8 10 32  4.410 1.6   1
    73786  37.288350 -121.669417     3.229       72.6     -219.5     -415.4     26.3     58.0     62.2 1986  6  1 10 51 31.460 1.2   1
    77218  37.289355 -121.669751     3.388       43.1     -107.8     -256.1      7.3      4.6     11.4 1986  7 25  9 22 50.290 2.3   1
    77296  37.289872 -121.670890     3.522      -58.1      -50.6     -122.0     10.7      5.6     19.7 1986  7 25 16  1 52.100 1.1   1
    82606  37.290914 -121.672355     3.417     -187.6       65.1     -227.3    106.1     46.4     64.7 1986  9 15 20 17 49.920 2.7   1
    83805  37.290186 -121.670898     3.446      -58.8      -15.8     -198.0      9.3      7.3     18.4 1986  9 25 12  1 52.830 1.4   1
    88698  37.291789 -121.670508     4.184      -24.1      161.9      539.4    139.3     69.6    153.4 1986 11 25 13  0 35.660 1.0   1
   101361  37.289408 -121.669832     3.413       35.9     -102.2     -231.5      7.2      4.6     11.0 1987  6  3  6 56  7.740 1.9   1
   101362  37.288631 -121.669230     3.361       89.5     -188.4     -282.9      7.2      4.5     10.8 1987  6  3  6 58 51.320 1.7   1
   102776  37.290828 -121.671908     3.558     -148.2       55.6      -86.0     10.4      7.4     20.2 1987  7  7  1 44 26.990 1.0   1
   103138  37.289030 -121.669759     3.424       42.3     -144.1     -220.0      7.2      4.5     10.8 1987  7 14 19  2 57.020 1.7   1
   110939  37.289539 -121.670605     3.333      -32.6      -87.6     -311.3     12.3     14.2     24.9 1988  1 15  1 56 42.310 1.4   1
   112868  37.291813 -121.670516     4.163      -24.3      164.9      518.8    139.4     69.5    106.1 1988  2 25 10  0 17.780 0.9   1
   120788  37.290218 -121.670980     3.505      -65.9      -12.2     -139.4      9.7      7.5     18.7 1988  7 23 10 42 21.740 1.5   1
   126189  37.289388 -121.669889     3.430       31.0     -104.2     -214.2      7.3      4.6     11.3 1988 11  2  3  9 12.610 1.9   1
   126292  37.288603 -121.669230     3.371       89.8     -191.3     -273.8      7.3      4.5     11.0 1988 11  3  1 30  4.280 1.7   1
   126389  37.288481 -121.668579     3.313      147.1     -205.0     -330.9      7.8      4.6     12.0 1988 11  4 13 34 34.720 1.9   1
   148939  37.288611 -121.669368     3.303       77.6     -190.4     -341.6      7.3      4.5     11.2 1989 12 13  5 33 46.080 1.6   1
   158154  37.290747 -121.672095     3.507     -164.7       46.6     -137.4      9.5      7.3     18.3 1990  5 23 11 11 37.580 1.0   1
   160503  37.289176 -121.670060     3.374       15.7     -127.9     -270.3      7.5      4.9     12.1 1990  7  5 20  4 42.800 1.7   1
   205031  37.289425 -121.670662     3.264      -37.4     -100.1     -380.5     12.3     14.2     25.2 1991  1 20  5  0 30.930 1.2   1
   208364  37.290767 -121.672152     3.522     -169.8       48.9     -122.6      9.6      7.3     18.4 1991  3 22 11 23 27.560 1.0   1
   215747  37.288729 -121.669865     3.391       33.3     -177.5     -253.3      7.4      4.5     10.9 1991  5 29  9 45 22.620 1.8   1
   227435  37.289482 -121.670719     3.284      -42.7      -94.0     -360.6     12.3     14.2     25.1 1991  8 10 17  6  5.760 1.2   1
   238704  37.289400 -121.670085     3.390       13.6     -103.0     -254.5      7.4      4.6     11.7 1991 12  3  5 24 24.980 2.0   1
   238790  37.288985 -121.670044     3.412       17.3     -149.2     -232.1      7.3      4.5     10.9 1991 12  4  0  8 49.550 1.9   1
   261841  37.290751 -121.672119     3.524     -167.0       47.2     -120.2      9.6      7.3     18.7 1992  4  6  9 39 49.410 0.9   1
   312743  37.290104 -121.671159     3.454      -81.8      -24.7     -190.3      9.4      7.5     18.2 1992  8 29 17  4 29.020 1.6   1
   314921  37.288460 -121.668766     3.274      130.6     -207.3     -370.3      8.7      5.0     16.3 1992  9 11  1 22 13.650 1.1   1
   331552  37.290767 -121.672144     3.529     -168.6       48.6     -115.5      9.6      7.3     18.4 1993  1  9 17 48 38.720 1.0   1
   331635  37.290519 -121.671973     3.470     -153.9       21.4     -174.6      9.4      7.2     18.1 1993  1 10 22 13  9.440 1.2   1
   352620  37.288940 -121.669938     3.385       26.7     -154.0     -259.8      8.3      4.7     13.3 1993  6  8  9 15  1.380 0.8   1
 30036393  37.290784 -121.672144     3.519     -168.8       50.6     -124.8      9.8      7.3     19.0 1993 12  1  0 25 49.530 1.0   1
   389286  37.288521 -121.669417     3.313       72.7     -200.4     -330.9      7.4      4.5     11.0 1993 12 20 22 35  7.800 1.8   1
   399980  37.289697 -121.670695     3.363      -40.4      -70.0     -281.7     12.4     14.3     25.1 1994  4  6  4 11 34.960 1.4   1
 30062741  37.289417 -121.670475     3.527      -21.2     -101.2     -117.1      8.0      4.8     13.3 1994 11 16 16 50 58.150 2.0   1
 30062748  37.289815 -121.670988     3.557      -66.5      -57.1      -87.4      9.8      5.8     17.3 1994 11 16 18  3 42.360 1.3   1
 30069218  37.288778 -121.669051     3.404      105.7     -172.0     -240.2      8.2      4.6     12.3 1995  3  3  9 38 49.200 1.2   1
 30069222  37.288725 -121.669002     3.409      109.9     -178.0     -235.7      7.8      4.6     12.0 1995  3  3 12 30 15.850 1.8   1
 30069457  37.288627 -121.669491     3.439       66.1     -189.0     -205.8      7.8      4.6     11.7 1995  3  7 13 19 41.960 1.3   1
 30073191  37.290637 -121.672249     3.476     -178.4       34.4     -168.1     13.2     25.2     78.6 1995  5 14 11 18 47.000 1.0   1
 30092060  37.288916 -121.670142     3.462        8.6     -156.9     -182.3      7.5      4.5     11.0 1995 12 15 18 53 39.820 1.8   1
