    17842  37.288489 -121.668229     3.261      178.2     -204.3     -383.8      6.2      4.1     12.2 1984  4 25  4 35 19.170 1.9   1
    16751  37.290747 -121.671737     3.523     -132.6       46.4     -121.5      9.3      7.0     20.8 1984  4 27  7 48 23.500 1.0   1
    21644  37.290271 -121.670817     3.492      -51.2       -6.2     -152.4      9.4      7.5     21.3 1984  6 27 14 50 38.140 1.6   1
    25096  37.288822 -121.670410     3.258      -15.2     -167.1     -386.2     12.3     10.4     28.9 1984  8  7  9  7  6.330 1.2   1
    28475  37.290995 -121.671989     3.590     -155.4       73.9      -54.1      8.7      6.7     19.4 1984  9 23  8 43 14.720 1.1   1
    32049  37.288680 -121.669019     3.361      108.2     -182.9     -283.6      5.3      4.0     10.4 1984 11 18  0 28 55.240 1.7   1
    35109  37.290238 -121.670874     3.489      -56.2       -9.9     -155.1      9.2      7.4     21.0 1984 12 22  4 43 44.710 1.6   1
    42349  37.288774 -121.669645     3.480       52.6     -172.5     -164.3     12.8      5.6     25.4 1985  2 28  1  9 58.300 0.8   1
    42555  37.288468 -121.668351     3.291      167.5     -206.4     -353.2      6.2      4.1     11.9 1985  3  2  6 53 56.010 1.7   1
    42559  37.289408 -121.669645     3.395       52.9     -102.3     -249.4      5.9      4.1     11.7 1985  3  2  8 55  3.470 1.9   1
    42643  37.289042 -121.669482     3.414       67.0     -142.6     -230.5      6.0      4.1     11.7 1985  3  2  8 55 29.590 2.1   1
    42560  37.289937 -121.670752     3.524      -45.7      -43.5     -120.2      8.3      4.9     17.0 1985  3  2  8 58  0.480 1.2   1
    49626  37.291016 -121.672160     3.638     -170.1       76.2       -6.1      9.3      6.7     20.9 1985  6 15  1 38 57.380 0.9   1
    54084  37.289417 -121.669808     3.410       38.4     -101.3     -234.8      5.5      4.1     10.6 1985  8 28 20 35 10.100 1.6   1
    57770  37.288826 -121.670549     3.264      -27.7     -166.6     -379.9     12.3     10.4     28.4 1985 10 28  3 55 38.130 1.3   1
    62514  37.288639 -121.668937     3.333      115.2     -187.4     -310.9      5.4      4.0     10.5 1985 12 31 15 50 52.230 1.7   1
    62520  37.288472 -121.668327     3.274      169.4     -206.1     -370.2      5.8      4.0     11.5 1985 12 31 18  3  3.480 1.6   1
    67820  37.290238 -121.670866     3.460      -55.6      -10.0     -184.3      9.4      7.4     21.8 1986  3  8 10 32  4.410 1.6   1
    73786  37.288399 -121.669458     3.155       69.2     -214.3     -489.3     29.3     67.5     72.7 1986  6  1 10 51 31.460 1.2   1
    77218  37.289392 -121.669613     3.370       55.4     -104.0     -274.5      5.7      4.1     11.2 1986  7 25  9 22 50.290 2.3   1
    77296  37.289905 -121.670736     3.497      -44.0      -47.0     -147.5      9.4      5.1     18.8 1986  7 25 16  1 52.100 1.1   1
    82606  37.290824 -121.672607     3.392     -209.8       54.9     -252.6    122.3     53.8     75.1 1986  9 15 20 17 49.920 2.7   1
    83805  37.290312 -121.670955     3.466      -63.4       -1.8     -178.5      8.7      7.3     20.4 1986  9 25 12  1 52.830 1.4   1
    88698  37.292094 -121.671997     4.494     -155.7      195.8      850.0      6.5      5.4     66.1 1986 11 25 13  0 35.660 1.0   1
   101361  37.289449 -121.669718     3.398       46.3      -97.6     -246.0      5.5      4.0     10.7 1987  6  3  6 56  7.740 1.9   1
   101362  37.288680 -121.669067     3.348      103.9     -183.1     -296.6      5.4      4.0     10.4 1987  6  3  6 58 51.320 1.7   1
   102776  37.290999 -121.672054     3.595     -160.8       74.7      -49.3      9.1      6.7     20.2 1987  7  7  1 44 26.990 1.0   1
   103138  37.289079 -121.669629     3.412       53.9     -138.7     -232.8      5.5      4.0     10.4 1987  7 14 19  2 57.020 1.7   1
   110939  37.288835 -121.670597     3.277      -32.0     -165.6     -367.3     12.2     10.4     28.2 1988  1 15  1 56 42.310 1.4   1
   112868  37.292090 -121.671932     4.412     -150.2      195.4      767.8      5.9      5.4     68.0 1988  2 25 10  0 17.780 0.9   1
   120788  37.290340 -121.671012     3.522      -68.8        1.5     -121.9      9.3      7.5     21.0 1988  7 23 10 42 21.740 1.5   1
   126189  37.289425 -121.669767     3.414       42.0     -100.1     -229.8      5.6      4.0     11.0 1988 11  2  3  9 12.610 1.9   1
   126292  37.288660 -121.669010     3.352      108.9     -185.4     -291.9      5.5      4.0     10.7 1988 11  3  1 30  4.280 1.7   1
   126389  37.288529 -121.668490     3.306      155.1     -199.8     -338.4      6.1      4.0     11.5 1988 11  4 13 34 34.720 1.9   1
   148939  37.288660 -121.669246     3.291       88.4     -185.0     -353.2      5.4      4.0     10.6 1989 12 13  5 33 46.080 1.6   1
   158154  37.290914 -121.672233     3.543     -176.9       65.2     -101.1      8.3      6.7     19.0 1990  5 23 11 11 37.580 1.0   1
   160503  37.289209 -121.669922     3.356       27.9     -124.3     -288.7      6.0      4.4     12.1 1990  7  5 20  4 42.800 1.7   1
   205031  37.288725 -121.670662     3.209      -37.9     -177.8     -435.7     12.1     10.3     28.3 1991  1 20  5  0 30.930 1.2   1
   208364  37.290934 -121.672282     3.558     -181.3       67.5      -86.5      8.2      6.6     18.8 1991  3 22 11 23 27.560 1.0   1
   215747  37.288778 -121.669645     3.372       52.4     -172.2     -272.2      5.8      4.0     10.6 1991  5 29  9 45 22.620 1.8   1
   227435  37.288782 -121.670736     3.229      -43.8     -171.7     -414.8     12.1     10.3     28.3 1991  8 10 17  6  5.760 1.2   1
   238704  37.289433 -121.669946     3.371       26.2      -99.1     -273.8      5.8      4.1     11.5 1991 12  3  5 24 24.980 2.0   1
   238790  37.289046 -121.669881     3.404       32.1     -142.2     -240.7      5.6      4.0     10.7 1991 12  4  0  8 49.550 1.9   1
   261841  37.290922 -121.672241     3.558     -177.4       65.8      -86.0      8.4      6.7     19.2 1992  4  6  9 39 49.410 0.9   1
   312743  37.290226 -121.671200     3.473      -85.5      -11.4     -171.6      8.9      7.5     20.4 1992  8 29 17  4 29.020 1.6   1
   314921  37.288485 -121.668587     3.248      146.3     -204.4     -396.3      6.7      4.4     15.0 1992  9 11  1 22 13.650 1.1   1
   331552  37.290930 -121.672274     3.564     -180.2       67.1      -80.4      8.2      6.6     18.8 1993  1  9 17 48 38.720 1.0   1
   331635  37.290678 -121.672078     3.498     -163.3       38.7     -146.6      8.2      6.6     19.2 1993  1 10 22 13  9.440 1.2   1
   352620  37.288989 -121.669792     3.372       39.4     -148.6     -272.6      7.1      4.2     13.7 1993  6  8  9 15  1.380 0.8   1
 30036393  37.290951 -121.672274     3.554     -180.6       69.1      -89.9      8.6      6.7     19.7 1993 12  1  0 25 49.530 1.0   1
   389286  37.288574 -121.669246     3.299       88.4     -194.8     -345.6      5.5      4.0     10.6 1993 12 20 22 35  7.800 1.8   1
   399980  37.288981 -121.670687     3.304      -39.6     -149.3     -339.8     12.4     10.4     28.4 1994  4  6  4 11 34.960 1.4   1
 30062741  37.289453 -121.670288     3.502       -4.0      -97.2     -142.7      6.1      4.3     12.2 1994 11 16 16 50 58.150 2.0   1
 30062748  37.289864 -121.670874     3.544      -56.1      -51.4     -100.7      7.1      4.8     14.2 1994 11 16 18  3 42.360 1.3   1
 30069218  37.288814 -121.668896     3.388      119.2     -167.8     -256.3      6.5      4.1     12.0 1995  3  3  9 38 49.200 1.2   1
 30069222  37.288770 -121.668994     3.409      110.7     -173.0     -235.5      6.3      4.1     12.1 1995  3  3 12 30 15.850 1.8   1
 30069457  37.288668 -121.669336     3.423       79.9     -184.2     -220.9      6.0      4.1     11.3 1995  3  7 13 19 41.960 1.3   1
 30073191  37.290613 -121.672461     3.443     -197.1       31.5     -201.2     13.1     29.1     91.5 1995  5 14 11 18 47.000 1.0   1
 30092060  37.288969 -121.669946     3.446       25.6     -150.7     -198.2      5.7      4.0     10.4 1995 12 15 18 53 39.820 1.8   1
