    17842  37.288586 -121.668652     3.275      140.8     -193.3     -369.5      8.4      6.0     17.4 1984  4 25  4 35 19.170 1.9   1
    16751  37.291024 -121.672062     3.554     -161.9       77.2      -90.2     12.7      9.7     27.2 1984  4 27  7 48 23.500 1.0   1
    21644  37.290470 -121.671012     3.494      -68.8       15.7     -150.1     14.3     11.5     32.0 1984  6 27 14 50 38.140 1.6   1
    25096  37.288863 -121.670272     3.193       -3.1     -162.4     -451.7     19.4     16.7     46.9 1984  8  7  9  7  6.330 1.2   1
    28475  37.291272 -121.672331     3.620     -185.1      104.8      -24.4     10.9      9.1     22.8 1984  9 23  8 43 14.720 1.1   1
    32049  37.288647 -121.668929     3.301      115.9     -186.3     -343.7      7.4      5.9     15.7 1984 11 18  0 28 55.240 1.7   1
    35109  37.290438 -121.671061     3.492      -72.8       12.3     -152.5     14.0     11.5     31.4 1984 12 22  4 43 44.710 1.6   1
    42349  37.288733 -121.669507     3.413       64.8     -177.2     -231.8     12.7      6.9     26.6 1985  2 28  1  9 58.300 0.8   1
    42555  37.288558 -121.668807     3.313      127.2     -196.3     -331.4      8.4      6.0     17.3 1985  3  2  6 53 56.010 1.7   1
    42559  37.289294 -121.669474     3.308       68.0     -114.6     -336.4      8.5      6.1     18.1 1985  3  2  8 55  3.470 1.9   1
    42643  37.288928 -121.669157     3.307       96.0     -155.2     -337.8      8.2      6.0     17.5 1985  3  2  8 55 29.590 2.1   1
    42560  37.289669 -121.670068     3.353       15.1      -73.1     -291.8     10.2      6.6     22.1 1985  3  2  8 58  0.480 1.2   1
    49626  37.291288 -121.672469     3.662     -198.0      106.4       18.0     11.5      9.1     24.7 1985  6 15  1 38 57.380 0.9   1
    54084  37.289290 -121.669588     3.318       57.8     -115.0     -325.9      7.8      6.1     16.5 1985  8 28 20 35 10.100 1.6   1
    57770  37.288867 -121.670410     3.197      -15.3     -162.3     -447.4     19.5     16.7     46.4 1985 10 28  3 55 38.130 1.3   1
    62514  37.288615 -121.668864     3.275      121.6     -190.3     -369.1      7.4      5.9     15.9 1985 12 31 15 50 52.230 1.7   1
    62520  37.288562 -121.668734     3.294      133.3     -195.9     -350.7      8.0      6.0     17.1 1985 12 31 18  3  3.480 1.6   1
    67820  37.290434 -121.671053     3.461      -72.1       11.6     -182.9     14.5     11.5     32.9 1986  3  8 10 32  4.410 1.6   1
    73786  37.288281 -121.669295     2.983       83.4     -227.4     -661.8     20.0    105.1    217.7 1986  6  1 10 51 31.460 1.2   1
    77218  37.289286 -121.669425     3.282       71.8     -115.7     -361.9      8.1      6.1     17.4 1986  7 25  9 22 50.290 2.3   1
    77296  37.289632 -121.670036     3.323       18.1      -77.2     -320.9     11.5      6.8     24.7 1986  7 25 16  1 52.100 1.1   1
    82606  37.290653 -121.672860     3.305     -232.6       36.0     -339.3    196.4     86.7    123.5 1986  9 15 20 17 49.920 2.7   1
    83805  37.290511 -121.671151     3.471      -81.1       20.4     -173.5     13.2     11.2     30.0 1986  9 25 12  1 52.830 1.4   1
    88698  37.292306 -121.672095     4.391     -164.3      219.6      747.0      8.3      8.8    129.1 1986 11 25 13  0 35.660 1.0   1
   101361  37.289339 -121.669556     3.314       60.9     -109.9     -329.9      7.9      6.1     16.7 1987  6  3  6 56  7.740 1.9   1
   101362  37.288635 -121.668953     3.283      113.7     -187.7     -361.8      7.4      5.9     15.6 1987  6  3  6 58 51.320 1.7   1
   102776  37.291276 -121.672380     3.623     -190.0      105.1      -21.6     11.7      9.1     24.5 1987  7  7  1 44 26.990 1.0   1
   103138  37.288969 -121.669336     3.312       80.3     -151.0     -331.9      7.7      5.9     15.9 1987  7 14 19  2 57.020 1.7   1
   110939  37.288871 -121.670467     3.210      -20.0     -161.6     -433.9     19.5     16.7     46.2 1988  1 15  1 56 42.310 1.4   1
   112868  37.292289 -121.672013     4.237     -157.2      217.7      592.9      6.9      8.7    155.3 1988  2 25 10  0 17.780 0.9   1
   120788  37.290540 -121.671191     3.524      -84.3       23.3     -120.5     14.0     11.5     31.3 1988  7 23 10 42 21.740 1.5   1
   126189  37.289311 -121.669556     3.322       60.9     -112.8     -322.2      8.0      6.0     17.2 1988 11  2  3  9 12.610 1.9   1
   126292  37.288623 -121.668905     3.291      118.1     -189.2     -353.2      7.5      5.9     15.8 1988 11  3  1 30  4.280 1.7   1
   126389  37.288607 -121.668945     3.326      114.8     -191.0     -318.3      8.3      6.0     17.1 1988 11  4 13 34 34.720 1.9   1
   148939  37.288623 -121.669149     3.231       96.8     -189.4     -413.5      7.4      5.9     15.8 1989 12 13  5 33 46.080 1.6   1
   158154  37.291182 -121.672550     3.569     -205.2       94.8      -75.7     10.4      9.1     22.2 1990  5 23 11 11 37.580 1.0   1
   160503  37.289083 -121.669694     3.264       48.1     -138.0     -380.2      8.7      6.7     18.8 1990  7  5 20  4 42.800 1.7   1
   205031  37.288757 -121.670532     3.140      -25.8     -174.1     -504.1     19.4     16.6     46.4 1991  1 20  5  0 30.930 1.2   1
   208364  37.291207 -121.672607     3.586     -210.2       97.4      -58.6     10.0      8.9     21.4 1991  3 22 11 23 27.560 1.0   1
   215747  37.288692 -121.669246     3.267       88.4     -181.6     -377.6      7.5      5.9     15.6 1991  5 29  9 45 22.620 1.8   1
   227435  37.288810 -121.670622     3.163      -33.7     -168.2     -481.4     19.2     16.6     46.3 1991  8 10 17  6  5.760 1.2   1
   238704  37.289319 -121.669727     3.280       45.4     -111.8     -364.2      8.2      6.1     17.6 1991 12  3  5 24 24.980 2.0   1
   238790  37.288920 -121.669442     3.282       70.7     -156.1     -362.6      7.7      5.9     16.1 1991 12  4  0  8 49.550 1.9   1
   261841  37.291195 -121.672575     3.586     -206.8       96.0      -58.5     10.3      9.0     22.5 1992  4  6  9 39 49.410 0.9   1
   312743  37.290422 -121.671395     3.474     -102.4       10.2     -170.5     13.5     11.6     30.3 1992  8 29 17  4 29.020 1.6   1
   314921  37.288586 -121.668970     3.276      112.3     -193.4     -368.8      9.3      6.5     21.8 1992  9 11  1 22 13.650 1.1   1
   331552  37.291207 -121.672599     3.592     -209.0       97.5      -52.3     10.0      9.0     21.4 1993  1  9 17 48 38.720 1.0   1
   331635  37.290942 -121.672388     3.522     -190.3       68.3     -122.1     10.8      9.2     24.1 1993  1 10 22 13  9.440 1.2   1
   352620  37.288855 -121.669287     3.238       84.2     -163.4     -405.9      9.4      6.2     19.7 1993  6  8  9 15  1.380 0.8   1
 30036393  37.291215 -121.672591     3.579     -208.7       98.5      -65.8     10.8      9.1     23.4 1993 12  1  0 25 49.530 1.0   1
   389286  37.288534 -121.669027     3.224      107.4     -199.2     -420.4      7.3      5.9     15.6 1993 12 20 22 35  7.800 1.8   1
   399980  37.289006 -121.670532     3.231      -25.7     -146.6     -413.1     19.7     16.8     46.3 1994  4  6  4 11 34.960 1.4   1
 30062741  37.289331 -121.670085     3.422       13.9     -110.6     -222.2      8.6      6.3     18.1 1994 11 16 16 50 58.150 2.0   1
 30062748  37.289819 -121.670557     3.448      -28.4      -56.4     -196.4     10.5      7.1     21.9 1994 11 16 18  3 42.360 1.3   1
 30069218  37.288822 -121.668945     3.352      114.5     -166.9     -292.7      9.0      6.1     17.9 1995  3  3  9 38 49.200 1.2   1
 30069222  37.288790 -121.669206     3.388       91.9     -170.8     -255.9      7.9      6.0     16.6 1995  3  3 12 30 15.850 1.8   1
 30069457  37.288623 -121.669198     3.358       92.5     -189.0     -286.7      8.3      6.1     17.0 1995  3  7 13 19 41.960 1.3   1
 30073191  37.290605 -121.672949     3.392     -240.4       30.8     -252.3     14.3     34.0     96.6 1995  5 14 11 18 47.000 1.0   1
 30092060  37.288867 -121.669482     3.333       67.1     -162.3     -311.4      7.6      5.9     15.6 1995 12 15 18 53 39.820 1.8   1
