    17842  37.288521 -121.668457     3.289      158.2     -200.5     -355.8      6.9      4.5     13.2 1984  4 25  4 35 19.170 1.9   1
    16751  37.290759 -121.671761     3.527     -134.6       48.1     -117.2      9.8      7.7     22.0 1984  4 27  7 48 23.500 1.0   1
    21644  37.290283 -121.670817     3.491      -51.5       -5.1     -152.9     10.6      8.6     24.1 1984  6 27 14 50 38.140 1.6   1
    25096  37.288847 -121.670386     3.255      -13.3     -164.4     -389.2     14.2     12.0     33.3 1984  8  7  9  7  6.330 1.2   1
    28475  37.291003 -121.671973     3.586     -154.0       74.8      -58.3      9.0      7.4     20.2 1984  9 23  8 43 14.720 1.1   1
    32049  37.288696 -121.669092     3.373      101.7     -181.1     -271.0      5.9      4.4     11.3 1984 11 18  0 28 55.240 1.7   1
    35109  37.290247 -121.670874     3.488      -56.0       -8.9     -156.1     10.4      8.5     23.7 1984 12 22  4 43 44.710 1.6   1
    42349  37.288729 -121.669507     3.456       65.0     -177.4     -188.6     10.3      5.2     20.5 1985  2 28  1  9 58.300 0.8   1
    42555  37.288501 -121.668628     3.326      143.1     -202.6     -318.0      7.0      4.5     13.1 1985  3  2  6 53 56.010 1.7   1
    42559  37.289380 -121.669686     3.393       49.4     -105.2     -251.4      6.6      4.5     13.0 1985  3  2  8 55  3.470 1.9   1
    42643  37.289018 -121.669458     3.405       69.0     -145.5     -239.6      6.6      4.5     12.8 1985  3  2  8 55 29.590 2.1   1
    42560  37.289799 -121.670418     3.459      -15.7      -58.7     -184.8      8.4      5.1     17.2 1985  3  2  8 58  0.480 1.2   1
    49626  37.291016 -121.672127     3.629     -167.1       76.5      -15.1      9.7      7.4     21.7 1985  6 15  1 38 57.380 0.9   1
    54084  37.289388 -121.669808     3.404       38.4     -104.5     -240.1      6.1      4.5     11.7 1985  8 28 20 35 10.100 1.6   1
    57770  37.288847 -121.670524     3.260      -25.4     -164.2     -384.5     14.2     12.0     32.9 1985 10 28  3 55 38.130 1.3   1
    62514  37.288660 -121.669019     3.346      108.4     -185.3     -298.4      5.9      4.4     11.4 1985 12 31 15 50 52.230 1.7   1
    62520  37.288509 -121.668538     3.305      150.5     -202.0     -339.1      6.6      4.5     12.8 1985 12 31 18  3  3.480 1.6   1
    67820  37.290247 -121.670866     3.459      -55.4       -9.3     -185.4     10.7      8.5     24.6 1986  3  8 10 32  4.410 1.6   1
    73786  37.288375 -121.669434     3.150       71.3     -216.7     -494.2     34.1     79.0     84.9 1986  6  1 10 51 31.460 1.2   1
    77218  37.289368 -121.669645     3.369       52.6     -106.4     -275.6      6.3      4.5     12.4 1986  7 25  9 22 50.290 2.3   1
    77296  37.289762 -121.670394     3.433      -13.7      -62.7     -211.6      9.4      5.3     19.0 1986  7 25 16  1 52.100 1.1   1
    82606  37.290808 -121.672542     3.386     -204.5       53.4     -258.1    143.8     62.9     87.7 1986  9 15 20 17 49.920 2.7   1
    83805  37.290320 -121.670947     3.464      -62.5       -0.9     -180.0      9.8      8.3     22.8 1986  9 25 12  1 52.830 1.4   1
    88698  37.292114 -121.672013     4.513     -157.3      198.2      869.0      7.3      6.4     64.9 1986 11 25 13  0 35.660 1.0   1
   101361  37.289421 -121.669751     3.397       43.1     -100.6     -246.8      6.1      4.5     11.8 1987  6  3  6 56  7.740 1.9   1
   101362  37.288688 -121.669124     3.357       99.2     -181.9     -287.6      5.9      4.4     11.3 1987  6  3  6 58 51.320 1.7   1
   102776  37.291007 -121.672030     3.589     -158.7       75.3      -55.5      9.6      7.4     21.3 1987  7  7  1 44 26.990 1.0   1
   103138  37.289054 -121.669621     3.406       54.8     -141.4     -238.5      6.0      4.4     11.4 1987  7 14 19  2 57.020 1.7   1
   110939  37.288855 -121.670581     3.273      -30.4     -163.5     -371.2     14.1     12.0     32.7 1988  1 15  1 56 42.310 1.4   1
   112868  37.292110 -121.671948     4.439     -151.7      197.9      794.7      6.8      6.3     66.2 1988  2 25 10  0 17.780 0.9   1
   120788  37.290352 -121.670996     3.521      -67.4        2.8     -123.5     10.5      8.6     23.7 1988  7 23 10 42 21.740 1.5   1
   126189  37.289400 -121.669784     3.411       40.2     -102.8     -233.1      6.2      4.5     12.2 1988 11  2  3  9 12.610 1.9   1
   126292  37.288668 -121.669067     3.362      104.1     -184.4     -282.7      6.0      4.4     11.6 1988 11  3  1 30  4.280 1.7   1
   126389  37.288558 -121.668750     3.338      132.2     -196.5     -306.3      6.8      4.5     12.6 1988 11  4 13 34 34.720 1.9   1
   148939  37.288672 -121.669303     3.302       82.8     -183.8     -342.6      5.9      4.4     11.4 1989 12 13  5 33 46.080 1.6   1
   158154  37.290922 -121.672217     3.538     -175.3       65.8     -106.3      8.5      7.3     19.5 1990  5 23 11 11 37.580 1.0   1
   160503  37.289176 -121.669914     3.350       28.5     -128.0     -294.7      6.6      4.9     13.3 1990  7  5 20  4 42.800 1.7   1
   205031  37.288741 -121.670638     3.204      -35.5     -175.9     -440.8     14.0     11.9     32.8 1991  1 20  5  0 30.930 1.2   1
   208364  37.290942 -121.672274     3.553     -180.3       68.3      -91.1      8.4      7.2     19.3 1991  3 22 11 23 27.560 1.0   1
   215747  37.288757 -121.669491     3.353       66.5     -174.2     -291.4      6.0      4.4     11.1 1991  5 29  9 45 22.620 1.8   1
   227435  37.288794 -121.670719     3.225      -42.8     -170.1     -419.0     14.0     11.9     32.8 1991  8 10 17  6  5.760 1.2   1
   238704  37.289408 -121.669963     3.368       24.5     -102.2     -276.3      6.3      4.5     12.5 1991 12  3  5 24 24.980 2.0   1
   238790  37.289018 -121.669784     3.386       40.4     -145.4     -258.3      6.1      4.4     11.7 1991 12  4  0  8 49.550 1.9   1
   261841  37.290926 -121.672225     3.554     -176.3       66.4      -90.2      8.6      7.3     19.7 1992  4  6  9 39 49.410 0.9   1
   312743  37.290234 -121.671200     3.471      -85.1      -10.3     -173.6     10.0      8.6     22.9 1992  8 29 17  4 29.020 1.6   1
   314921  37.288534 -121.668799     3.286      127.5     -199.2     -358.5      7.7      4.9     16.7 1992  9 11  1 22 13.650 1.1   1
   331552  37.290942 -121.672249     3.559     -178.4       68.0      -84.9      8.4      7.3     19.3 1993  1  9 17 48 38.720 1.0   1
   331635  37.290686 -121.672078     3.497     -163.4       39.9     -146.9      8.7      7.3     20.3 1993  1 10 22 13  9.440 1.2   1
   352620  37.288936 -121.669572     3.334       59.3     -154.6     -310.3      7.5      4.6     14.6 1993  6  8  9 15  1.380 0.8   1
 30036393  37.290955 -121.672257     3.548     -178.8       69.5      -96.5      8.8      7.3     20.3 1993 12  1  0 25 49.530 1.0   1
   389286  37.288586 -121.669222     3.302       90.0     -193.4     -342.8      5.9      4.4     11.3 1993 12 20 22 35  7.800 1.8   1
   399980  37.288997 -121.670654     3.297      -36.7     -147.8     -347.6     14.3     12.0     32.8 1994  4  6  4 11 34.960 1.4   1
 30062741  37.289425 -121.670304     3.504       -6.0     -100.4     -139.9      6.7      4.7     13.1 1994 11 16 16 50 58.150 2.0   1
 30062748  37.289852 -121.670793     3.529      -49.0      -52.7     -115.4      8.6      5.9     17.3 1994 11 16 18  3 42.360 1.3   1
 30069218  37.288814 -121.668937     3.393      115.4     -167.8     -250.9      7.1      4.5     13.0 1995  3  3  9 38 49.200 1.2   1
 30069222  37.288765 -121.669124     3.421       98.8     -173.6     -223.3      6.6      4.5     12.7 1995  3  3 12 30 15.850 1.8   1
 30069457  37.288676 -121.669368     3.431       77.4     -183.3     -213.4      6.7      4.5     12.4 1995  3  7 13 19 41.960 1.3   1
 30073191  37.290820 -121.672526     3.532     -202.9       54.8     -112.3     12.1     28.2     83.4 1995  5 14 11 18 47.000 1.0   1
 30092060  37.288953 -121.669784     3.428       40.2     -152.6     -216.8      6.1      4.4     11.3 1995 12 15 18 53 39.820 1.8   1
