    17842  37.289156 -121.667643     3.411      230.3     -130.1     -233.1      1.9      0.9      1.1 1984  4 25  4 35 19.170 1.9   1
    16751  37.289673 -121.672900     3.315     -235.6      -72.5     -329.1      1.7      0.9      1.0 1984  4 27  7 48 23.500 1.0   1
    21644  37.291732 -121.666292     3.441      349.8      155.9     -203.6      2.7      1.1      1.0 1984  6 27 14 50 38.140 1.6   1
    25096  37.291024 -121.666642     3.194      318.6       77.1     -449.8      2.5      1.3      1.1 1984  8  7  9  7  6.330 1.2   1
    28475  37.291162 -121.670605     3.217      -32.5       92.4     -427.8      1.9      1.1      1.7 1984  9 23  8 43 14.720 1.1   1
    32049  37.287382 -121.671305     3.340      -94.7     -326.8     -304.8      1.3      0.7      1.0 1984 11 18  0 28 55.240 1.7   1
    35109  37.290816 -121.669222     3.329       90.3       54.2     -315.6      1.4      0.7      1.0 1984 12 22  4 43 44.710 1.6   1
    42349  37.288464 -121.665454     3.599      424.6     -206.7      -45.0      2.4      1.0      0.9 1985  2 28  1  9 58.300 0.8   1
    42555  37.288318 -121.670451     3.409      -19.0     -223.1     -235.6      1.3      0.7      1.0 1985  3  2  6 53 56.010 1.7   1
    42559  37.289233 -121.669621     3.366       55.0     -121.7     -278.7      1.4      0.7      1.0 1985  3  2  8 55  3.470 1.9   1
    42643  37.288843 -121.668221     3.354      178.8     -164.9     -290.8      1.4      0.7      1.0 1985  3  2  8 55 29.590 2.1   1
    42560  37.290474 -121.667367     3.487      254.9       16.3     -157.7      1.4      0.7      1.0 1985  3  2  8 58  0.480 1.2   1
    49626  37.292749 -121.665763     3.567      396.5      268.5      -77.1      2.0      1.0      1.2 1985  6 15  1 38 57.380 0.9   1
    54084  37.288989 -121.671696     3.308     -129.3     -148.7     -336.3      1.4      0.7      1.2 1985  8 28 20 35 10.100 1.6   1
    57770  37.289091 -121.674666     3.183     -392.6     -137.3     -461.0      2.2      1.1      1.3 1985 10 28  3 55 38.130 1.3   1
    62514  37.288045 -121.671761     3.350     -134.6     -253.3     -294.3      1.7      0.9      1.0 1985 12 31 15 50 52.230 1.7   1
    62520  37.288314 -121.670451     3.409      -19.1     -223.5     -235.6      1.5      1.0      1.3 1985 12 31 18  3  3.480 1.6   1
    67820  37.289705 -121.673250     3.371     -266.7      -69.0     -272.9      1.8      0.9      1.3 1986  3  8 10 32  4.410 1.6   1
    73786  37.289681 -121.666138     3.112      363.8      -71.9     -532.7      2.0      1.1      1.1 1986  6  1 10 51 31.460 1.2   1
    77218  37.289803 -121.667716     3.365      223.4      -58.4     -279.2      1.4      0.7      1.0 1986  7 25  9 22 50.290 2.3   1
    77296  37.291650 -121.664201     3.359      535.7      146.8     -285.5      2.8      1.1      1.1 1986  7 25 16  1 52.100 1.1   1
    82606  37.290361 -121.673324     3.437     -273.6        3.6     -207.4      1.3      0.7      1.0 1986  9 15 20 17 49.920 2.7   1
    83805  37.290556 -121.670540     3.387      -26.6       25.3     -257.8      1.3      0.7      1.0 1986  9 25 12  1 52.830 1.4   1
    88698  37.291227 -121.670435     4.070      -17.3       99.8      425.4      2.8      1.4      2.3 1986 11 25 13  0 35.660 1.0   1
   101361  37.289547 -121.669466     3.370       68.5      -86.5     -274.5      1.4      0.7      1.0 1987  6  3  6 56  7.740 1.9   1
   101362  37.287500 -121.673519     3.337     -290.6     -313.8     -306.9      1.3      0.6      1.0 1987  6  3  6 58 51.320 1.7   1
   102776  37.291268 -121.672526     3.395     -202.7      104.1     -249.7      1.3      0.8      1.0 1987  7  7  1 44 26.990 1.0   1
   103138  37.288635 -121.670703     3.359      -41.0     -188.0     -285.4      1.3      0.7      1.0 1987  7 14 19  2 57.020 1.7   1
   110939  37.289897 -121.671265     3.203      -90.8      -47.9     -441.2      1.8      0.8      1.1 1988  1 15  1 56 42.310 1.4   1
   112868  37.291931 -121.671606     4.094     -121.0      178.0      449.9      2.0      1.0      1.6 1988  2 25 10  0 17.780 0.9   1
   120788  37.288306 -121.677157     3.267     -613.7     -224.3     -377.5      2.1      0.9      1.2 1988  7 23 10 42 21.740 1.5   1
   126189  37.288391 -121.671956     3.410     -152.5     -214.9     -234.1      1.8      0.8      1.1 1988 11  2  3  9 12.610 1.9   1
   126292  37.288916 -121.670182     3.306        5.3     -156.7     -338.5      1.8      0.9      1.0 1988 11  3  1 30  4.280 1.7   1
   126389  37.288005 -121.670605     3.404      -32.6     -258.1     -240.5      1.3      0.7      1.0 1988 11  4 13 34 34.720 1.9   1
   148939  37.288322 -121.670858     3.354      -54.8     -222.8     -290.1      1.8      0.9      1.2 1989 12 13  5 33 46.080 1.6   1
   158154  37.291280 -121.671753     3.510     -133.9      105.5     -134.1      1.8      0.9      1.2 1990  5 23 11 11 37.580 1.0   1
   160503  37.290442 -121.666968     3.427      289.9       12.7     -217.5      1.4      0.8      1.0 1990  7  5 20  4 42.800 1.7   1
   205031  37.290153 -121.669564     3.203       60.0      -19.6     -441.5      1.8      0.8      1.1 1991  1 20  5  0 30.930 1.2   1
   208364  37.291878 -121.671077     3.462      -74.6      172.2     -182.1      2.3      1.1      1.2 1991  3 22 11 23 27.560 1.0   1
   215747  37.287732 -121.671908     3.345     -147.7     -288.0     -299.3      1.3      0.8      1.0 1991  5 29  9 45 22.620 1.8   1
   227435  37.290698 -121.666414     3.250      339.3       41.3     -394.7      2.0      1.1      1.1 1991  8 10 17  6  5.760 1.2   1
   238704  37.289262 -121.670394     3.368      -13.6     -118.3     -276.4      1.3      0.7      1.0 1991 12  3  5 24 24.980 2.0   1
   238790  37.288944 -121.670150     3.418        8.0     -153.4     -225.9      1.3      0.7      1.0 1991 12  4  0  8 49.550 1.9   1
   261841  37.290670 -121.673560     3.383     -294.5       38.0     -261.0      1.8      0.9      1.5 1992  4  6  9 39 49.410 0.9   1
   312743  37.289705 -121.672868     3.429     -233.2      -69.1     -215.5      1.3      0.8      1.0 1992  8 29 17  4 29.020 1.6   1
   314921  37.288395 -121.665145     3.432      451.7     -214.3     -212.1      2.5      1.0      1.2 1992  9 11  1 22 13.650 1.1   1
   331552  37.291329 -121.673258     3.507     -267.6      111.1     -137.0      1.8      0.9      1.4 1993  1  9 17 48 38.720 1.0   1
   331635  37.291158 -121.669840     3.335       35.0       92.3     -309.3      2.3      1.1      1.0 1993  1 10 22 13  9.440 1.2   1
   352620  37.288204 -121.668132     3.398      186.6     -235.9     -245.9      1.8      0.9      1.0 1993  6  8  9 15  1.380 0.8   1
 30036393  37.292187 -121.669352     3.578       78.6      206.5      -66.0      2.4      1.1      1.5 1993 12  1  0 25 49.530 1.0   1
   389286  37.287150 -121.672941     3.334     -239.3     -352.5     -310.6      1.3      0.8      1.0 1993 12 20 22 35  7.800 1.8   1
   399980  37.289303 -121.671932     3.255     -150.4     -113.7     -389.8      2.2      1.1      1.0 1994  4  6  4 11 34.960 1.4   1
 30062741  37.289014 -121.671663     3.420     -126.2     -145.9     -223.8      1.7      0.8      1.0 1994 11 16 16 50 58.150 2.0   1
 30062748  37.289864 -121.669303     3.374       82.8      -51.6     -270.4      1.8      1.1      1.0 1994 11 16 18  3 42.360 1.3   1
 30069218  37.287752 -121.671452     3.507     -107.3     -285.7     -137.1      2.3      1.2      1.1 1995  3  3  9 38 49.200 1.2   1
 30069222  37.288354 -121.671208     3.410      -85.7     -219.1     -234.3      1.8      0.9      1.0 1995  3  3 12 30 15.850 1.8   1
 30069457  37.289803 -121.668547     3.254      150.3      -58.3     -390.6      1.9      0.9      1.0 1995  3  7 13 19 41.960 1.3   1
 30073191  37.289278 -121.677441     3.390     -638.4     -116.3     -253.9      2.1      1.2      1.2 1995  5 14 11 18 47.000 1.0   1
 30092060  37.288359 -121.671606     3.355     -121.2     -218.6     -289.4      1.7      0.9      1.0 1995 12 15 18 53 39.820 1.8   1
