    17842  37.289156 -121.667643     3.411      230.2     -129.9     -233.2      1.9      0.9      1.1 1984  4 25  4 35 19.170 1.9   1
    16751  37.289677 -121.672892     3.315     -235.2      -72.2     -329.2      1.7      0.9      1.0 1984  4 27  7 48 23.500 1.0   1
    21644  37.291732 -121.666292     3.441      349.8      155.9     -203.7      2.7      1.1      1.0 1984  6 27 14 50 38.140 1.6   1
    25096  37.291020 -121.666650     3.194      318.6       76.9     -450.0      2.5      1.3      1.1 1984  8  7  9  7  6.330 1.2   1
    28475  37.291158 -121.670605     3.216      -32.6       92.3     -427.9      2.0      1.1      1.7 1984  9 23  8 43 14.720 1.1   1
    32049  37.287386 -121.671313     3.339      -95.1     -326.6     -304.9      1.3      0.7      1.0 1984 11 18  0 28 55.240 1.7   1
    35109  37.290816 -121.669222     3.329       90.4       54.3     -315.7      1.4      0.7      1.0 1984 12 22  4 43 44.710 1.6   1
    42349  37.288464 -121.665446     3.599      424.9     -207.0      -45.1      2.4      1.0      0.9 1985  2 28  1  9 58.300 0.8   1
    42555  37.288318 -121.670451     3.409      -18.7     -223.1     -235.7      1.3      0.7      1.0 1985  3  2  6 53 56.010 1.7   1
    42559  37.289229 -121.669621     3.366       54.6     -121.9     -278.8      1.4      0.7      1.0 1985  3  2  8 55  3.470 1.9   1
    42643  37.288843 -121.668221     3.353      179.3     -164.7     -290.9      1.4      0.7      1.0 1985  3  2  8 55 29.590 2.1   1
    42560  37.290474 -121.667367     3.487      254.9       16.2     -157.8      1.4      0.7      1.0 1985  3  2  8 58  0.480 1.2   1
    49626  37.292749 -121.665763     3.567      396.7      268.5      -77.2      2.0      1.0      1.2 1985  6 15  1 38 57.380 0.9   1
    54084  37.288985 -121.671696     3.308     -129.2     -149.0     -336.4      1.4      0.7      1.2 1985  8 28 20 35 10.100 1.6   1
    57770  37.289091 -121.674658     3.183     -392.2     -137.2     -461.1      2.2      1.1      1.3 1985 10 28  3 55 38.130 1.3   1
    62514  37.288045 -121.671761     3.350     -134.7     -253.4     -294.4      1.7      0.9      1.0 1985 12 31 15 50 52.230 1.7   1
    62520  37.288314 -121.670451     3.409      -18.8     -223.5     -235.7      1.5      1.0      1.3 1985 12 31 18  3  3.480 1.6   1
    67820  37.289705 -121.673250     3.371     -266.8      -69.2     -272.9      1.8      0.9      1.3 1986  3  8 10 32  4.410 1.6   1
    73786  37.289677 -121.666130     3.112      364.4      -72.2     -532.8      2.0      1.1      1.1 1986  6  1 10 51 31.460 1.2   1
    77218  37.289799 -121.667725     3.365      223.0      -58.6     -279.3      1.4      0.7      1.0 1986  7 25  9 22 50.290 2.3   1
    77296  37.291654 -121.664193     3.359      536.3      147.0     -285.6      2.8      1.1      1.1 1986  7 25 16  1 52.100 1.1   1
    82606  37.290361 -121.673324     3.437     -273.1        3.7     -207.5      1.3      0.7      1.0 1986  9 15 20 17 49.920 2.7   1
    83805  37.290556 -121.670540     3.386      -26.5       25.5     -257.9      1.3      0.7      1.0 1986  9 25 12  1 52.830 1.4   1
    88698  37.291227 -121.670435     4.070      -17.5       99.7      425.3      2.8      1.4      2.3 1986 11 25 13  0 35.660 1.0   1
   101361  37.289547 -121.669466     3.370       68.8      -86.5     -274.6      1.4      0.7      1.0 1987  6  3  6 56  7.740 1.9   1
   101362  37.287500 -121.673519     3.337     -290.7     -313.7     -307.0      1.3      0.6      1.0 1987  6  3  6 58 51.320 1.7   1
   102776  37.291272 -121.672518     3.395     -202.2      104.6     -249.8      1.3      0.8      1.0 1987  7  7  1 44 26.990 1.0   1
   103138  37.288635 -121.670703     3.359      -41.2     -187.9     -285.5      1.3      0.7      1.0 1987  7 14 19  2 57.020 1.7   1
   110939  37.289897 -121.671257     3.203      -90.6      -48.0     -441.3      1.8      0.8      1.1 1988  1 15  1 56 42.310 1.4   1
   112868  37.291931 -121.671606     4.094     -121.2      178.1      449.7      2.0      1.0      1.6 1988  2 25 10  0 17.780 0.9   1
   120788  37.288306 -121.677157     3.267     -613.6     -224.2     -377.5      2.1      0.9      1.2 1988  7 23 10 42 21.740 1.5   1
   126189  37.288391 -121.671956     3.410     -152.1     -215.0     -234.2      1.8      0.8      1.1 1988 11  2  3  9 12.610 1.9   1
   126292  37.288916 -121.670182     3.306        4.7     -156.6     -338.6      1.8      0.9      1.0 1988 11  3  1 30  4.280 1.7   1
   126389  37.288000 -121.670605     3.404      -32.6     -258.3     -240.6      1.3      0.7      1.0 1988 11  4 13 34 34.720 1.9   1
   148939  37.288322 -121.670858     3.354      -54.5     -222.6     -290.2      1.8      0.9      1.2 1989 12 13  5 33 46.080 1.6   1
   158154  37.291280 -121.671753     3.510     -134.2      105.6     -134.2      1.8      0.9      1.2 1990  5 23 11 11 37.580 1.0   1
   160503  37.290442 -121.666968     3.427      289.8       12.4     -217.6      1.4      0.8      1.0 1990  7  5 20  4 42.800 1.7   1
   205031  37.290153 -121.669564     3.203       60.2      -19.6     -441.6      1.8      0.8      1.1 1991  1 20  5  0 30.930 1.2   1
   208364  37.291882 -121.671077     3.462      -74.5      172.4     -182.2      2.3      1.1      1.2 1991  3 22 11 23 27.560 1.0   1
   215747  37.287732 -121.671908     3.345     -147.8     -288.1     -299.4      1.3      0.8      1.0 1991  5 29  9 45 22.620 1.8   1
   227435  37.290702 -121.666414     3.250      339.0       41.6     -394.8      2.0      1.1      1.1 1991  8 10 17  6  5.760 1.2   1
   238704  37.289262 -121.670394     3.368      -13.8     -118.2     -276.5      1.3      0.7      1.0 1991 12  3  5 24 24.980 2.0   1
   238790  37.288949 -121.670142     3.418        8.7     -153.2     -226.0      1.3      0.7      1.0 1991 12  4  0  8 49.550 1.9   1
   261841  37.290658 -121.673617     3.389     -299.5       36.7     -255.1      1.7      0.9      1.5 1992  4  6  9 39 49.410 0.9   1
   312743  37.289705 -121.672868     3.429     -232.9      -69.2     -215.6      1.3      0.8      1.0 1992  8 29 17  4 29.020 1.6   1
   314921  37.288395 -121.665145     3.432      451.9     -214.4     -212.2      2.5      1.0      1.2 1992  9 11  1 22 13.650 1.1   1
   331552  37.291329 -121.673258     3.507     -267.4      111.1     -137.1      1.8      0.9      1.4 1993  1  9 17 48 38.720 1.0   1
   331635  37.291158 -121.669849     3.335       34.6       92.3     -309.4      2.3      1.1      1.0 1993  1 10 22 13  9.440 1.2   1
   352620  37.288204 -121.668123     3.398      187.3     -235.7     -246.0      1.8      0.9      1.0 1993  6  8  9 15  1.380 0.8   1
 30036393  37.292192 -121.669344     3.578       79.1      206.6      -66.1      2.4      1.1      1.5 1993 12  1  0 25 49.530 1.0   1
   389286  37.287154 -121.672933     3.334     -238.9     -352.3     -310.7      1.3      0.8      1.0 1993 12 20 22 35  7.800 1.8   1
   399980  37.289303 -121.671940     3.254     -150.8     -114.0     -389.9      2.2      1.1      1.0 1994  4  6  4 11 34.960 1.4   1
 30062741  37.289014 -121.671663     3.420     -126.3     -145.8     -223.9      1.7      0.8      1.0 1994 11 16 16 50 58.150 2.0   1
 30062748  37.289864 -121.669303     3.374       82.9      -51.4     -270.5      1.8      1.1      1.0 1994 11 16 18  3 42.360 1.3   1
 30069218  37.287752 -121.671452     3.507     -107.4     -285.9     -137.2      2.3      1.2      1.1 1995  3  3  9 38 49.200 1.2   1
 30069222  37.288354 -121.671208     3.410      -86.1     -219.1     -234.4      1.8      0.9      1.0 1995  3  3 12 30 15.850 1.8   1
 30069457  37.289799 -121.668538     3.254      150.9      -58.5     -390.7      1.9      0.9      1.0 1995  3  7 13 19 41.960 1.3   1
 30073191  37.289282 -121.677441     3.390     -638.6     -116.2     -254.0      2.1      1.2      1.2 1995  5 14 11 18 47.000 1.0   1
 30092060  37.288359 -121.671606     3.355     -121.0     -218.5     -289.5      1.7      0.9      1.0 1995 12 15 18 53 39.820 1.8   1
