    17842  37.288493 -121.668254     3.264      175.9     -203.8     -380.2      6.3      4.2     12.4 1984  4 25  4 35 19.170 1.9   1
    16751  37.290743 -121.671729     3.522     -132.1       46.3     -122.1      9.5      7.1     21.3 1984  4 27  7 48 23.500 1.0   1
    21644  37.290275 -121.670817     3.492      -51.2       -6.0     -152.5      9.6      7.6     21.8 1984  6 27 14 50 38.140 1.6   1
    25096  37.288826 -121.670410     3.258      -15.4     -166.7     -386.1     12.6     10.6     29.4 1984  8  7  9  7  6.330 1.2   1
    28475  37.290995 -121.671989     3.589     -155.2       73.9      -55.1      8.9      6.9     19.8 1984  9 23  8 43 14.720 1.1   1
    32049  37.288680 -121.669010     3.361      108.6     -183.0     -283.2      5.4      4.1     10.6 1984 11 18  0 28 55.240 1.7   1
    35109  37.290238 -121.670874     3.489      -56.3      -10.0     -155.3      9.4      7.6     21.5 1984 12 22  4 43 44.710 1.6   1
    42349  37.288770 -121.669629     3.478       54.0     -173.0     -166.0     13.3      5.7     26.4 1985  2 28  1  9 58.300 0.8   1
    42555  37.288468 -121.668384     3.294      164.5     -206.3     -350.0      6.3      4.2     12.1 1985  3  2  6 53 56.010 1.7   1
    42559  37.289400 -121.669645     3.394       52.6     -102.8     -250.2      6.0      4.2     12.0 1985  3  2  8 55  3.470 1.9   1
    42643  37.289042 -121.669491     3.415       66.3     -142.7     -229.8      6.2      4.2     12.0 1985  3  2  8 55 29.590 2.1   1
    42560  37.289933 -121.670736     3.521      -44.3      -43.9     -123.1      8.5      5.0     17.3 1985  3  2  8 58  0.480 1.2   1
    49626  37.291012 -121.672160     3.637     -170.0       75.9       -7.7      9.5      6.9     21.3 1985  6 15  1 38 57.380 0.9   1
    54084  37.289417 -121.669816     3.410       37.8     -101.3     -234.5      5.6      4.1     10.8 1985  8 28 20 35 10.100 1.6   1
    57770  37.288835 -121.670557     3.264      -27.9     -165.9     -380.1     12.6     10.6     29.0 1985 10 28  3 55 38.130 1.3   1
    62514  37.288643 -121.668945     3.334      114.9     -187.2     -310.0      5.5      4.1     10.7 1985 12 31 15 50 52.230 1.7   1
    62520  37.288472 -121.668351     3.277      167.5     -206.0     -367.6      5.9      4.1     11.7 1985 12 31 18  3  3.480 1.6   1
    67820  37.290238 -121.670866     3.460      -55.6       -9.9     -184.3      9.6      7.6     22.3 1986  3  8 10 32  4.410 1.6   1
    73786  37.288395 -121.669458     3.155       69.3     -214.5     -489.3     29.9     69.0     74.3 1986  6  1 10 51 31.460 1.2   1
    77218  37.289388 -121.669613     3.369       55.2     -104.3     -274.8      5.8      4.2     11.5 1986  7 25  9 22 50.290 2.3   1
    77296  37.289905 -121.670728     3.496      -43.7      -47.1     -148.0      9.5      5.2     19.1 1986  7 25 16  1 52.100 1.1   1
    82606  37.290820 -121.672599     3.392     -209.3       54.8     -252.8    124.9     55.0     76.7 1986  9 15 20 17 49.920 2.7   1
    83805  37.290312 -121.670947     3.466      -63.1       -1.9     -178.7      9.0      7.4     20.8 1986  9 25 12  1 52.830 1.4   1
    88698  37.292098 -121.672005     4.498     -156.3      196.3      853.3      6.7      5.6     67.5 1986 11 25 13  0 35.660 1.0   1
   101361  37.289445 -121.669718     3.399       46.0      -97.9     -245.8      5.6      4.1     10.9 1987  6  3  6 56  7.740 1.9   1
   101362  37.288680 -121.669067     3.348      104.1     -183.0     -296.3      5.5      4.1     10.6 1987  6  3  6 58 51.320 1.7   1
   102776  37.290999 -121.672054     3.594     -160.6       74.5      -50.2      9.3      6.8     20.7 1987  7  7  1 44 26.990 1.0   1
   103138  37.289075 -121.669629     3.412       53.9     -138.9     -232.6      5.6      4.1     10.6 1987  7 14 19  2 57.020 1.7   1
   110939  37.288839 -121.670597     3.277      -32.0     -165.3     -367.2     12.5     10.6     28.8 1988  1 15  1 56 42.310 1.4   1
   112868  37.292090 -121.671932     4.415     -150.4      195.4      770.9      6.1      5.5     69.2 1988  2 25 10  0 17.780 0.9   1
   120788  37.290340 -121.671012     3.522      -68.7        1.4     -122.1      9.5      7.6     21.4 1988  7 23 10 42 21.740 1.5   1
   126189  37.289425 -121.669775     3.414       41.4     -100.3     -230.2      5.7      4.1     11.3 1988 11  2  3  9 12.610 1.9   1
   126292  37.288656 -121.669010     3.353      109.3     -185.4     -291.7      5.6      4.1     10.9 1988 11  3  1 30  4.280 1.7   1
   126389  37.288534 -121.668522     3.310      152.1     -199.3     -334.3      6.2      4.1     11.7 1988 11  4 13 34 34.720 1.9   1
   148939  37.288660 -121.669238     3.290       89.0     -185.0     -354.3      5.5      4.1     10.8 1989 12 13  5 33 46.080 1.6   1
   158154  37.290914 -121.672233     3.543     -176.9       65.1     -101.7      8.5      6.8     19.5 1990  5 23 11 11 37.580 1.0   1
   160503  37.289205 -121.669914     3.354       28.6     -124.7     -290.3      6.1      4.5     12.3 1990  7  5 20  4 42.800 1.7   1
   205031  37.288729 -121.670662     3.208      -37.7     -177.4     -436.0     12.4     10.5     28.9 1991  1 20  5  0 30.930 1.2   1
   208364  37.290934 -121.672282     3.557     -181.0       67.4      -87.0      8.4      6.8     19.3 1991  3 22 11 23 27.560 1.0   1
   215747  37.288774 -121.669604     3.367       56.5     -172.4     -277.1      5.9      4.1     10.9 1991  5 29  9 45 22.620 1.8   1
   227435  37.288782 -121.670736     3.230      -44.0     -171.5     -414.8     12.4     10.6     29.0 1991  8 10 17  6  5.760 1.2   1
   238704  37.289429 -121.669946     3.370       26.0      -99.6     -274.6      5.9      4.2     11.7 1991 12  3  5 24 24.980 2.0   1
   238790  37.289050 -121.669865     3.404       32.9     -141.9     -240.8      5.7      4.1     10.9 1991 12  4  0  8 49.550 1.9   1
   261841  37.290918 -121.672241     3.558     -177.4       65.6      -86.7      8.6      6.8     19.7 1992  4  6  9 39 49.410 0.9   1
   312743  37.290226 -121.671208     3.472      -85.6      -11.4     -172.2      9.1      7.7     20.8 1992  8 29 17  4 29.020 1.6   1
   314921  37.288489 -121.668604     3.250      145.0     -204.1     -394.1      6.9      4.5     15.3 1992  9 11  1 22 13.650 1.1   1
   331552  37.290934 -121.672266     3.563     -180.0       67.1      -81.1      8.4      6.8     19.3 1993  1  9 17 48 38.720 1.0   1
   331635  37.290674 -121.672078     3.498     -163.3       38.5     -146.6      8.5      6.8     19.7 1993  1 10 22 13  9.440 1.2   1
   352620  37.288989 -121.669784     3.370       40.5     -148.8     -274.3      7.3      4.3     14.1 1993  6  8  9 15  1.380 0.8   1
 30036393  37.290951 -121.672282     3.554     -180.9       69.1      -90.4      8.8      6.9     20.2 1993 12  1  0 25 49.530 1.0   1
   389286  37.288578 -121.669222     3.298       90.0     -194.4     -346.4      5.6      4.0     10.7 1993 12 20 22 35  7.800 1.8   1
   399980  37.288989 -121.670679     3.304      -39.0     -148.7     -340.8     12.7     10.6     29.0 1994  4  6  4 11 34.960 1.4   1
 30062741  37.289449 -121.670296     3.503       -4.7      -97.4     -141.2      6.2      4.4     12.4 1994 11 16 16 50 58.150 2.0   1
 30062748  37.289868 -121.670874     3.543      -56.0      -51.2     -101.3      7.3      4.9     14.5 1994 11 16 18  3 42.360 1.3   1
 30069218  37.288814 -121.668888     3.388      119.5     -167.9     -256.3      6.5      4.2     12.2 1995  3  3  9 38 49.200 1.2   1
 30069222  37.288770 -121.669027     3.413      107.4     -173.1     -231.7      6.4      4.2     12.3 1995  3  3 12 30 15.850 1.8   1
 30069457  37.288672 -121.669336     3.424       79.8     -183.9     -220.2      6.1      4.2     11.5 1995  3  7 13 19 41.960 1.3   1
 30073191  37.290609 -121.672453     3.443     -196.6       31.3     -201.1     13.4     29.7     93.5 1995  5 14 11 18 47.000 1.0   1
 30092060  37.288969 -121.669914     3.443       28.8     -150.6     -201.2      5.8      4.0     10.6 1995 12 15 18 53 39.820 1.8   1
