    17842  37.289172 -121.667594     3.410      234.4     -128.3     -233.9      1.9      0.9      1.1 1984  4 25  4 35 19.170 1.9   1
    16751  37.289689 -121.672835     3.313     -230.0      -70.7     -331.1      1.7      0.9      1.0 1984  4 27  7 48 23.500 1.0   1
    21644  37.291748 -121.666235     3.438      355.1      157.7     -206.5      2.8      1.1      1.0 1984  6 27 14 50 38.140 1.6   1
    25096  37.291036 -121.666577     3.191      324.6       78.5     -452.9      2.5      1.3      1.1 1984  8  7  9  7  6.330 1.2   1
    28475  37.291174 -121.670573     3.220      -29.4       93.9     -424.8      2.0      1.1      1.6 1984  9 23  8 43 14.720 1.1   1
    32049  37.287398 -121.671257     3.338      -90.3     -325.0     -306.7      1.3      0.7      1.0 1984 11 18  0 28 55.240 1.7   1
    35109  37.290820 -121.669206     3.330       91.8       54.8     -313.9      1.3      0.7      1.0 1984 12 22  4 43 44.710 1.6   1
    42349  37.288481 -121.665381     3.597      430.7     -205.1      -47.6      2.5      1.0      1.0 1985  2 28  1  9 58.300 0.8   1
    42555  37.288326 -121.670418     3.409      -15.6     -222.0     -235.3      1.3      0.7      1.0 1985  3  2  6 53 56.010 1.7   1
    42559  37.289246 -121.669564     3.363       59.7     -120.2     -280.9      1.4      0.7      1.0 1985  3  2  8 55  3.470 1.9   1
    42643  37.288859 -121.668164     3.351      184.2     -163.0     -293.1      1.4      0.7      1.0 1985  3  2  8 55 29.590 2.1   1
    42560  37.290487 -121.667301     3.484      260.3       17.8     -160.2      1.4      0.7      1.0 1985  3  2  8 58  0.480 1.2   1
    49626  37.292765 -121.665706     3.564      402.2      270.4      -80.0      2.0      1.0      1.2 1985  6 15  1 38 57.380 0.9   1
    54084  37.289006 -121.671647     3.306     -124.6     -147.0     -338.4      1.4      0.7      1.2 1985  8 28 20 35 10.100 1.6   1
    57770  37.289111 -121.674609     3.181     -387.3     -135.2     -462.9      2.2      1.1      1.3 1985 10 28  3 55 38.130 1.3   1
    62514  37.288062 -121.671696     3.348     -129.3     -251.7     -296.2      1.8      0.9      1.0 1985 12 31 15 50 52.230 1.7   1
    62520  37.288334 -121.670394     3.407      -13.6     -221.4     -237.6      1.5      1.0      1.3 1985 12 31 18  3  3.480 1.6   1
    67820  37.289722 -121.673193     3.370     -261.9      -67.5     -274.7      1.8      0.9      1.4 1986  3  8 10 32  4.410 1.6   1
    73786  37.289697 -121.666073     3.108      369.6      -70.1     -535.8      2.0      1.1      1.1 1986  6  1 10 51 31.460 1.2   1
    77218  37.289811 -121.667692     3.366      225.7      -57.3     -278.6      1.4      0.7      1.0 1986  7 25  9 22 50.290 2.3   1
    77296  37.291667 -121.664128     3.356      542.3      148.6     -288.6      2.9      1.1      1.1 1986  7 25 16  1 52.100 1.1   1
    82606  37.290377 -121.673315     3.451     -272.6        5.6     -193.8      1.3      0.7      1.1 1986  9 15 20 17 49.920 2.7   1
    83805  37.290572 -121.670483     3.384      -21.4       27.1     -260.0      1.4      0.7      1.0 1986  9 25 12  1 52.830 1.4   1
    88698  37.291243 -121.670386     4.067      -13.3      101.7      422.7      2.9      1.4      2.3 1986 11 25 13  0 35.660 1.0   1
   101361  37.289567 -121.669482     3.390       67.0      -84.2     -254.2      1.4      0.7      1.1 1987  6  3  6 56  7.740 1.9   1
   101362  37.287508 -121.673527     3.342     -291.5     -313.0     -302.6      1.2      0.6      1.0 1987  6  3  6 58 51.320 1.7   1
   102776  37.291280 -121.672469     3.393     -197.4      105.9     -251.7      1.3      0.8      1.0 1987  7  7  1 44 26.990 1.0   1
   103138  37.288652 -121.670646     3.357      -36.3     -186.0     -287.5      1.3      0.7      1.0 1987  7 14 19  2 57.020 1.7   1
   110939  37.289913 -121.671208     3.201      -85.8      -46.2     -443.4      1.8      0.8      1.1 1988  1 15  1 56 42.310 1.4   1
   112868  37.291951 -121.671558     4.091     -117.0      180.2      447.1      2.1      1.0      1.6 1988  2 25 10  0 17.780 0.9   1
   120788  37.288302 -121.677214     3.276     -618.6     -224.7     -368.0      1.9      0.9      1.3 1988  7 23 10 42 21.740 1.5   1
   126189  37.288399 -121.671932     3.411     -149.8     -213.9     -233.3      1.7      0.8      1.1 1988 11  2  3  9 12.610 1.9   1
   126292  37.288936 -121.670125     3.304        9.8     -154.6     -340.7      1.8      0.9      1.0 1988 11  3  1 30  4.280 1.7   1
   126389  37.288025 -121.670614     3.422      -33.3     -255.8     -222.7      1.3      0.7      1.1 1988 11  4 13 34 34.720 1.9   1
   148939  37.288330 -121.670841     3.356      -53.4     -221.6     -287.9      1.7      0.9      1.2 1989 12 13  5 33 46.080 1.6   1
   158154  37.291292 -121.671688     3.508     -128.7      107.2     -136.0      1.8      1.0      1.2 1990  5 23 11 11 37.580 1.0   1
   160503  37.290454 -121.666919     3.425      294.3       13.9     -219.0      1.4      0.8      1.0 1990  7  5 20  4 42.800 1.7   1
   205031  37.290165 -121.669499     3.200       65.7      -18.0     -443.9      1.9      0.8      1.1 1991  1 20  5  0 30.930 1.2   1
   208364  37.291890 -121.671021     3.461      -69.5      173.6     -183.6      2.3      1.1      1.2 1991  3 22 11 23 27.560 1.0   1
   215747  37.287744 -121.671899     3.348     -147.2     -287.0     -296.2      1.3      0.8      1.0 1991  5 29  9 45 22.620 1.8   1
   227435  37.290715 -121.666341     3.247      345.3       43.1     -397.7      2.0      1.1      1.1 1991  8 10 17  6  5.760 1.2   1
   238704  37.289282 -121.670329     3.366       -8.2     -116.2     -278.5      1.4      0.7      1.0 1991 12  3  5 24 24.980 2.0   1
   238790  37.288957 -121.670109     3.418       11.9     -152.0     -226.2      1.3      0.7      1.0 1991 12  4  0  8 49.550 1.9   1
   261841  37.289844 -121.676180     3.384     -526.4      -53.8     -260.1      2.2      1.2      1.5 1992  4  6  9 39 49.410 0.9   1
   312743  37.289722 -121.672811     3.427     -228.1      -67.4     -217.5      1.3      0.8      1.0 1992  8 29 17  4 29.020 1.6   1
   314921  37.288411 -121.665096     3.431      456.2     -212.7     -213.8      2.4      1.0      1.2 1992  9 11  1 22 13.650 1.1   1
   331552  37.291345 -121.673210     3.505     -263.1      112.9     -138.9      1.8      1.0      1.4 1993  1  9 17 48 38.720 1.0   1
   331635  37.291178 -121.669784     3.333       40.2       94.3     -311.6      2.4      1.1      1.0 1993  1 10 22 13  9.440 1.2   1
   352620  37.288216 -121.668075     3.396      192.3     -234.3     -248.2      1.9      0.9      1.0 1993  6  8  9 15  1.380 0.8   1
 30036393  37.292200 -121.669344     3.589       79.6      207.8      -54.9      2.5      1.1      1.7 1993 12  1  0 25 49.530 1.0   1
   389286  37.287166 -121.672884     3.332     -234.4     -350.8     -312.5      1.3      0.8      1.0 1993 12 20 22 35  7.800 1.8   1
   399980  37.289319 -121.671875     3.252     -145.3     -112.2     -391.8      2.3      1.1      1.0 1994  4  6  4 11 34.960 1.4   1
 30062741  37.289030 -121.671606     3.419     -121.3     -144.2     -225.8      1.8      0.8      1.0 1994 11 16 16 50 58.150 2.0   1
 30062748  37.289876 -121.669246     3.372       87.9      -50.0     -272.7      1.9      1.1      1.0 1994 11 16 18  3 42.360 1.3   1
 30069218  37.287769 -121.671395     3.505     -102.5     -284.2     -138.9      2.3      1.2      1.1 1995  3  3  9 38 49.200 1.2   1
 30069222  37.288363 -121.671175     3.411      -83.1     -218.1     -233.8      1.7      0.9      1.0 1995  3  3 12 30 15.850 1.8   1
 30069457  37.289819 -121.668481     3.251      156.1      -56.6     -393.1      1.9      1.0      1.1 1995  3  7 13 19 41.960 1.3   1
 30073191  37.289294 -121.677384     3.389     -633.7     -114.6     -255.4      2.1      1.2      1.2 1995  5 14 11 18 47.000 1.0   1
 30092060  37.288363 -121.671598     3.357     -120.2     -217.9     -286.9      1.7      0.9      1.0 1995 12 15 18 53 39.820 1.8   1
