    17842  37.288501 -121.668604     3.268      145.0     -202.6     -376.7      7.3     10.9      9.9 1984  4 25  4 35 19.170 1.9   1
    16751  37.290930 -121.671973     3.534     -153.7       66.9     -110.5     13.7     12.7     33.0 1984  4 27  7 48 23.500 1.0   1
    21644  37.290422 -121.670988     3.488      -66.5       10.2     -156.6     14.5     13.2     36.4 1984  6 27 14 50 38.140 1.6   1
    25096  37.288883 -121.670418     3.223      -15.6     -160.1     -421.3     19.9     16.5     53.7 1984  8  7  9  7  6.330 1.2   1
    28475  37.291178 -121.672201     3.595     -173.9       94.2      -48.9     12.4     12.4     29.8 1984  9 23  8 43 14.720 1.1   1
    32049  37.288578 -121.668945     3.303      114.6     -194.1     -341.5      7.1     10.3     16.0 1984 11 18  0 28 55.240 1.7   1
    35109  37.290389 -121.671029     3.485      -70.3        6.7     -159.6     14.1     13.2     35.8 1984 12 22  4 43 44.710 1.6   1
    42349  37.288660 -121.669523     3.416       63.8     -185.2     -228.6     12.6     10.8     27.2 1985  2 28  1  9 58.300 0.8   1
    42555  37.288489 -121.668815     3.315      126.4     -204.0     -329.4      8.1     10.4     17.4 1985  3  2  6 53 56.010 1.7   1
    42559  37.289225 -121.669482     3.311       67.4     -122.5     -333.2      8.2     10.3     19.0 1985  3  2  8 55  3.470 1.9   1
    42643  37.288859 -121.669165     3.309       95.0     -163.0     -334.9      8.0     10.3     18.2 1985  3  2  8 55 29.590 2.1   1
    42560  37.289604 -121.670085     3.356       13.5      -80.6     -288.4     10.1     10.4     23.0 1985  3  2  8 58  0.480 1.2   1
    49626  37.291191 -121.672355     3.638     -187.5       95.6       -6.7     13.2     12.4     31.3 1985  6 15  1 38 57.380 0.9   1
    54084  37.289221 -121.669596     3.321       57.0     -122.7     -323.0      7.5     10.3     17.2 1985  8 28 20 35 10.100 1.6   1
    57770  37.288883 -121.670549     3.227      -27.3     -160.5     -417.0     19.9     16.5     53.2 1985 10 28  3 55 38.130 1.3   1
    62514  37.288542 -121.668872     3.277      120.9     -198.4     -366.9      7.1     10.3     16.1 1985 12 31 15 50 52.230 1.7   1
    62520  37.288493 -121.668742     3.295      133.0     -203.7     -349.0      7.7     10.4     17.0 1985 12 31 18  3  3.480 1.6   1
    67820  37.290381 -121.671029     3.455      -70.0        6.0     -189.1     14.5     13.2     37.2 1986  3  8 10 32  4.410 1.6   1
    73786  37.288432 -121.669360     3.031       78.0     -210.5     -613.2     19.6    105.6    235.2 1986  6  1 10 51 31.460 1.2   1
    77218  37.289213 -121.669450     3.286       70.2     -123.7     -358.8      7.9     10.2     18.3 1986  7 25  9 22 50.290 2.3   1
    77296  37.289563 -121.670052     3.328       16.8      -84.8     -316.7     11.5     10.6     25.7 1986  7 25 16  1 52.100 1.1   1
    82606  37.290617 -121.673275     3.325     -269.1       32.1     -319.8    196.4     89.3    124.4 1986  9 15 20 17 49.920 2.7   1
    83805  37.290462 -121.671118     3.462      -77.9       14.8     -182.4     13.3     13.0     34.6 1986  9 25 12  1 52.830 1.4   1
    88698  37.292269 -121.672168     4.475     -171.1      215.2      830.9     12.0     13.7    114.0 1986 11 25 13  0 35.660 1.0   1
   101361  37.289266 -121.669556     3.318       60.3     -117.7     -326.8      7.6     10.2     17.6 1987  6  3  6 56  7.740 1.9   1
   101362  37.288566 -121.668970     3.285      112.8     -195.4     -359.6      7.1     10.3     15.9 1987  6  3  6 58 51.320 1.7   1
   102776  37.291178 -121.672266     3.598     -179.6       94.4      -46.1     13.1     12.4     30.9 1987  7  7  1 44 26.990 1.0   1
   103138  37.288896 -121.669344     3.315       79.3     -159.0     -329.1      7.4     10.2     16.6 1987  7 14 19  2 57.020 1.7   1
   110939  37.288888 -121.670605     3.241      -32.2     -159.8     -403.5     19.9     16.5     53.0 1988  1 15  1 56 42.310 1.4   1
   112868  37.292257 -121.672087     4.391     -163.9      214.0      746.9     10.6     13.4    138.2 1988  2 25 10  0 17.780 0.9   1
   120788  37.290491 -121.671159     3.518      -81.8       17.9     -126.7     14.3     13.2     35.9 1988  7 23 10 42 21.740 1.5   1
   126189  37.289242 -121.669556     3.325       60.5     -120.4     -319.0      7.8     10.2     18.1 1988 11  2  3  9 12.610 1.9   1
   126292  37.288554 -121.668921     3.293      117.0     -197.1     -351.0      7.2     10.3     16.2 1988 11  3  1 30  4.280 1.7   1
   126389  37.288534 -121.668953     3.328      114.3     -199.0     -316.7      8.0     10.4     17.0 1988 11  4 13 34 34.720 1.9   1
   148939  37.288550 -121.669157     3.233       95.8     -197.4     -411.3      7.1     10.3     16.1 1989 12 13  5 33 46.080 1.6   1
   158154  37.291089 -121.672437     3.545     -194.9       84.4      -99.6     11.9     12.4     29.3 1990  5 23 11 11 37.580 1.0   1
   160503  37.289014 -121.669710     3.267       47.2     -145.7     -377.2      8.5     10.6     19.5 1990  7  5 20  4 42.800 1.7   1
   205031  37.288778 -121.670662     3.170      -37.3     -172.0     -473.8     19.7     16.4     53.1 1991  1 20  5  0 30.930 1.2   1
   208364  37.291109 -121.672493     3.561     -199.9       86.9      -83.3     11.7     12.3     28.8 1991  3 22 11 23 27.560 1.0   1
   215747  37.288619 -121.669246     3.269       87.8     -189.8     -375.2      7.3     10.2     16.1 1991  5 29  9 45 22.620 1.8   1
   227435  37.288831 -121.670752     3.193      -45.5     -166.1     -451.1     19.7     16.4     53.2 1991  8 10 17  6  5.760 1.2   1
   238704  37.289250 -121.669743     3.283       44.1     -119.6     -361.4      7.9     10.2     18.4 1991 12  3  5 24 24.980 2.0   1
   238790  37.288851 -121.669458     3.285       69.3     -163.9     -359.7      7.4     10.2     16.9 1991 12  4  0  8 49.550 1.9   1
   261841  37.291093 -121.672445     3.561     -195.6       85.1      -82.9     12.0     12.3     29.6 1992  4  6  9 39 49.410 0.9   1
   312743  37.290369 -121.671370     3.468     -100.0        4.7     -176.4     13.6     13.3     34.9 1992  8 29 17  4 29.020 1.6   1
   314921  37.288513 -121.668986     3.278      111.3     -201.5     -366.6      9.1     10.6     22.0 1992  9 11  1 22 13.650 1.1   1
   331552  37.291109 -121.672469     3.567     -198.1       86.9      -77.0     11.7     12.3     28.8 1993  1  9 17 48 38.720 1.0   1
   331635  37.290853 -121.672282     3.502     -181.3       58.4     -142.4     11.9     12.3     30.4 1993  1 10 22 13  9.440 1.2   1
   352620  37.288786 -121.669303     3.241       83.0     -171.3     -403.4      9.2     10.4     20.1 1993  6  8  9 15  1.380 0.8   1
 30036393  37.291125 -121.672477     3.554     -198.2       88.3      -89.9     12.4     12.4     30.3 1993 12  1  0 25 49.530 1.0   1
   389286  37.288460 -121.669043     3.226      106.2     -207.4     -418.2      7.1     10.3     15.9 1993 12 20 22 35  7.800 1.8   1
   399980  37.289026 -121.670671     3.262      -38.0     -144.4     -382.7     20.0     16.5     53.1 1994  4  6  4 11 34.960 1.4   1
 30062741  37.289262 -121.670093     3.425       12.8     -118.1     -219.0      8.3     10.3     18.9 1994 11 16 16 50 58.150 2.0   1
 30062748  37.289750 -121.670581     3.451      -30.0      -64.1     -193.3     10.2     10.7     22.7 1994 11 16 18  3 42.360 1.3   1
 30069218  37.288749 -121.668962     3.353      113.4     -175.0     -291.0      8.7     10.4     17.9 1995  3  3  9 38 49.200 1.2   1
 30069222  37.288717 -121.669206     3.390       91.9     -178.8     -254.0      7.6     10.3     16.7 1995  3  3 12 30 15.850 1.8   1
 30069457  37.288554 -121.669198     3.360       92.3     -196.8     -284.6      8.0     10.4     17.2 1995  3  7 13 19 41.960 1.3   1
 30073191  37.291410 -121.672559     3.685     -205.5      120.0       41.0     11.6     12.3     29.8 1995  5 14 11 18 47.000 1.0   1
 30092060  37.288794 -121.669491     3.335       66.1     -170.2     -308.9      7.3     10.2     16.1 1995 12 15 18 53 39.820 1.8   1
