    17842  37.288505 -121.668343     3.274      168.4     -202.4     -370.6      6.6      4.4     12.9 1984  4 25  4 35 19.170 1.9   1
    16751  37.290747 -121.671729     3.523     -132.0       46.5     -121.5     10.1      7.6     22.7 1984  4 27  7 48 23.500 1.0   1
    21644  37.290271 -121.670817     3.490      -51.0       -6.3     -154.0     10.2      8.1     23.2 1984  6 27 14 50 38.140 1.6   1
    25096  37.288839 -121.670410     3.259      -15.4     -165.4     -385.8     13.3     11.3     31.2 1984  8  7  9  7  6.330 1.2   1
    28475  37.290991 -121.671973     3.586     -154.1       73.5      -57.9      9.5      7.3     21.2 1984  9 23  8 43 14.720 1.1   1
    32049  37.288688 -121.669051     3.367      105.4     -181.9     -277.6      5.7      4.3     11.2 1984 11 18  0 28 55.240 1.7   1
    35109  37.290238 -121.670858     3.487      -55.1       -9.7     -157.0     10.0      8.1     22.8 1984 12 22  4 43 44.710 1.6   1
    42349  37.288745 -121.669539     3.462       62.4     -175.7     -182.4     14.3      6.2     28.4 1985  2 28  1  9 58.300 0.8   1
    42555  37.288481 -121.668481     3.306      155.7     -205.1     -337.9      6.7      4.4     12.8 1985  3  2  6 53 56.010 1.7   1
    42559  37.289396 -121.669670     3.395       50.4     -103.4     -249.0      6.4      4.4     12.7 1985  3  2  8 55  3.470 1.9   1
    42643  37.289038 -121.669499     3.414       65.6     -143.2     -230.7      6.5      4.4     12.6 1985  3  2  8 55 29.590 2.1   1
    42560  37.289897 -121.670638     3.503      -35.6      -47.7     -141.2      8.7      5.2     18.0 1985  3  2  8 58  0.480 1.2   1
    49626  37.291012 -121.672127     3.633     -167.7       75.9      -11.8     10.1      7.4     22.7 1985  6 15  1 38 57.380 0.9   1
    54084  37.289408 -121.669824     3.410       36.8     -101.9     -233.9      5.9      4.4     11.5 1985  8 28 20 35 10.100 1.6   1
    57770  37.288843 -121.670557     3.264      -27.8     -165.0     -380.5     13.3     11.2     30.8 1985 10 28  3 55 38.130 1.3   1
    62514  37.288652 -121.668970     3.340      112.3     -186.3     -304.5      5.8      4.3     11.3 1985 12 31 15 50 52.230 1.7   1
    62520  37.288485 -121.668416     3.286      161.3     -204.8     -358.7      6.3      4.4     12.4 1985 12 31 18  3  3.480 1.6   1
    67820  37.290234 -121.670858     3.458      -54.9      -10.4     -186.0     10.2      8.1     23.6 1986  3  8 10 32  4.410 1.6   1
    73786  37.288391 -121.669458     3.154       69.3     -214.8     -490.1     31.8     73.3     79.0 1986  6  1 10 51 31.460 1.2   1
    77218  37.289384 -121.669637     3.371       53.1     -104.6     -273.3      6.1      4.4     12.2 1986  7 25  9 22 50.290 2.3   1
    77296  37.289868 -121.670630     3.478      -34.9      -51.2     -166.0      9.8      5.4     19.8 1986  7 25 16  1 52.100 1.1   1
    82606  37.290820 -121.672583     3.390     -208.0       54.8     -254.0    133.1     58.5     81.6 1986  9 15 20 17 49.920 2.7   1
    83805  37.290312 -121.670939     3.464      -62.0       -1.9     -180.7      9.5      7.9     22.2 1986  9 25 12  1 52.830 1.4   1
    88698  37.292098 -121.672005     4.507     -156.9      196.5      863.0      7.2      5.9     71.2 1986 11 25 13  0 35.660 1.0   1
   101361  37.289441 -121.669751     3.400       43.4      -98.3     -243.9      6.0      4.4     11.6 1987  6  3  6 56  7.740 1.9   1
   101362  37.288688 -121.669100     3.354      101.3     -181.8     -290.2      5.8      4.3     11.2 1987  6  3  6 58 51.320 1.7   1
   102776  37.290995 -121.672038     3.591     -159.4       74.2      -53.2      9.9      7.3     22.1 1987  7  7  1 44 26.990 1.0   1
   103138  37.289071 -121.669645     3.412       52.9     -139.3     -232.3      5.9      4.3     11.2 1987  7 14 19  2 57.020 1.7   1
   110939  37.288847 -121.670597     3.277      -32.0     -164.3     -367.3     13.3     11.2     30.6 1988  1 15  1 56 42.310 1.4   1
   112868  37.292094 -121.671940     4.426     -150.9      196.1      781.9      6.6      5.9     72.5 1988  2 25 10  0 17.780 0.9   1
   120788  37.290344 -121.671004     3.520      -67.6        1.6     -123.8     10.1      8.1     22.8 1988  7 23 10 42 21.740 1.5   1
   126189  37.289421 -121.669792     3.415       39.5     -100.7     -229.0      6.1      4.4     12.0 1988 11  2  3  9 12.610 1.9   1
   126292  37.288664 -121.669043     3.359      106.4     -184.5     -285.6      5.9      4.3     11.5 1988 11  3  1 30  4.280 1.7   1
   126389  37.288542 -121.668628     3.323      142.7     -198.1     -321.5      6.5      4.4     12.2 1988 11  4 13 34 34.720 1.9   1
   148939  37.288668 -121.669263     3.296       86.5     -184.2     -348.8      5.8      4.3     11.4 1989 12 13  5 33 46.080 1.6   1
   158154  37.290910 -121.672217     3.539     -175.1       64.5     -105.4      9.1      7.3     20.8 1990  5 23 11 11 37.580 1.0   1
   160503  37.289193 -121.669930     3.354       27.7     -125.8     -290.4      6.4      4.8     12.9 1990  7  5 20  4 42.800 1.7   1
   205031  37.288737 -121.670662     3.208      -37.5     -176.5     -436.6     13.2     11.2     30.7 1991  1 20  5  0 30.930 1.2   1
   208364  37.290934 -121.672266     3.554     -179.9       67.1      -90.1      9.0      7.2     20.7 1991  3 22 11 23 27.560 1.0   1
   215747  37.288774 -121.669531     3.359       63.0     -172.7     -284.9      6.0      4.3     11.2 1991  5 29  9 45 22.620 1.8   1
   227435  37.288794 -121.670736     3.229      -44.3     -170.4     -415.2     13.2     11.2     30.8 1991  8 10 17  6  5.760 1.2   1
   238704  37.289429 -121.669971     3.372       23.8     -100.0     -272.1      6.2      4.4     12.3 1991 12  3  5 24 24.980 2.0   1
   238790  37.289042 -121.669840     3.399       35.2     -142.6     -245.2      6.0      4.3     11.5 1991 12  4  0  8 49.550 1.9   1
   261841  37.290918 -121.672225     3.555     -176.3       65.3      -89.8      9.2      7.3     21.1 1992  4  6  9 39 49.410 0.9   1
   312743  37.290226 -121.671191     3.470      -84.6      -11.3     -174.1      9.7      8.1     22.1 1992  8 29 17  4 29.020 1.6   1
   314921  37.288505 -121.668677     3.263      138.7     -202.4     -380.9      7.2      4.8     16.0 1992  9 11  1 22 13.650 1.1   1
   331552  37.290930 -121.672249     3.560     -178.5       66.7      -84.2      9.0      7.3     20.6 1993  1  9 17 48 38.720 1.0   1
   331635  37.290674 -121.672070     3.496     -162.6       38.5     -148.8      9.0      7.2     21.0 1993  1 10 22 13  9.440 1.2   1
   352620  37.288965 -121.669661     3.352       51.1     -151.5     -292.8      7.6      4.6     14.8 1993  6  8  9 15  1.380 0.8   1
 30036393  37.290946 -121.672257     3.550     -178.9       68.6      -94.3      9.4      7.3     21.5 1993 12  1  0 25 49.530 1.0   1
   389286  37.288586 -121.669222     3.301       90.3     -193.4     -343.4      5.8      4.3     11.2 1993 12 20 22 35  7.800 1.8   1
   399980  37.288993 -121.670671     3.302      -38.6     -148.3     -342.3     13.4     11.3     30.8 1994  4  6  4 11 34.960 1.4   1
 30062741  37.289449 -121.670321     3.508       -7.1      -97.8     -136.4      6.5      4.6     12.9 1994 11 16 16 50 58.150 2.0   1
 30062748  37.289864 -121.670850     3.540      -54.1      -51.3     -104.8      7.7      5.2     15.2 1994 11 16 18  3 42.360 1.3   1
 30069218  37.288814 -121.668888     3.387      119.5     -168.2     -257.2      6.8      4.4     12.6 1995  3  3  9 38 49.200 1.2   1
 30069222  37.288761 -121.669059     3.413      104.5     -174.0     -231.0      6.5      4.4     12.7 1995  3  3 12 30 15.850 1.8   1
 30069457  37.288676 -121.669352     3.429       78.5     -183.3     -215.7      6.5      4.5     12.2 1995  3  7 13 19 41.960 1.3   1
 30073191  37.290641 -121.672437     3.452     -194.7       34.8     -192.0     13.6     31.3     98.2 1995  5 14 11 18 47.000 1.0   1
 30092060  37.288973 -121.669849     3.438       34.5     -150.4     -206.7      6.0      4.3     11.2 1995 12 15 18 53 39.820 1.8   1
