    17842  37.288509 -121.668376     3.285      165.1     -201.9     -359.0      8.6      4.8     13.8 1984  4 25  4 35 19.170 1.9   1
    16751  37.290641 -121.671606     3.497     -121.2       34.6     -146.8     10.6      7.9     20.2 1984  4 27  7 48 23.500 1.0   1
    21644  37.290210 -121.670793     3.484      -49.1      -13.1     -160.6     10.3      7.9     20.0 1984  6 27 14 50 38.140 1.6   1
    25096  37.289034 -121.670516     3.291      -24.6     -143.5     -353.0     12.9     12.6     26.9 1984  8  7  9  7  6.330 1.2   1
    28475  37.290881 -121.671875     3.563     -145.1       61.6      -81.5     10.6      7.8     19.9 1984  9 23  8 43 14.720 1.1   1
    32049  37.288692 -121.669132     3.377       97.9     -181.3     -266.9      7.5      4.7     11.3 1984 11 18  0 28 55.240 1.7   1
    35109  37.290177 -121.670850     3.480      -53.9      -16.9     -164.1     10.2      7.9     19.8 1984 12 22  4 43 44.710 1.6   1
    42349  37.288810 -121.669849     3.512       35.0     -168.2     -132.1     15.6      6.5     28.9 1985  2 28  1  9 58.300 0.8   1
    42555  37.288489 -121.668465     3.311      157.2     -204.2     -333.1      8.4      4.8     13.1 1985  3  2  6 53 56.010 1.7   1
    42559  37.289421 -121.669743     3.411       44.2     -100.6     -233.2      7.9      4.8     12.3 1985  3  2  8 55  3.470 1.9   1
    42643  37.289058 -121.669580     3.427       58.7     -141.1     -217.3      7.9      4.8     12.4 1985  3  2  8 55 29.590 2.1   1
    42560  37.289958 -121.670890     3.549      -57.7      -41.0      -95.4     10.8      5.7     19.5 1985  3  2  8 58  0.480 1.2   1
    49626  37.290902 -121.672038     3.611     -159.4       63.8      -33.3     11.5      7.9     22.5 1985  6 15  1 38 57.380 0.9   1
    54084  37.289429 -121.669897     3.424       30.3      -99.8     -220.3      7.6      4.8     11.6 1985  8 28 20 35 10.100 1.6   1
    57770  37.289034 -121.670622     3.290      -34.0     -143.6     -354.7     12.8     12.6     26.4 1985 10 28  3 55 38.130 1.3   1
    62514  37.288656 -121.669059     3.350      104.6     -185.6     -294.6      7.6      4.7     11.5 1985 12 31 15 50 52.230 1.7   1
    62520  37.288497 -121.668473     3.297      156.9     -203.4     -347.1      8.2      4.8     13.0 1985 12 31 18  3  3.480 1.6   1
    67820  37.290173 -121.670825     3.450      -52.3      -17.3     -194.4     10.3      7.9     20.2 1986  3  8 10 32  4.410 1.6   1
    73786  37.288416 -121.669523     3.191       63.6     -212.4     -453.8     27.1     60.2     65.4 1986  6  1 10 51 31.460 1.2   1
    77218  37.289408 -121.669727     3.388       45.3     -102.2     -255.9      7.7      4.8     12.0 1986  7 25  9 22 50.290 2.3   1
    77296  37.289925 -121.670858     3.520      -54.5      -44.7     -124.1     11.1      5.8     20.2 1986  7 25 16  1 52.100 1.1   1
    82606  37.290902 -121.672493     3.417     -200.0       63.5     -227.7    108.9     48.2     67.5 1986  9 15 20 17 49.920 2.7   1
    83805  37.290238 -121.670898     3.452      -58.6       -9.9     -192.4      9.9      7.8     19.3 1986  9 25 12  1 52.830 1.4   1
    88698  37.291838 -121.670793     4.229      -48.7      167.4      584.9    149.7     77.0    135.6 1986 11 25 13  0 35.660 1.0   1
   101361  37.289461 -121.669808     3.414       38.0      -96.0     -230.4      7.6      4.8     11.6 1987  6  3  6 56  7.740 1.9   1
   101362  37.288692 -121.669181     3.363       94.0     -181.7     -281.0      7.6      4.7     11.3 1987  6  3  6 58 51.320 1.7   1
   102776  37.290889 -121.671916     3.566     -148.7       62.3      -78.1     11.1      7.8     21.2 1987  7  7  1 44 26.990 1.0   1
   103138  37.289091 -121.669735     3.427       44.7     -137.4     -217.8      7.6      4.7     11.3 1987  7 14 19  2 57.020 1.7   1
   110939  37.289046 -121.670662     3.303      -37.4     -142.5     -341.2     12.8     12.6     26.2 1988  1 15  1 56 42.310 1.4   1
   112868  37.291858 -121.670793     4.183      -49.2      169.8      538.3    149.8     76.8    116.3 1988  2 25 10  0 17.780 0.9   1
   120788  37.290275 -121.670972     3.510      -65.0       -5.9     -134.0     10.2      7.9     19.7 1988  7 23 10 42 21.740 1.5   1
   126189  37.289441 -121.669865     3.430       33.3      -98.3     -214.2      7.7      4.7     11.8 1988 11  2  3  9 12.610 1.9   1
   126292  37.288668 -121.669132     3.369       97.9     -184.3     -275.6      7.6      4.7     11.5 1988 11  3  1 30  4.280 1.7   1
   126389  37.288546 -121.668595     3.322      145.9     -198.0     -322.5      8.1      4.7     12.5 1988 11  4 13 34 34.720 1.9   1
   148939  37.288676 -121.669336     3.306       80.4     -183.2     -338.2      7.7      4.7     11.7 1989 12 13  5 33 46.080 1.6   1
   158154  37.290808 -121.672103     3.514     -165.0       53.3     -130.3     10.1      7.7     19.2 1990  5 23 11 11 37.580 1.0   1
   160503  37.289225 -121.670028     3.373       19.1     -122.2     -271.3      7.9      5.0     12.7 1990  7  5 20  4 42.800 1.7   1
   205031  37.288932 -121.670728     3.234      -43.1     -155.1     -410.7     12.8     12.5     26.6 1991  1 20  5  0 30.930 1.2   1
   208364  37.290828 -121.672152     3.528     -169.7       55.4     -116.2     10.1      7.7     19.3 1991  3 22 11 23 27.560 1.0   1
   215747  37.288790 -121.669775     3.389       40.9     -170.9     -255.2      7.8      4.7     11.4 1991  5 29  9 45 22.620 1.8   1
   227435  37.288985 -121.670776     3.254      -47.7     -148.9     -390.5     12.8     12.5     26.5 1991  8 10 17  6  5.760 1.2   1
   238704  37.289453 -121.670052     3.388       16.9      -97.1     -256.3      7.8      4.8     12.2 1991 12  3  5 24 24.980 2.0   1
   238790  37.289054 -121.669979     3.416       22.8     -141.5     -228.5      7.7      4.7     11.5 1991 12  4  0  8 49.550 1.9   1
   261841  37.290812 -121.672119     3.531     -166.5       53.6     -113.4     10.2      7.8     19.6 1992  4  6  9 39 49.410 0.9   1
   312743  37.290157 -121.671151     3.459      -80.8      -18.8     -185.6     10.0      8.0     19.1 1992  8 29 17  4 29.020 1.6   1
   314921  37.288525 -121.668750     3.278      132.0     -200.1     -366.0      9.2      5.2     17.4 1992  9 11  1 22 13.650 1.1   1
   331552  37.290828 -121.672135     3.536     -168.3       55.6     -108.2     10.2      7.8     19.4 1993  1  9 17 48 38.720 1.0   1
   331635  37.290576 -121.671973     3.475     -153.5       27.5     -169.5      9.9      7.7     19.0 1993  1 10 22 13  9.440 1.2   1
   352620  37.289006 -121.669906     3.388       29.7     -146.9     -256.8      8.7      4.9     14.0 1993  6  8  9 15  1.380 0.8   1
 30036393  37.290845 -121.672152     3.526     -169.4       57.2     -117.9     10.4      7.8     19.9 1993 12  1  0 25 49.530 1.0   1
   389286  37.288586 -121.669352     3.315       78.4     -193.5     -329.7      7.8      4.7     11.5 1993 12 20 22 35  7.800 1.8   1
   399980  37.289201 -121.670768     3.334      -46.6     -125.3     -310.6     12.8     12.6     26.5 1994  4  6  4 11 34.960 1.4   1
 30062741  37.289469 -121.670418     3.523      -16.0      -95.5     -121.2      8.3      4.9     13.7 1994 11 16 16 50 58.150 2.0   1
 30062748  37.289876 -121.670964     3.558      -64.0      -50.3      -86.0     10.2      5.9     18.0 1994 11 16 18  3 42.360 1.3   1
 30069218  37.288843 -121.669027     3.409      107.7     -164.7     -235.3      8.6      4.8     12.9 1995  3  3  9 38 49.200 1.2   1
 30069222  37.288786 -121.669059     3.423      104.6     -171.0     -221.8      8.2      4.8     12.7 1995  3  3 12 30 15.850 1.8   1
 30069457  37.288688 -121.669434     3.440       71.3     -182.1     -204.7      8.2      4.8     12.3 1995  3  7 13 19 41.960 1.3   1
 30073191  37.290670 -121.672249     3.473     -178.6       38.1     -171.0     14.2     26.3     82.0 1995  5 14 11 18 47.000 1.0   1
 30092060  37.288977 -121.670068     3.462       14.9     -149.7     -182.7      7.8      4.7     11.5 1995 12 15 18 53 39.820 1.8   1
