    17842  37.288623 -121.668815     3.345      126.1     -189.3     -299.5      9.0      6.4     17.1 1984  4 25  4 35 19.170 1.9   1
    16751  37.290751 -121.671712     3.516     -130.8       46.8     -128.1     14.8     11.1     32.8 1984  4 27  7 48 23.500 1.0   1
    21644  37.290275 -121.670793     3.482      -48.9       -5.9     -162.2     15.0     11.9     33.8 1984  6 27 14 50 38.140 1.6   1
    25096  37.288863 -121.670386     3.252      -13.1     -162.4     -392.1     19.7     16.7     46.1 1984  8  7  9  7  6.330 1.2   1
    28475  37.290991 -121.671924     3.573     -149.6       73.4      -71.1     13.9     10.7     30.7 1984  9 23  8 43 14.720 1.1   1
    32049  37.288684 -121.669108     3.371      100.6     -182.3     -273.7      8.0      6.3     15.4 1984 11 18  0 28 55.240 1.7   1
    35109  37.290243 -121.670841     3.479      -53.5       -9.6     -165.8     14.7     11.9     33.3 1984 12 22  4 43 44.710 1.6   1
    42349  37.288770 -121.669694     3.483       48.7     -173.0     -161.5     13.2      7.2     26.4 1985  2 28  1  9 58.300 0.8   1
    42555  37.288599 -121.668978     3.383      112.0     -191.9     -261.3      9.0      6.4     17.0 1985  3  2  6 53 56.010 1.7   1
    42559  37.289331 -121.669637     3.378       53.4     -110.5     -266.4      9.1      6.5     17.8 1985  3  2  8 55  3.470 1.9   1
    42643  37.288969 -121.669328     3.377       80.7     -151.0     -267.8      8.8      6.4     17.2 1985  3  2  8 55 29.590 2.1   1
    42560  37.289709 -121.670247     3.423       -0.7      -68.5     -221.6     10.8      7.0     21.8 1985  3  2  8 58  0.480 1.2   1
    49626  37.291003 -121.672070     3.616     -162.3       74.8      -28.8     14.6     10.8     32.3 1985  6 15  1 38 57.380 0.9   1
    54084  37.289331 -121.669759     3.389       42.6     -110.8     -255.7      8.5      6.4     16.2 1985  8 28 20 35 10.100 1.6   1
    57770  37.288863 -121.670524     3.257      -25.3     -162.4     -387.6     19.7     16.6     45.6 1985 10 28  3 55 38.130 1.3   1
    62514  37.288652 -121.669035     3.345      106.8     -185.9     -299.2      8.1      6.3     15.6 1985 12 31 15 50 52.230 1.7   1
    62520  37.288599 -121.668905     3.364      118.5     -191.7     -280.6      8.6      6.4     16.8 1985 12 31 18  3  3.480 1.6   1
    67820  37.290238 -121.670841     3.449      -53.3      -10.0     -194.9     15.0     11.9     34.5 1986  3  8 10 32  4.410 1.6   1
    73786  37.288350 -121.669442     3.148       70.7     -219.6     -496.7     47.2    109.5    118.4 1986  6  1 10 51 31.460 1.2   1
    77218  37.289323 -121.669604     3.352       56.5     -111.5     -291.9      8.7      6.5     17.1 1986  7 25  9 22 50.290 2.3   1
    77296  37.289669 -121.670207     3.394        2.8      -73.0     -250.3     12.2      7.2     24.4 1986  7 25 16  1 52.100 1.1   1
    82606  37.290841 -121.672412     3.387     -192.7       56.8     -257.6    200.9     87.1    121.1 1986  9 15 20 17 49.920 2.7   1
    83805  37.290312 -121.670915     3.454      -59.8       -1.9     -190.0     14.0     11.6     32.3 1986  9 25 12  1 52.830 1.4   1
    88698  37.292122 -121.672062     4.552     -161.6      199.2      907.8     10.2      8.7    102.6 1986 11 25 13  0 35.660 1.0   1
   101361  37.289376 -121.669718     3.385       45.9     -105.7     -259.7      8.5      6.4     16.4 1987  6  3  6 56  7.740 1.9   1
   101362  37.288672 -121.669124     3.352       98.9     -183.6     -291.8      8.0      6.3     15.3 1987  6  3  6 58 51.320 1.7   1
   102776  37.290991 -121.671989     3.576     -155.0       73.6      -67.9     14.5     10.7     31.9 1987  7  7  1 44 26.990 1.0   1
   103138  37.289006 -121.669507     3.383       64.7     -147.0     -261.8      8.3      6.3     15.6 1987  7 14 19  2 57.020 1.7   1
   110939  37.288871 -121.670581     3.270      -30.6     -161.5     -374.2     19.6     16.6     45.3 1988  1 15  1 56 42.310 1.4   1
   112868  37.292118 -121.671989     4.477     -155.2      198.7      833.1      9.3      8.7    105.1 1988  2 25 10  0 17.780 0.9   1
   120788  37.290344 -121.670972     3.511      -64.6        2.0     -133.0     14.8     11.9     33.3 1988  7 23 10 42 21.740 1.5   1
   126189  37.289351 -121.669727     3.392       45.6     -108.3     -252.0      8.7      6.4     16.9 1988 11  2  3  9 12.610 1.9   1
   126292  37.288660 -121.669076     3.361      102.9     -185.1     -283.3      8.1      6.3     15.5 1988 11  3  1 30  4.280 1.7   1
   126389  37.288643 -121.669116     3.396       99.4     -186.9     -248.2      8.9      6.4     16.8 1988 11  4 13 34 34.720 1.9   1
   148939  37.288660 -121.669312     3.301       82.0     -185.2     -343.6      8.1      6.3     15.5 1989 12 13  5 33 46.080 1.6   1
   158154  37.290902 -121.672160     3.524     -170.3       63.7     -120.7     13.3     10.7     30.0 1990  5 23 11 11 37.580 1.0   1
   160503  37.289119 -121.669857     3.334       33.6     -133.9     -310.0      9.3      7.0     18.5 1990  7  5 20  4 42.800 1.7   1
   205031  37.288757 -121.670638     3.200      -35.4     -174.2     -444.5     19.4     16.5     45.5 1991  1 20  5  0 30.930 1.2   1
   208364  37.290922 -121.672217     3.539     -175.5       66.1     -104.9     13.2     10.6     29.7 1991  3 22 11 23 27.560 1.0   1
   215747  37.288729 -121.669409     3.337       73.9     -177.6     -307.7      8.2      6.3     15.3 1991  5 29  9 45 22.620 1.8   1
   227435  37.288814 -121.670728     3.223      -43.6     -168.1     -421.7     19.4     16.6     45.5 1991  8 10 17  6  5.760 1.2   1
   238704  37.289355 -121.669897     3.350       30.5     -107.9     -294.5      8.8      6.5     17.3 1991 12  3  5 24 24.980 2.0   1
   238790  37.288957 -121.669613     3.352       55.2     -152.2     -292.5      8.3      6.3     15.8 1991 12  4  0  8 49.550 1.9   1
   261841  37.290910 -121.672176     3.540     -171.7       64.5     -104.3     13.5     10.7     30.4 1992  4  6  9 39 49.410 0.9   1
   312743  37.290222 -121.671175     3.461      -82.8      -11.6     -183.3     14.2     12.0     32.2 1992  8 29 17  4 29.020 1.6   1
   314921  37.288623 -121.669141     3.346       97.1     -189.1     -298.6      9.9      6.9     21.5 1992  9 11  1 22 13.650 1.1   1
   331552  37.290922 -121.672201     3.546     -173.7       65.9      -98.8     13.2     10.6     29.8 1993  1  9 17 48 38.720 1.0   1
   331635  37.290674 -121.672030     3.484     -158.8       38.2     -159.9     13.2     10.6     30.3 1993  1 10 22 13  9.440 1.2   1
   352620  37.288892 -121.669458     3.308       69.2     -159.3     -336.0      9.9      6.6     19.4 1993  6  8  9 15  1.380 0.8   1
 30036393  37.290938 -121.672192     3.533     -173.4       67.6     -111.0     13.8     10.7     31.0 1993 12  1  0 25 49.530 1.0   1
   389286  37.288566 -121.669189     3.294       92.9     -195.4     -350.6      8.0      6.3     15.3 1993 12 20 22 35  7.800 1.8   1
   399980  37.289010 -121.670646     3.291      -36.1     -146.3     -353.3     19.7     16.7     45.4 1994  4  6  4 11 34.960 1.4   1
 30062741  37.289372 -121.670272     3.493       -2.8     -106.0     -151.4      9.2      6.7     17.8 1994 11 16 16 50 58.150 2.0   1
 30062748  37.289860 -121.670752     3.518      -45.3      -52.0     -125.9     11.0      7.4     21.6 1994 11 16 18  3 42.360 1.3   1
 30069218  37.288859 -121.669124     3.422       98.7     -162.8     -222.4      9.6      6.5     17.6 1995  3  3  9 38 49.200 1.2   1
 30069222  37.288826 -121.669377     3.459       76.6     -166.6     -185.5      8.6      6.4     16.3 1995  3  3 12 30 15.850 1.8   1
 30069457  37.288664 -121.669368     3.428       77.0     -184.8     -216.4      8.9      6.5     16.7 1995  3  7 13 19 41.960 1.3   1
 30073191  37.291235 -121.672339     3.668     -185.9      100.7       23.7     13.6     10.7     30.7 1995  5 14 11 18 47.000 1.0   1
 30092060  37.288908 -121.669661     3.403       51.4     -157.7     -241.2      8.2      6.3     15.3 1995 12 15 18 53 39.820 1.8   1
