    17842  37.288481 -121.668400     3.285      163.4     -205.0     -359.0      8.3      4.7     13.4 1984  4 25  4 35 19.170 1.9   1
    16751  37.290605 -121.671615     3.495     -121.8       30.9     -149.8     10.2      7.6     19.8 1984  4 27  7 48 23.500 1.0   1
    21644  37.290173 -121.670793     3.480      -49.1      -17.0     -164.7     10.0      7.7     19.5 1984  6 27 14 50 38.140 1.6   1
    25096  37.289299 -121.670492     3.308      -22.3     -114.0     -336.7     12.7     14.1     26.4 1984  8  7  9  7  6.330 1.2   1
    28475  37.290849 -121.671859     3.557     -143.8       57.8      -87.6     10.2      7.6     19.4 1984  9 23  8 43 14.720 1.1   1
    32049  37.288668 -121.669165     3.377       95.4     -184.4     -267.2      7.3      4.6     11.0 1984 11 18  0 28 55.240 1.7   1
    35109  37.290141 -121.670850     3.477      -53.8      -20.8     -167.8      9.9      7.6     19.3 1984 12 22  4 43 44.710 1.6   1
    42349  37.288798 -121.669914     3.520       28.9     -170.0     -124.4     14.9      6.3     27.6 1985  2 28  1  9 58.300 0.8   1
    42555  37.288456 -121.668465     3.308      157.1     -207.6     -335.9      8.2      4.7     12.9 1985  3  2  6 53 56.010 1.7   1
    42559  37.289396 -121.669759     3.411       42.7     -103.4     -232.9      7.6      4.7     12.0 1985  3  2  8 55  3.470 1.9   1
    42643  37.289026 -121.669604     3.428       56.3     -144.3     -216.1      7.7      4.7     12.0 1985  3  2  8 55 29.590 2.1   1
    42560  37.289933 -121.670923     3.553      -60.8      -43.6      -91.3     10.7      5.6     19.6 1985  3  2  8 58  0.480 1.2   1
    49626  37.290865 -121.672030     3.605     -158.5       59.7      -39.6     11.1      7.6     22.0 1985  6 15  1 38 57.380 0.9   1
    54084  37.289400 -121.669914     3.423       28.8     -102.8     -221.2      7.4      4.7     11.3 1985  8 28 20 35 10.100 1.6   1
    57770  37.289299 -121.670597     3.307      -31.7     -114.3     -337.7     12.6     14.1     25.9 1985 10 28  3 55 38.130 1.3   1
    62514  37.288623 -121.669092     3.350      101.5     -189.0     -294.1      7.4      4.6     11.2 1985 12 31 15 50 52.230 1.7   1
    62520  37.288464 -121.668481     3.296      155.9     -206.7     -348.6      7.9      4.7     12.7 1985 12 31 18  3  3.480 1.6   1
    67820  37.290137 -121.670833     3.446      -52.7      -21.1     -198.1     10.0      7.6     19.8 1986  3  8 10 32  4.410 1.6   1
    73786  37.288379 -121.669466     3.211       68.4     -216.4     -433.0     26.8     59.5     64.0 1986  6  1 10 51 31.460 1.2   1
    77218  37.289380 -121.669743     3.389       43.7     -105.1     -255.1      7.5      4.7     11.7 1986  7 25  9 22 50.290 2.3   1
    77296  37.289901 -121.670882     3.524      -57.1      -47.4     -120.7     11.0      5.7     20.0 1986  7 25 16  1 52.100 1.1   1
    82606  37.290910 -121.672412     3.417     -192.9       64.6     -226.9    108.3     47.7     66.4 1986  9 15 20 17 49.920 2.7   1
    83805  37.290206 -121.670907     3.448      -58.8      -13.4     -196.1      9.6      7.5     18.8 1986  9 25 12  1 52.830 1.4   1
    88698  37.291797 -121.670581     4.188      -30.1      163.0      543.8    142.7     71.7    150.6 1986 11 25 13  0 35.660 1.0   1
   101361  37.289437 -121.669832     3.414       36.3      -98.9     -230.5      7.4      4.7     11.3 1987  6  3  6 56  7.740 1.9   1
   101362  37.288660 -121.669206     3.363       91.6     -185.0     -281.3      7.3      4.6     11.0 1987  6  3  6 58 51.320 1.7   1
   102776  37.290849 -121.671908     3.560     -147.9       57.9      -84.2     10.7      7.6     20.7 1987  7  7  1 44 26.990 1.0   1
   103138  37.289062 -121.669759     3.426       42.8     -140.6     -218.0      7.4      4.6     11.0 1987  7 14 19  2 57.020 1.7   1
   110939  37.289307 -121.670630     3.320      -34.9     -113.5     -324.7     12.6     14.0     25.8 1988  1 15  1 56 42.310 1.4   1
   112868  37.291825 -121.670581     4.164      -30.4      166.1      519.6    142.8     71.5    109.1 1988  2 25 10  0 17.780 0.9   1
   120788  37.290238 -121.670972     3.507      -65.2       -9.9     -137.5      9.9      7.7     19.2 1988  7 23 10 42 21.740 1.5   1
   126189  37.289417 -121.669881     3.431       31.8     -101.2     -213.6      7.4      4.7     11.5 1988 11  2  3  9 12.610 1.9   1
   126292  37.288639 -121.669181     3.370       93.6     -187.5     -274.3      7.4      4.6     11.2 1988 11  3  1 30  4.280 1.7   1
   126389  37.288513 -121.668595     3.319      145.4     -201.4     -324.8      7.9      4.7     12.2 1988 11  4 13 34 34.720 1.9   1
   148939  37.288647 -121.669352     3.305       78.9     -186.6     -339.6      7.5      4.6     11.4 1989 12 13  5 33 46.080 1.6   1
   158154  37.290771 -121.672095     3.509     -164.3       49.1     -135.6      9.8      7.5     18.8 1990  5 23 11 11 37.580 1.0   1
   160503  37.289201 -121.670044     3.374       17.1     -125.1     -270.7      7.7      4.9     12.5 1990  7  5 20  4 42.800 1.7   1
   205031  37.289193 -121.670695     3.250      -40.2     -126.0     -393.9     12.6     14.0     26.1 1991  1 20  5  0 30.930 1.2   1
   208364  37.290788 -121.672152     3.524     -169.6       51.1     -120.7      9.8      7.5     18.9 1991  3 22 11 23 27.560 1.0   1
   215747  37.288757 -121.669824     3.391       36.6     -174.1     -253.3      7.6      4.6     11.2 1991  5 29  9 45 22.620 1.8   1
   227435  37.289254 -121.670752     3.270      -45.5     -119.4     -374.3     12.6     14.0     26.0 1991  8 10 17  6  5.760 1.2   1
   238704  37.289429 -121.670076     3.390       14.7      -99.9     -254.4      7.6      4.7     12.0 1991 12  3  5 24 24.980 2.0   1
   238790  37.289018 -121.670011     3.414       20.3     -145.3     -230.6      7.4      4.6     11.2 1991 12  4  0  8 49.550 1.9   1
   261841  37.290776 -121.672111     3.526     -166.3       49.6     -118.1      9.9      7.5     19.1 1992  4  6  9 39 49.410 0.9   1
   312743  37.290129 -121.671151     3.456      -81.1      -22.1     -188.5      9.7      7.7     18.7 1992  8 29 17  4 29.020 1.6   1
   314921  37.288497 -121.668766     3.278      130.4     -203.4     -366.4      8.9      5.1     16.7 1992  9 11  1 22 13.650 1.1   1
   331552  37.290792 -121.672135     3.531     -168.3       51.3     -113.6      9.8      7.5     18.9 1993  1  9 17 48 38.720 1.0   1
   331635  37.290544 -121.671973     3.472     -153.5       23.8     -172.7      9.6      7.4     18.6 1993  1 10 22 13  9.440 1.2   1
   352620  37.288977 -121.669930     3.388       27.6     -150.1     -256.8      8.4      4.8     13.6 1993  6  8  9 15  1.380 0.8   1
 30036393  37.290808 -121.672144     3.521     -168.5       53.1     -123.0     10.0      7.5     19.4 1993 12  1  0 25 49.530 1.0   1
   389286  37.288554 -121.669385     3.313       75.8     -196.9     -330.9      7.5      4.6     11.3 1993 12 20 22 35  7.800 1.8   1
   399980  37.289461 -121.670728     3.350      -43.5      -96.1     -294.3     12.7     14.1     26.0 1994  4  6  4 11 34.960 1.4   1
 30062741  37.289441 -121.670459     3.527      -19.6      -98.4     -117.5      8.2      4.9     13.5 1994 11 16 16 50 58.150 2.0   1
 30062748  37.289844 -121.670980     3.559      -65.8      -53.8      -85.2     10.0      5.8     17.7 1994 11 16 18  3 42.360 1.3   1
 30069218  37.288814 -121.669043     3.407      106.2     -168.1     -237.1      8.4      4.7     12.5 1995  3  3  9 38 49.200 1.2   1
 30069222  37.288757 -121.669035     3.416      107.1     -174.2     -228.5      8.0      4.7     12.4 1995  3  3 12 30 15.850 1.8   1
 30069457  37.288656 -121.669458     3.439       69.0     -185.6     -205.4      8.0      4.7     12.0 1995  3  7 13 19 41.960 1.3   1
 30073191  37.290662 -121.672249     3.477     -178.4       36.8     -167.2     13.5     25.9     80.6 1995  5 14 11 18 47.000 1.0   1
 30092060  37.288949 -121.670109     3.463       11.3     -153.0     -181.7      7.6      4.6     11.2 1995 12 15 18 53 39.820 1.8   1
