    17842  37.288493 -121.668286     3.267      173.4     -203.6     -377.6      6.4      4.2     12.5 1984  4 25  4 35 19.170 1.9   1
    16751  37.290743 -121.671737     3.523     -132.5       46.2     -121.2      9.6      7.3     21.7 1984  4 27  7 48 23.500 1.0   1
    21644  37.290271 -121.670817     3.492      -51.0       -6.2     -152.8      9.8      7.8     22.2 1984  6 27 14 50 38.140 1.6   1
    25096  37.288831 -121.670410     3.258      -15.4     -166.4     -385.9     12.8     10.8     30.0 1984  8  7  9  7  6.330 1.2   1
    28475  37.290991 -121.671981     3.588     -154.8       73.6      -56.2      9.1      7.0     20.3 1984  9 23  8 43 14.720 1.1   1
    32049  37.288684 -121.669027     3.362      107.8     -182.6     -282.1      5.5      4.2     10.8 1984 11 18  0 28 55.240 1.7   1
    35109  37.290243 -121.670866     3.488      -55.9       -9.7     -156.1      9.6      7.7     21.9 1984 12 22  4 43 44.710 1.6   1
    42349  37.288765 -121.669604     3.474       56.5     -173.6     -170.5     14.1      6.0     28.0 1985  2 28  1  9 58.300 0.8   1
    42555  37.288472 -121.668416     3.298      161.4     -206.0     -346.2      6.4      4.2     12.3 1985  3  2  6 53 56.010 1.7   1
    42559  37.289400 -121.669653     3.394       51.9     -103.0     -250.1      6.2      4.3     12.2 1985  3  2  8 55  3.470 1.9   1
    42643  37.289042 -121.669499     3.415       65.8     -142.7     -229.6      6.3      4.2     12.2 1985  3  2  8 55 29.590 2.1   1
    42560  37.289933 -121.670728     3.519      -43.3      -44.0     -125.5      8.6      5.1     17.6 1985  3  2  8 58  0.480 1.2   1
    49626  37.291012 -121.672144     3.634     -169.1       75.7       -9.9      9.7      7.0     21.7 1985  6 15  1 38 57.380 0.9   1
    54084  37.289417 -121.669824     3.411       37.0     -101.2     -233.7      5.7      4.2     11.0 1985  8 28 20 35 10.100 1.6   1
    57770  37.288831 -121.670549     3.264      -27.6     -166.0     -380.2     12.8     10.8     29.6 1985 10 28  3 55 38.130 1.3   1
    62514  37.288643 -121.668953     3.335      114.3     -187.1     -309.3      5.6      4.2     11.0 1985 12 31 15 50 52.230 1.7   1
    62520  37.288477 -121.668376     3.279      165.3     -205.7     -365.2      6.0      4.2     11.9 1985 12 31 18  3  3.480 1.6   1
    67820  37.290234 -121.670866     3.459      -55.5      -10.2     -184.9      9.8      7.7     22.7 1986  3  8 10 32  4.410 1.6   1
    73786  37.288399 -121.669458     3.155       69.3     -214.2     -489.6     30.5     70.3     75.7 1986  6  1 10 51 31.460 1.2   1
    77218  37.289388 -121.669629     3.370       54.3     -104.3     -274.4      5.9      4.2     11.7 1986  7 25  9 22 50.290 2.3   1
    77296  37.289897 -121.670711     3.493      -42.1      -47.8     -151.5      9.7      5.3     19.5 1986  7 25 16  1 52.100 1.1   1
    82606  37.290824 -121.672599     3.391     -209.1       55.0     -253.0    127.4     56.0     78.2 1986  9 15 20 17 49.920 2.7   1
    83805  37.290312 -121.670947     3.465      -62.7       -2.0     -179.4      9.1      7.6     21.2 1986  9 25 12  1 52.830 1.4   1
    88698  37.292094 -121.672005     4.502     -156.7      196.2      857.3      6.9      5.7     68.5 1986 11 25 13  0 35.660 1.0   1
   101361  37.289449 -121.669735     3.399       45.0      -97.7     -244.9      5.7      4.2     11.2 1987  6  3  6 56  7.740 1.9   1
   101362  37.288684 -121.669076     3.350      103.5     -182.5     -294.8      5.6      4.2     10.8 1987  6  3  6 58 51.320 1.7   1
   102776  37.290999 -121.672046     3.593     -160.1       74.5      -51.3      9.5      7.0     21.2 1987  7  7  1 44 26.990 1.0   1
   103138  37.289075 -121.669637     3.412       53.5     -138.9     -232.3      5.7      4.1     10.8 1987  7 14 19  2 57.020 1.7   1
   110939  37.288843 -121.670597     3.277      -32.0     -165.0     -367.2     12.7     10.8     29.4 1988  1 15  1 56 42.310 1.4   1
   112868  37.292094 -121.671932     4.419     -150.4      195.8      775.0      6.2      5.6     70.1 1988  2 25 10  0 17.780 0.9   1
   120788  37.290340 -121.671004     3.522      -68.1        1.3     -122.6      9.7      7.8     21.8 1988  7 23 10 42 21.740 1.5   1
   126189  37.289421 -121.669784     3.415       40.6     -100.5     -229.6      5.8      4.2     11.5 1988 11  2  3  9 12.610 1.9   1
   126292  37.288664 -121.669019     3.355      108.5     -184.8     -289.6      5.7      4.2     11.1 1988 11  3  1 30  4.280 1.7   1
   126389  37.288538 -121.668563     3.314      148.7     -198.8     -330.1      6.3      4.2     11.9 1988 11  4 13 34 34.720 1.9   1
   148939  37.288664 -121.669238     3.292       88.4     -184.7     -352.5      5.6      4.1     11.0 1989 12 13  5 33 46.080 1.6   1
   158154  37.290910 -121.672217     3.541     -175.6       64.7     -103.5      8.7      7.0     19.9 1990  5 23 11 11 37.580 1.0   1
   160503  37.289201 -121.669914     3.353       28.9     -125.0     -291.2      6.2      4.6     12.6 1990  7  5 20  4 42.800 1.7   1
   205031  37.288729 -121.670662     3.208      -37.6     -177.3     -436.1     12.6     10.7     29.5 1991  1 20  5  0 30.930 1.2   1
   208364  37.290930 -121.672282     3.556     -180.8       66.9      -88.5      8.6      6.9     19.7 1991  3 22 11 23 27.560 1.0   1
   215747  37.288774 -121.669564     3.364       59.7     -172.6     -280.3      5.9      4.1     11.0 1991  5 29  9 45 22.620 1.8   1
   227435  37.288786 -121.670736     3.229      -44.1     -171.3     -415.0     12.6     10.8     29.5 1991  8 10 17  6  5.760 1.2   1
   238704  37.289429 -121.669954     3.371       25.1      -99.8     -273.6      6.0      4.3     12.0 1991 12  3  5 24 24.980 2.0   1
   238790  37.289050 -121.669857     3.403       33.6     -141.9     -241.8      5.8      4.2     11.1 1991 12  4  0  8 49.550 1.9   1
   261841  37.290914 -121.672233     3.556     -176.9       65.1      -88.0      8.8      7.0     20.1 1992  4  6  9 39 49.410 0.9   1
   312743  37.290226 -121.671200     3.471      -85.3      -11.5     -172.9      9.3      7.8     21.2 1992  8 29 17  4 29.020 1.6   1
   314921  37.288493 -121.668620     3.255      143.3     -203.6     -389.8      7.0      4.6     15.5 1992  9 11  1 22 13.650 1.1   1
   331552  37.290930 -121.672257     3.562     -179.3       66.8      -82.4      8.6      6.9     19.7 1993  1  9 17 48 38.720 1.0   1
   331635  37.290678 -121.672078     3.497     -163.1       38.7     -147.4      8.6      6.9     20.1 1993  1 10 22 13  9.440 1.2   1
   352620  37.288981 -121.669743     3.364       44.0     -149.6     -280.2      7.6      4.4     14.5 1993  6  8  9 15  1.380 0.8   1
 30036393  37.290946 -121.672266     3.552     -179.9       68.7      -92.0      9.0      7.0     20.6 1993 12  1  0 25 49.530 1.0   1
   389286  37.288578 -121.669214     3.299       90.6     -194.1     -345.6      5.7      4.1     10.9 1993 12 20 22 35  7.800 1.8   1
   399980  37.288985 -121.670687     3.303      -39.4     -148.9     -341.0     12.9     10.8     29.5 1994  4  6  4 11 34.960 1.4   1
 30062741  37.289449 -121.670304     3.505       -5.6      -97.5     -139.2      6.3      4.4     12.5 1994 11 16 16 50 58.150 2.0   1
 30062748  37.289868 -121.670866     3.542      -55.5      -51.0     -102.2      7.4      5.0     14.7 1994 11 16 18  3 42.360 1.3   1
 30069218  37.288810 -121.668888     3.386      119.9     -168.4     -258.1      6.6      4.3     12.2 1995  3  3  9 38 49.200 1.2   1
 30069222  37.288765 -121.669043     3.413      106.1     -173.4     -231.4      6.4      4.2     12.4 1995  3  3 12 30 15.850 1.8   1
 30069457  37.288672 -121.669336     3.425       79.8     -183.8     -219.2      6.2      4.3     11.7 1995  3  7 13 19 41.960 1.3   1
 30073191  37.290617 -121.672445     3.444     -195.7       31.9     -200.1     13.6     30.2     95.1 1995  5 14 11 18 47.000 1.0   1
 30092060  37.288973 -121.669881     3.441       31.4     -150.4     -203.3      5.8      4.1     10.8 1995 12 15 18 53 39.820 1.8   1
