    17842  37.288428 -121.668351     3.275      167.8     -211.0     -369.7      8.1      4.5     12.9 1984  4 25  4 35 19.170 1.9   1
    16751  37.290576 -121.671615     3.491     -121.8       27.7     -153.1      9.7      7.2     18.8 1984  4 27  7 48 23.500 1.0   1
    21644  37.290145 -121.670793     3.477      -49.0      -20.2     -167.4      9.5      7.3     18.5 1984  6 27 14 50 38.140 1.6   1
    25096  37.289640 -121.670451     3.327      -18.9      -76.2     -317.4     12.1     14.1     24.8 1984  8  7  9  7  6.330 1.2   1
    28475  37.290816 -121.671859     3.554     -143.9       54.4      -90.1      9.7      7.2     18.4 1984  9 23  8 43 14.720 1.1   1
    32049  37.288615 -121.669198     3.376       92.3     -190.0     -268.5      7.0      4.4     10.5 1984 11 18  0 28 55.240 1.7   1
    35109  37.290112 -121.670850     3.474      -54.3      -24.1     -170.4      9.4      7.2     18.4 1984 12 22  4 43 44.710 1.6   1
    42349  37.288753 -121.669954     3.520       25.5     -174.9     -124.1     14.5      6.1     26.9 1985  2 28  1  9 58.300 0.8   1
    42555  37.288403 -121.668408     3.296      162.0     -213.6     -348.0      7.9      4.5     12.4 1985  3  2  6 53 56.010 1.7   1
    42559  37.289360 -121.669759     3.411       42.4     -107.7     -233.7      7.3      4.5     11.4 1985  3  2  8 55  3.470 1.9   1
    42643  37.288981 -121.669596     3.422       56.8     -149.3     -221.9      7.4      4.5     11.5 1985  3  2  8 55 29.590 2.1   1
    42560  37.289893 -121.670939     3.552      -62.2      -48.3      -92.0     10.3      5.4     18.8 1985  3  2  8 58  0.480 1.2   1
    49626  37.290837 -121.672030     3.601     -158.4       56.2      -42.9     10.5      7.2     20.8 1985  6 15  1 38 57.380 0.9   1
    54084  37.289360 -121.669906     3.419       29.4     -107.6     -225.4      7.0      4.5     10.7 1985  8 28 20 35 10.100 1.6   1
    57770  37.289640 -121.670557     3.326      -28.1      -76.4     -318.0     12.1     14.1     24.3 1985 10 28  3 55 38.130 1.3   1
    62514  37.288574 -121.669165     3.351       95.6     -194.6     -293.4      7.1      4.4     10.6 1985 12 31 15 50 52.230 1.7   1
    62520  37.288411 -121.668433     3.285      160.0     -212.6     -359.5      7.7      4.5     12.1 1985 12 31 18  3  3.480 1.6   1
    67820  37.290108 -121.670833     3.444      -52.5      -24.6     -200.6      9.5      7.2     18.8 1986  3  8 10 32  4.410 1.6   1
    73786  37.288342 -121.669401     3.237       74.1     -220.5     -407.3     25.9     56.5     60.4 1986  6  1 10 51 31.460 1.2   1
    77218  37.289347 -121.669751     3.388       43.4     -108.9     -255.9      7.1      4.5     11.1 1986  7 25  9 22 50.290 2.3   1
    77296  37.289860 -121.670907     3.524      -59.2      -51.8     -120.7     10.5      5.5     19.1 1986  7 25 16  1 52.100 1.1   1
    82606  37.290922 -121.672323     3.417     -184.7       65.7     -227.4    103.6     45.2     63.0 1986  9 15 20 17 49.920 2.7   1
    83805  37.290177 -121.670907     3.446      -59.3      -16.9     -198.7      9.1      7.1     17.9 1986  9 25 12  1 52.830 1.4   1
    88698  37.291781 -121.670500     4.184      -22.8      161.4      539.3    135.9     67.7    150.3 1986 11 25 13  0 35.660 1.0   1
   101361  37.289396 -121.669832     3.412       36.2     -103.5     -232.1      7.0      4.5     10.7 1987  6  3  6 56  7.740 1.9   1
   101362  37.288611 -121.669263     3.362       86.9     -190.5     -282.1      7.0      4.4     10.5 1987  6  3  6 58 51.320 1.7   1
   102776  37.290820 -121.671916     3.558     -148.5       54.6      -86.5     10.1      7.2     19.7 1987  7  7  1 44 26.990 1.0   1
   103138  37.289018 -121.669759     3.422       42.4     -145.6     -222.2      7.0      4.4     10.5 1987  7 14 19  2 57.020 1.7   1
   110939  37.289648 -121.670597     3.339      -31.7      -75.4     -305.3     12.0     14.1     24.2 1988  1 15  1 56 42.310 1.4   1
   112868  37.291809 -121.670492     4.163      -22.2      164.5      518.8    135.9     67.6    103.2 1988  2 25 10  0 17.780 0.9   1
   120788  37.290210 -121.670980     3.504      -65.7      -13.3     -139.9      9.4      7.3     18.2 1988  7 23 10 42 21.740 1.5   1
   126189  37.289380 -121.669889     3.430       31.0     -105.3     -214.0      7.1      4.5     11.0 1988 11  2  3  9 12.610 1.9   1
   126292  37.288586 -121.669287     3.374       84.7     -193.2     -270.3      7.1      4.4     10.7 1988 11  3  1 30  4.280 1.7   1
   126389  37.288460 -121.668547     3.307      150.4     -207.1     -336.9      7.7      4.5     11.8 1988 11  4 13 34 34.720 1.9   1
   148939  37.288599 -121.669401     3.304       74.5     -192.1     -339.9      7.2      4.4     10.9 1989 12 13  5 33 46.080 1.6   1
   158154  37.290743 -121.672103     3.507     -165.1       45.9     -137.6      9.3      7.1     17.8 1990  5 23 11 11 37.580 1.0   1
   160503  37.289164 -121.670068     3.374       15.4     -129.2     -270.4      7.4      4.8     11.8 1990  7  5 20  4 42.800 1.7   1
   205031  37.289535 -121.670654     3.270      -36.7      -87.9     -374.1     12.0     14.1     24.4 1991  1 20  5  0 30.930 1.2   1
   208364  37.290759 -121.672160     3.521     -170.1       48.1     -123.1      9.3      7.1     18.0 1991  3 22 11 23 27.560 1.0   1
   215747  37.288713 -121.669889     3.392       30.7     -179.5     -252.4      7.2      4.4     10.6 1991  5 29  9 45 22.620 1.8   1
   227435  37.289591 -121.670719     3.290      -42.2      -81.8     -354.3     12.0     14.1     24.3 1991  8 10 17  6  5.760 1.2   1
   238704  37.289388 -121.670085     3.390       13.4     -104.1     -254.3      7.2      4.5     11.4 1991 12  3  5 24 24.980 2.0   1
   238790  37.288961 -121.670076     3.412       14.5     -151.7     -232.3      7.1      4.4     10.7 1991 12  4  0  8 49.550 1.9   1
   261841  37.290747 -121.672127     3.524     -167.1       46.6     -120.4      9.4      7.1     18.2 1992  4  6  9 39 49.410 0.9   1
   312743  37.290100 -121.671159     3.454      -81.9      -25.5     -190.6      9.2      7.3     17.7 1992  8 29 17  4 29.020 1.6   1
   314921  37.288440 -121.668742     3.269      132.5     -209.5     -375.7      8.5      4.9     16.0 1992  9 11  1 22 13.650 1.1   1
   331552  37.290759 -121.672135     3.529     -168.3       47.8     -115.7      9.3      7.1     18.0 1993  1  9 17 48 38.720 1.0   1
   331635  37.290515 -121.671981     3.469     -154.1       20.6     -175.4      9.1      7.0     17.7 1993  1 10 22 13  9.440 1.2   1
   352620  37.288924 -121.669946     3.382       26.3     -155.8     -261.9      8.1      4.6     13.0 1993  6  8  9 15  1.380 0.8   1
 30036393  37.290776 -121.672152     3.519     -169.2       49.9     -125.0      9.5      7.1     18.5 1993 12  1  0 25 49.530 1.0   1
   389286  37.288505 -121.669458     3.315       69.4     -202.2     -329.6      7.2      4.4     10.7 1993 12 20 22 35  7.800 1.8   1
   399980  37.289803 -121.670687     3.368      -39.4      -58.1     -276.0     12.2     14.1     24.3 1994  4  6  4 11 34.960 1.4   1
 30062741  37.289408 -121.670483     3.528      -21.5     -102.3     -116.2      7.8      4.7     13.0 1994 11 16 16 50 58.150 2.0   1
 30062748  37.289799 -121.670996     3.558      -67.4      -58.5      -85.8      9.5      5.6     16.8 1994 11 16 18  3 42.360 1.3   1
 30069218  37.288761 -121.669035     3.401      106.8     -173.8     -243.2      8.1      4.5     12.0 1995  3  3  9 38 49.200 1.2   1
 30069222  37.288704 -121.668962     3.402      113.2     -180.2     -242.5      7.6      4.5     11.7 1995  3  3 12 30 15.850 1.8   1
 30069457  37.288607 -121.669523     3.439       63.5     -190.9     -205.2      7.7      4.5     11.4 1995  3  7 13 19 41.960 1.3   1
 30073191  37.290629 -121.672249     3.475     -178.6       33.6     -169.3     12.8     24.6     76.6 1995  5 14 11 18 47.000 1.0   1
 30092060  37.288896 -121.670166     3.462        6.3     -159.2     -182.0      7.3      4.4     10.7 1995 12 15 18 53 39.820 1.8   1
