 % This stores fret (the f-value) and iter (number of iterations to converge)
  -979.404035447518        1200.00000000000     
  -979.161678964509        1200.00000000000     
  -979.130641996842        1200.00000000000     
  -979.055155576183        1200.00000000000     
  -980.398440883515        1200.00000000000     
  -980.535066609392        1200.00000000000     
  -980.888058508552        1200.00000000000     
  -979.470806932365        1200.00000000000     
  -980.889868174056        1200.00000000000     
  -980.541820986092        1200.00000000000     
  -980.871055922632        1200.00000000000     
  -980.713300375175        1200.00000000000     
  -979.054894227395        1200.00000000000     
  -979.283999932880        1200.00000000000     
  -980.680675621731        1200.00000000000     
  -979.082718236155        1200.00000000000     
  -980.464111486335        1200.00000000000     
  -980.884816371740        1200.00000000000     
  -980.542745858982        1200.00000000000     
  -979.273314153133        1200.00000000000     
  -978.361355378030        1200.00000000000     
  -980.470755047937        1200.00000000000     
  -980.457450703199        1200.00000000000     
  -979.083702356082        1200.00000000000     
  -979.287154309028        1200.00000000000     
  -979.458985788806        1200.00000000000     
  -980.890059797492        1200.00000000000     
  -980.875590050361        1200.00000000000     
  -978.907698301617        1200.00000000000     
  -979.141959316771        1200.00000000000     
