          30 % nrand - number of ransom starts used
          97 %np number of parameters
 % format is i = 1,j=1:np then i=2,j=1:np and so on until i =nrand and j = np
  -10.2220859864960     
  -4.61546038144365     
   31.4039000572591     
 -1.934316219196658E-002
 -2.407629263826669E-002
   8.35103539695663     
   53.7031460261845     
   32.6288301166612     
   9.19490108248039     
  -2.84488480672996     
   4.72739215170136     
  -5.18666880490162     
  -47.1014461025588     
   53.8738816385459     
   3.90148151387442     
  1.512991256504736E-004
  2.398798689637796E-005
   2.54211124404175     
   4.96712511200508     
   57.6945269240816     
   6.16420139539418     
   58.0784943850595     
   6.46684226866541     
   32.6235151594981     
   9.19958696229565     
  -6.42904923512317     
  -33.2324857404658     
  -1.17426300594763     
  -9.61754410898848     
   24.4533155892776     
   46.5922335353369     
   9.49191572897342     
   51.6743371639704     
  -7.18224958122298     
   11.6522669797043     
   20.4437788793624     
   25.9569933346787     
  -17.7021265015929     
  -42.6376422094359     
  -11.7523604186293     
   19.6857140662546     
  -38.1380146775540     
  -2.34069313466898     
  -21.8964527296259     
  -40.2936735619848     
  -32.8137048837880     
  -5.45277647496972     
  -7.60413432609160     
  -31.0466663466074     
  -13.6125559778246     
  -21.0864162878866     
   6.45897929300678     
   9.47347500751509     
  -2.17699495848394     
  -16.0101587114989     
  -11.3919873735493     
  -27.7112608510255     
  -17.6633587622572     
  -42.7157584913376     
  -54.5807890517731     
  -5.45397532696094     
  -1.36939401390624     
   1.17350912263269     
   58.0790892939937     
   6.46583001472637     
  -14.3215103126207     
   35.1037568005253     
   17.1111130250299     
  -35.5140443369550     
   9.49656542639874     
   51.6578370650570     
  -8.43810091067760     
   17.6398133344271     
  -2.35138427996011     
  -44.5375109434688     
   32.2830198102711     
   4.26886337733456     
   8.35126232882424     
   53.7031650843733     
  -73.8517808850687     
   22.8494509046959     
   36.9148915237482     
  -9.54940413269744     
  -14.4278147704143     
   16.4260833987184     
   7.69679344420007     
   42.8688479569152     
   1.44835059300137     
  -2.96139560115888     
   2.67611109232480     
   35.0322822744097     
  -1.47020339625977     
   1.13411887267600     
  -29.9509903940215     
   42.4890073266355     
  -2.18242416480030     
  -45.3864203744457     
   13.5160948761771     
  -14.5870575473776     
   25.7032376142849     
  0.412683050951398     
 -8.267642775012939E-002
  -38.1827854268137     
   37.0377185101589     
  -31.9916199081929     
  -12.3454917631370     
 -0.421598375313817     
   4.39142566291701     
   31.4476123521946     
  -37.0675206770166     
   29.3721032985492     
   52.8706397619865     
  3.834229871875042E-002
 -5.784728196502769E-003
  -1.63390306922615     
   4.21878921353039     
  -50.1741705457379     
  -29.4855232841968     
  -50.9812885279133     
  -29.5056240557727     
  -31.9914229763481     
  -12.3438002822386     
   25.2918451000612     
  -23.8010286893003     
   7.87730168764567     
  -8.09936512952146     
  -46.7935875444251     
   23.5968689953144     
  -37.7222192112554     
   35.6244503682659     
  0.208736443743249     
   11.6317928167400     
  -32.1718636060112     
   9.30660657699497     
   38.9096797876980     
  -27.4845758946017     
  0.679331207551872     
   20.9081314927209     
   27.1290387246721     
   25.2052129957833     
   41.2488058354476     
  -22.2779006993653     
   26.8593480827972     
 -0.913180351750826     
   25.1944996558552     
  -22.5955832071331     
   23.0304503487684     
  -11.5627817821855     
  -9.09203926251167     
   4.95553971747650     
   13.3135563650976     
  -13.4039033052318     
   25.8563400428914     
  -17.6386244860789     
   38.9421649370142     
  -27.6997234781602     
   43.6519197412822     
   33.6712668791854     
  0.612712701217511     
  0.740943689378330     
  -50.9801454267175     
  -29.5073178835514     
  -12.6735734545413     
   31.3055090134924     
   5.81450270994785     
  -39.2540724043271     
  -37.7220774497982     
   35.6127401746411     
  -4.85839802941669     
   15.7930888127049     
   27.9425724127793     
  -36.6540731115690     
  -28.6872422662299     
  -16.3947689852479     
  -38.1818401918564     
   37.0375353304138     
   59.8175348441526     
   51.2738715412072     
  -24.5056279058149     
  -29.7609051557680     
   1.97434481098441     
   19.6306743173065     
  -30.0020020453003     
   30.1619023606082     
   1.10249163352109     
  -3.31065129728442     
  -23.1709976916401     
   25.4369574572357     
  0.616876283776639     
  0.741126370953186     
   3.69837784790823     
   50.2847397923449     
   28.2540215949471     
  -37.3543031541107     
   19.8919230932754     
  -19.8808649885680     
  -14.4142776799043     
  0.636858344646180     
  6.397287536933481E-002
  -52.0315461819868     
  -15.1843198229654     
  -11.4227443521190     
  -27.6166100359782     
  -3.29597087079169     
   1.66776475647334     
   40.9894161847589     
   27.4599634292567     
   8.55022547868738     
  -55.4292425470192     
  0.475454846564105     
  6.612991403673620E-002
  -3.37736893685443     
  -3.19409711740071     
  -4.03744414749054     
  -58.9105406566287     
  -5.05946432737655     
  -59.4638757422965     
  -10.4396613619347     
  -29.0877224789071     
   31.7204409119440     
   15.6669894737469     
   9.82989414835917     
   7.04905393234401     
  -48.4246163390984     
  -20.7980689385618     
  -51.6988892622649     
  -15.3898946190144     
   2.57200628104697     
  -12.2351266972594     
  -33.3840384974492     
  -10.3396928351999     
   44.0915155279630     
   17.8922415689486     
   5.29204684965520     
  -22.2295380589687     
  -28.2298453238730     
   37.1831734138686     
   45.7766599875360     
   15.0679206483581     
   1.85347334888991     
   30.8995306665223     
   31.4785257083943     
   14.7105671718635     
   21.9947942212781     
   12.5716136722823     
  -5.92260500442026     
  -9.17866148259345     
   18.5758562323420     
   8.38294742999625     
   29.6831213525773     
   11.5160075341356     
   44.1581746233307     
   18.0034954306385     
  -27.3367533494998     
   48.5540823470507     
  0.633261267936322     
  5.343596501887671E-002
  -5.05452126641794     
  -59.4699849818228     
  -33.9845218951371     
  -2.89605265299498     
   12.8966788612208     
   39.6292434328919     
  -51.6989297080451     
  -15.3902003055282     
  -15.9570955337527     
   5.21547274418565     
   37.3651132371422     
   27.9251781886491     
  -9.92909836888004     
  -8.20375059555708     
  -52.0323176083446     
  -15.1841620674194     
   66.1319813727466     
  -48.9362740110454     
  -12.3033414211221     
   25.2681296678492     
  -15.9668765166502     
   10.7044791972561     
  -38.7340214013701     
  -20.5324321187387     
   1.45629965886199     
   3.59672937966083     
  -36.6325831488117     
  -7.33476809989849     
  0.554983314951434     
  0.300138006799275     
   8.37533945911882     
  -48.9847144151650     
   37.5190335505767     
   28.0672078239738     
   1.35968249396945     
  -15.2038809288012     
  -23.4216701761782     
  3.305541473300406E-003
  4.149075032602894E-003
  -22.7745317502557     
  -49.3537876134240     
   21.9527470603090     
  -27.1270972080203     
  -4.15499606787546     
  -2.41823455361698     
   19.0269903155064     
   43.3867966212381     
   44.7561807373228     
  -33.0809293655839     
 -1.464815906467182E-005
 -1.279850091455985E-004
  0.163018816560561     
  -5.76904989412204     
   43.9302081260455     
  -40.4918601194103     
   43.8571683647713     
  -41.4930887896419     
   21.9519574783208     
  -27.1270333031068     
   14.0493208565175     
   30.4700930826460     
   5.02965933610691     
   8.12011656560866     
  -6.88325590625580     
  -53.0486545644335     
  -21.0470484184501     
  -48.4808084600388     
  -9.16206482596382     
  -6.23967296318762     
 -1.735087386623566E-002
  -33.9217693492600     
   10.5176423769981     
   44.5967981138253     
  -16.6799995494604     
  -12.7047174479472     
  -35.8295697174427     
   18.1896366863815     
   7.15283480692625     
   45.1369965514598     
  -23.5605450786778     
   22.4043002145860     
   12.7290399765141     
   29.2107311881781     
   1.97927639142629     
   24.6401854338064     
  0.792915110080177     
  -11.8463132035589     
   8.90066585177632     
   13.7898947213989     
   10.0927808163059     
   28.7584659714656     
   10.5511795346453     
   44.6209785527193     
  -46.1709988782472     
   28.5566157760306     
 -0.848723988229350     
 -0.228401214511512     
   43.8575629104755     
  -41.4931619673064     
  -29.4420312563308     
  -21.4671863263891     
   33.4446785550719     
   20.0120862280724     
  -21.0408178783763     
  -48.4766330370461     
  -15.6156147218844     
  -9.88401817827166     
   20.7524726385840     
   38.8124583674531     
   24.2889931645323     
  -22.7000947687525     
  -22.7746673017569     
  -49.3537461863753     
   82.8731729768401     
   17.5304021975544     
   34.5006003182491     
  -15.0363686923988     
  -20.0079790391171     
  -5.66352454293252     
  -14.8369151245642     
  -41.0092638146157     
   2.67399082189260     
   1.64865133293588     
  -17.0348813653715     
  -30.8483978128230     
 -0.890968758714084     
 -0.164672323348143     
  -45.2343882627057     
  -21.8555533202882     
   20.9178394669489     
   39.1837778594830     
  -6.93722734057378     
  -17.0462645044985     
   25.8280199286343     
  1.354303346341780E-005
 -4.900474318720424E-005
  -13.3714256609426     
   52.1383577279064     
   28.4333850436202     
   21.0952696628667     
  -4.30599656111830     
   3.29714861886965     
   12.4217594887294     
  -45.3834382598396     
  -61.3955326211687     
   2.23359694455613     
 -8.893625872809710E-004
  1.153730965470713E-003
  -1.32462796960328     
   5.65832165313761     
   51.2636837123749     
   28.0150256402298     
   51.6243648846793     
   28.5411245100198     
   28.2376768607124     
   21.1312912930014     
   4.45764870626445     
  -31.6283178298637     
   4.62458264338263     
  -8.11644562343967     
   10.8011482704906     
   54.8954489703353     
  -11.6682966371927     
   50.5040046288019     
  -12.0505729746064     
   7.89842803735217     
   30.1822326118413     
   34.0429872789459     
   2.42241327126397     
  -46.7631852747746     
  -21.6028132709491     
   8.70129929904268     
   50.0846713158079     
   14.2295182345406     
  -4.55535353731898     
  -45.3914825772729     
  -14.4394466187213     
  -23.2430458092192     
   3.57510600687319     
  -30.7131214866830     
  -2.72988374701033     
  -25.1768618635843     
  0.622504531716179     
   11.1924797922679     
   4.30183730916217     
  -15.1637633288713     
  -1.64416340549683     
  -29.4519944295295     
   2.56959666309677     
  -46.8886012289391     
   52.6449061540828     
   14.0859784100105     
  -1.66184468501540     
  0.602024832155552     
   51.6244029410491     
   28.5410958172845     
  -24.6374094308848     
   25.0181287628796     
   33.7329346227906     
  -25.1495594429789     
  -11.6403327957446     
   50.4817217536161     
  -14.2888323548056     
   12.1115527277372     
   15.0706496241623     
  -41.4104302979786     
   29.9925466480958     
   15.8980766757039     
  -13.3715037848944     
   52.1383872724643     
  -72.9514176965881     
  -12.3362170589839     
   39.1124033084566     
   4.91960504064107     
  -19.2403299782227     
   9.10059720530199     
  -11.1165070869817     
   42.0840273990790     
   5.26135625256833     
  -1.23472931470866     
  -10.4072389062411     
   32.8923826350987     
  -1.71279802635955     
  0.526287863424759     
  -47.4357629498993     
   15.6151956014244     
   15.4693544620425     
  -42.1464000794479     
  -17.5089572452487     
   19.0481933124753     
   20.0390641036234     
 -0.705022998284568     
 -0.346366827784769     
   47.3704610078586     
   21.2907109263220     
   24.5452892001435     
  -24.8952981388624     
   1.27597128841052     
   3.73898399411677     
  -44.8771678159963     
  -24.0692767867364     
  -9.81839838286760     
   59.1799753812738     
 -0.289429607071330     
 -9.609643519253737E-002
   3.46434806824318     
   1.04733813143059     
   35.1865833562042     
  -46.2772873645122     
   35.9259124136051     
  -46.6437526185153     
   24.5452898235854     
  -24.7653907853789     
  -32.6584847232216     
  -12.6605753580405     
  -10.3430629850351     
  -8.15853776250809     
   53.8050976350348     
 -0.830971452723787     
   46.2476779328931     
   19.4906572950161     
   1.72653507947265     
   11.3229833291800     
   37.5009965988729     
  -24.0730567818732     
  -46.8992251605801     
  -12.9992438075412     
  -2.00715699355396     
   20.7599748830331     
   21.8091184814756     
  -47.4449936119532     
  -46.8869108129074     
  -5.87560302841982     
  -27.3806321190868     
   8.24116591678735     
  -32.4989269424882     
  -12.2064096482257     
  -26.6048006051758     
  -3.35425395998907     
   9.34184189334035     
  0.234666860230241     
  -18.4710226948331     
  -9.23485396062972     
  -31.0098717060195     
  -5.81410954896813     
  -47.0869566461569     
  -13.3284068045255     
   22.1345776456078     
  -49.9470922271457     
 -0.771379133114206     
  0.753504143671679     
   35.9258949414578     
  -46.6442634578734     
   17.6631770985506     
   27.4749408978817     
  -19.7378828049607     
  -40.5458569865230     
   46.2313249488312     
   19.4613789695834     
   7.69815481088668     
   15.0234185823063     
  -40.2565297802658     
  -25.9237359240126     
   19.6786535688930     
  -27.5441280741170     
   47.3707004263693     
   21.2911706399646     
  -32.5324981296273     
   66.1988705079840     
   10.8081416556964     
  -38.8094742305460     
   3.75375839739286     
   19.4371145466039     
   37.5405714486012     
   17.3711170607814     
  -1.73775327717184     
  -6.78938142984042     
   29.1434440623627     
   15.2455633815409     
 -0.818998766782742     
  0.775824822223813     
  4.773058972090824E-002
   47.2688078826154     
  -40.5454564820654     
  -26.1575015176504     
   17.7637153498974     
  -5.86249865437428     
   29.6021610132493     
  0.293223055105442     
 -0.241507021832265     
  -30.3280443854068     
   43.5867347322662     
  -32.2059681103124     
  -9.01905124820341     
   1.31848628401416     
   5.51118308436507     
   31.0942467571056     
  -39.0570559454773     
  -47.1018353334268     
  -22.2640220985208     
  2.416438677348247E-002
 -4.999749657358880E-003
  -4.86458785979613     
   2.10047278868887     
  -51.6360708675325     
  -22.7238238943776     
  -52.3941150769884     
  -22.6747499081745     
  -32.1196096674776     
  -8.86029059160093     
   24.4620608599869     
  -23.8026896856084     
   6.17603470348099     
  -9.65446262785753     
  -47.7419367182684     
   25.5187956439523     
  -30.5716963560428     
   40.5781353493790     
   4.12248225826638     
   13.2893508375076     
  -43.7289003480366     
  -2.88637629202079     
   37.4165279857624     
  -29.4412892107831     
   11.4547146861608     
   20.5617489876156     
  -39.9384536055738     
  -30.6468521736547     
   40.3418352001640     
  -23.7623704043488     
   33.5741003848651     
   8.92598045564220     
   24.6784114107952     
  -22.5935742397169     
   23.2670221979208     
  -12.7069070908538     
  -9.00833927735310     
   4.53352331780175     
   13.4498306201192     
  -13.5643773417832     
   26.0371785449089     
  -16.9598356067913     
   37.4269071949729     
  -29.5936545308622     
  -41.1129488094701     
  -32.3270875674531     
   1.60142215497526     
   1.84892945774768     
  -52.3940892963793     
  -22.6749941304931     
   1.90962243821183     
   36.9146671442900     
  0.968920996690190     
  -42.9359217763565     
  -30.5677953637354     
   40.5442416818167     
   2.61985124552993     
   20.1157247841243     
   25.6427513183208     
  -38.3891104628445     
  -29.0929007870716     
  -13.4349363876187     
  -30.3278874792890     
   43.5876390544341     
   60.0901554174027     
   47.1424119899472     
  -26.2356739641861     
  -27.7907199100916     
   6.84447604115674     
   21.2633308652807     
  -25.7983328491218     
   34.0500166705261     
  -1.12802864833313     
  -5.23448816210511     
  -16.9644923206549     
   29.0987350283956     
   1.86389918137000     
   1.87279874914794     
   20.7653450786068     
   45.1196657146046     
   25.8266923072903     
  -38.8604721862310     
   19.7406623147593     
  -20.3961888263369     
  -15.0255845051089     
  0.997958281450198     
  0.594844258588399     
  -51.3130010363093     
  -10.5170199933274     
  -20.9666703374696     
   28.1453378716827     
  -1.77540889334763     
  -2.96060107395714     
   47.0193197814703     
   20.2226329917340     
  -23.6581305963171     
   49.9573405104885     
  0.678770223095219     
  0.341756375553473     
  -4.47937329891026     
   1.57270804426869     
  -27.6862025003636     
   52.4286131653540     
  -27.9830560046655     
   52.7808693255648     
  -20.9663571015679     
   28.1394285508632     
   34.0865708524168     
   10.0407942071426     
   11.3217556720138     
   5.07962725022556     
  -53.7410847674993     
   6.60766266059909     
  -50.3346933355994     
  -9.50425318782707     
 -0.808406288296405     
  -9.23874023284151     
  -36.4368964212916     
   14.4254656985563     
   47.6499021207169     
   6.39370085619252     
   4.92786754454629     
  -21.2383942584347     
  -22.2342298423247     
  -25.6646070902108     
   47.3256294307908     
  0.998775578127674     
   21.2443162927428     
  -25.1727162872467     
   33.9773384266164     
   9.34908791166600     
   26.4574838810447     
 -0.556361168911718     
  -9.61873895720013     
   2.88600493634969     
   20.3167488483406     
   6.16019274034299     
   31.9358506991210     
   3.49410052223357     
   47.9212403092914     
   6.65377410629398     
  -10.3601930378479     
  -48.6737674646820     
  0.972998233946730     
 -0.329571231259529     
  -27.9832936764003     
   52.7910819432106     
  -21.9949867872418     
  -24.1050036070361     
   19.8942420398661     
   34.9559165536388     
  -50.3244375522545     
  -9.49419161515442     
  -10.0903559807345     
  -11.8753373276173     
   41.9913442420698     
   21.5155991876307     
  -17.1614402583797     
   29.6401848111089     
  -51.3102113879772     
  -10.5210598276449     
   44.1209315172695     
  -65.7986485572009     
  -8.36015222225141     
   38.8607305150995     
  -7.08361519083067     
  -17.6412756657041     
  -42.0742924554814     
  -4.04222031475122     
   2.24222301539203     
   3.88358187991382     
  -31.8497166787111     
  -9.79449610980915     
  0.978875363078909     
 -0.332741745745109     
   3.61317627541130     
  -48.2005498589595     
   42.6436354534570     
   22.0918940419084     
   18.4937714881271     
  -13.5785067465153     
  -25.3776756533801     
  0.706352724935359     
  0.576428923887129     
  -41.4251326363765     
  -31.8561573351496     
  -28.0542642511600     
   18.8049292574326     
 -0.118293949891738     
  -4.92075395795923     
   41.0080099234376     
   30.7342671504560     
  -38.6809624655424     
   35.8303258582533     
  0.238175584525506     
  0.107969964154138     
  -4.96958065596164     
  0.399251851764224     
  -42.7667189156429     
   37.7457050358300     
  -43.3561402805327     
   37.8866699799202     
  -28.0180885378190     
   18.6400435121368     
   30.3719031327071     
   17.6499166160922     
   9.06036463463015     
   9.16595234589172     
  -52.6637991001044     
  -9.89397166969275     
  -40.8398764126679     
  -28.9894152139240     
  0.842871105864535     
  -12.2700970165029     
  -40.8626018964981     
   16.0845897368713     
   44.3180909294807     
   18.9528652096278     
   6.20914317027312     
  -21.0084417462942     
  -29.6009076267249     
   41.8273533401630     
   45.5213603130253     
   12.7125379794854     
   29.9495705495824     
  -17.2053502160627     
   30.2807014367727     
   16.6691492611383     
   26.1584855291394     
   6.54162062836355     
  -9.59223674094356     
 -0.803259589193831     
   17.1204220392713     
   11.2337673146768     
   29.9090636112099     
   10.2519243573182     
   44.3851004106175     
   19.1448617133033     
  -30.3071078119362     
   43.9042071625810     
   1.28445176336597     
  -1.37710548689547     
  -43.3560727512154     
   37.8869514134316     
  -8.38957740387637     
  -34.7671051813556     
   13.0116007429764     
   42.6073006773087     
  -40.8255527597361     
  -28.9584182431444     
  -2.99198910581600     
  -19.0260983272336     
   35.5559132234352     
   31.5496098738976     
  -23.8638999668348     
   22.1851039049228     
  -41.4252475235185     
  -31.8571666039487     
   45.4596758734183     
  -59.8201626279187     
  -17.1635153043345     
   35.2888486699945     
  0.785408646889989     
  -21.4403819653780     
  -34.3090784150229     
  -24.0349182322040     
  0.661138088609057     
   6.61967703105107     
  -24.4600593810745     
  -22.0498023978239     
   1.47194526842220     
  -1.45797103551220     
   8.66432372895580     
  -47.2577605650731     
   35.8102906661934     
   31.8792030653235     
   17.3332516585979     
  -12.9420753792109     
  -25.5466237796088     
  0.476691723840283     
  0.221114110295055     
  -39.8583355273963     
  -34.0472357682833     
  -30.2084443501854     
   16.7563270590805     
 -0.239052186409770     
  -4.56478055979850     
   37.0411993581712     
   33.7068509241070     
   25.0438027355912     
  -55.6688058811622     
  8.640822170032206E-002
  2.199966622368806E-002
  -3.04848005004652     
  -2.83492741669079     
  -46.0827656425436     
   34.3504701379624     
  -47.0308852062929     
   34.5382837826500     
  -30.1796713708980     
   16.6217595850886     
   28.3627224902169     
   19.4981231784316     
   7.91382555687273     
   9.25218415246730     
  -52.1166288552514     
  -14.2578082770097     
  -39.2397941685917     
  -31.9662382161961     
   1.27782908280604     
  -12.6814413165780     
  -42.5024569947348     
   12.5839796501820     
   41.9423832595290     
   23.9336988004453     
   7.28429293104807     
  -21.1437748417412     
  -33.2724494850173     
   39.0493442060666     
   43.8217913747869     
   17.0834587467108     
   28.6943167886415     
  -1.76753652022735     
   28.3306754587257     
   18.8317925149499     
   24.7985374533721     
   9.56981553137263     
  -8.97312095097671     
  -3.50323184907353     
   15.6766023142598     
   12.1664265948734     
   28.5134753025621     
   12.8434630556511     
   42.0254044638418     
   24.2401771310477     
  -34.1881157837653     
   41.3080286972521     
  0.951150061285244     
  -1.15595607024131     
  -47.0310603513982     
   34.5385210377692     
  -9.63396184144576     
  -32.0944384485962     
   8.61048422195746     
   42.9805417672252     
  -39.2266365788166     
  -31.9171603865703     
  -3.41880444597651     
  -17.2526547596492     
   32.1321146832072     
   34.2686116718565     
  -26.2003891084034     
   20.5710696964773     
  -39.8587600497339     
  -34.0474609821137     
   50.4530924532991     
  -56.0123078704378     
  -20.5278242073302     
   33.6120500819418     
   1.52145106397701     
  -20.4066329151362     
  -31.4558368225822     
  -27.6484535521843     
 -7.376748466590624E-003
   5.93920099290695     
  -23.9201926296221     
  -23.1898460294147     
   1.02429154331970     
  -1.16714287262287     
   11.8142056763587     
  -47.1865154240789     
   32.3950360813219     
   34.6425328741261     
   16.7314341199470     
 -0.487736533246682     
  -30.9121313592492     
  0.123854434381815     
  0.109946514198844     
  -21.7020956238478     
  -48.9603768716739     
  -33.3711399282533     
   2.48932365888223     
   2.29670880824411     
  -5.56134410605684     
   23.5240104780916     
   43.0956641946743     
  -50.4981744879431     
   12.6228746214336     
  5.780497531921331E-003
 -1.628983110230234E-004
  -4.49083009031318     
  -3.48465166015670     
  -54.9992902849155     
   12.2489719690593     
  -55.7438649921725     
   12.0562053125539     
  -33.2501343569250     
   2.34000181877066     
   19.7510031098717     
   27.0615933102930     
   4.21376520056560     
   9.74072432459378     
  -42.3719500183756     
  -34.3528092760243     
  -22.4956783007927     
  -45.9916554420938     
   6.26390455010590     
  -13.1906160312914     
  -43.5518393449277     
  -5.68784755716303     
   31.4727874261562     
   35.1972723949971     
   14.5416393486441     
  -19.3445490682370     
  -44.8807962580998     
   22.2589144176215     
   35.4180784924522     
   30.1058820935769     
   34.5641287141472     
  -3.12313352042233     
   20.2113313034993     
   25.7138718025429     
   20.5329503999923     
   16.3051642121481     
  -8.12237112946512     
  -6.60199386649325     
   10.6362619789942     
   14.7536793558146     
   22.5657237124010     
   20.8000389767976     
   31.4577963299071     
   35.3296684523148     
  -46.3498220987699     
   23.6935400263553     
   1.88518597809181     
  -1.90168593174096     
  -55.7433896575654     
   12.0566060064341     
   8.58271268519839     
  -36.5122671672618     
  -6.67506735275897     
   41.6282649902031     
  -22.4994676847667     
  -45.9627710385787     
   6.23099233802090     
  -19.7579511383889     
   18.3572839055886     
   41.4918277947401     
  -31.0901697006255     
   7.40181655471517     
  -21.7015749155990     
  -48.9609916321523     
   67.7033304641186     
  -36.2810815751388     
  -30.8367950373195     
   22.0043669159599     
   10.5779238894839     
  -20.0700924580803     
  -19.2185878177009     
  -38.7412983962988     
  -2.04730360743089     
   4.34726087439638     
  -11.2936920786653     
  -32.1464535541680     
   2.17259609016307     
  -1.87271447857233     
   28.1053556659322     
  -41.8000104841897     
   18.4661464083407     
   42.0784213734556     
   8.40485132326890     
  -28.2893567345463     
 -0.562246703413577     
   1.10754622011557     
 -0.887199839954186     
  -49.3932455795039     
  -18.2921749609494     
 -0.589329683755835     
  -36.3120339563345     
  -3.69483254740490     
   1.04651117654114     
   48.8444394393673     
   12.0077552315228     
   6.89674274244188     
  -55.8841036476140     
  0.203520879483653     
 -0.109977437564532     
  -2.19719273482474     
  -7.47092124881018     
   6.35472480599660     
  -59.9109995010019     
   6.27906937698418     
  -60.0556858724008     
 -0.710009361998889     
  -36.1593825566105     
   32.4909946387938     
   10.5186551334359     
   13.0355622642955     
  -2.11929316617334     
  -37.9096212068183     
  -40.5477285993686     
  -46.7516648543639     
  -19.3999580919045     
  -9.54080454269374     
   3.89448921853300     
  -10.3099079368359     
  -45.1513998351370     
   41.6968985190204     
   22.1829179849217     
  -14.3355481118382     
   11.0150755924433     
   17.3736762478184     
  -52.3099284779408     
   37.5769782927610     
   26.6352957243912     
   3.03346213846408     
   32.2173630509063     
   31.5787613040913     
   10.7181011708038     
   20.7634850335373     
   15.3643503355981     
  -5.85821319219444     
  -9.81049907572652     
   18.9745730286230     
   1.32017297141323     
   26.2407530122147     
   15.2797801986440     
   41.8547053490461     
   22.1317686523707     
   18.7219591310515     
  -54.4272284883986     
  5.143820694832573E-002
 -6.195633060809328E-002
   6.27915523666942     
  -60.0559004078621     
  -33.0271775962161     
   10.1097954237054     
   43.1235467386255     
  -17.3266560790654     
  -46.7254262761921     
  -19.4034166322285     
  -16.9229440385529     
   6.35952553273912     
   46.5240178573184     
   7.24406068801217     
   4.52107093284796     
  -34.9324229256923     
  -49.3956132824439     
  -18.2887659247738     
  -25.2412648833505     
   64.7923299296485     
   19.4702179942998     
  -37.5181507666323     
  -16.8149062151296     
   10.9536937374118     
  -38.9659004863964     
  -17.5510293639738     
   6.59019827671875     
  -6.59113772789497     
  -31.7038999407239     
  -9.66691766101718     
  0.107214167299510     
  9.670104601451751E-002
  -34.3969758648534     
   29.2927226402621     
   47.0228628986747     
   7.25123071460597     
  -12.4816418307995     
   23.9972342586927     
   10.5731619964690     
 -0.507283089198539     
  8.887386060241999E-002
   51.2608238038950     
   15.7657295992898     
   22.4818023734443     
  -24.4396010359779     
   2.12867318314222     
   3.64015095261112     
  -48.2507387123441     
  -8.07756277189397     
   23.5529905064897     
  -48.4266887492478     
 -8.841336361466834E-002
  8.171308833028039E-003
   3.31969607638409     
  0.454495596782668     
   32.1328878032474     
  -47.8994117447292     
   33.7354183535561     
  -47.9492470943283     
   22.4817927491054     
  -24.4395595941321     
  -34.3833931827831     
  -6.22335365837903     
  -11.5752348353760     
  -1.96115015785302     
   48.6559270212057     
   14.5227302583443     
   50.2172759452396     
   14.3102459137699     
   5.06294220639520     
   7.44057990292662     
   32.5571998080320     
  -4.15968751913325     
  -46.7576357718263     
  -1.01040714697206     
   17.4488789834715     
 -0.575347487235968     
  -8.33896695099885     
   42.2209675767042     
  -46.6498345030833     
   2.99711717136905     
  -19.2067923724106     
   27.5906442766767     
  -33.7000857653418     
  -5.72616529492587     
  -25.6160248759836     
   2.75634148033429     
   9.58063690635819     
  -1.70769416570937     
  -18.6798769925620     
  -4.21789415168798     
  -31.5696691324609     
  -2.99668689095169     
  -46.7912431477359     
  -1.03867723140324     
  -16.4253462671064     
   54.1047660587263     
 -0.294907010872250     
  0.529448486769738     
   33.7344321815350     
  -47.9600011186697     
   24.8149987605004     
   25.8498730134013     
  -29.6344270344450     
  -26.7477592908836     
   50.2105737179892     
   14.3024872664473     
   11.0438405519504     
   13.9966756749121     
  -44.4980603399205     
  -10.8989558739911     
   16.3290368003701     
  -26.3955114250768     
   51.2617395634060     
   15.7667727135823     
  -40.4202088956111     
  -75.0547514659122     
   4.60170174645153     
  -35.4696717636540     
   7.64223210423677     
   19.0008146263837     
   42.0310894738212     
   8.51047203449997     
  -2.89636161873904     
  -1.22202831367769     
   32.2966177805171     
   12.8541190789247     
 -0.354091657860797     
  0.618466507359662     
   44.3334538222811     
  -16.5564809225677     
  -44.6305895423847     
  -10.9356842279576     
   11.5923734007971     
  -27.6467617454722     
   9.21947020312049     
  0.474315664947175     
 -0.124141246815660     
  -53.1328248585671     
   3.84052818817057     
  -16.5037261500568     
  -29.7288377194011     
  -2.75809770148094     
   2.76361596218907     
   49.3752738015114     
  -7.20123420429551     
  -15.3257768532302     
  -52.6248145008839     
  0.167332326139860     
 -2.045009620914287E-002
  -3.26836220404824     
 -0.955455340724908     
  -20.1729061297114     
  -54.8354969826309     
  -20.5267580404781     
  -54.9750115754431     
  -16.5027987093251     
  -29.7277899195109     
   35.3569757701007     
  -2.76155342321753     
   12.0027436544823     
  -2.13053314001164     
  -50.2305437843350     
   1.62371921553070     
  -51.5920469486493     
   2.41144259676054     
  -6.47000370982213     
   6.69185373134879     
  -30.1930512038719     
  -13.7842861243214     
   46.6022069341448     
   5.79953314569843     
  -17.4689006852196     
  -3.74581449739256     
   1.38722598772116     
   38.4916645781432     
   45.4905130671932     
   10.5409838960117     
   13.7741175016958     
   29.9639218194013     
   34.3460359841572     
  -2.15986258471881     
   24.8024254928723     
   6.93994858284484     
  -8.70244812374665     
  -4.40099988047616     
   18.9571494625228     
  -3.71430100215214     
   31.2815914076415     
   3.16381602466441     
   46.6625903414337     
   5.74824350646712     
   8.82381811036826     
   53.3861049258263     
  0.222389135976740     
  0.199899621432945     
  -20.5251774764500     
  -54.9820749469267     
  -29.4978744904047     
   20.3378363614442     
   33.7526693598306     
  -24.6969409730130     
  -51.5721263958319     
   2.39683794131406     
  -13.5672088175805     
   11.0586128629474     
   46.0573422662713     
  -9.27244574400711     
  -10.3196193836186     
  -30.8342909409419     
  -53.1328855503851     
   3.83998308638540     
   13.7877998844818     
   76.0797556024951     
   4.47294049379264     
  -38.7967869297863     
  -11.0070132487318     
   16.8345475284451     
  -43.0205777002464     
  0.439592216439050     
   3.76734807244803     
  -2.50401624532266     
  -33.8008580903366     
   5.03711423505035     
  0.250415390510574     
  0.252846254048399     
  -41.7700222063983     
  -23.0607051939493     
   46.6363772670046     
  -9.66323132327972     
 -0.494539648966675     
   28.2869756526783     
   9.97205515723023     
 -0.446465203883240     
  0.254202749650960     
   42.0947652195811     
   33.0858742398450     
  -10.2437492418073     
   34.4728558356809     
   4.78915822886660     
  0.146843696545158     
  -39.7664964082735     
  -27.6050743002224     
  -23.7725877408717     
   50.3049699791448     
 -1.763618301997165E-003
  2.674613325821504E-003
  0.982856886482080     
   7.74303825847016     
  -24.2256071477693     
   54.5326029408420     
  -24.1846898558103     
   54.7208676451222     
  -10.0587531074432     
   34.3594635758619     
  -25.3149295884202     
  -20.7585947051082     
  -10.8989865905244     
  -2.18439964159801     
   23.8733843836135     
   50.7748604499189     
   39.1086417401601     
   33.2633378776946     
   12.4304828413421     
 -0.224935856277245     
  -3.86951431236302     
   46.0470669167355     
  -30.6757203801691     
  -34.8740812844651     
   19.8902335941845     
  -4.69057956873386     
  -32.2464801541662     
   43.4566528448651     
  -25.3307356017104     
  -37.7467391713362     
   8.82260797697160     
  -31.4341091658966     
  -23.9042880309314     
  -20.5106874136158     
  -13.4999685204047     
  -21.3898930646354     
   3.58387466621897     
   11.2259051203613     
  -15.0212606358117     
  -7.25622667401415     
  -18.2232349020440     
  -23.2552263030232     
  -30.8030870260664     
  -34.8731114305894     
  -34.2771225462994     
   44.9901725284863     
  0.882436963174448     
 -0.150308406349555     
  -24.1848994117102     
   54.7208868658645     
   35.9082223101557     
   1.21179915467739     
  -44.3886838531144     
   1.78920177960264     
   39.0769484880930     
   33.2579697201765     
   19.2383755189047     
 -0.554919455098862     
  -39.2479543275318     
  -22.2754001583345     
  -14.5168876054291     
   31.5074516512157     
   42.0953665145316     
   33.0857755028349     
   48.2086298222222     
  -52.0909626899607     
  -29.2549864024137     
   28.8526253195004     
   20.5904440730268     
  -4.88899267542527     
   32.4436295991794     
   29.2151623881591     
  -7.05997975570623     
   3.65423243754175     
   27.9245901012415     
   19.2728981021434     
  0.895977098399577     
 -0.355255791587716     
   44.7370909348401     
  -15.4102106981436     
  -39.9631989728610     
  -22.5399357370513     
  -3.99486710658621     
  -9.76460178784204     
   29.1387589775122     
 -2.424382503430648E-003
 -8.854797668794101E-003
  -5.58394322372325     
   53.4104930273281     
   30.1043697135080     
   18.3261042159021     
  -3.02452256999576     
   3.44259725855180     
   11.1374989918889     
  -45.2520681851931     
  -59.3094308339627     
   8.46712629984195     
 -3.340002715448338E-004
  1.539161341366045E-004
  -1.88892106882734     
   4.27805963196853     
   55.0004750989493     
   22.6993642412144     
   55.3368203499885     
   23.1591140041850     
   30.0974609944909     
   18.3289544254953     
   5.12272434973669     
  -33.1245658947406     
   2.94518183717310     
  -9.28657602033418     
   10.3999234014032     
   51.4272775627767     
  -4.62220889937180     
   52.0681969399364     
  -8.69370732765058     
   9.41585335092824     
   13.1395200569135     
   30.4116984543289     
  -1.08803085722834     
  -46.8316955986458     
  -14.4022375510559     
   16.5499963152638     
  -35.0232660063335     
  -15.3788731824779     
  -6.72972658705704     
  -45.4834104569735     
  -15.5183724205456     
  -20.8988379283019     
   4.08809295343486     
  -31.6518079181070     
  -4.45138395634092     
  -24.6473255652847     
   2.15265221073698     
   10.9247629599750     
   4.89647830692683     
  -15.2938047545795     
  -1.28286214163940     
  -29.6527222078000     
 -0.972514013485573     
  -46.9515032048279     
  -49.3414104302453     
  -22.0309614441117     
 -0.716948476852157     
  0.430416633578978     
   55.3379463280517     
   23.1581317411997     
  -16.6949106504186     
   30.5180647124466     
   28.2683872914648     
  -28.6355830039406     
  -4.61227011389366     
   52.0568834827797     
  -9.60956058756475     
   14.3652623361265     
   12.7253946971630     
  -43.0228397732667     
   31.3216082291670     
   13.3219009995153     
  -5.58386636961972     
   53.4104773552898     
  -73.0273348303520     
   12.9233832096670     
   39.5916726561430     
   1.53773778386752     
  -16.5801757944140     
   11.1939878856826     
  -5.30654974024671     
   42.7106233803551     
   2.78153778033714     
  -2.86691198466106     
  -5.41107869145486     
   34.4162624965311     
 -0.725958563022496     
  0.417723115414189     
  -39.4839596572251     
   32.2402132874323     
   13.0823036988415     
  -43.6751091917130     
  -12.5656928656488     
  -5.51187850790202     
  -30.6202331529076     
 -7.190584411390200E-002
  2.618173089286055E-002
   9.49119897580578     
  -53.0155504538900     
   33.7051593126385     
  -6.85079864541119     
  -3.07512780906571     
  -4.99342533443820     
  -10.5271316898883     
   46.2491764342712     
  -55.1277350913424     
  -29.6958743345555     
 -1.751052648042329E-002
 -1.382580018250093E-002
  0.311464493238044     
  -5.81190326355394     
   56.9744716117962     
  -3.06242121709540     
   57.7969634201332     
  -3.47277534926713     
   33.5961230668658     
  -6.93369667573093     
  -11.6444851886415     
   30.2115956400284     
  -1.05401367765976     
   9.41108078750258     
   31.9966315439220     
  -45.0486613084920     
   10.3291155300275     
  -50.8125682043645     
  -8.86207696763204     
  -12.1998989443037     
   40.8479995700764     
  -17.6936600241069     
  -19.7420016886632     
   42.7599945666329     
  -18.0977274026385     
  -16.5666616896500     
   49.6969661425098     
   8.70493310701045     
  -25.4868702587496     
   38.2852897655598     
  -23.2654727002235     
   14.9582064153016     
  -12.1098911743794     
   29.2403215483056     
  -14.4278663141164     
   21.2445047925799     
   4.55469690332708     
  -9.95538192889016     
  -5.31097607522719     
   15.9416500202990     
  -15.8585499206185     
   25.4403380730868     
  -19.6666089511077     
   42.9533103105320     
   51.8384094158844     
   9.83619821086903     
  -1.86741339759178     
  -1.49880502732015     
   57.7957357734559     
  -3.46981618870301     
  -12.4665242597674     
  -33.2389074269276     
   17.8895642997030     
   37.2553292232433     
   10.3637905700778     
  -50.7564985415690     
  -8.40849076397413     
  -17.2520664199803     
  -6.33423923488200     
   43.7948277154444     
   32.7993608965028     
  -1.31366572316390     
   9.49073042096800     
  -53.0163325574894     
  -72.2960415582921     
  -22.7291072383200     
   36.0716820545673     
   12.5082338636950     
  -14.1119629131520     
  -16.6761442686402     
   7.00602165719853     
  -42.9233721964022     
   3.10629637791479     
   3.04200570341149     
   3.95448996509068     
  -34.3271465825960     
  -1.99503992323393     
  -1.43746138716630     
  -37.6520727666166     
  -34.3512106963388     
  -6.31866065791719     
   44.5796029743303     
  -17.9722679086361     
   4.60990784916300     
   30.1750139517843     
 -0.334720525749443     
 -0.227386760433221     
   28.2108592699576     
   45.1722312563391     
   32.2702610068376     
  -7.47715685810287     
  -1.72076771047669     
   5.70295350949407     
  -30.2757560406273     
  -39.4714951363190     
   47.6868793718188     
  -20.0271375130577     
 -4.309072561546199E-002
  1.322301128081437E-002
   4.58497619549601     
   2.51938881810036     
   52.2053799261835     
  -20.3070133123989     
   53.0127102691499     
  -20.2182203619087     
   32.1777995144933     
  -7.31644273381908     
  -24.0180106158987     
  -24.1437638223535     
  -6.10804203745622     
  -9.51805658816121     
   46.4824803683974     
   27.6087719874638     
   28.5828115448892     
   42.1374066860303     
  -4.77171203095883     
   13.4879442512018     
   43.5337622997829     
  -1.04087742388468     
  -36.7434609597050     
  -30.2420819395950     
  -12.3735576619660     
   20.5693742763290     
   40.6578451934919     
  -28.9093507176513     
  -39.9149834224606     
  -24.4929825976799     
  -34.0986633694193     
   8.06700737035552     
  -24.2629935217160     
  -22.9594248158862     
  -23.1000337770267     
  -13.1418541915687     
   8.62919591838449     
   5.12370870789496     
  -13.3139218938040     
  -13.5912491065761     
  -25.8847433747619     
  -17.2300552001740     
  -36.7486511841899     
  -30.3883862172763     
   41.8702869107738     
  -30.5190462023014     
  -1.86114343255772     
   2.03728328108770     
   53.0144259861740     
  -20.2196129576423     
  -3.55277627076891     
   37.2055866845682     
  1.130429319789809E-002
  -42.6029883726180     
   28.5776611060885     
   42.0915564201123     
  -3.61353975140324     
   20.2995704311488     
  -24.8535620196945     
  -38.7072256005370     
   29.2400601984828     
  -12.0841374153354     
   28.2103170628126     
   45.1753018530210     
  -60.1989963614912     
   47.4716615374621     
   26.8097683349642     
  -26.5823941789591     
  -7.87510189364129     
   21.2666875198696     
   24.3169020332871     
   35.3655611330270     
   1.06857525063907     
  -4.90316625555491     
   15.5190448980005     
   30.0655632099917     
  -2.14101830484701     
   2.05532347247432     
  -22.5372090364304     
   44.7532798186530     
  -25.0278669375487     
  -39.1748735291023     
   17.6047663425158     
  -13.5801463535083     
  -25.1176382947817     
  0.571420268277424     
  0.234015369223205     
  -40.7260683361257     
  -32.8387895582437     
  -29.5302761658790     
   17.6758673056800     
 -0.287150732074359     
  -4.55518395626432     
   38.3710357101596     
   32.4518977704989     
   23.5673199742019     
  -56.3498235108824     
  0.130184407875197     
  3.231130636741243E-002
  -3.00425955275114     
  -2.70769512726832     
  -44.8176057485116     
   35.7641156032756     
  -45.7593394338131     
   35.9797211076671     
  -29.4978199846614     
   17.5433109496906     
   29.1561277316704     
   18.5695548951219     
   8.37458438733688     
   9.05864175457396     
  -52.3735943084040     
  -12.6272883682636     
  -40.0392464388630     
  -30.7611260214648     
   1.04009432635341     
  -12.6584951966981     
  -41.9238983946622     
   13.9388476925127     
   42.8595240779693     
   22.5326819942787     
   6.85032881558438     
  -21.2717516206954     
  -31.8169931600373     
   40.1125800749797     
   44.5070763024435     
   15.5527929900537     
   28.6654526369783     
  -2.44728851566891     
   29.1051016805336     
   17.9467808076263     
   25.2270853947330     
   8.75212433568174     
  -8.93902615817491     
  -3.21794395864630     
   16.2403616135375     
   11.7367875428570     
   29.0785249274076     
   11.8350037831563     
   42.9563962742926     
   22.8454775091047     
  -32.6582470719806     
   42.3924876787592     
   1.01982182532485     
  -1.18395645810238     
  -45.7593259014191     
   35.9797885795407     
  -10.4836164814166     
  -31.7918084432561     
   10.2018847432911     
   42.7172447737702     
  -40.0297490575084     
  -30.7311204775521     
  -3.82267529972224     
  -17.1531877327823     
   33.4589738753281     
   33.1821883441579     
  -25.3660692295973     
   21.3811796702297     
  -40.7261289672845     
  -32.8389548048426     
   48.1507408704215     
  -57.9443004703731     
  -19.2568782966561     
   34.2585740667666     
   1.02197550932756     
  -20.4552509116341     
  -32.1064186761946     
  -26.7124704654089     
  0.313721111635946     
   5.96994205836248     
  -24.4881271463460     
  -22.4641510853644     
   1.09003282933907     
  -1.19739719408940     
   10.6628237799296     
  -47.4281078480470     
   33.7223374476597     
   33.5253863595565     
  -11.5332531678290     
   28.5736190373092     
  -3.15653748580052     
 -0.468241909066899     
  0.121130256488472     
   52.8258156768716     
   6.80226171815446     
   10.5679366638614     
   32.6642781479560     
   3.19407272229479     
  -2.06412512020975     
  -50.0742534403165     
  -1.12915926474409     
   5.13193741321374     
   55.0535144648282     
 -0.191594610058780     
  1.735364424402028E-002
   3.14343491054479     
   1.81304407826625     
   9.32142166948122     
   58.1258343244930     
   9.57360206483489     
   58.2732959541072     
   10.5678372089189     
   32.6635533783173     
  -35.2872298694086     
  -3.27074778366970     
  -12.1205069140442     
  0.415123850195182     
   49.7456558245941     
   8.84449299778838     
   51.0602274094623     
   7.87174793737762     
   7.38768433584428     
  -4.84199555425756     
   27.2847104642474     
   19.5655990885445     
  -44.8165344566310     
  -13.9213485239777     
   16.1428130357811     
   8.48484222982009     
   7.58006533649929     
  -37.3881020549949     
  -42.9321291768334     
  -18.2540816577405     
  -7.97047886486243     
  -31.7325249739268     
  -34.2004823045486     
  -3.62919810278458     
  -23.1311546513326     
  -11.1623170753114     
   7.77099631961571     
   6.16827038358432     
  -19.3675109201658     
   1.03855969604510     
  -30.4205387071742     
  -8.10884541428808     
  -44.8872946057057     
  -13.8802639372809     
   2.83341228038719     
  -53.4820176023580     
 -0.200127251290576     
 -8.020512405011457E-002
   9.56104731961365     
   58.2883959051069     
   32.6127252955494     
  -13.9147889207555     
  -37.6755284313146     
   18.2414738359171     
   51.0408603686780     
   7.87819380060980     
   15.3295568127198     
  -8.01050467919674     
  -47.0407413438422     
   1.30133353210053     
   4.36682955555122     
   32.5986329674253     
   52.8261880912973     
   6.80232854986847     
  -6.23323883607598     
  -76.7363790017418     
  -11.6700638315409     
   37.6669284287804     
   13.9475476761443     
  -14.2186082301039     
   42.2245024345781     
   8.36636581641172     
  -4.05920856011840     
   1.97711376720255     
   34.0808031729088     
   1.81309242033503     
 -0.213052550914003     
 -0.138396205876044     
   35.6867387578987     
   32.4320087315540     
  -47.7687759526094     
   1.64883228985610     
   18.3423752644202     
  -6.65007232602495     
  -20.5650552797025     
  0.299986783080501     
  0.141482289609183     
  -31.4978179988002     
   39.8924498084168     
  -34.1441063089815     
 -3.408746366335020E-002
 -6.421809114482088E-002
 -0.382823494643952     
   36.0531208539380     
   30.7605579591326     
  -54.2581528365411     
  -2.25433435742634     
  9.358980994297883E-002
 -2.883844647434498E-002
  -5.21933194402767     
  -1.39966353969351     
  -57.4690302866858     
  -8.45314278780618     
  -59.4443518397329     
  -8.27157383921995     
  -34.1267803963480     
 -0.132864436301543     
   28.1253405685109     
   17.8154601361279     
   7.48033159756509     
   7.94750435070026     
  -42.0432159846675     
  -33.8250673258045     
  -31.5994302745029     
   39.9382809536138     
   3.89536022565146     
  -12.9501420163703     
  -42.6887082402655     
  -1.28729623767641     
   44.1418100049845     
   11.6489661990474     
   10.1538693167554     
  -22.0036690865202     
  -40.0922694949187     
   25.8004016211399     
   44.3707845364471     
   9.52560570194691     
   32.1357635435688     
  -10.6964387573624     
   29.0525093021028     
   15.6370014597791     
   27.7255861582852     
   4.23415862454187     
  -9.42671488660241     
  -3.18502368472337     
   16.0054806924060     
   12.5254841446322     
   29.2746026718509     
   11.9810603810548     
   44.0341038574581     
   12.9615123668847     
  -44.2011613394589     
   27.6714096903066     
  0.664559816372304     
 -0.327352641258344     
  -59.4445021386620     
  -8.27153568891010     
  -2.49601291863215     
  -23.4297591097958     
   6.80844535571121     
   39.9718082395522     
  -31.5996049872017     
   39.9382460601582     
  -1.41499644584618     
 -0.993607311283553     
   33.6119385465718     
   30.7950237070266     
  -28.8552073933861     
   7.01202307556126     
  -31.3823387710103     
   40.1873071517104     
   52.8755723228914     
  -56.8906443090709     
  -23.2365595547239     
   24.7543762472475     
 -0.456356500530064     
  -3.95094819016439     
  -20.0286087223398     
  -38.8346215277322     
 -0.437745881806370     
   4.02108527449394     
  -17.9453062673817     
   17.7850491800314     
  0.747895915614409     
 -0.297696639349105     
   16.9738198965536     
  -47.8760695833421     
   34.2786261947624     
   31.5265328785078     
  -15.1142492319345     
   25.2418896798634     
  -8.55891110302466     
  -1.07193258024665     
  0.632979514406419     
   51.6257353214711     
   2.44020112192411     
   11.9205767888226     
   34.3986353058805     
   2.43219478340984     
  -1.84763871642997     
  -51.0971099376286     
   6.70298317328018     
   14.6453210079695     
  -56.0365623671149     
 -0.673248272069306     
  0.193537019468938     
   3.32989627561705     
   2.00557891739605     
   12.6474129679055     
   58.7123059057133     
   13.0192964734511     
   59.0364024516295     
   11.9727035880615     
   34.2759810414761     
  -35.3122599448579     
   1.00321619594051     
  -12.9791991153765     
   5.61942160600779     
   48.4878430957885     
   24.6084113982169     
   49.9517320208608     
   3.54718864395112     
   5.85086192947407     
  -7.51039836378482     
   24.3397017036031     
   38.7311291046227     
  -48.5267855855518     
  -5.08197371807917     
   6.54731506201783     
  -16.9529448882881     
  0.831574731953353     
   54.4087460109689     
  -45.7916922227189     
  -11.3409554894839     
  -22.1136167754470     
  -16.8285271135321     
  -34.9990087396337     
  0.751405487302466     
  -25.9262214570222     
  -6.38945681309967     
   8.30979461517311     
   5.09510021340724     
  -20.4482666808169     
   4.20311331682557     
  -31.1221127907820     
  -4.93714565837795     
  -48.8685213601187     
  -4.81059593868594     
  0.124138149491512     
   57.1032383784759     
 -0.724112477416353     
  9.754998606655735E-002
   13.0147763990315     
   59.0444333434460     
   27.1542754848870     
  -15.8443638428325     
  -34.7470024364588     
   31.4995987471722     
   49.9420292565027     
   3.55641541761583     
   12.9412008284728     
  -9.11560045651419     
  -47.6449378979675     
   10.0828593676753     
   6.53264796121685     
   34.8871451369973     
   51.6291298444471     
   2.44560359308485     
  -8.66903013258163     
  -71.6065399431175     
  -6.10280304005422     
   41.8069742285217     
   11.2517666382625     
  -14.8538822305221     
   41.0984933809785     
   1.59346765058111     
  -4.65203293415170     
   7.38345989022371     
   32.6545837048816     
 -6.818581500742317E-002
 -0.744137245921439     
  8.168281243051487E-002
   18.8113697077838     
  -40.9392025727146     
  -47.9939557181474     
   10.1950547156529     
   11.6771818264191     
   6.69048703925474     
   30.2094851627320     
  2.096629945694104E-002
 -1.257002568333726E-002
  -7.46033169721768     
   53.2196722901733     
  -33.7267848403123     
   8.21994179175714     
   3.06596553473972     
   4.73355733272802     
   7.51977579172582     
  -46.9072535726766     
   56.1698914480888     
   26.7653599271616     
  2.612721515557388E-003
  6.481188203890633E-004
 -0.290734001679561     
   5.72019286847857     
  -57.2068814484772     
   5.54649754191551     
  -57.9466880605041     
   5.98552747525928     
  -33.5738425730689     
   8.32407059855942     
   9.61115237349571     
  -30.9309968313218     
  0.182294598940002     
  -9.52118049101229     
  -30.5727341720013     
   46.2088482399867     
  -8.39402424164541     
   51.0565798620947     
   9.04592632277648     
   11.6908387893200     
  -40.4189988836717     
   19.3572496476729     
   17.0846333742757     
  -43.8869730410189     
   18.3340686854649     
   15.6934353308438     
  -50.4985833225741     
  -6.72827838253265     
   22.9912215650606     
  -39.8094957266889     
   22.9244089082093     
  -15.8121289552387     
   10.1528868458720     
  -29.8986200263560     
   12.9930804237368     
  -22.0866708935012     
  -4.37674268806760     
   10.0117604282260     
   3.98040195537079     
  -16.1800777378682     
   14.0076012488884     
  -26.4772294143122     
   17.0007672102668     
  -44.0689039435664     
  -52.6680287823789     
  -7.82271524146792     
   1.70594652868631     
   1.28517399404727     
  -57.9470253070018     
   5.98469891015885     
   13.6580632819484     
   32.5087777732550     
  -20.1338183893079     
  -36.4498216190867     
  -8.41027574145297     
   51.0268738872106     
   8.89398976213325     
   16.7105865738790     
   3.52841199986120     
  -44.2781698673686     
  -33.0781063503241     
   2.72999443414504     
  -7.46003420046851     
   53.2198884556848     
   74.2348409986249     
   15.3571792674177     
  -37.0203097967565     
  -10.8983657374519     
   14.6060805642455     
   15.8692367983387     
  -5.46554058274928     
   43.0237110730696     
  -3.53228712405304     
  -3.02087019956404     
  -2.70730971930872     
   34.3362834030620     
   1.80221171560020     
   1.22500570140563     
   38.7817892716587     
   32.5130303254125     
   3.46191423778204     
  -45.0166385254071     
   19.5512106682930     
  -20.1495602944110     
  -18.1749435626396     
  0.551551746829864     
  0.276549835872969     
  -53.7980673858100     
  -7.55472077626835     
  -17.3036589466776     
  -21.9769522556626     
  -2.84831079440942     
   1.91306325981657     
   44.4988983757456     
   23.3236664457311     
  -27.8142783198197     
   48.3582069689232     
  0.489152083679395     
  0.206407810933295     
  -4.42329975591709     
  0.478091441732636     
  -13.0509087004477     
  -56.8530729342270     
  -14.4754309346698     
  -57.5947757328187     
  -16.2997153981260     
  -24.1427105126686     
   33.0731601550293     
   13.0011187079020     
   10.3191940608391     
   7.02745685719738     
  -51.2929471537277     
  -13.1730653606303     
  -53.7510987514796     
  -7.57612228253790     
  0.812501758378358     
  -12.8616003503693     
  -35.8930976088047     
  -2.36325595910229     
   46.0627893654783     
   11.7979942375503     
   3.20198736292455     
  -21.8576293892267     
  -24.8803138738456     
   40.9248222315338     
   47.0656886177297     
   8.76581513370782     
   24.4649351095827     
  -17.9430745129501     
   32.7365771064593     
   11.7891405305702     
   24.4295317972373     
   7.28872795969500     
  -9.05507883700658     
  -4.50093658546870     
   19.0463794255128     
   7.61460208828539     
   30.9233040398067     
   7.50182815377394     
   46.2106363966063     
   12.0161038307099     
  -23.9647316539045     
   50.0631691873813     
  0.538958068458716     
  0.234014389773853     
  -14.4724689916831     
  -57.5980181007202     
  -24.6328449576079     
  -23.8006054247768     
   17.2346902617870     
   39.2359515033454     
  -53.7511038113844     
  -7.57648747528257     
  -13.2027610157014     
   4.62549971619358     
   39.8511875337545     
   24.7612846791607     
  -13.9986919702027     
   3.48192261979601     
  -53.7982784983808     
  -7.55474986243572     
   59.0871055312434     
  -55.7987686675485     
  -11.3129420906112     
   30.7272956827065     
  -13.3002431249233     
   11.4775850107976     
  -41.5891172501811     
  -13.9422713406795     
   1.54302493043590     
   4.84221506566148     
  -36.5366106989942     
  -5.68226326894869     
  0.540112268500890     
  0.248259936672552     
   3.67526233813050     
  -48.6794501483299     
   40.0358268150302     
   24.9262437227118     
   11.0812216516003     
  -13.5231183204830     
   27.2582743457964     
  0.310305823676310     
 -0.165864537541847     
  -36.6285329543508     
   39.3021382041502     
  -31.7237208358421     
  -10.3874239881772     
 -4.763021699516094E-002
   4.51495759223568     
   32.7394886240398     
  -36.1983485288693     
  -45.6302871711846     
  -28.2401463600302     
  1.213077525134604E-002
 -4.001856628608175E-003
  -2.98747163738581     
   2.16888552169511     
  -50.9645121662822     
  -26.5566162426481     
  -51.4679617038995     
  -26.3871650077753     
  -31.7236899243965     
  -10.3872299528230     
   25.4967769354915     
  -23.6187867373771     
   8.00650877661838     
  -7.95102981779244     
  -36.0550030155578     
   35.6513089211207     
  -36.4118012855507     
   37.1679558218554     
  0.183705454519746     
   11.2744294905963     
  -31.2693605316972     
   10.9674113109349     
   39.3439982455308     
  -25.0865482288308     
  -13.2344371973808     
   13.0522779052148     
   27.4638900657994     
   29.2766611905102     
   41.6565114620706     
  -20.7255411971307     
   30.5309339154421     
   13.9514752133940     
   25.1809611812231     
  -22.0828635901451     
   23.5060624929923     
  -10.3329775389694     
  -9.32425677284508     
   3.12026048799014     
   12.8597460971096     
  -13.0779096991485     
   26.1158173219557     
  -17.0306015364004     
   39.3522609693573     
  -25.1437214130292     
   43.0054507232856     
   35.7192605515710     
  0.453613592260468     
  0.594240963589224     
  -51.4710861517396     
  -26.4004672067885     
  -7.90557823242719     
   36.0139077970541     
   9.12506412610649     
  -39.1527177929646     
  -36.4080597933958     
   37.1494093437222     
  -2.57666831393517     
   18.1088182741490     
   28.9388935699472     
  -35.5466064684544     
  -27.8871348719989     
  -15.1720369361356     
  -36.6285388869908     
   39.3022831247127     
   62.1105320237774     
   49.2131346700698     
  -22.3394975973220     
  -30.7680280675689     
   3.11753376727895     
   20.6938743107332     
  -31.0339140557511     
   30.2722795106835     
   1.32430309422812     
  -3.48335083225460     
  -21.4845413508415     
   27.1747784780930     
  0.550428845734972     
  0.632201741989939     
  -44.1496496317780     
   17.3380735649334     
   29.1875050535701     
  -36.3811673862082     
  -15.6526577407100     
   20.8306079206252     
   19.8815900922874     
 -0.641988849642009     
 -0.355393165840922     
   48.1559334447100     
   21.8793328257031     
   25.3654876504645     
  -22.6678890553251     
   1.48501835879236     
   3.79213715035072     
  -43.7129458143551     
  -25.7722309538166     
   32.5658190635712     
  -43.5889664515297     
 -0.191845454236730     
 -8.528495942653323E-002
   4.35033979995855     
 -0.504228628905533     
   36.8284032891557     
  -45.2907781578380     
   37.2650751036665     
  -45.4272345371848     
   25.3649689924672     
  -22.6661147129122     
  -32.4021847762898     
  -15.6295097751497     
  -10.7639536888899     
  -6.52522716151275     
   51.7469269762525     
   5.72593553576898     
   47.2319894510702     
   20.0641781687592     
   2.61348244495005     
   9.73109537257238     
   33.2651157528366     
  -2.66852692424589     
  -46.0495382911996     
  -12.0599433332732     
   4.43157424813700     
   18.3953241549936     
  -15.6197129048042     
   32.1982618206964     
  -46.5474273505569     
  -7.35721510159212     
  -24.3918593788593     
   22.3907698157692     
  -31.9011320103083     
  -14.2518892520921     
  -25.9431598969972     
  -2.51514664192359     
   10.2503198475074     
  -1.10749980826622     
  -17.7103812260812     
  -9.69034271159417     
  -30.6119341555456     
  -8.77903211908463     
  -46.1204097449573     
  -12.1892579504221     
  -28.8185619441439     
   45.3560523496174     
 -0.614967285036940     
  0.630098582649088     
   37.2650585090241     
  -45.4272696914651     
   19.3709250702569     
   29.7866429747549     
  -19.1885112641693     
  -36.4402538808786     
   47.2261747948281     
   20.0545377499266     
   8.62771597185051     
   15.1956632067322     
  -39.1997263397803     
  -26.4572036228489     
   21.1792379283133     
  -25.2284892760632     
   48.1562322222322     
   21.8796540702807     
  -45.1583690919277     
   64.3103164696437     
   12.8598243047445     
  -36.9414196654395     
   4.17671975402054     
   19.6922256181641     
   39.1685727433242     
   15.8696973368074     
  -2.40024781937252     
  -4.13505585393673     
   29.5887263070722     
   16.4248765085889     
 -0.642287744154033     
  0.651663182725790     
   10.6449188532224     
   47.4232809587424     
  -39.6119635230584     
  -26.9753919964366     
  -17.8080306463414     
   8.12354365294037     
  -28.8863418487704     
 -0.308700056242614     
  0.341591970750448     
   33.4982321732563     
  -41.3423711214340     
   31.7716109030702     
   11.5394664686988     
 -0.814016695298357     
  -5.36039311059301     
  -33.5724876673660     
   37.4000936850865     
   45.8605952214658     
   25.7508953040567     
 -5.812488274087444E-002
  3.341539154528440E-002
   5.22471314152099     
  -1.49114063427061     
   50.3161147884727     
   26.5852261233382     
   51.1012112193688     
   26.5712687321373     
   31.6665372012591     
   11.3498904255959     
  -25.9640612891905     
   22.5385571519652     
  -6.67748479120840     
   9.59957194199555     
   49.6849078724530     
  -21.9766286907109     
   33.5632316103364     
  -38.2693339704932     
  -3.02630340852009     
  -13.2103216804244     
   43.7677570564886     
   6.33548006189525     
  -39.3748074989022     
   26.9979073599006     
  -9.95599460225317     
  -20.8636301581007     
   38.1726828476003     
   33.6096042046861     
  -41.9323562253811     
   20.9462046195651     
  -32.7182957634855     
  -10.7914404089371     
  -26.0928222020991     
   21.2061078533700     
  -24.0244435714951     
   11.2648404784209     
   9.54381978804547     
  -3.63979895237662     
  -14.1566495831607     
   13.1288433491043     
  -27.0932039798049     
   15.3396528037188     
  -39.3990830958688     
   27.1759615355258     
   39.2875836990178     
   35.3657840191238     
  -1.40123244886604     
  -1.67378986804996     
   51.1005164950729     
   26.5693086521635     
  0.884652250803990     
  -36.7955093061877     
  -3.79610272808290     
   43.3144836076027     
   33.5576824935024     
  -38.2315890678599     
 -0.979489929115432     
  -20.0600740401088     
  -28.1868029186133     
   37.0342769046899     
   28.3604851536944     
   15.8552281192340     
   33.5017344183322     
  -41.3477137848060     
  -56.9127706859974     
  -50.6937346512613     
   24.4035307833427     
   30.0490513417673     
  -5.11659533040142     
  -21.4554794205906     
   28.5746285281918     
  -31.9723010966738     
  0.909298495885642     
   5.66636029453172     
   19.2261144989721     
  -27.7079020462544     
  -1.63588044670754     
  -1.71303753996400     
  -17.9352097984752     
  -45.9557077793585     
  -28.4195365209555     
   37.4903049895845     
  -17.0238843359200     
   1.62877490918107     
  -30.6942452654015     
 -0.205216524638648     
  0.137587560760438     
   23.6544083497816     
  -47.8585019081864     
   33.1685031191543     
   3.99180924191015     
  -2.11531030625781     
  -5.52092839010445     
  -25.2325886289539     
   42.3359750457291     
   49.8400209517320     
   14.8819467185715     
 -1.310529338623399E-002
  1.623155682821680E-003
   4.55152956335874     
  -3.17986016988976     
   54.3591841421361     
   14.7125514611636     
   55.0953742187393     
   14.5541506048688     
   33.0593028198294     
   3.84506491156859     
  -20.8789175570180     
   26.3914149010363     
  -4.66857514324091     
   9.73755788684716     
   43.7077777687523     
  -32.4648300119807     
   24.3236005750530     
  -44.8715925294136     
  -5.83446763782769     
  -13.2520331656513     
   43.6355916633228     
  -3.92795056891309     
  -32.9652208096473     
   34.0166365105913     
  -13.8634473650708     
  -19.6941246404371     
   43.8986816103579     
   24.1479799844735     
  -36.6697411499488     
   28.7801328857577     
  -34.4981687782279     
  -4.46958227885633     
  -21.3188062261788     
   25.1181180127705     
  -21.2231198664721     
   15.6022325984557     
   8.32692035248753     
  -6.13497899197966     
  -11.3060248243918     
   14.5343250078989     
  -23.4247398919268     
   20.0443497166336     
  -32.9645598285366     
   34.1153646555272     
   45.3191307270145     
   25.6517433921714     
  -1.85609115240442     
  -1.89900182000673     
   55.0930594492599     
   14.5584300612617     
  -7.15909202319511     
  -36.6839274069793     
   4.98432900692753     
   42.0122175614662     
   24.3235513362543     
  -44.8290330202922     
  -5.48800461267142     
  -19.8440184892659     
  -20.0384041790961     
   40.9196603295700     
   30.7163494120055     
   8.79812062551291     
   23.6503876039706     
  -47.8639582065467     
  -66.6604808304699     
  -38.2575705614042     
   29.8760880899510     
   23.3643061387050     
  -9.84385145269681     
  -20.3614529861274     
   20.6511731288696     
  -37.7844244645803     
   1.82288266080334     
   4.54824559114662     
   12.5328221132216     
  -31.5093767710380     
  -2.11740706147096     
  -1.87945716465721     
  -26.3322303549826     
  -42.7931735806988     
  -20.1676998202555     
   41.4938079720319     
  -16.9410104903102     
   24.1261334969361     
   2.07222684772605     
 -0.475237004010291     
  1.622374309135885E-002
   53.5210811228185     
   7.29178671725578     
   20.7788234979212     
  -23.0090848075002     
   2.50090328239904     
   3.31918595001582     
  -49.5784759422650     
   1.43948221460949     
   16.0805760371562     
  -52.5409793432059     
 -0.299068816444199     
 -1.250146872618112E-002
   4.41392087137056     
 -0.244463709134723     
   24.7982165030374     
  -52.5436703841681     
   25.1176250723108     
  -52.6033968768457     
   20.6931608361965     
  -23.3769254469834     
  -35.0789450475211     
   1.30514408443008     
  -11.6677876417929     
   2.79722301467071     
   53.4552632337678     
  -1.54223674166259     
   53.1390213912436     
   6.77467177303254     
   3.16928065984345     
  -6.13185922574643     
   35.3300685597767     
 -0.693131369284700     
  -48.1105303731267     
  -1.24881916039397     
   6.29768958148224     
  -19.8256545374933     
   14.5346386878130     
   44.0422850900738     
  -48.5239588046151     
  -2.68596989588496     
  -15.2617695928495     
   28.3435556591958     
  -34.7820393824988     
   1.10620834924747     
  -25.3137873920126     
   3.63419522035960     
   9.27538193054087     
  -6.02204054528581     
  -19.6950963290870     
   1.14728828468527     
  -32.0363276256943     
  0.889059927992731     
  -48.1501016666244     
  -1.23133256953181     
   6.84575608631210     
   56.6259017450126     
 -0.474804735166572     
  1.606646672175192E-002
   25.1111910937749     
  -52.6112418442795     
   31.1263599320837     
   17.9494599386142     
  -28.3137529186480     
   29.4459607720708     
   53.1385792883741     
   6.77376680971332     
   12.4983967690596     
   11.7751425385658     
  -45.5557876886723     
   4.07567671347217     
   13.7647277181665     
  -12.1633150750112     
   53.5210452244519     
   7.29149546949805     
  -41.8384859944771     
   74.6531493684026     
   2.74457441353240     
   20.8194117538765     
   10.1728026188866     
   17.1063534933520     
   43.6249376089182     
 -0.371261900615062     
  -2.50067942747412     
   2.46569346810195     
   35.3117852664011     
   8.90655331552157     
 -0.555784090834461     
  0.402992903260813     
   14.4901067928207     
  -46.1140508072373     
  -45.6806499928571     
   4.00350131654680     
   11.3739752891913     
  -9.86134965593794     
   28.5497878753861     
  0.255707314205268     
 -8.360708934509725E-002
  -30.0402690794616     
   44.1420581118699     
  -33.9492472327743     
  -5.66429132742166     
  0.390821571438929     
   4.55508044403791     
   23.1192814018322     
  -41.9139911385726     
   39.4555333985165     
   46.0189842635677     
  1.083373904426484E-003
  2.642876944829631E-005
 -0.876428600208846     
   4.59230708831682     
  -55.2756624641347     
  -18.7107645330724     
  -56.0605356779732     
  -18.5709681876391     
  -33.9478082543291     
  -5.66127752574061     
   19.6397232164448     
  -28.1330269966861     
   5.64072653853977     
  -9.12988919217826     
  -40.8689080235600     
   32.4713185364076     
  -29.8859489339845     
   42.5764859200763     
   2.02724845088436     
   12.2318579097475     
  -29.4478283080220     
   15.0207897704568     
   32.5126729070305     
  -34.4456538070497     
   3.70663385519078     
   21.3389321423278     
   34.5103015834505     
   15.3366535282164     
   35.8719156199653     
  -29.7309459854341     
   26.0375849575806     
  -5.78311070123454     
   19.7355280012427     
  -26.6960847899609     
   20.1288838247986     
  -15.7129382521137     
  -8.10690166700005     
   6.84893246026702     
   9.47213438933420     
  -15.1444929426124     
   21.6105480943254     
  -21.8454918468108     
   32.5053913686818     
  -34.6384252859969     
   51.3124996889298     
   20.2513371792457     
  0.644550175364258     
  0.786148008633897     
  -56.0603800351267     
  -18.5711354629465     
  -6.39861694526772     
   33.7273486704151     
  -1.90833552988282     
  -39.7387956444046     
  -29.8862828118568     
   42.5677399772466     
  -1.67485127047245     
   16.8517364942832     
   19.9845190584581     
  -41.0194936060966     
  -31.5071399516837     
  -10.3149236001470     
  -30.0403294855163     
   44.1422695935477     
   60.1737559540552     
   48.2419246185663     
  -30.0200698278983     
  -24.3515635729123     
   5.73362119095859     
   19.1285611298452     
  -23.2290307946562     
   35.8409782768733     
  0.310193522577513     
  -3.48331113695292     
  -17.7581142526167     
   29.6757568992476     
  0.657397198809543     
  0.783964472042912     
   12.1997306145421     
   49.4503930141352     
   20.1655422860523     
  -41.7324969042476     
