139.0652 -32.3281 14.0436
136.3346 -31.0975 5.3484
138.5315 -32.0296 1.0979
138.1870 -32.5315 0.0000
139.3217 -31.8175 0.0000
138.4950 -33.4915 0.0000
138.3423 -32.4204 12.5262
139.1645 -31.3788 0.0000
138.1822 -33.2517 9.6487
138.4388 -30.0775 16.0167
138.2993 -32.7662 6.5144
138.7191 -31.5455 9.0021
138.3577 -30.2589 3.9984
138.8895 -31.0842 10.7322
138.3842 -32.5019 13.9274
138.4420 -30.3055 7.2387
138.6712 -32.0887 17.5881
138.8608 -31.3671 4.0241
138.8014 -31.2173 5.2985
138.6568 -31.4849 11.9885
138.1035 -32.7850 0.0000
138.3796 -32.4267 12.4389
138.1756 -32.9891 9.7180
138.4776 -32.5945 10.1445
138.1131 -32.3427 15.9978
138.4700 -33.1733 0.0664
138.6037 -31.1246 21.4661
137.9797 -34.6250 12.7630
138.6089 -33.5926 0.0000
138.1619 -30.1380 20.9228
138.0665 -30.0669 63.5573
136.7646 -33.3820 16.6931
138.9593 -33.6642 5.8628
138.0304 -30.1836 1.7749
141.4669 -31.9540 0.0000
138.7309 -31.5946 21.7866
138.6509 -31.5721 6.3334
138.3179 -33.2259 0.0000
138.3832 -31.8873 0.0000
138.9753 -31.2754 15.4648
137.0677 -33.1776 0.0000
139.1237 -31.6896 15.6931
138.2601 -32.2637 8.9267
139.2935 -31.7816 0.0000
139.2552 -31.7747 0.0000
138.2716 -33.4490 20.3890
139.2859 -31.7820 0.0000
138.9317 -30.3311 22.1123
138.2540 -33.2256 0.2060
138.1466 -32.7586 8.0647
139.4932 -33.9159 8.5643
138.8501 -33.7589 21.3380
138.6764 -31.5610 18.0539
139.1136 -31.0476 22.6868
138.6938 -31.5145 16.2495
138.2660 -30.4446 10.0000
138.3755 -32.0691 16.8242
138.6081 -33.5902 0.0000
138.7429 -31.6213 15.5949
138.7677 -32.2718 8.0681
139.0966 -33.8839 1.1352
138.3471 -32.7942 12.3757
138.5415 -32.6391 8.3661
139.0423 -32.3938 3.9247
138.4855 -32.5568 16.2232
138.6761 -31.5834 10.8214
138.2530 -32.8653 5.4053
138.6699 -31.4711 11.6597
137.7484 -35.4255 8.4386
138.1729 -32.8044 1.2216
138.6483 -31.6446 14.7199
137.7341 -29.5854 37.3250
138.8895 -30.5219 4.0476
138.7242 -31.5508 12.7018
138.6918 -31.4993 12.8360
138.3630 -32.6447 13.4146
138.5540 -33.4676 12.6675
139.0406 -33.7709 12.4643
138.1634 -33.6583 13.0603
138.6578 -31.4592 6.6341
138.6138 -33.2501 9.0594
135.7309 -34.1125 4.7200
138.3917 -31.7972 9.1250
138.3940 -32.8642 15.3707
138.6665 -33.5778 0.1555
138.5935 -33.4325 0.0000
138.6437 -33.4108 0.0000
138.9724 -34.0637 0.0000
138.4289 -33.1979 18.2557
138.3907 -31.6716 0.0000
138.5788 -33.6171 0.0000
138.4090 -32.6434 11.8828
138.6295 -31.7387 18.9243
138.5800 -33.5310 12.5752
138.6185 -32.8796 16.3689
138.6531 -31.4167 13.6597
138.5379 -33.5186 10.8456
138.6777 -31.9669 0.0000
138.1661 -32.7345 12.3329
139.1627 -33.9890 13.9505
137.8134 -31.5939 10.4495
138.9104 -32.1470 0.0000
138.6712 -31.4041 12.3947
138.6148 -33.2877 15.8597
138.4585 -33.2829 13.9777
138.4615 -32.4562 0.0000
138.5568 -31.6953 0.8717
138.9921 -33.4845 0.0000
138.7958 -31.9513 0.6590
138.1409 -32.5373 18.9963
138.6050 -32.9735 1.0353
139.3826 -30.7245 8.1011
138.7575 -32.0636 10.8212
138.6958 -31.7264 21.7690
138.4442 -32.1492 6.5093
138.5026 -33.1496 19.8484
139.0201 -31.4056 11.8694
138.7070 -31.4627 11.8068
138.6296 -31.4026 10.6523
138.7702 -33.6669 18.2207
138.4194 -32.8686 1.1299
138.7070 -32.0278 8.1036
139.3513 -31.7536 0.0000
138.7327 -32.0134 15.9542
138.4995 -32.6909 0.4671
139.4897 -33.9076 4.8474
138.6222 -32.2530 0.3682
138.4284 -32.8138 8.1405
138.4143 -32.0345 8.9739
138.7592 -31.7143 16.3050
138.1443 -32.2951 16.2123
138.8044 -32.0385 13.0243
138.6184 -33.5036 7.7087
138.8168 -33.1136 1.0641
138.1123 -31.8693 9.5435
138.7509 -31.9474 16.0415
138.2724 -32.7746 0.7629
138.6774 -31.3253 16.0061
138.1710 -32.7752 8.8911
138.7600 -31.7096 12.0568
138.6314 -31.4872 9.9780
139.4579 -30.9356 14.1388
138.9193 -31.8706 15.9883
138.6968 -31.4996 18.4207
139.3396 -34.2612 7.1153
138.6472 -33.4407 0.6749
138.3926 -35.5616 14.1284
138.3461 -31.4604 0.0000
138.1101 -32.8048 31.2436
138.5816 -33.4143 10.4109
141.5345 -31.9389 0.0000
138.5545 -31.0004 10.8281
138.6851 -31.6274 13.2030
138.3056 -32.9902 22.0097
138.6393 -31.4647 7.6672
138.4311 -31.7890 0.0000
138.3194 -33.2349 0.0000
138.6164 -31.1232 21.7666
138.9332 -31.1221 36.2927
139.1291 -31.0252 15.4291
139.0127 -31.9302 16.9941
138.6586 -31.1384 14.5064
138.8834 -32.8668 0.6561
138.4094 -32.2063 15.8361
138.3606 -32.7332 18.6732
138.5759 -31.8932 13.4966
137.5610 -28.9498 10.0000
138.6425 -31.8540 10.8444
138.7606 -30.0348 24.9705
138.8482 -31.4125 8.6631
138.6350 -31.7092 11.9478
136.9057 -33.3572 10.0000
138.8530 -32.1633 12.8951
138.2790 -32.9335 18.8584
138.5439 -33.1298 12.2673
138.3321 -32.2206 9.1224
138.3020 -32.8831 10.7958
138.6609 -31.4563 0.7146
138.9733 -31.8659 19.4421
138.6806 -31.5911 10.8219
138.3132 -32.3034 14.0693
138.6277 -31.6697 0.0000
138.4761 -32.6650 6.2759
138.3506 -32.0913 14.5275
138.1759 -32.2468 8.9002
135.8240 -34.1842 1.8844
139.1878 -35.0778 10.1239
136.3597 -31.0827 5.9974
134.5709 -29.3750 0.0000
138.6492 -31.4964 9.9269
138.6303 -31.9842 0.0000
135.6220 -34.1173 12.0151
138.3204 -33.2113 10.8473
138.7131 -32.3240 10.2754
138.5492 -32.7043 9.8110
138.5177 -32.3030 16.9667
138.6118 -31.3893 8.8163
138.6138 -31.3910 9.9145
139.3603 -34.1339 17.9693
138.9629 -32.0387 20.1454
138.8580 -31.7373 17.0971
138.6494 -31.4193 8.8120
138.8452 -31.2605 8.4139
138.0539 -32.5472 0.0573
138.6118 -31.5262 13.4253
138.9232 -31.2773 7.3580
138.6991 -31.3337 20.8921
138.7468 -31.5355 13.3192
138.6063 -31.5667 12.2931
139.1663 -34.3437 14.6795
138.6355 -31.9372 0.0000
136.7283 -33.5858 11.8654
137.0791 -33.3887 0.2969
139.1174 -31.0301 35.0413
138.2996 -32.7689 15.0298
138.6996 -31.5876 15.2041
138.5792 -30.3157 2.1943
138.7316 -31.6574 17.9868
138.3082 -33.1471 9.9251
138.1145 -32.3772 16.5427
138.5364 -33.3755 19.9627
135.8407 -34.1101 9.0667
139.2246 -30.4054 13.4867
136.8087 -30.3155 10.0000
139.2563 -31.5720 0.0000
138.6709 -31.4800 17.9832
141.6507 -31.9481 0.0000
138.6748 -31.8358 21.6060
138.4907 -33.3005 6.5631
138.5568 -32.0169 24.2802
138.1605 -32.1921 0.0000
138.6289 -31.5889 0.0000
138.7493 -32.8358 0.0000
138.0349 -32.4704 0.0000
138.3384 -32.8898 3.4210
138.3129 -32.8384 0.9369
138.4323 -32.8059 0.0000
136.7212 -33.5761 5.1706
138.3034 -32.8580 21.0621
139.1841 -31.4233 0.0000
138.0863 -32.7066 10.8754
138.3255 -32.6760 0.9276
138.6308 -31.5741 0.4314
138.3002 -32.9235 11.6562
138.5972 -31.6967 14.9871
138.6298 -33.4980 13.2615
138.6138 -31.5370 12.2511
138.3679 -33.2203 12.5780
138.5817 -33.4948 10.4108
138.4450 -32.2619 0.0000
138.5503 -30.9862 0.0000
138.1621 -32.8219 12.2366
138.1489 -33.3969 9.0798
138.6526 -31.4000 1.3680
138.6306 -32.2516 2.0676
136.6322 -28.8477 87.5742
138.9095 -31.5282 14.1972
138.1873 -32.3971 13.1286
138.2321 -32.9686 17.2858
138.6937 -31.8220 1.7386
138.2399 -32.9181 0.0000
138.1537 -32.7902 8.6279
138.7081 -31.5553 15.4697
139.0537 -31.5021 0.3067
138.7061 -32.0966 15.5366
138.3779 -30.0742 5.3808
138.4601 -31.6064 7.8623
138.6466 -31.4151 9.1396
138.2835 -32.8640 0.0000
138.8692 -31.2563 11.4365
138.6819 -31.4082 7.0898
138.5691 -31.5637 12.0358
139.1573 -31.0323 4.9118
138.2630 -33.1437 3.1482
138.9232 -34.3772 0.0000
138.7660 -33.4903 11.2573
138.4718 -31.0986 7.1761
138.9163 -33.2617 8.5213
137.9972 -32.6712 12.4434
139.2078 -34.1298 12.0015
141.5119 -31.8861 14.1481
138.2378 -30.3266 29.0718
138.1428 -30.4501 12.9622
139.1553 -31.1087 0.0000
139.1716 -30.9546 0.0000
139.1090 -30.9850 0.0000
138.6212 -31.8900 15.0467
138.2278 -32.9783 9.4111
136.4195 -33.4386 0.0000
138.3120 -33.0699 12.6513
138.6618 -30.6003 9.8715
135.8223 -34.0779 3.9330
138.2554 -33.2502 9.1047
135.8504 -34.1031 12.5804
138.5480 -31.9334 10.8206
138.4755 -32.0076 17.3642
138.0493 -32.8606 10.2683
138.8624 -31.9943 14.6774
138.7221 -32.3450 10.4368
138.9549 -33.7583 0.0000
138.3577 -32.7841 17.8443
138.5325 -31.3518 0.0000
138.4096 -32.6525 12.6570
138.5865 -31.5470 10.8155
138.6573 -33.5726 0.0000
138.6624 -32.9723 1.3361
138.3225 -32.8857 8.4729
138.5535 -33.4709 7.6870
138.3231 -33.2333 0.8489
138.2742 -32.8770 4.8823
135.5905 -33.4757 0.0000
138.3314 -33.1084 10.6475
139.9910 -32.8902 0.0000
138.6472 -31.5489 9.2305
138.5882 -33.4356 11.1231
138.7101 -31.3997 3.4682
137.0183 -33.3379 17.5380
138.7681 -35.3120 7.9212
136.4466 -31.0432 28.2513
136.8681 -33.3994 50.7054
138.5715 -31.5598 9.0117
138.5835 -31.5717 12.8087
138.9304 -31.2265 11.7468
139.2349 -30.6561 22.5908
138.6265 -33.4061 7.8003
138.5816 -31.6793 11.5633
138.4848 -32.0094 15.1542
138.5513 -31.4869 0.7899
138.5934 -31.6140 10.9097
139.2155 -31.4533 5.7382
138.0904 -32.4290 1.9454
138.5598 -32.3078 20.2670
139.1508 -33.7879 11.0464
138.8459 -32.2920 0.8960
138.8787 -32.3390 8.4611
140.0131 -32.9451 3.7484
138.4779 -33.2648 12.5327
139.0637 -33.9840 0.0000
138.3378 -33.2814 11.6437
138.3260 -32.4462 13.0901
138.4280 -33.1423 6.6343
138.5872 -33.4429 9.8419
138.7053 -31.7418 9.1200
139.4424 -31.6607 0.0000
138.3726 -33.1744 17.9676
138.4564 -31.9342 0.0000
138.3403 -32.7572 20.2390
138.5493 -31.0866 7.6687
138.7612 -31.6016 15.9852
136.7535 -33.4744 4.4446
138.1125 -32.3648 16.9525
138.3965 -33.3212 1.6961
135.7982 -34.1774 6.5585
138.5423 -32.4675 0.1712
138.5877 -32.5817 0.0000
138.6242 -31.5588 11.3236
138.6765 -31.3652 15.8586
138.5522 -32.0556 15.7205
138.3561 -32.0702 16.6945
138.7572 -31.8989 20.7182
138.4550 -32.1514 10.9451
138.3616 -33.2643 0.0000
139.2300 -31.6760 0.0000
138.7548 -31.5025 15.7088
138.6553 -31.4634 11.4856
138.2641 -32.8673 0.0000
138.8250 -32.2559 0.0000
138.6537 -31.8726 21.1947
138.4289 -33.2052 11.7762
138.5672 -33.5543 0.0000
138.6400 -31.5377 10.1449
138.4701 -30.9699 0.0000
138.3624 -33.0123 0.0000
138.5532 -33.5646 9.0223
138.5324 -33.5808 0.0000
138.9771 -31.8241 13.6475
138.6624 -33.5194 13.1067
138.4042 -33.2453 21.3276
138.7054 -31.5754 2.1653
138.8183 -32.0216 0.0000
138.2117 -32.8800 0.0000
138.6634 -31.4886 5.1465
138.2558 -33.2490 1.7499
138.8193 -31.7287 22.4668
137.3327 -34.0690 0.0000
138.1987 -32.3249 17.3927
138.5114 -31.9339 9.3791
138.8361 -31.8394 19.4827
138.2722 -32.8293 0.8124
138.0528 -32.0592 6.3557
138.2548 -33.5901 18.7171
139.2286 -33.2089 0.0000
138.2996 -33.0306 13.3240
138.8753 -32.3948 0.0000
138.8829 -32.3929 11.2367
139.7487 -34.5418 7.8191
138.2520 -33.2300 1.7179
138.3696 -33.2488 15.5552
138.4061 -32.0726 0.3345
137.7113 -35.0867 12.5885
137.8729 -29.8521 10.0000
138.7176 -32.0268 12.8160
136.9663 -33.4146 10.0000
138.2251 -32.9947 2.6196
138.5801 -33.0885 8.4799
138.4991 -30.3659 0.0000
138.3633 -32.5216 13.1156
138.3734 -31.5461 11.9779
138.2565 -32.7768 9.7618
138.4806 -31.4301 11.9218
138.5401 -33.4100 8.9254
138.5815 -30.8967 21.0136
138.8882 -32.0507 19.9555
136.9489 -30.2879 0.0000
136.7727 -30.2192 59.6285
139.0869 -31.0228 27.4503
138.2285 -32.8178 0.0000
138.3484 -32.0571 0.7227
138.3833 -31.7309 0.0000
138.3457 -32.8638 14.6199
138.3038 -32.2805 0.0000
138.1549 -32.6154 8.5348
138.2200 -32.9458 8.4064
139.3420 -31.7627 0.0000
138.8474 -31.3910 12.7401
139.0603 -30.9959 13.5079
138.7510 -32.6314 2.6459
138.6655 -31.6378 8.6093
138.5148 -31.5157 10.1012
135.7958 -34.0298 3.8188
135.8160 -34.1315 6.5852
138.3223 -33.0419 12.6833
135.8624 -34.0686 4.5058
138.5458 -32.1725 20.6986
138.2450 -32.1337 16.3309
138.2780 -32.9915 10.9456
138.6316 -33.2628 10.5455
138.5722 -31.6814 7.9977
138.2212 -32.8593 7.2238
139.0978 -31.4771 0.5091
138.2300 -32.5336 0.0000
138.3913 -32.5232 11.7475
138.1913 -32.6515 10.0870
138.7136 -31.6418 18.9377
138.7119 -31.6071 14.0018
138.7003 -31.8929 0.3972
138.6434 -31.9793 0.0000
138.6912 -31.5482 11.5994
139.1304 -31.6495 0.0000
138.4397 -32.6347 16.1034
139.1664 -33.7561 7.7913
131.6043 -26.1680 87.4350
131.6727 -34.0225 10.0000
131.7906 -31.5078 0.0000
138.5300 -31.8611 20.5546
138.6586 -31.5691 0.0000
138.9662 -32.0301 8.3320
138.4977 -33.4962 10.8631
137.3544 -29.5427 10.0000
135.7494 -34.1725 0.0000
138.2645 -32.8815 17.9097
134.1401 -34.9692 0.4842
138.6341 -31.7546 0.0000
138.2760 -32.9902 0.0000
138.5642 -32.6152 1.6343
138.7405 -31.4303 0.0000
141.3663 -30.1890 0.0000
139.1168 -31.5465 0.0000
138.6734 -31.8336 10.3780
138.6050 -31.6642 13.7442
138.5510 -31.0317 11.8639
139.1810 -31.0435 9.4203
138.6323 -32.2550 5.9305
138.7708 -32.6805 0.0000
138.7290 -33.5059 7.0163
138.4297 -31.8973 0.0000
138.2802 -32.8100 15.0520
138.7693 -32.0901 15.7448
139.4898 -34.1405 7.1803
139.4030 -34.1407 4.4491
139.0748 -33.7700 2.2923
138.9570 -32.8256 5.5206
138.4964 -33.2389 6.2508
137.1521 -33.1635 0.0000
138.4679 -33.2987 8.3669
138.2991 -30.9301 10.1595
138.5341 -31.5240 10.8022
138.6447 -31.4613 5.5077
138.6840 -31.0735 14.1085
138.9139 -33.7906 0.0000
138.3480 -32.0020 0.0000
139.2822 -31.8143 18.3585
138.3303 -33.1570 15.6229
138.5031 -32.6096 17.3688
138.4381 -33.5245 0.0000
138.8865 -32.3476 7.1108
138.2872 -31.9471 22.1009
