   1.7842000e+04   6.0000000e-01  -3.2920000e+02  -9.9000000e+00   9.6000000e+00   1.1300000e+01   1.2600000e+01
   1.6751000e+04  -2.7620000e+02  -1.2430000e+02   3.2000000e+00   2.2400000e+01   2.8700000e+01   6.4500000e+01
   2.1644000e+04  -1.9840000e+02  -2.2210000e+02  -9.4900000e+01   1.6600000e+01   1.9900000e+01   5.2600000e+01
   2.2271000e+04  -1.4720000e+02  -2.6500000e+02  -5.0900000e+01   1.5600000e+01   1.5900000e+01   3.9300000e+01
   2.2280000e+04  -2.5880000e+02  -1.6900000e+02  -5.8600000e+01   1.9300000e+01   2.1000000e+01   5.3900000e+01
   2.3190000e+04  -3.8400000e+01  -3.1630000e+02   4.6700000e+01   9.9000000e+00   1.1200000e+01   1.2200000e+01
   2.5096000e+04  -1.9710000e+02  -2.2520000e+02  -1.0410000e+02   1.6500000e+01   1.9900000e+01   5.2900000e+01
   2.8475000e+04  -4.6200000e+01  -3.2250000e+02   6.0800000e+01   1.0600000e+01   1.3300000e+01   3.0800000e+01
   3.2049000e+04  -4.2000000e+00  -3.3250000e+02   1.1800000e+01   9.9000000e+00   1.1200000e+01   1.3300000e+01
   3.5109000e+04  -9.0500000e+01  -2.8640000e+02  -8.8800000e+01   1.0100000e+01   1.5000000e+01   3.5100000e+01
   4.2349000e+04  -5.5800000e+01  -3.0980000e+02  -4.1600000e+01   9.8000000e+00   1.4400000e+01   3.2800000e+01
   4.2555000e+04  -1.4380000e+02  -2.1980000e+02   4.3800000e+01   1.0500000e+01   1.8300000e+01   5.5700000e+01
   4.2559000e+04  -2.5580000e+02  -1.6570000e+02  -3.0900000e+01   1.9300000e+01   2.1000000e+01   5.4000000e+01
   4.2643000e+04  -7.1500000e+01  -2.4280000e+02   4.0300000e+01   1.0300000e+01   1.1200000e+01   1.3200000e+01
   4.2560000e+04  -1.3930000e+02  -2.6380000e+02  -5.9100000e+01   1.6400000e+01   1.5800000e+01   3.9500000e+01
   4.9626000e+04  -2.3700000e+01  -3.2040000e+02   1.4200000e+01   9.8000000e+00   1.1100000e+01   1.2100000e+01
   5.4084000e+04   3.0000000e-01  -3.3180000e+02   6.0000000e-01   9.9000000e+00   1.1100000e+01   1.3000000e+01
   5.7770000e+04  -1.7740000e+02  -2.1340000e+02  -1.1050000e+02   1.7000000e+01   1.8900000e+01   4.9800000e+01
   6.2514000e+04  -8.3500000e+01  -2.4090000e+02   4.2600000e+01   1.0100000e+01   1.1100000e+01   1.3100000e+01
   6.2520000e+04  -1.2580000e+02  -2.2920000e+02  -1.8200000e+01   1.0000000e+01   1.5800000e+01   3.8500000e+01
   6.7820000e+04  -1.8760000e+02  -2.0620000e+02  -1.0640000e+02   1.6700000e+01   1.8900000e+01   4.8900000e+01
   7.3786000e+04  -2.4010000e+02   2.1900000e+01   6.7350000e+02   9.4100000e+01   7.8500000e+01   1.5950000e+02
   7.7218000e+04  -7.8600000e+01  -2.6090000e+02  -3.0300000e+01   9.8000000e+00   1.3600000e+01   2.7400000e+01
   7.7296000e+04  -2.3000000e+01  -3.1720000e+02   1.2100000e+01   9.8000000e+00   1.1100000e+01   1.2100000e+01
   8.1017000e+04  -2.4340000e+02  -1.6570000e+02  -7.0300000e+01   1.9300000e+01   2.0700000e+01   5.2900000e+01
   8.2606000e+04  -5.5600000e+01  -2.9310000e+02  -7.1000000e+00   9.7000000e+00   1.3200000e+01   2.5300000e+01
   8.3805000e+04  -1.3900000e+02  -2.6220000e+02  -5.4000000e+01   1.6100000e+01   1.5600000e+01   3.8500000e+01
   8.8698000e+04  -2.3880000e+02   2.4500000e+01   6.4880000e+02   9.4000000e+01   7.8400000e+01   1.4680000e+02
   1.0136100e+05  -1.8620000e+02  -2.1690000e+02  -1.1020000e+02   1.6500000e+01   1.9900000e+01   5.2700000e+01
   1.0136200e+05  -1.0210000e+02  -3.2760000e+02  -2.2490000e+02   1.3100000e+01   2.6600000e+01   9.6500000e+01
   1.0277600e+05  -5.0100000e+01  -3.1890000e+02   5.3200000e+01   9.9000000e+00   1.1200000e+01   1.2600000e+01
   1.0313800e+05  -2.8300000e+01  -3.4680000e+02  -2.7600000e+01   9.8000000e+00   1.3900000e+01   3.0200000e+01
   1.1093900e+05   6.4700000e+01  -3.2670000e+02  -1.6800000e+02   1.0200000e+01   1.1200000e+01   1.6100000e+01
   1.1286800e+05  -2.1450000e+02  -2.7900000e+01   1.4780000e+02   1.2690000e+02   9.9700000e+01   1.6400000e+02
   1.2078800e+05   9.5000000e+00  -2.7240000e+02  -1.1840000e+02   1.0100000e+01   1.1600000e+01   1.5400000e+01
   1.2618900e+05  -5.1400000e+01  -2.7580000e+02  -2.2550000e+02   1.6200000e+01   1.5800000e+01   4.0900000e+01
   1.2629200e+05  -2.0470000e+02   3.5600000e+01   8.1310000e+02   9.4600000e+01   7.8600000e+01   1.4480000e+02
   1.2638900e+05   4.8600000e+01  -3.1770000e+02  -1.2440000e+02   9.9000000e+00   1.1100000e+01   1.3900000e+01
   1.4893900e+05  -5.6200000e+01  -2.7000000e+02  -2.0690000e+02   1.6100000e+01   1.5700000e+01   4.0300000e+01
   1.5815400e+05  -2.3500000e+01  -2.3940000e+02  -5.8600000e+01   1.0100000e+01   1.1200000e+01   1.4200000e+01
   1.6050300e+05   2.1100000e+01  -2.9070000e+02  -9.5300000e+01   9.8000000e+00   1.1100000e+01   1.3200000e+01
   2.0503100e+05  -1.6110000e+02  -1.0690000e+02   6.4000000e+00   2.0400000e+01   1.8900000e+01   4.4200000e+01
   2.0836400e+05  -1.2190000e+02  -1.3810000e+02   5.7800000e+01   1.3600000e+01   2.4700000e+01   6.2500000e+01
   2.1574700e+05   7.1700000e+01  -3.3200000e+02  -1.1470000e+02   1.0200000e+01   1.3300000e+01   3.1300000e+01
   2.2743500e+05  -2.1610000e+02   3.5300000e+01   8.5380000e+02   9.4600000e+01   7.8700000e+01   1.4610000e+02
   2.3870400e+05  -1.8520000e+02  -1.2650000e+02   2.3900000e+01   1.4200000e+01   2.8400000e+01   6.9900000e+01
   2.3879000e+05   2.6500000e+01  -2.9210000e+02  -1.0640000e+02   1.0300000e+01   1.1400000e+01   1.8100000e+01
   2.6184100e+05  -2.1500000e+02  -2.8900000e+01   1.3740000e+02   1.2680000e+02   1.0000000e+02   1.6630000e+02
   3.1274300e+05   5.5600000e+01  -3.3470000e+02  -1.4930000e+02   1.0100000e+01   1.1200000e+01   1.4800000e+01
   3.1492100e+05  -6.5300000e+01  -2.4390000e+02  -1.0710000e+02   1.5900000e+01   1.5600000e+01   3.8500000e+01
   3.3155200e+05  -2.2900000e+01  -2.4390000e+02   2.7000000e+01   1.0000000e+01   1.1700000e+01   1.5000000e+01
   3.3163500e+05  -7.0300000e+01  -1.8310000e+02   7.0300000e+01   1.0400000e+01   1.1900000e+01   1.7200000e+01
   3.5262000e+05   5.3700000e+01  -2.6190000e+02   1.4580000e+02   1.0900000e+01   1.9600000e+01   5.0200000e+01
   3.0036393e+07   4.0600000e+01  -2.9160000e+02   1.0270000e+02   1.0000000e+01   1.6800000e+01   4.2000000e+01
   3.8928600e+05   3.5400000e+01  -2.9930000e+02  -7.7500000e+01   9.9000000e+00   1.1100000e+01   1.3000000e+01
