           1 % nrand - number of ransom starts used
         165 %np number of parameters
 % format is i = 1,j=1:np then i=2,j=1:np and so on until i =nrand and j = np
  -3.56309357139630     
  -320.212627127743     
  -16.6014879514540     
  -225.160407732793     
  -172.540330034332     
  -30.3232182262081     
  -169.584223786707     
  -229.130915995716     
  -63.8937717147538     
  -137.302319783093     
  -272.940574729521     
  -11.2320016537357     
  -250.385011400558     
  -173.453096119153     
  -46.5351704370464     
  -44.5696768096129     
  -305.108695806216     
   39.5684653246980     
  -150.167613604664     
  -241.183205075674     
  -16.8537050325509     
  -49.9216334143748     
  -315.369107219514     
   11.5770011550374     
  -3.91394907358763     
  -329.361495743673     
   8.47711920615539     
  -85.4815757497886     
  -277.254717781770     
  -52.8352858765065     
  -52.9301464951480     
  -293.776777663094     
  -55.9912923114340     
  -131.291682055870     
  -240.682682920815     
   1.66118139221112     
  -211.829149790099     
  -191.881459623197     
  -21.1238960047025     
  -66.9313848435378     
  -243.508825773222     
   37.8170905266558     
  -118.386979378566     
  -260.697668222406     
  -60.1198500428864     
  -29.4107366656568     
  -306.400359771201     
   1.94647948551483     
  -6.81208935408440     
  -319.727909853573     
  -13.1833568864271     
  -119.692944855008     
  -242.650209858025     
  -58.6054771518666     
  -84.6203571269662     
  -246.372543847005     
   13.8663825908716     
  -117.563553784491     
  -240.831742404015     
  -7.79445053727255     
  -169.828328226229     
  -216.228713683637     
  -54.7195551410915     
  -76.7422490290278     
  -257.827411493980     
  -1.03278701488529     
  -80.8446941903706     
  -267.524529517788     
  -17.3608115978543     
  -27.7791137258013     
  -306.825500605659     
   3.73159344067746     
  -202.372326467381     
  -192.669627555143     
  -43.1556652271221     
  -56.6119204676087     
  -281.676614296694     
  -16.1594908139868     
  -115.727536073063     
  -257.340461405133     
  -25.0257328264568     
  -42.3485925865484     
  -242.704099949668     
  -10.0216131583184     
  -165.493182981327     
  -221.976376383604     
  -58.7943388423688     
  -93.9598240580958     
  -291.957918268971     
  -31.9123730058120     
  -52.0344086952643     
  -314.142044288688     
   43.8987235609611     
  -35.6587579314523     
  -336.924348157771     
  -26.8296265078935     
   57.5696674565430     
  -322.125955959422     
  -146.331076296160     
  -65.8490753386983     
  -273.032617249864     
  -46.7178985361357     
  -2.06478707727248     
  -266.639767939726     
  -100.603306839067     
  -59.1413705424680     
  -277.487794925238     
  -67.0680870260061     
  -71.3139193679120     
  -232.790017842340     
   5.32097414662973     
   36.9821321053418     
  -312.069089201878     
  -104.499121521476     
  -59.5956482667191     
  -265.558263003116     
  -95.9085800166911     
  -28.3631640439629     
  -243.694487020098     
  -49.1837267510032     
   11.4198585634289     
  -288.333887929453     
  -81.5048135131841     
  -145.961907291200     
  -139.685353277152     
  -12.8935901259442     
  -116.992241740974     
  -170.585379473286     
  -1.36088393985067     
   59.4790951070635     
  -323.356115555332     
  -73.8793409573116     
  -34.4886524613804     
  -235.107555651153     
  -9.21424791271645     
  -165.217780463584     
  -197.430942310065     
  -30.1426722930528     
   13.5915632458887     
  -292.123789589378     
  -67.6409581496066     
  -92.4679820536979     
  -226.216092783218     
  -45.0395239136219     
   44.7436635761685     
  -327.987007436035     
  -131.150417097638     
  -64.2561029903966     
  -247.265379544584     
  -71.6254551236877     
  -26.4633246568276     
  -248.903972032341     
   10.2915365518608     
  -71.8038520171167     
  -191.571659080001     
   47.1622612237584     
   30.9236403835858     
  -266.665753983219     
  0.570641562536919     
   25.0249961633553     
  -280.076069067850     
   12.0868652041437     
   25.0334275419031     
  -295.135420311955     
  -66.9516360801292     
