   5.0518615e+01
  -2.8045866e+02
   1.5784211e+02
  -2.2598104e+02
   3.3521470e+01
  -2.0037218e+01
  -1.9332985e+00
  -3.6665576e+01
  -2.7697906e+02
  -2.0351122e+02
  -4.5697461e+02
   1.3493340e+02
  -3.4840355e+02
  -3.2473926e+02
  -2.5321503e+02
   3.2846695e+01
  -3.5509198e+02
   6.7509402e+01
  -1.9359493e+02
  -3.8632197e+02
   6.9619851e+01
  -1.3545611e+02
  -4.0528041e+02
   2.2024354e+02
   2.7336318e+01
  -2.6101695e+02
   5.8995886e+01
   3.8634182e+01
  -9.4483330e+01
  -8.8301963e+00
   1.2078179e+02
  -3.5002657e+02
   1.3403800e+02
  -1.6607304e+02
  -9.1446285e+01
   2.4633659e+01
  -2.8650835e+02
  -3.1305227e+02
  -1.6023129e+02
   1.2697909e+02
  -1.0484353e+02
   8.7006082e+01
  -9.3652750e+01
  -3.7070933e+02
  -5.1747938e+01
   1.5392643e+02
  -4.9353816e+02
  -4.0002776e+01
   1.6513273e+02
  -3.9921915e+02
   1.0992388e+02
  -5.1409272e+01
  -1.8330619e+02
   2.0810796e+01
  -7.6452286e+00
  -3.8617229e+02
  -3.0043960e+01
  -2.0233839e+02
  -8.2080923e+01
   2.0191828e+01
  -1.6432139e+02
  -2.7449352e+02
   6.3272195e+00
  -1.8539696e+02
   1.7100754e+01
   4.8693694e+02
   2.9032447e+01
  -2.8828531e+02
   1.1249099e+02
  -2.0138759e+02
  -4.1298337e+02
   8.5144398e+01
  -3.9746746e+02
   2.7501122e+01
   5.0440235e+01
   8.2796200e+01
  -1.0682082e+02
   1.5997883e+02
  -2.7004668e+02
  -8.2793072e+01
  -9.8756043e+01
  -4.2400681e+02
   5.1889570e+00
   6.3759238e+02
  -2.6117820e+02
  -2.8422280e+02
  -2.7497666e+02
   2.4812270e+01
  -5.2449621e+02
  -5.4857837e+01
  -1.5624532e+02
  -4.5256402e+02
   1.2459194e+02
   6.6765594e+00
  -2.1553324e+02
   2.8812933e+01
   2.3437373e+02
  -2.6933970e+02
   3.0363116e+01
  -2.8248034e+02
  -9.8989931e+01
   1.4761697e+02
  -1.0828364e+02
  -4.6185217e+02
  -1.4637935e+02
  -1.0560514e+02
  -3.3362283e+02
  -9.3832561e+01
  -1.4414117e+01
   1.3315381e+02
   6.5977842e+02
   1.3535765e+02
  -3.9823448e+02
  -8.4926277e+01
   1.1238786e+00
  -3.9751073e+02
  -3.1841018e+02
   8.9526901e+01
  -2.7332332e+02
  -9.9129250e+01
   7.6927338e+00
  -1.4376400e+02
  -1.7483906e+02
  -2.6818910e+02
  -5.6924062e+01
   5.9817584e+01
  -1.9474841e+02
  -3.1601908e+02
   2.3579332e+02
   1.8721675e+02
  -3.7036285e+02
  -3.1235168e+02
  -1.6232289e+02
  -4.3915926e+01
   9.8043954e+02
  -1.2128686e+02
  -2.6557211e+02
   1.0025411e+02
   4.1533381e+01
  -3.6843272e+02
   8.5993915e+01
  -4.7313359e+01
  -2.2759668e+02
  -3.4704142e+01
   1.6780242e+02
  -3.5973646e+02
  -3.3131810e+02
  -1.3461621e+02
  -1.7333548e+02
  -1.1118505e+01
   7.2599108e+01
  -1.1473480e+02
   1.5464868e+02
  -9.5206454e+01
  -8.0761866e+01
  -2.5363770e+01
   9.0418606e+01
  -3.9684444e+02
   2.2740510e+02
  -1.1359632e+02
  -2.7078277e+02
   2.1290269e+01
  -3.6933742e+01
  -2.8926252e+02
  -2.4458360e+02
